timestamp,gpuId,DCGM_FI_DEV_GPU_UTIL_min,DCGM_FI_DEV_GPU_UTIL_avg,DCGM_FI_DEV_GPU_UTIL_max,DCGM_FI_DEV_FB_FREE_min,DCGM_FI_DEV_FB_FREE_avg,DCGM_FI_DEV_FB_FREE_max,DCGM_FI_DEV_FB_USED_min,DCGM_FI_DEV_FB_USED_avg,DCGM_FI_DEV_FB_USED_max,DCGM_FI_DEV_FB_RESERVED_min,DCGM_FI_DEV_FB_RESERVED_avg,DCGM_FI_DEV_FB_RESERVED_max,DCGM_FI_PROF_SM_ACTIVE_min,DCGM_FI_PROF_SM_ACTIVE_avg,DCGM_FI_PROF_SM_ACTIVE_max,DCGM_FI_PROF_SM_OCCUPANCY_min,DCGM_FI_PROF_SM_OCCUPANCY_avg,DCGM_FI_PROF_SM_OCCUPANCY_max,DCGM_FI_PROF_PIPE_TENSOR_ACTIVE_min,DCGM_FI_PROF_PIPE_TENSOR_ACTIVE_avg,DCGM_FI_PROF_PIPE_TENSOR_ACTIVE_max,DCGM_FI_PROF_PIPE_FP64_ACTIVE_min,DCGM_FI_PROF_PIPE_FP64_ACTIVE_avg,DCGM_FI_PROF_PIPE_FP64_ACTIVE_max,DCGM_FI_PROF_PIPE_FP32_ACTIVE_min,DCGM_FI_PROF_PIPE_FP32_ACTIVE_avg,DCGM_FI_PROF_PIPE_FP32_ACTIVE_max,DCGM_FI_PROF_PIPE_FP16_ACTIVE_min,DCGM_FI_PROF_PIPE_FP16_ACTIVE_avg,DCGM_FI_PROF_PIPE_FP16_ACTIVE_max,DCGM_FI_PROF_DRAM_ACTIVE_min,DCGM_FI_PROF_DRAM_ACTIVE_avg,DCGM_FI_PROF_DRAM_ACTIVE_max,DCGM_FI_PROF_PCIE_TX_BYTES_min,DCGM_FI_PROF_PCIE_TX_BYTES_avg,DCGM_FI_PROF_PCIE_TX_BYTES_max,DCGM_FI_PROF_PCIE_RX_BYTES_min,DCGM_FI_PROF_PCIE_RX_BYTES_avg,DCGM_FI_PROF_PCIE_RX_BYTES_max,DCGM_FI_PROF_NVLINK_RX_BYTES_min,DCGM_FI_PROF_NVLINK_RX_BYTES_avg,DCGM_FI_PROF_NVLINK_RX_BYTES_max,DCGM_FI_PROF_NVLINK_TX_BYTES_min,DCGM_FI_PROF_NVLINK_TX_BYTES_avg,DCGM_FI_PROF_NVLINK_TX_BYTES_max,DCGM_FI_DEV_TOTAL_ENERGY_CONSUMPTION_min,DCGM_FI_DEV_TOTAL_ENERGY_CONSUMPTION_avg,DCGM_FI_DEV_TOTAL_ENERGY_CONSUMPTION_max,DCGM_FI_DEV_POWER_USAGE_min,DCGM_FI_DEV_POWER_USAGE_avg,DCGM_FI_DEV_POWER_USAGE_max
1,0,0,0,0,97277,97277,97277,2,2,2,591,591,591,0.00,0.34,0.68,0.00,0.08,0.16,0.00,0.17,0.35,0.00,0.00,0.00,0.00,0.01,0.03,0.00,0.00,0.00,0.00,0.17,0.34,10025,166173,322322,160928,250796,340665,0,1939353916,0,0,1939363129,0,0,18392,0,91.51,91.51,91.51
1,1,0,0,0,97276,97276,97276,3,3,3,591,591,591,0.00,0.34,0.67,0.00,0.08,0.15,0.00,0.17,0.34,0.00,0.00,0.00,0.00,0.01,0.03,0.00,0.00,0.00,0.00,0.17,0.34,10151,170165,330180,164105,257624,351144,0,1939362380,0,0,1942375125,0,0,0,0,80.44,80.44,80.45
1,2,0,0,0,97276,97276,97276,3,3,3,591,591,591,0.00,0.34,0.68,0.00,0.08,0.16,0.00,0.17,0.34,0.00,0.00,0.00,0.00,0.01,0.03,0.00,0.00,0.00,0.00,0.17,0.34,10146,170165,330184,163329,255928,348528,0,1939361151,0,0,1939341061,0,0,0,0,81.31,81.32,81.33
1,3,0,0,0,97277,97277,97277,2,2,2,591,591,591,0.00,0.34,0.68,0.00,0.08,0.16,0.00,0.17,0.34,0.00,0.00,0.00,0.00,0.01,0.03,0.00,0.00,0.00,0.00,0.17,0.34,10716,353887,697059,162303,438852,715402,0,1942396309,0,0,1939394440,0,0,0,0,96.01,96.03,96.06
2,0,0,0,0,97277,97277,97277,2,2,2,591,591,591,0.00,0.00,0.00,0.00,0.00,0.00,0.00,0.00,0.00,0.00,0.00,0.00,0.00,0.00,0.00,0.00,0.00,0.00,0.00,0.00,0.00,317081,400888,636960,335425,419731,657674,0,0,0,0,0,0,0,64095,0,91.31,91.38,91.47
2,1,0,0,0,97276,97276,97276,3,3,3,591,591,591,0.00,0.00,0.00,0.00,0.00,0.00,0.00,0.00,0.00,0.00,0.00,0.00,0.00,0.00,0.00,0.00,0.00,0.00,0.00,0.00,0.00,99534,312678,414035,120488,331534,432378,0,0,0,0,0,0,0,72430,0,80.34,80.36,80.40
2,2,0,0,0,97276,97276,97276,3,3,3,591,591,591,0.00,0.00,0.00,0.00,0.00,0.00,0.00,0.00,0.00,0.00,0.00,0.00,0.00,0.00,0.00,0.00,0.00,0.00,0.00,0.00,0.00,327562,430094,677789,348487,448942,696037,0,0,0,0,0,0,0,65270,0,81.32,81.40,81.44
2,3,0,0,0,97277,97277,97277,2,2,2,591,591,591,0.00,0.00,0.00,0.00,0.00,0.00,0.00,0.00,0.00,0.00,0.00,0.00,0.00,0.00,0.00,0.00,0.00,0.00,0.00,0.00,0.00,411419,631014,1244745,429762,649357,1263088,0,0,0,0,0,0,0,76816,0,95.85,95.99,96.08
3,0,0,0,0,97277,97277,97277,2,2,2,591,591,591,0.00,0.00,0.00,0.00,0.00,0.00,0.00,0.00,0.00,0.00,0.00,0.00,0.00,0.00,0.00,0.00,0.00,0.00,0.00,0.00,0.00,319701,481993,1014138,335424,500322,1032481,0,0,0,0,0,0,0,73513,0,91.32,91.46,91.57
3,1,0,0,0,97276,97276,97276,3,3,3,591,591,591,0.00,0.00,0.00,0.00,0.00,0.00,0.00,0.00,0.00,0.00,0.00,0.00,0.00,0.00,0.00,0.00,0.00,0.00,0.00,0.00,0.00,324903,427123,752056,343244,444942,767778,0,0,0,0,0,0,0,64504,0,80.40,80.43,80.45
3,2,0,0,0,97276,97276,97276,3,3,3,591,591,591,0.00,0.00,0.00,0.00,0.00,0.00,0.00,0.00,0.00,0.00,0.00,0.00,0.00,0.00,0.00,0.00,0.00,0.00,0.00,0.00,0.00,325838,390633,634165,343284,408955,652509,0,0,0,0,0,0,0,65274,0,81.37,81.38,81.39
3,3,0,0,0,97277,97277,97277,2,2,2,591,591,591,0.00,0.00,0.00,0.00,0.00,0.00,0.00,0.00,0.00,0.00,0.00,0.00,0.00,0.00,0.00,0.00,0.00,0.00,0.00,0.00,0.00,424523,488969,602691,440246,507312,623654,0,0,0,0,0,0,0,76773,0,95.79,95.85,95.94
4,0,0,0,0,97277,97277,97277,2,2,2,591,591,591,0.00,0.00,0.00,0.00,0.00,0.00,0.00,0.00,0.00,0.00,0.00,0.00,0.00,0.00,0.00,0.00,0.00,0.00,0.00,0.00,0.00,311869,347657,456606,332661,366480,472261,0,0,0,0,0,0,0,73537,0,91.54,91.60,91.66
4,1,0,0,0,97276,97276,97276,3,3,3,591,591,591,0.00,0.00,0.00,0.00,0.00,0.00,0.00,0.00,0.00,0.00,0.00,0.00,0.00,0.00,0.00,0.00,0.00,0.00,0.00,0.00,0.00,317076,413506,586983,335419,432374,602705,0,0,0,0,0,0,0,64472,0,80.33,80.37,80.40
4,2,0,0,0,97276,97276,97276,3,3,3,591,591,591,0.00,0.00,0.00,0.00,0.00,0.00,0.00,0.00,0.00,0.00,0.00,0.00,0.00,0.00,0.00,0.00,0.00,0.00,0.00,0.00,0.00,2606,396208,911934,20854,414532,930277,0,0,0,0,0,0,0,65177,0,81.26,81.32,81.34
4,3,0,0,0,97277,97277,97277,2,2,2,591,591,591,0.00,0.00,0.00,0.00,0.00,0.00,0.00,0.00,0.00,0.00,0.00,0.00,0.00,0.00,0.00,0.00,0.00,0.00,0.00,0.00,0.00,414036,437534,510988,432380,456397,529331,0,0,0,0,0,0,0,86494,0,95.83,95.96,96.02
5,0,0,0,0,97277,97277,97277,2,2,2,591,591,591,0.00,0.00,0.00,0.00,0.00,0.00,0.00,0.00,0.00,0.00,0.00,0.00,0.00,0.00,0.00,0.00,0.00,0.00,0.00,0.00,0.00,317081,359456,419284,335425,377272,437628,0,0,0,0,0,0,0,73367,0,91.34,91.39,91.44
5,1,0,0,0,97276,97276,97276,3,3,3,591,591,591,0.00,0.00,0.00,0.00,0.00,0.00,0.00,0.00,0.00,0.00,0.00,0.00,0.00,0.00,0.00,0.00,0.00,0.00,0.00,0.00,0.00,317076,344853,442858,335420,363197,463821,0,0,0,0,0,0,0,64476,0,80.31,80.32,80.32
5,2,0,0,0,97276,97276,97276,3,3,3,591,591,591,0.00,0.00,0.00,0.00,0.00,0.00,0.00,0.00,0.00,0.00,0.00,0.00,0.00,0.00,0.00,0.00,0.00,0.00,0.00,0.00,0.00,324941,357615,469075,343284,375942,484798,0,0,0,0,0,0,0,65188,0,81.14,81.18,81.21
5,3,0,0,0,97277,97277,97277,2,2,2,591,591,591,0.00,0.00,0.00,0.00,0.00,0.00,0.00,0.00,0.00,0.00,0.00,0.00,0.00,0.00,0.00,0.00,0.00,0.00,0.00,0.00,0.00,424521,531949,799254,445485,550292,817597,0,0,0,0,0,0,0,76875,0,95.84,95.88,95.95
6,0,0,0,0,97277,97277,97277,2,2,2,591,591,591,0.00,0.00,0.00,0.00,0.00,0.00,0.00,0.00,0.00,0.00,0.00,0.00,0.00,0.00,0.00,0.00,0.00,0.00,0.00,0.00,0.00,115302,408192,867394,133646,427050,885737,0,0,0,0,0,0,0,82403,0,91.36,91.39,91.43
6,1,0,0,0,97276,97276,97276,3,3,3,591,591,591,0.00,0.00,0.00,0.00,0.00,0.00,0.00,0.00,0.00,0.00,0.00,0.00,0.00,0.00,0.00,0.00,0.00,0.00,0.00,0.00,0.00,322315,498211,716979,343279,516862,734651,0,0,0,0,0,0,0,64428,0,80.28,80.30,80.32
6,2,0,0,0,97276,97276,97276,3,3,3,591,591,591,0.00,0.00,0.00,0.00,0.00,0.00,0.00,0.00,0.00,0.00,0.00,0.00,0.00,0.00,0.00,0.00,0.00,0.00,0.00,0.00,0.00,0,424728,753121,18343,443572,773968,0,0,0,0,0,0,0,65158,0,81.19,81.23,81.26
6,3,0,0,0,97277,97277,97277,2,2,2,591,591,591,0.00,0.00,0.00,0.00,0.00,0.00,0.00,0.00,0.00,0.00,0.00,0.00,0.00,0.00,0.00,0.00,0.00,0.00,0.00,0.00,0.00,419283,452298,558167,440246,471166,576511,0,0,0,0,0,0,0,76812,0,95.80,95.85,95.90
7,0,0,0,0,97277,97277,97277,2,2,2,591,591,591,0.00,0.00,0.00,0.00,0.00,0.00,0.00,0.00,0.00,0.00,0.00,0.00,0.00,0.00,0.00,0.00,0.00,0.00,0.00,0.00,0.00,314459,344972,440045,332803,363249,458165,0,0,0,0,0,0,0,73445,0,91.34,91.41,91.48
7,1,0,0,0,97276,97276,97276,3,3,3,591,591,591,0.00,0.00,0.00,0.00,0.00,0.00,0.00,0.00,0.00,0.00,0.00,0.00,0.00,0.00,0.00,0.00,0.00,0.00,0.00,0.00,0.00,324931,443380,568640,345894,461723,586984,0,0,0,0,0,0,0,64460,0,80.30,80.32,80.34
7,2,0,0,0,97276,97276,97276,3,3,3,591,591,591,0.00,0.00,0.00,0.00,0.00,0.00,0.00,0.00,0.00,0.00,0.00,0.00,0.00,0.00,0.00,0.00,0.00,0.00,0.00,0.00,0.00,0,368300,813403,15111,386422,831365,0,0,0,0,0,0,0,73279,0,81.24,81.25,81.28
7,3,0,0,0,97277,97277,97277,2,2,2,591,591,591,0.00,0.00,0.00,0.00,0.00,0.00,0.00,0.00,0.00,0.00,0.00,0.00,0.00,0.00,0.00,0.00,0.00,0.00,0.00,0.00,0.00,414057,453294,586990,432401,471616,602713,0,0,0,0,0,0,0,76843,0,95.81,95.84,95.88
8,0,0,0,0,97277,97277,97277,2,2,2,591,591,591,0.00,0.00,0.00,0.00,0.00,0.00,0.00,0.00,0.00,0.00,0.00,0.00,0.00,0.00,0.00,0.00,0.00,0.00,0.00,0.00,0.00,310457,356914,456834,331867,375929,474799,0,0,0,0,0,0,0,73459,0,91.36,91.39,91.41
8,1,0,0,0,97276,97276,97276,3,3,3,591,591,591,0.00,0.00,0.00,0.00,0.00,0.00,0.00,0.00,0.00,0.00,0.00,0.00,0.00,0.00,0.00,0.00,0.00,0.00,0.00,0.00,0.00,314454,349819,432335,332798,368817,450676,0,0,0,0,0,0,0,48334,0,80.29,80.31,80.34
8,2,0,0,0,97276,97276,97276,3,3,3,591,591,591,0.00,0.00,0.00,0.00,0.00,0.00,0.00,0.00,0.00,0.00,0.00,0.00,0.00,0.00,0.00,0.00,0.00,0.00,0.00,0.00,0.00,315938,374443,518848,334680,393542,537192,0,0,0,0,0,0,0,48939,0,81.28,81.32,81.34
8,3,0,0,0,97277,97277,97277,2,2,2,591,591,591,0.00,0.00,0.00,0.00,0.00,0.00,0.00,0.00,0.00,0.00,0.00,0.00,0.00,0.00,0.00,0.00,0.00,0.00,0.00,0.00,0.00,419240,644629,1315495,434961,662972,1336459,0,0,0,0,0,0,0,67194,0,95.75,95.78,95.81
9,0,0,0,0,97277,97277,97277,2,2,2,591,591,591,0.00,0.00,0.00,0.00,0.00,0.00,0.00,0.00,0.00,0.00,0.00,0.00,0.00,0.00,0.00,0.00,0.00,0.00,0.00,0.00,0.00,317079,360368,432382,332802,378700,450726,0,0,0,0,0,0,0,55065,0,91.39,91.40,91.44
9,1,0,0,0,97276,97276,97276,3,3,3,591,591,591,0.00,0.00,0.00,0.00,0.00,0.00,0.00,0.00,0.00,0.00,0.00,0.00,0.00,0.00,0.00,0.00,0.00,0.00,0.00,0.00,0.00,110060,321441,527583,128403,338562,539812,0,0,0,0,0,0,0,72497,0,80.28,80.35,80.39
9,2,0,0,0,97276,97276,97276,3,3,3,591,591,591,0.00,0.00,0.00,0.00,0.00,0.00,0.00,0.00,0.00,0.00,0.00,0.00,0.00,0.00,0.00,0.00,0.00,0.00,0.00,0.00,0.00,327565,377864,463826,348529,395683,482170,0,0,0,0,0,0,0,65227,0,81.32,81.34,81.36
9,3,0,0,0,97277,97277,97277,2,2,2,591,591,591,0.00,0.00,0.00,0.00,0.00,0.00,0.00,0.00,0.00,0.00,0.00,0.00,0.00,0.00,0.00,0.00,0.00,0.00,0.00,0.00,0.00,414040,476402,563386,432380,494746,581728,0,0,0,0,0,0,0,76803,0,95.72,95.75,95.78
10,0,0,0,0,97277,97277,97277,2,2,2,591,591,591,0.00,0.00,0.00,0.00,0.00,0.00,0.00,0.00,0.00,0.00,0.00,0.00,0.00,0.00,0.00,0.00,0.00,0.00,0.00,0.00,0.00,317047,481003,1024012,335388,499336,1042439,0,0,0,0,0,0,0,82603,0,91.33,91.38,91.45
10,1,0,0,0,97276,97276,97276,3,3,3,591,591,591,0.00,0.00,0.00,0.00,0.00,0.00,0.00,0.00,0.00,0.00,0.00,0.00,0.00,0.00,0.00,0.00,0.00,0.00,0.00,0.00,0.00,321282,480754,710624,340660,499558,728582,0,0,0,0,0,0,0,64356,0,80.26,80.30,80.35
10,2,0,0,0,97276,97276,97276,3,3,3,591,591,591,0.00,0.00,0.00,0.00,0.00,0.00,0.00,0.00,0.00,0.00,0.00,0.00,0.00,0.00,0.00,0.00,0.00,0.00,0.00,0.00,0.00,324943,345904,411418,340666,364771,432382,0,0,0,0,0,0,0,65151,0,81.16,81.22,81.32
10,3,0,0,0,97277,97277,97277,2,2,2,591,591,591,0.00,0.00,0.00,0.00,0.00,0.00,0.00,0.00,0.00,0.00,0.00,0.00,0.00,0.00,0.00,0.00,0.00,0.00,0.00,0.00,0.00,419280,454379,584307,437624,473246,602648,0,0,0,0,0,0,0,76815,0,95.69,95.74,95.82
11,0,0,0,0,97277,97277,97277,2,2,2,591,591,591,0.00,0.00,0.00,0.00,0.00,0.00,0.00,0.00,0.00,0.00,0.00,0.00,0.00,0.00,0.00,0.00,0.00,0.00,0.00,0.00,0.00,214876,346121,447458,228852,363030,465669,0,0,0,0,0,0,0,73451,0,91.49,91.54,91.61
11,1,0,0,0,97276,97276,97276,3,3,3,591,591,591,0.00,0.00,0.00,0.00,0.00,0.00,0.00,0.00,0.00,0.00,0.00,0.00,0.00,0.00,0.00,0.00,0.00,0.00,0.00,0.00,0.00,317075,418214,607954,335418,436557,626297,0,0,0,0,0,0,0,64456,0,80.27,80.30,80.33
11,2,0,0,0,97276,97276,97276,3,3,3,591,591,591,0.00,0.00,0.00,0.00,0.00,0.00,0.00,0.00,0.00,0.00,0.00,0.00,0.00,0.00,0.00,0.00,0.00,0.00,0.00,0.00,0.00,311752,526916,925325,330091,545066,946061,0,0,0,0,0,0,0,65224,0,81.23,81.31,81.37
11,3,0,0,0,97277,97277,97277,2,2,2,591,591,591,0.00,0.00,0.00,0.00,0.00,0.00,0.00,0.00,0.00,0.00,0.00,0.00,0.00,0.00,0.00,0.00,0.00,0.00,0.00,0.00,0.00,279525,567427,1305017,291754,584547,1323360,0,0,0,0,0,0,0,86414,0,95.76,95.81,95.85
12,0,0,0,0,97277,97277,97277,2,2,2,591,591,591,0.00,0.00,0.00,0.00,0.00,0.00,0.00,0.00,0.00,0.00,0.00,0.00,0.00,0.00,0.00,0.00,0.00,0.00,0.00,0.00,0.00,307754,338509,427136,329163,357389,445480,0,0,0,0,0,0,0,73544,0,91.44,91.47,91.52
12,1,0,0,0,97276,97276,97276,3,3,3,591,591,591,0.00,0.00,0.00,0.00,0.00,0.00,0.00,0.00,0.00,0.00,0.00,0.00,0.00,0.00,0.00,0.00,0.00,0.00,0.00,0.00,0.00,317076,340137,414036,335420,358480,435000,0,0,0,0,0,0,0,64501,0,80.39,80.41,80.43
12,2,0,0,0,97276,97276,97276,3,3,3,591,591,591,0.00,0.00,0.00,0.00,0.00,0.00,0.00,0.00,0.00,0.00,0.00,0.00,0.00,0.00,0.00,0.00,0.00,0.00,0.00,0.00,0.00,220104,335945,466455,232333,353590,484799,0,0,0,0,0,0,0,65300,0,81.31,81.35,81.39
12,3,0,0,0,97277,97277,97277,2,2,2,591,591,591,0.00,0.00,0.00,0.00,0.00,0.00,0.00,0.00,0.00,0.00,0.00,0.00,0.00,0.00,0.00,0.00,0.00,0.00,0.00,0.00,0.00,416662,449677,563408,435006,468545,581751,0,0,0,0,0,0,0,76792,0,95.79,95.81,95.82
13,0,0,0,0,97277,97277,97277,2,2,2,591,591,591,0.00,0.00,0.00,0.00,0.00,0.00,0.00,0.00,0.00,0.00,0.00,0.00,0.00,0.00,0.00,0.00,0.00,0.00,0.00,0.00,0.00,311841,348789,465143,330185,367123,483435,0,0,0,0,0,0,0,82655,0,91.48,91.49,91.50
13,1,0,0,0,97276,97276,97276,3,3,3,591,591,591,0.00,0.00,0.00,0.00,0.00,0.00,0.00,0.00,0.00,0.00,0.00,0.00,0.00,0.00,0.00,0.00,0.00,0.00,0.00,0.00,0.00,310384,441343,568560,331790,459007,580768,0,0,0,0,0,0,0,64398,0,80.27,80.30,80.33
13,2,0,0,0,97276,97276,97276,3,3,3,591,591,591,0.00,0.00,0.00,0.00,0.00,0.00,0.00,0.00,0.00,0.00,0.00,0.00,0.00,0.00,0.00,0.00,0.00,0.00,0.00,0.00,0.00,330167,366865,429763,348525,385209,445486,0,0,0,0,0,0,0,65298,0,81.25,81.30,81.37
13,3,0,0,0,97277,97277,97277,2,2,2,591,591,591,0.00,0.00,0.00,0.00,0.00,0.00,0.00,0.00,0.00,0.00,0.00,0.00,0.00,0.00,0.00,0.00,0.00,0.00,0.00,0.00,0.00,411412,490019,592164,429755,508363,610506,0,0,0,0,0,0,0,76863,0,95.83,95.93,96.00
14,0,0,0,0,97277,97277,97277,2,2,2,591,591,591,0.00,0.00,0.00,0.00,0.00,0.00,0.00,0.00,0.00,0.00,0.00,0.00,0.00,0.00,0.00,0.00,0.00,0.00,0.00,0.00,0.00,277770,467664,1021998,289998,485286,1037721,0,0,0,0,0,0,0,73436,0,91.46,91.49,91.53
14,1,0,0,0,97276,97276,97276,3,3,3,591,591,591,0.00,0.00,0.00,0.00,0.00,0.00,0.00,0.00,0.00,0.00,0.00,0.00,0.00,0.00,0.00,0.00,0.00,0.00,0.00,0.00,0.00,324929,447571,555538,343272,465914,573881,0,0,0,0,0,0,0,64460,0,80.31,80.34,80.38
14,2,0,0,0,97276,97276,97276,3,3,3,591,591,591,0.00,0.00,0.00,0.00,0.00,0.00,0.00,0.00,0.00,0.00,0.00,0.00,0.00,0.00,0.00,0.00,0.00,0.00,0.00,0.00,0.00,327567,438135,788771,345910,456478,804494,0,0,0,0,0,0,0,73332,0,81.30,81.38,81.45
14,3,0,0,0,97277,97277,97277,2,2,2,591,591,591,0.00,0.00,0.00,0.00,0.00,0.00,0.00,0.00,0.00,0.00,0.00,0.00,0.00,0.00,0.00,0.00,0.00,0.00,0.00,0.00,0.00,411416,453206,583966,429759,471480,601974,0,0,0,0,0,0,0,76649,0,95.52,95.65,95.84
15,0,0,0,0,97277,97277,97277,2,2,2,591,591,591,0.00,0.00,0.00,0.00,0.00,0.00,0.00,0.00,0.00,0.00,0.00,0.00,0.00,0.00,0.00,0.00,0.00,0.00,0.00,0.00,0.00,313303,354744,448582,334017,373054,469692,0,0,0,0,0,0,0,73381,0,91.40,91.44,91.48
15,1,0,0,0,97276,97276,97276,3,3,3,591,591,591,0.00,0.00,0.00,0.00,0.00,0.00,0.00,0.00,0.00,0.00,0.00,0.00,0.00,0.00,0.00,0.00,0.00,0.00,0.00,0.00,0.00,314458,350485,429758,332801,368828,448101,0,0,0,0,0,0,0,48403,0,80.29,80.34,80.41
15,2,0,0,0,97276,97276,97276,3,3,3,591,591,591,0.00,0.00,0.00,0.00,0.00,0.00,0.00,0.00,0.00,0.00,0.00,0.00,0.00,0.00,0.00,0.00,0.00,0.00,0.00,0.00,0.00,314397,377319,537184,332737,396232,555527,0,0,0,0,0,0,0,48924,0,81.20,81.22,81.26
15,3,0,0,0,97277,97277,97277,2,2,2,591,591,591,0.00,0.00,0.00,0.00,0.00,0.00,0.00,0.00,0.00,0.00,0.00,0.00,0.00,0.00,0.00,0.00,0.00,0.00,0.00,0.00,0.00,279521,585419,1184306,290004,602451,1202647,0,0,0,0,0,0,0,67052,0,95.57,95.64,95.67
16,0,0,0,0,97277,97277,97277,2,2,2,591,591,591,0.00,0.00,0.00,0.00,0.00,0.00,0.00,0.00,0.00,0.00,0.00,0.00,0.00,0.00,0.00,0.00,0.00,0.00,0.00,0.00,0.00,310478,338102,430496,329214,356960,448649,0,0,0,0,0,0,0,55073,0,91.40,91.48,91.56
16,1,0,0,0,97276,97276,97276,3,3,3,591,591,591,0.00,0.00,0.00,0.00,0.00,0.00,0.00,0.00,0.00,0.00,0.00,0.00,0.00,0.00,0.00,0.00,0.00,0.00,0.00,0.00,0.00,317046,354278,476924,338008,372621,492647,0,0,0,0,0,0,0,72499,0,80.41,80.46,80.51
16,2,0,0,0,97276,97276,97276,3,3,3,591,591,591,0.00,0.00,0.00,0.00,0.00,0.00,0.00,0.00,0.00,0.00,0.00,0.00,0.00,0.00,0.00,0.00,0.00,0.00,0.00,0.00,0.00,227113,352544,448105,239342,369664,466449,0,0,0,0,0,0,0,65224,0,81.26,81.31,81.34
16,3,0,0,0,97277,97277,97277,2,2,2,591,591,591,0.00,0.00,0.00,0.00,0.00,0.00,0.00,0.00,0.00,0.00,0.00,0.00,0.00,0.00,0.00,0.00,0.00,0.00,0.00,0.00,0.00,421900,501559,670845,437623,520427,691809,0,0,0,0,0,0,0,76667,0,95.57,95.62,95.65
17,0,0,0,0,97277,97277,97277,2,2,2,591,591,591,0.00,0.00,0.00,0.00,0.00,0.00,0.00,0.00,0.00,0.00,0.00,0.00,0.00,0.00,0.00,0.00,0.00,0.00,0.00,0.00,0.00,313180,361300,440232,331298,379627,458575,0,0,0,0,0,0,0,82432,0,91.46,91.50,91.57
17,1,0,0,0,97276,97276,97276,3,3,3,591,591,591,0.00,0.00,0.00,0.00,0.00,0.00,0.00,0.00,0.00,0.00,0.00,0.00,0.00,0.00,0.00,0.00,0.00,0.00,0.00,0.00,0.00,274740,475773,867380,288651,493233,885724,0,0,0,0,0,0,0,64344,0,80.28,80.37,80.45
17,2,0,0,0,97276,97276,97276,3,3,3,591,591,591,0.00,0.00,0.00,0.00,0.00,0.00,0.00,0.00,0.00,0.00,0.00,0.00,0.00,0.00,0.00,0.00,0.00,0.00,0.00,0.00,0.00,330175,347468,414038,348518,365811,432381,0,0,0,0,0,0,0,65108,0,81.15,81.18,81.24
17,3,0,0,0,97277,97277,97277,2,2,2,591,591,591,0.00,0.00,0.00,0.00,0.00,0.00,0.00,0.00,0.00,0.00,0.00,0.00,0.00,0.00,0.00,0.00,0.00,0.00,0.00,0.00,0.00,414034,454391,568650,429757,472735,586993,0,0,0,0,0,0,0,76649,0,95.57,95.62,95.64
18,0,0,0,0,97277,97277,97277,2,2,2,591,591,591,0.00,0.00,0.00,0.00,0.00,0.00,0.00,0.00,0.00,0.00,0.00,0.00,0.00,0.00,0.00,0.00,0.00,0.00,0.00,0.00,0.00,214122,506655,1045590,228049,523592,1063934,0,0,0,0,0,0,0,73290,0,91.34,91.37,91.41
18,1,0,0,0,97276,97276,97276,3,3,3,591,591,591,0.00,0.00,0.00,0.00,0.00,0.00,0.00,0.00,0.00,0.00,0.00,0.00,0.00,0.00,0.00,0.00,0.00,0.00,0.00,0.00,0.00,319661,416644,586987,338002,434986,605330,0,0,0,0,0,0,0,64530,0,80.22,80.31,80.42
18,2,0,0,0,97276,97276,97276,3,3,3,591,591,591,0.00,0.00,0.00,0.00,0.00,0.00,0.00,0.00,0.00,0.00,0.00,0.00,0.00,0.00,0.00,0.00,0.00,0.00,0.00,0.00,0.00,330183,474829,930248,348526,493696,951211,0,0,0,0,0,0,0,65048,0,81.15,81.17,81.19
18,3,0,0,0,97277,97277,97277,2,2,2,591,591,591,0.00,0.00,0.00,0.00,0.00,0.00,0.00,0.00,0.00,0.00,0.00,0.00,0.00,0.00,0.00,0.00,0.00,0.00,0.00,0.00,0.00,411375,500540,788747,432336,518827,807090,0,0,0,0,0,0,0,86313,0,95.58,95.64,95.71
19,0,0,0,0,97277,97277,97277,2,2,2,591,591,591,0.00,0.00,0.00,0.00,0.00,0.00,0.00,0.00,0.00,0.00,0.00,0.00,0.00,0.00,0.00,0.00,0.00,0.00,0.00,0.00,0.00,319353,380559,550307,335426,399239,571271,0,0,0,0,0,0,0,73466,0,91.34,91.44,91.50
19,1,0,0,0,97276,97276,97276,3,3,3,591,591,591,0.00,0.00,0.00,0.00,0.00,0.00,0.00,0.00,0.00,0.00,0.00,0.00,0.00,0.00,0.00,0.00,0.00,0.00,0.00,0.00,0.00,317075,342754,427125,335419,361097,448088,0,0,0,0,0,0,0,64450,0,80.36,80.40,80.43
19,2,0,0,0,97276,97276,97276,3,3,3,591,591,591,0.00,0.00,0.00,0.00,0.00,0.00,0.00,0.00,0.00,0.00,0.00,0.00,0.00,0.00,0.00,0.00,0.00,0.00,0.00,0.00,0.00,218361,328618,432319,232337,346021,450660,0,0,0,0,0,0,0,65097,0,81.19,81.20,81.21
19,3,0,0,0,97277,97277,97277,2,2,2,591,591,591,0.00,0.00,0.00,0.00,0.00,0.00,0.00,0.00,0.00,0.00,0.00,0.00,0.00,0.00,0.00,0.00,0.00,0.00,0.00,0.00,0.00,419280,549259,817608,437624,566729,831585,0,0,0,0,0,0,0,76593,0,95.57,95.61,95.67
20,0,0,0,0,97277,97277,97277,2,2,2,591,591,591,0.00,0.00,0.00,0.00,0.00,0.00,0.00,0.00,0.00,0.00,0.00,0.00,0.00,0.00,0.00,0.00,0.00,0.00,0.00,0.00,0.00,307667,348216,463835,326395,366637,482179,0,0,0,0,0,0,0,73478,0,91.44,91.50,91.54
20,1,0,0,0,97276,97276,97276,3,3,3,591,591,591,0.00,0.00,0.00,0.00,0.00,0.00,0.00,0.00,0.00,0.00,0.00,0.00,0.00,0.00,0.00,0.00,0.00,0.00,0.00,0.00,0.00,320560,468361,851653,338511,485573,869996,0,0,0,0,0,0,0,64403,0,80.35,80.36,80.39
20,2,0,0,0,97276,97276,97276,3,3,3,591,591,591,0.00,0.00,0.00,0.00,0.00,0.00,0.00,0.00,0.00,0.00,0.00,0.00,0.00,0.00,0.00,0.00,0.00,0.00,0.00,0.00,0.00,327564,404075,697027,345908,422419,712749,0,0,0,0,0,0,0,65184,0,81.15,81.19,81.24
20,3,0,0,0,97277,97277,97277,2,2,2,591,591,591,0.00,0.00,0.00,0.00,0.00,0.00,0.00,0.00,0.00,0.00,0.00,0.00,0.00,0.00,0.00,0.00,0.00,0.00,0.00,0.00,0.00,416613,487927,579135,435003,506270,597479,0,0,0,0,0,0,0,77557,0,95.61,96.02,96.42
21,0,0,0,0,97277,97277,97277,2,2,2,591,591,591,0.00,0.00,0.00,0.00,0.00,0.00,0.00,0.00,0.00,0.00,0.00,0.00,0.00,0.00,0.00,0.00,0.00,0.00,0.00,0.00,0.00,327566,502608,1011491,345910,521476,1029834,0,0,0,0,0,0,0,73490,0,91.60,91.63,91.69
21,1,0,0,0,97276,97276,97276,3,3,3,591,591,591,0.00,0.00,0.00,0.00,0.00,0.00,0.00,0.00,0.00,0.00,0.00,0.00,0.00,0.00,0.00,0.00,0.00,0.00,0.00,0.00,0.00,326699,440581,547683,348122,459540,566026,0,0,0,0,0,0,0,64470,0,80.30,80.32,80.34
21,2,0,0,0,97276,97276,97276,3,3,3,591,591,591,0.00,0.00,0.00,0.00,0.00,0.00,0.00,0.00,0.00,0.00,0.00,0.00,0.00,0.00,0.00,0.00,0.00,0.00,0.00,0.00,0.00,322322,439193,783533,343286,457012,799256,0,0,0,0,0,0,0,73273,0,81.24,81.26,81.28
21,3,0,0,0,97277,97277,97277,2,2,2,591,591,591,0.00,0.00,0.00,0.00,0.00,0.00,0.00,0.00,0.00,0.00,0.00,0.00,0.00,0.00,0.00,0.00,0.00,0.00,0.00,0.00,0.00,421898,455443,581755,440241,474311,602719,0,0,0,0,0,0,0,77278,0,96.36,96.46,96.58
22,0,0,0,0,97277,97277,97277,2,2,2,591,591,591,0.00,0.00,0.00,0.00,0.00,0.00,0.00,0.00,0.00,0.00,0.00,0.00,0.00,0.00,0.00,0.00,0.00,0.00,0.00,0.00,0.00,211383,319471,421902,221865,336504,440245,0,0,0,0,0,0,0,73586,0,91.56,91.59,91.61
22,1,0,0,0,97276,97276,97276,3,3,3,591,591,591,0.00,0.00,0.00,0.00,0.00,0.00,0.00,0.00,0.00,0.00,0.00,0.00,0.00,0.00,0.00,0.00,0.00,0.00,0.00,0.00,0.00,311834,352450,440240,332798,371448,458583,0,0,0,0,0,0,0,48301,0,80.27,80.32,80.36
22,2,0,0,0,97276,97276,97276,3,3,3,591,591,591,0.00,0.00,0.00,0.00,0.00,0.00,0.00,0.00,0.00,0.00,0.00,0.00,0.00,0.00,0.00,0.00,0.00,0.00,0.00,0.00,0.00,327562,379953,526640,345905,398951,544981,0,0,0,0,0,0,0,48758,0,81.00,81.10,81.18
22,3,0,0,0,97277,97277,97277,2,2,2,591,591,591,0.00,0.00,0.00,0.00,0.00,0.00,0.00,0.00,0.00,0.00,0.00,0.00,0.00,0.00,0.00,0.00,0.00,0.00,0.00,0.00,0.00,387843,528266,821080,408807,544377,833309,0,0,0,0,0,0,0,67765,0,96.36,96.47,96.55
23,0,0,0,0,97277,97277,97277,2,2,2,591,591,591,0.00,0.00,0.00,0.00,0.00,0.00,0.00,0.00,0.00,0.00,0.00,0.00,0.00,0.00,0.00,0.00,0.00,0.00,0.00,0.00,0.00,315858,339766,426329,331265,357984,449725,0,0,0,0,0,0,0,73379,0,91.36,91.43,91.55
23,1,0,0,0,97276,97276,97276,3,3,3,591,591,591,0.00,0.00,0.00,0.00,0.00,0.00,0.00,0.00,0.00,0.00,0.00,0.00,0.00,0.00,0.00,0.00,0.00,0.00,0.00,0.00,0.00,319662,351658,463822,338004,370000,482165,0,0,0,0,0,0,0,72496,0,80.36,80.41,80.47
23,2,0,0,0,97276,97276,97276,3,3,3,591,591,591,0.00,0.00,0.00,0.00,0.00,0.00,0.00,0.00,0.00,0.00,0.00,0.00,0.00,0.00,0.00,0.00,0.00,0.00,0.00,0.00,0.00,220121,349646,442790,234097,366539,458511,0,0,0,0,0,0,0,65097,0,81.00,81.12,81.18
23,3,0,0,0,97277,97277,97277,2,2,2,591,591,591,0.00,0.00,0.00,0.00,0.00,0.00,0.00,0.00,0.00,0.00,0.00,0.00,0.00,0.00,0.00,0.00,0.00,0.00,0.00,0.00,0.00,419234,486876,589616,440195,505743,610580,0,0,0,0,0,0,0,76724,0,95.72,95.96,96.32
24,0,0,0,0,97277,97277,97277,2,2,2,591,591,591,0.00,0.00,0.00,0.00,0.00,0.00,0.00,0.00,0.00,0.00,0.00,0.00,0.00,0.00,0.00,0.00,0.00,0.00,0.00,0.00,0.00,302288,348185,463814,321013,366604,482157,0,0,0,0,0,0,0,64104,0,91.38,91.44,91.46
24,1,0,0,0,97276,97276,97276,3,3,3,591,591,591,0.00,0.00,0.00,0.00,0.00,0.00,0.00,0.00,0.00,0.00,0.00,0.00,0.00,0.00,0.00,0.00,0.00,0.00,0.00,0.00,0.00,214511,416568,872627,226719,433687,890970,0,0,0,0,0,0,0,64516,0,80.36,80.38,80.42
24,2,0,0,0,97276,97276,97276,3,3,3,591,591,591,0.00,0.00,0.00,0.00,0.00,0.00,0.00,0.00,0.00,0.00,0.00,0.00,0.00,0.00,0.00,0.00,0.00,0.00,0.00,0.00,0.00,330147,345897,408802,345868,364240,427145,0,0,0,0,0,0,0,65146,0,81.13,81.16,81.20
24,3,0,0,0,97277,97277,97277,2,2,2,591,591,591,0.00,0.00,0.00,0.00,0.00,0.00,0.00,0.00,0.00,0.00,0.00,0.00,0.00,0.00,0.00,0.00,0.00,0.00,0.00,0.00,0.00,414042,454390,589609,432386,473258,605332,0,0,0,0,0,0,0,76803,0,95.64,95.69,95.72
25,0,0,0,0,97277,97277,97277,2,2,2,591,591,591,0.00,0.00,0.00,0.00,0.00,0.00,0.00,0.00,0.00,0.00,0.00,0.00,0.00,0.00,0.00,0.00,0.00,0.00,0.00,0.00,0.00,319702,496773,1035105,335425,515114,1056069,0,0,0,0,0,0,0,73433,0,91.37,91.41,91.46
25,1,0,0,0,97276,97276,97276,3,3,3,591,591,591,0.00,0.00,0.00,0.00,0.00,0.00,0.00,0.00,0.00,0.00,0.00,0.00,0.00,0.00,0.00,0.00,0.00,0.00,0.00,0.00,0.00,330176,415603,563402,351139,433946,584365,0,0,0,0,0,0,0,64505,0,80.33,80.38,80.41
25,2,0,0,0,97276,97276,97276,3,3,3,591,591,591,0.00,0.00,0.00,0.00,0.00,0.00,0.00,0.00,0.00,0.00,0.00,0.00,0.00,0.00,0.00,0.00,0.00,0.00,0.00,0.00,0.00,322324,451247,825459,343288,470115,843803,0,0,0,0,0,0,0,73436,0,81.23,81.26,81.33
25,3,0,0,0,97277,97277,97277,2,2,2,591,591,591,0.00,0.00,0.00,0.00,0.00,0.00,0.00,0.00,0.00,0.00,0.00,0.00,0.00,0.00,0.00,0.00,0.00,0.00,0.00,0.00,0.00,414037,454378,594851,432381,472721,613194,0,0,0,0,0,0,0,76813,0,95.75,95.80,95.84
26,0,0,0,0,97277,97277,97277,2,2,2,591,591,591,0.00,0.00,0.00,0.00,0.00,0.00,0.00,0.00,0.00,0.00,0.00,0.00,0.00,0.00,0.00,0.00,0.00,0.00,0.00,0.00,0.00,209638,324282,457907,221867,341921,476223,0,0,0,0,0,0,0,73347,0,91.40,91.47,91.53
26,1,0,0,0,97276,97276,97276,3,3,3,591,591,591,0.00,0.00,0.00,0.00,0.00,0.00,0.00,0.00,0.00,0.00,0.00,0.00,0.00,0.00,0.00,0.00,0.00,0.00,0.00,0.00,0.00,314455,344844,445480,335374,363711,463823,0,0,0,0,0,0,0,64439,0,80.31,80.33,80.35
26,2,0,0,0,97276,97276,97276,3,3,3,591,591,591,0.00,0.00,0.00,0.00,0.00,0.00,0.00,0.00,0.00,0.00,0.00,0.00,0.00,0.00,0.00,0.00,0.00,0.00,0.00,0.00,0.00,335415,377603,466450,353758,395866,484793,0,0,0,0,0,0,0,65101,0,81.15,81.25,81.36
26,3,0,0,0,97277,97277,97277,2,2,2,591,591,591,0.00,0.00,0.00,0.00,0.00,0.00,0.00,0.00,0.00,0.00,0.00,0.00,0.00,0.00,0.00,0.00,0.00,0.00,0.00,0.00,0.00,395702,545241,758217,414046,562886,770446,0,0,0,0,0,0,0,76789,0,95.77,95.81,95.86
27,0,0,0,0,97277,97277,97277,2,2,2,591,591,591,0.00,0.00,0.00,0.00,0.00,0.00,0.00,0.00,0.00,0.00,0.00,0.00,0.00,0.00,0.00,0.00,0.00,0.00,0.00,0.00,0.00,310253,344566,435005,330766,362839,450728,0,0,0,0,0,0,0,73412,0,91.38,91.41,91.47
27,1,0,0,0,97276,97276,97276,3,3,3,591,591,591,0.00,0.00,0.00,0.00,0.00,0.00,0.00,0.00,0.00,0.00,0.00,0.00,0.00,0.00,0.00,0.00,0.00,0.00,0.00,0.00,0.00,317078,494220,917167,335421,513087,935511,0,0,0,0,0,0,0,72501,0,80.31,80.32,80.33
27,2,0,0,0,97276,97276,97276,3,3,3,591,591,591,0.00,0.00,0.00,0.00,0.00,0.00,0.00,0.00,0.00,0.00,0.00,0.00,0.00,0.00,0.00,0.00,0.00,0.00,0.00,0.00,0.00,221850,331531,442864,232331,349348,463828,0,0,0,0,0,0,0,65193,0,81.11,81.24,81.31
27,3,0,0,0,97277,97277,97277,2,2,2,591,591,591,0.00,0.00,0.00,0.00,0.00,0.00,0.00,0.00,0.00,0.00,0.00,0.00,0.00,0.00,0.00,0.00,0.00,0.00,0.00,0.00,0.00,414038,453872,576519,432382,472216,594862,0,0,0,0,0,0,0,77122,0,95.78,95.90,96.01
28,0,0,0,0,97277,97277,97277,2,2,2,591,591,591,0.00,0.00,0.00,0.00,0.00,0.00,0.00,0.00,0.00,0.00,0.00,0.00,0.00,0.00,0.00,0.00,0.00,0.00,0.00,0.00,0.00,319704,496271,998390,338047,515136,1016733,0,0,0,0,0,0,0,82283,0,91.17,91.30,91.38
28,1,0,0,0,97276,97276,97276,3,3,3,591,591,591,0.00,0.00,0.00,0.00,0.00,0.00,0.00,0.00,0.00,0.00,0.00,0.00,0.00,0.00,0.00,0.00,0.00,0.00,0.00,0.00,0.00,223249,376107,513609,233714,392899,529332,0,0,0,0,0,0,0,64467,0,80.33,80.34,80.35
28,2,0,0,0,97276,97276,97276,3,3,3,591,591,591,0.00,0.00,0.00,0.00,0.00,0.00,0.00,0.00,0.00,0.00,0.00,0.00,0.00,0.00,0.00,0.00,0.00,0.00,0.00,0.00,0.00,335423,427135,691784,353768,445478,710127,0,0,0,0,0,0,0,73331,0,81.28,81.31,81.34
28,3,0,0,0,97277,97277,97277,2,2,2,591,591,591,0.00,0.00,0.00,0.00,0.00,0.00,0.00,0.00,0.00,0.00,0.00,0.00,0.00,0.00,0.00,0.00,0.00,0.00,0.00,0.00,0.00,416662,452813,581755,435006,471156,600098,0,0,0,0,0,0,0,76922,0,95.93,96.02,96.13
29,0,0,0,0,97277,97277,97277,2,2,2,591,591,591,0.00,0.00,0.00,0.00,0.00,0.00,0.00,0.00,0.00,0.00,0.00,0.00,0.00,0.00,0.00,0.00,0.00,0.00,0.00,0.00,0.00,213114,325544,450728,225342,342658,469072,0,0,0,0,0,0,0,73453,0,91.20,91.30,91.41
29,1,0,0,0,97276,97276,97276,3,3,3,591,591,591,0.00,0.00,0.00,0.00,0.00,0.00,0.00,0.00,0.00,0.00,0.00,0.00,0.00,0.00,0.00,0.00,0.00,0.00,0.00,0.00,0.00,314454,397782,594828,332797,416650,615791,0,0,0,0,0,0,0,64473,0,80.33,80.35,80.38
29,2,0,0,0,97276,97276,97276,3,3,3,591,591,591,0.00,0.00,0.00,0.00,0.00,0.00,0.00,0.00,0.00,0.00,0.00,0.00,0.00,0.00,0.00,0.00,0.00,0.00,0.00,0.00,0.00,330148,459103,801877,348490,477446,820220,0,0,0,0,0,0,0,49015,0,81.42,81.48,81.51
29,3,0,0,0,97277,97277,97277,2,2,2,591,591,591,0.00,0.00,0.00,0.00,0.00,0.00,0.00,0.00,0.00,0.00,0.00,0.00,0.00,0.00,0.00,0.00,0.00,0.00,0.00,0.00,0.00,412169,520052,838522,430201,538858,859485,0,0,0,0,0,0,0,67323,0,95.84,95.89,95.94
30,0,0,0,0,97277,97277,97277,2,2,2,591,591,591,0.00,0.00,0.00,0.00,0.00,0.00,0.00,0.00,0.00,0.00,0.00,0.00,0.00,0.00,0.00,0.00,0.00,0.00,0.00,0.00,0.00,316772,354897,455966,334948,373881,476930,0,0,0,0,0,0,0,73404,0,91.44,91.46,91.47
30,1,0,0,0,97276,97276,97276,3,3,3,591,591,591,0.00,0.00,0.00,0.00,0.00,0.00,0.00,0.00,0.00,0.00,0.00,0.00,0.00,0.00,0.00,0.00,0.00,0.00,0.00,0.00,0.00,311836,360968,479550,330179,379967,500514,0,0,0,0,0,0,0,56394,0,80.33,80.35,80.37
30,2,0,0,0,97276,97276,97276,3,3,3,591,591,591,0.00,0.00,0.00,0.00,0.00,0.00,0.00,0.00,0.00,0.00,0.00,0.00,0.00,0.00,0.00,0.00,0.00,0.00,0.00,0.00,0.00,311799,356286,442847,327520,374552,463810,0,0,0,0,0,0,0,65282,0,81.30,81.34,81.42
30,3,0,0,0,97277,97277,97277,2,2,2,591,591,591,0.00,0.00,0.00,0.00,0.00,0.00,0.00,0.00,0.00,0.00,0.00,0.00,0.00,0.00,0.00,0.00,0.00,0.00,0.00,0.00,0.00,414023,474517,642908,432366,491331,655137,0,0,0,0,0,0,0,76711,0,95.67,95.71,95.79
31,0,0,0,0,97277,97277,97277,2,2,2,591,591,591,0.00,0.00,0.00,0.00,0.00,0.00,0.00,0.00,0.00,0.00,0.00,0.00,0.00,0.00,0.00,0.00,0.00,0.00,0.00,0.00,0.00,317354,356824,416660,335415,374948,435004,0,0,0,0,0,0,0,55059,0,91.35,91.39,91.42
31,1,0,0,0,97276,97276,97276,3,3,3,591,591,591,0.00,0.00,0.00,0.00,0.00,0.00,0.00,0.00,0.00,0.00,0.00,0.00,0.00,0.00,0.00,0.00,0.00,0.00,0.00,0.00,0.00,209490,427617,859492,221510,444695,877835,0,0,0,0,0,0,0,64459,0,80.39,80.42,80.44
31,2,0,0,0,97276,97276,97276,3,3,3,591,591,591,0.00,0.00,0.00,0.00,0.00,0.00,0.00,0.00,0.00,0.00,0.00,0.00,0.00,0.00,0.00,0.00,0.00,0.00,0.00,0.00,0.00,298742,340662,414032,312718,357608,429755,0,0,0,0,0,0,0,65122,0,81.21,81.25,81.29
31,3,0,0,0,97277,97277,97277,2,2,2,591,591,591,0.00,0.00,0.00,0.00,0.00,0.00,0.00,0.00,0.00,0.00,0.00,0.00,0.00,0.00,0.00,0.00,0.00,0.00,0.00,0.00,0.00,414039,497365,626275,432383,515709,644617,0,0,0,0,0,0,0,76984,0,95.64,95.81,95.96
33,0,0,0,0,97277,97277,97277,2,2,2,591,591,591,0.00,0.00,0.00,0.00,0.00,0.00,0.00,0.00,0.00,0.00,0.00,0.00,0.00,0.00,0.00,0.00,0.00,0.00,0.00,0.00,0.00,304974,410106,1021887,323191,428138,1040228,0,0,0,0,0,0,0,174364,0,91.33,91.42,91.47
33,1,0,0,0,97276,97276,97276,3,3,3,591,591,591,0.00,0.00,0.00,0.00,0.00,0.00,0.00,0.00,0.00,0.00,0.00,0.00,0.00,0.00,0.00,0.00,0.00,0.00,0.00,0.00,0.00,311826,407225,626294,330180,425837,644637,0,0,0,0,0,0,0,145209,0,80.36,80.41,80.43
33,2,0,0,0,97276,97276,97276,3,3,3,591,591,591,0.00,0.00,0.00,0.00,0.00,0.00,0.00,0.00,0.00,0.00,0.00,0.00,0.00,0.00,0.00,0.00,0.00,0.00,0.00,0.00,0.00,327562,414558,830702,348485,433163,849045,0,0,0,0,0,0,0,154568,0,81.05,81.10,81.17
33,3,0,0,0,97277,97277,97277,2,2,2,591,591,591,0.00,0.00,0.00,0.00,0.00,0.00,0.00,0.00,0.00,0.00,0.00,0.00,0.00,0.00,0.00,0.00,0.00,0.00,0.00,0.00,0.00,414041,519188,1098906,432385,537681,1118751,0,0,0,0,0,0,0,182537,0,95.75,95.85,96.01
34,0,0,0,0,97277,97277,97277,2,2,2,591,591,591,0.00,0.00,0.00,0.00,0.00,0.00,0.00,0.00,0.00,0.00,0.00,0.00,0.00,0.00,0.00,0.00,0.00,0.00,0.00,0.00,0.00,317085,345890,445486,335429,364233,463829,0,0,0,0,0,0,0,73438,0,91.39,91.41,91.42
34,1,0,0,0,97276,97276,97276,3,3,3,591,591,591,0.00,0.00,0.00,0.00,0.00,0.00,0.00,0.00,0.00,0.00,0.00,0.00,0.00,0.00,0.00,0.00,0.00,0.00,0.00,0.00,0.00,317078,479542,752066,332801,497885,770409,0,0,0,0,0,0,0,72466,0,80.34,80.38,80.41
34,2,0,0,0,97276,97276,97276,3,3,3,591,591,591,0.00,0.00,0.00,0.00,0.00,0.00,0.00,0.00,0.00,0.00,0.00,0.00,0.00,0.00,0.00,0.00,0.00,0.00,0.00,0.00,0.00,284702,318501,330185,296928,336088,348528,0,0,0,0,0,0,0,65090,0,81.09,81.13,81.15
34,3,0,0,0,97277,97277,97277,2,2,2,591,591,591,0.00,0.00,0.00,0.00,0.00,0.00,0.00,0.00,0.00,0.00,0.00,0.00,0.00,0.00,0.00,0.00,0.00,0.00,0.00,0.00,0.00,277779,423995,576513,290008,441116,594857,0,0,0,0,0,0,0,76755,0,95.73,95.85,95.94
35,0,0,0,0,97277,97277,97277,2,2,2,591,591,591,0.00,0.00,0.00,0.00,0.00,0.00,0.00,0.00,0.00,0.00,0.00,0.00,0.00,0.00,0.00,0.00,0.00,0.00,0.00,0.00,0.00,315366,379013,613466,333313,397858,629063,0,0,0,0,0,0,0,82574,0,91.40,91.46,91.55
35,1,0,0,0,97276,97276,97276,3,3,3,591,591,591,0.00,0.00,0.00,0.00,0.00,0.00,0.00,0.00,0.00,0.00,0.00,0.00,0.00,0.00,0.00,0.00,0.00,0.00,0.00,0.00,0.00,319093,375158,529191,339353,392223,545473,0,0,0,0,0,0,0,64442,0,80.26,80.29,80.33
35,2,0,0,0,97276,97276,97276,3,3,3,591,591,591,0.00,0.00,0.00,0.00,0.00,0.00,0.00,0.00,0.00,0.00,0.00,0.00,0.00,0.00,0.00,0.00,0.00,0.00,0.00,0.00,0.00,330180,359529,421885,345903,377872,442848,0,0,0,0,0,0,0,73180,0,81.15,81.17,81.20
35,3,0,0,0,97277,97277,97277,2,2,2,591,591,591,0.00,0.00,0.00,0.00,0.00,0.00,0.00,0.00,0.00,0.00,0.00,0.00,0.00,0.00,0.00,0.00,0.00,0.00,0.00,0.00,0.00,419237,457008,607963,435003,475351,626307,0,0,0,0,0,0,0,76883,0,95.71,95.79,95.88
36,0,0,0,0,97277,97277,97277,2,2,2,591,591,591,0.00,0.00,0.00,0.00,0.00,0.00,0.00,0.00,0.00,0.00,0.00,0.00,0.00,0.00,0.00,0.00,0.00,0.00,0.00,0.00,0.00,314462,522920,1215908,332806,541259,1231631,0,0,0,0,0,0,0,73519,0,91.56,91.62,91.65
36,1,0,0,0,97276,97276,97276,3,3,3,591,591,591,0.00,0.00,0.00,0.00,0.00,0.00,0.00,0.00,0.00,0.00,0.00,0.00,0.00,0.00,0.00,0.00,0.00,0.00,0.00,0.00,0.00,322318,402494,605319,340661,421360,623662,0,0,0,0,0,0,0,64501,0,80.36,80.37,80.38
36,2,0,0,0,97276,97276,97276,3,3,3,591,591,591,0.00,0.00,0.00,0.00,0.00,0.00,0.00,0.00,0.00,0.00,0.00,0.00,0.00,0.00,0.00,0.00,0.00,0.00,0.00,0.00,0.00,327563,457535,791390,343286,475878,809733,0,0,0,0,0,0,0,48881,0,81.19,81.20,81.23
36,3,0,0,0,97277,97277,97277,2,2,2,591,591,591,0.00,0.00,0.00,0.00,0.00,0.00,0.00,0.00,0.00,0.00,0.00,0.00,0.00,0.00,0.00,0.00,0.00,0.00,0.00,0.00,0.00,419276,629116,1450228,440239,647952,1468421,0,0,0,0,0,0,0,67148,0,95.84,95.88,95.92
37,0,0,0,0,97277,97277,97277,2,2,2,591,591,591,0.00,0.00,0.00,0.00,0.00,0.00,0.00,0.00,0.00,0.00,0.00,0.00,0.00,0.00,0.00,0.00,0.00,0.00,0.00,0.00,0.00,212906,329034,466450,225122,345846,484794,0,0,0,0,0,0,0,73514,0,91.53,91.54,91.56
37,1,0,0,0,97276,97276,97276,3,3,3,591,591,591,0.00,0.00,0.00,0.00,0.00,0.00,0.00,0.00,0.00,0.00,0.00,0.00,0.00,0.00,0.00,0.00,0.00,0.00,0.00,0.00,0.00,317078,362276,471679,332801,380620,492643,0,0,0,0,0,0,0,56537,0,80.33,80.43,80.51
37,2,0,0,0,97276,97276,97276,3,3,3,591,591,591,0.00,0.00,0.00,0.00,0.00,0.00,0.00,0.00,0.00,0.00,0.00,0.00,0.00,0.00,0.00,0.00,0.00,0.00,0.00,0.00,0.00,330185,364889,458526,348529,383888,479487,0,0,0,0,0,0,0,65245,0,81.16,81.17,81.18
37,3,0,0,0,97277,97277,97277,2,2,2,591,591,591,0.00,0.00,0.00,0.00,0.00,0.00,0.00,0.00,0.00,0.00,0.00,0.00,0.00,0.00,0.00,0.00,0.00,0.00,0.00,0.00,0.00,277769,421241,558163,291745,438493,576506,0,0,0,0,0,0,0,77193,0,95.86,95.98,96.19
38,0,0,0,0,97277,97277,97277,2,2,2,591,591,591,0.00,0.00,0.00,0.00,0.00,0.00,0.00,0.00,0.00,0.00,0.00,0.00,0.00,0.00,0.00,0.00,0.00,0.00,0.00,0.00,0.00,319113,409142,634164,337274,427479,649887,0,0,0,0,0,0,0,54996,0,91.40,91.47,91.54
38,1,0,0,0,97276,97276,97276,3,3,3,591,591,591,0.00,0.00,0.00,0.00,0.00,0.00,0.00,0.00,0.00,0.00,0.00,0.00,0.00,0.00,0.00,0.00,0.00,0.00,0.00,0.00,0.00,314427,453857,864741,332768,472724,883084,0,0,0,0,0,0,0,64500,0,80.34,80.44,80.50
38,2,0,0,0,97276,97276,97276,3,3,3,591,591,591,0.00,0.00,0.00,0.00,0.00,0.00,0.00,0.00,0.00,0.00,0.00,0.00,0.00,0.00,0.00,0.00,0.00,0.00,0.00,0.00,0.00,218279,342533,424520,230503,359568,440243,0,0,0,0,0,0,0,65234,0,81.19,81.26,81.35
38,3,0,0,0,97277,97277,97277,2,2,2,591,591,591,0.00,0.00,0.00,0.00,0.00,0.00,0.00,0.00,0.00,0.00,0.00,0.00,0.00,0.00,0.00,0.00,0.00,0.00,0.00,0.00,0.00,416664,490546,600099,435007,508889,618443,0,0,0,0,0,0,0,76870,0,95.71,95.94,96.10
39,0,0,0,0,97277,97277,97277,2,2,2,591,591,591,0.00,0.00,0.00,0.00,0.00,0.00,0.00,0.00,0.00,0.00,0.00,0.00,0.00,0.00,0.00,0.00,0.00,0.00,0.00,0.00,0.00,320883,501812,1197570,341585,520107,1213293,0,0,0,0,0,0,0,82667,0,91.33,91.37,91.40
39,1,0,0,0,97276,97276,97276,3,3,3,591,591,591,0.00,0.00,0.00,0.00,0.00,0.00,0.00,0.00,0.00,0.00,0.00,0.00,0.00,0.00,0.00,0.00,0.00,0.00,0.00,0.00,0.00,219571,437503,611714,231579,454591,630830,0,0,0,0,0,0,0,64458,0,80.24,80.27,80.30
39,2,0,0,0,97276,97276,97276,3,3,3,591,591,591,0.00,0.00,0.00,0.00,0.00,0.00,0.00,0.00,0.00,0.00,0.00,0.00,0.00,0.00,0.00,0.00,0.00,0.00,0.00,0.00,0.00,330181,441281,830695,348524,460148,849038,0,0,0,0,0,0,0,73371,0,81.28,81.35,81.42
39,3,0,0,0,97277,97277,97277,2,2,2,591,591,591,0.00,0.00,0.00,0.00,0.00,0.00,0.00,0.00,0.00,0.00,0.00,0.00,0.00,0.00,0.00,0.00,0.00,0.00,0.00,0.00,0.00,416660,421373,424523,435003,440240,445465,0,0,0,0,0,0,0,76799,0,95.77,95.82,95.89
40,0,0,0,0,97277,97277,97277,2,2,2,591,591,591,0.00,0.00,0.00,0.00,0.00,0.00,0.00,0.00,0.00,0.00,0.00,0.00,0.00,0.00,0.00,0.00,0.00,0.00,0.00,0.00,0.00,318175,367366,487416,336935,386230,505760,0,0,0,0,0,0,0,73379,0,91.38,91.41,91.43
40,1,0,0,0,97276,97276,97276,3,3,3,591,591,591,0.00,0.00,0.00,0.00,0.00,0.00,0.00,0.00,0.00,0.00,0.00,0.00,0.00,0.00,0.00,0.00,0.00,0.00,0.00,0.00,0.00,319700,350615,453333,338043,368958,471676,0,0,0,0,0,0,0,64463,0,80.30,80.30,80.31
40,2,0,0,0,97276,97276,97276,3,3,3,591,591,591,0.00,0.00,0.00,0.00,0.00,0.00,0.00,0.00,0.00,0.00,0.00,0.00,0.00,0.00,0.00,0.00,0.00,0.00,0.00,0.00,0.00,327562,386783,484795,345905,405127,503139,0,0,0,0,0,0,0,65463,0,81.31,81.42,81.55
40,3,0,0,0,97277,97277,97277,2,2,2,591,591,591,0.00,0.00,0.00,0.00,0.00,0.00,0.00,0.00,0.00,0.00,0.00,0.00,0.00,0.00,0.00,0.00,0.00,0.00,0.00,0.00,0.00,421889,629446,1189704,437628,647770,1208048,0,0,0,0,0,0,0,76765,0,95.72,95.79,95.83
41,0,0,0,0,97276,97276,97277,2,2,3,591,591,591,0.00,0.00,0.00,0.00,0.00,0.00,0.00,0.00,0.00,0.00,0.00,0.00,0.00,0.00,0.00,0.00,0.00,0.00,0.00,0.00,0.00,213132,368461,619226,225360,385909,637516,0,0,0,0,0,0,0,55040,0,91.37,91.43,91.51
41,1,0,0,0,97276,97276,97276,3,3,3,591,591,591,0.00,0.00,0.00,0.00,0.00,0.00,0.00,0.00,0.00,0.00,0.00,0.00,0.00,0.00,0.00,0.00,0.00,0.00,0.00,0.00,0.00,319697,473206,794857,338040,502904,856000,0,0,0,0,0,0,0,56361,0,80.31,80.35,80.38
41,2,0,0,0,97276,97276,97276,3,3,3,591,591,591,0.00,0.00,0.00,0.00,0.00,0.00,0.00,0.00,0.00,0.00,0.00,0.00,0.00,0.00,0.00,0.00,0.00,0.00,0.00,0.00,0.00,218117,324922,429066,252739,347328,447380,0,0,0,0,0,0,0,57103,0,81.42,81.49,81.53
41,3,0,0,0,97277,97277,97277,2,2,2,591,591,591,0.00,0.00,0.00,0.00,0.00,0.00,0.00,0.00,0.00,0.00,0.00,0.00,0.00,0.00,0.00,0.00,0.00,0.00,0.00,0.00,0.00,391337,410328,421902,403566,442865,503138,0,0,0,0,0,0,0,57667,0,95.78,95.82,95.86
42,0,0,0,0,97276,97276,97276,3,3,3,591,591,591,0.00,0.00,0.00,0.00,0.00,0.00,0.00,0.00,0.00,0.00,0.00,0.00,0.00,0.00,0.00,0.00,0.00,0.00,0.00,0.00,0.00,3682883,3682883,3682883,4149967,4149967,4149967,0,0,0,0,0,0,0,64009,0,91.41,91.41,91.41
43,0,0,0,0,97274,97274,97276,3,4,5,591,591,591,0.00,0.00,0.00,0.00,0.00,0.00,0.00,0.00,0.00,0.00,0.00,0.00,0.00,0.00,0.00,0.00,0.00,0.00,0.00,0.00,0.00,2931208,4393777,7061839,3025510,4292901,7125301,0,0,0,0,0,0,0,45730,0,91.33,91.34,91.37
43,1,0,0,0,97274,97275,97276,3,3,5,591,591,591,0.00,0.00,0.00,0.00,0.00,0.00,0.00,0.00,0.00,0.00,0.00,0.00,0.00,0.00,0.00,0.00,0.00,0.00,0.00,0.00,0.00,2821091,6132728,9591938,2870001,6244971,9770149,0,0,0,0,0,0,0,73093,0,80.25,80.42,80.70
43,2,0,0,0,97276,97276,97276,3,3,3,591,591,591,0.00,0.00,0.00,0.00,0.00,0.00,0.00,0.00,0.00,0.00,0.00,0.00,0.00,0.00,0.00,0.00,0.00,0.00,0.00,0.00,0.00,0,910976,2404725,0,970264,2514865,0,0,0,0,0,0,0,65281,0,81.34,81.36,81.38
43,3,0,0,0,97276,97276,97276,3,3,3,591,591,591,0.00,0.00,0.00,0.00,0.00,0.00,0.00,0.00,0.00,0.00,0.00,0.00,0.00,0.00,0.00,0.00,0.00,0.00,0.00,0.00,0.00,613167,2595040,3993841,681297,2676448,4109300,0,0,0,0,0,0,0,76813,0,95.82,95.84,95.85
44,0,0,0,0,97274,97274,97274,5,5,5,591,591,591,0.00,0.00,0.00,0.00,0.00,0.00,0.00,0.00,0.00,0.00,0.00,0.00,0.00,0.00,0.00,0.00,0.00,0.00,0.00,0.00,0.00,4231334,4373420,4515507,3652860,3981389,4309918,0,0,0,0,0,0,0,0,0,91.31,91.33,91.36
44,1,0,0,0,97274,97274,97274,5,5,5,591,591,591,0.00,0.00,0.00,0.00,0.00,0.00,0.00,0.00,0.00,0.00,0.00,0.00,0.00,0.00,0.00,0.00,0.00,0.00,0.00,0.00,0.00,640634,2343341,4046048,687765,2415385,4143006,0,0,0,0,0,0,0,0,0,81.47,82.20,82.93
44,2,0,0,0,97274,97274,97274,5,5,5,591,591,591,0.00,0.00,0.00,0.00,0.00,0.00,0.00,0.00,0.00,0.00,0.00,0.00,0.00,0.00,0.00,0.00,0.00,0.00,0.00,0.00,0.00,4056444,5571047,7085651,7164264,7759833,8355402,0,0,0,0,0,0,0,0,0,81.46,81.46,81.46
44,3,0,0,0,97276,97276,97276,3,3,3,591,591,591,0.00,0.00,0.00,0.00,0.00,0.00,0.00,0.00,0.00,0.00,0.00,0.00,0.00,0.00,0.00,0.00,0.00,0.00,0.00,0.00,0.00,0,214877,429755,40618,845480,1650342,0,0,0,0,0,0,0,0,0,95.85,95.86,95.86
45,0,0,0,0,97274,97274,97274,5,5,5,591,591,591,0.00,0.00,0.00,0.00,0.00,0.00,0.00,0.00,0.00,0.00,0.00,0.00,0.00,0.00,0.00,0.00,0.00,0.00,0.00,0.00,0.00,0,1530904,3701815,10482,2369281,3761488,0,0,0,0,0,0,0,64049,0,91.39,91.44,91.48
45,1,0,0,0,97274,97274,97274,5,5,5,591,591,591,0.00,0.00,0.00,0.00,0.00,0.00,0.00,0.00,0.00,0.00,0.00,0.00,0.00,0.00,0.00,0.00,0.00,0.00,0.00,0.00,0.00,1409809,2525282,4047512,1485803,2585837,4110394,0,0,0,0,0,0,0,57519,0,82.86,83.68,84.10
45,2,0,0,0,97274,97274,97274,5,5,5,591,591,591,0.00,0.00,0.00,0.00,0.00,0.00,0.00,0.00,0.00,0.00,0.00,0.00,0.00,0.00,0.00,0.00,0.00,0.00,0.00,0.00,0.00,1878287,3144278,4149423,1920201,3212391,4254206,0,0,0,0,0,0,0,56923,0,81.31,81.38,81.44
45,3,0,0,0,97274,97274,97274,5,5,5,591,591,591,0.00,0.00,0.00,0.00,0.00,0.00,0.00,0.00,0.00,0.00,0.00,0.00,0.00,0.00,0.00,0.00,0.00,0.00,0.00,0.00,0.00,0,6005765,11700263,0,6081126,11813589,0,0,0,0,0,0,0,69264,0,96.98,97.84,98.95
46,0,0,0,0,96708,96817,97255,22,359,571,591,591,591,0.00,0.00,0.00,0.00,0.00,0.00,0.00,0.00,0.00,0.00,0.00,0.00,0.00,0.00,0.00,0.00,0.00,0.00,0.00,0.00,0.00,296171,1786397,5081891,317139,2037108,5634897,0,0,0,0,0,0,0,112266,0,91.42,111.07,129.72
46,1,0,0,0,96708,96813,97233,49,466,571,591,591,591,0.00,0.00,0.00,0.00,0.00,0.00,0.00,0.00,0.00,0.00,0.00,0.00,0.00,0.00,0.00,0.00,0.00,0.00,0.00,0.00,0.00,301407,1945377,4338142,317135,2187698,4805447,0,0,0,0,0,0,0,99785,0,86.49,103.77,120.49
46,2,0,0,2,96708,96814,97236,43,465,571,591,591,591,0.00,0.00,0.00,0.00,0.00,0.00,0.00,0.00,0.00,0.00,0.00,0.00,0.00,0.00,0.00,0.00,0.00,0.00,0.00,0.00,0.00,309274,1984572,4503633,322379,2224934,4939963,0,0,0,0,0,0,0,76658,0,84.75,103.41,121.17
46,3,0,0,2,96708,96814,97237,42,464,571,591,591,591,0.00,0.00,0.00,0.00,0.00,0.00,0.00,0.00,0.00,0.00,0.00,0.00,0.00,0.00,0.00,0.00,0.00,0.00,0.00,0.00,0.00,414113,2580055,7030173,427218,2798752,7330668,0,0,0,0,0,0,0,113543,0,104.97,122.10,138.29
47,0,0,0,0,96680,96680,96680,571,661,751,591,591,591,0.00,0.00,0.00,0.00,0.00,0.00,0.00,0.00,0.00,0.00,0.00,0.00,0.00,0.00,0.00,0.00,0.00,0.00,0.00,0.00,0.00,445564,445564,445564,458669,458669,458669,0,0,0,0,0,0,0,0,0,138.78,138.78,138.78
47,1,0,0,0,96528,96618,96708,597,597,597,591,591,591,0.00,0.00,0.00,0.00,0.00,0.00,0.00,0.00,0.00,0.00,0.00,0.00,0.00,0.00,0.00,0.00,0.00,0.00,0.00,0.00,0.00,448179,448179,448179,461284,461284,461284,0,0,0,0,0,0,0,0,0,123.51,123.99,124.47
47,2,5,5,5,96678,96678,96678,595,595,595,591,591,591,0.00,0.00,0.00,0.00,0.00,0.00,0.00,0.00,0.00,0.00,0.00,0.00,0.00,0.00,0.00,0.00,0.00,0.00,0.00,0.00,0.00,309274,309274,309274,325000,325000,325000,0,0,0,0,0,0,0,25243,0,127.52,127.52,127.52
47,3,0,0,0,96678,96678,96678,597,597,597,591,591,591,0.00,0.00,0.00,0.00,0.00,0.00,0.00,0.00,0.00,0.00,0.00,0.00,0.00,0.00,0.00,0.00,0.00,0.00,0.00,0.00,0.00,513710,513710,513710,529436,529436,529436,0,0,0,0,0,0,0,0,0,141.06,141.06,141.06
48,0,0,0,0,96528,96528,96528,751,751,751,591,591,591,0.00,0.00,0.00,0.00,0.00,0.00,0.00,0.00,0.00,0.00,0.00,0.00,0.00,0.00,0.00,0.00,0.00,0.00,0.00,0.00,0.00,298792,1147101,2838480,311897,1180300,2901383,0,0,0,0,0,0,0,55285,0,137.50,137.55,137.59
48,1,0,0,0,96528,96528,96528,751,751,751,591,591,591,0.00,0.00,0.00,0.00,0.00,0.00,0.00,0.00,0.00,0.00,0.00,0.00,0.00,0.00,0.00,0.00,0.00,0.00,0.00,0.00,0.00,311874,1729327,3874922,330220,1796095,4020185,0,0,0,0,0,0,0,49387,0,123.41,123.48,123.56
48,2,0,0,0,96528,96528,96528,751,751,751,591,591,591,0.00,0.00,0.00,0.00,0.00,0.00,0.00,0.00,0.00,0.00,0.00,0.00,0.00,0.00,0.00,0.00,0.00,0.00,0.00,0.00,0.00,332863,2163464,4419821,348589,2211115,4505111,0,0,0,0,0,0,0,63091,0,125.98,126.01,126.03
48,3,0,0,0,96528,96528,96528,751,751,751,591,591,591,0.00,0.00,0.00,0.00,0.00,0.00,0.00,0.00,0.00,0.00,0.00,0.00,0.00,0.00,0.00,0.00,0.00,0.00,0.00,0.00,0.00,421971,3887365,6712103,435075,3943277,6801187,0,0,0,0,0,0,0,56542,0,139.97,140.14,140.36
49,0,0,0,0,96528,96528,96528,751,751,751,591,591,591,0.00,0.00,0.00,0.00,0.00,0.00,0.00,0.00,0.00,0.00,0.00,0.00,0.00,0.00,0.00,0.00,0.00,0.00,0.00,0.00,0.00,298784,350160,532058,314509,364313,547784,0,0,0,0,0,0,0,110591,0,137.59,137.74,137.81
49,1,0,0,0,96528,96528,96528,751,751,751,591,591,591,0.00,0.00,0.00,0.00,0.00,0.00,0.00,0.00,0.00,0.00,0.00,0.00,0.00,0.00,0.00,0.00,0.00,0.00,0.00,0.00,0.00,296070,357731,462815,312074,371364,475888,0,0,0,0,0,0,0,98633,0,123.06,123.16,123.35
49,2,0,0,0,96528,96528,96528,751,751,751,591,591,591,0.00,0.00,0.00,0.00,0.00,0.00,0.00,0.00,0.00,0.00,0.00,0.00,0.00,0.00,0.00,0.00,0.00,0.00,0.00,0.00,0.00,309255,536957,956655,322359,550544,969760,0,0,0,0,0,0,0,75649,0,125.76,125.84,125.97
49,3,0,0,0,96528,96528,96528,751,751,751,591,591,591,0.00,0.00,0.00,0.00,0.00,0.00,0.00,0.00,0.00,0.00,0.00,0.00,0.00,0.00,0.00,0.00,0.00,0.00,0.00,0.00,0.00,411492,435603,505847,424597,449756,524193,0,0,0,0,0,0,0,112764,0,140.49,140.72,140.86
50,0,0,0,0,96528,96528,96528,751,751,751,591,591,591,0.00,0.00,0.00,0.00,0.00,0.00,0.00,0.00,0.00,0.00,0.00,0.00,0.00,0.00,0.00,0.00,0.00,0.00,0.00,0.00,0.00,296164,352775,571340,306648,379376,584445,0,0,0,0,0,0,0,83104,0,137.85,137.96,138.06
50,1,0,0,0,96528,96528,96528,751,751,751,591,591,591,0.00,0.00,0.00,0.00,0.00,0.00,0.00,0.00,0.00,0.00,0.00,0.00,0.00,0.00,0.00,0.00,0.00,0.00,0.00,0.00,0.00,301408,370599,618539,314513,384229,634265,0,0,0,0,0,0,0,74084,0,123.07,123.13,123.20
50,2,0,0,0,96528,96528,96528,751,751,751,591,591,591,0.00,0.00,0.00,0.00,0.00,0.00,0.00,0.00,0.00,0.00,0.00,0.00,0.00,0.00,0.00,0.00,0.00,0.00,0.00,0.00,0.00,306651,396287,744340,319755,410440,760065,0,0,0,0,0,0,0,100826,0,125.70,125.74,125.77
50,3,0,0,0,96528,96528,96528,751,751,751,591,591,591,0.00,0.00,0.00,0.00,0.00,0.00,0.00,0.00,0.00,0.00,0.00,0.00,0.00,0.00,0.00,0.00,0.00,0.00,0.00,0.00,0.00,419332,437695,505846,432436,451848,518951,0,0,0,0,0,0,0,84486,0,140.42,140.52,140.67
51,0,0,0,0,96528,96528,96528,751,751,751,591,591,591,0.00,0.00,0.00,0.00,0.00,0.00,0.00,0.00,0.00,0.00,0.00,0.00,0.00,0.00,0.00,0.00,0.00,0.00,0.00,0.00,0.00,288255,572200,1423239,303978,361442,562312,0,0,0,0,0,0,0,124323,0,137.78,137.94,138.08
51,1,0,0,0,96528,96528,96528,751,751,751,591,591,591,0.00,0.00,0.00,0.00,0.00,0.00,0.00,0.00,0.00,0.00,0.00,0.00,0.00,0.00,0.00,0.00,0.00,0.00,0.00,0.00,0.00,304029,473330,964452,317134,487483,980177,0,0,0,0,0,0,0,98739,0,123.19,123.21,123.25
51,2,0,0,0,96528,96528,96528,751,751,751,591,591,591,0.00,0.00,0.00,0.00,0.00,0.00,0.00,0.00,0.00,0.00,0.00,0.00,0.00,0.00,0.00,0.00,0.00,0.00,0.00,0.00,0.00,311896,403628,626412,325000,419877,652621,0,0,0,0,0,0,0,100965,0,125.80,125.86,125.90
51,3,0,0,0,96528,96528,96528,751,751,751,591,591,591,0.00,0.00,0.00,0.00,0.00,0.00,0.00,0.00,0.00,0.00,0.00,0.00,0.00,0.00,0.00,0.00,0.00,0.00,0.00,0.00,0.00,331016,680034,1365530,362293,697298,1378635,0,0,0,0,0,0,0,112504,0,140.34,140.41,140.46
52,0,0,5,20,96178,96288,96408,753,943,1101,591,591,591,0.00,0.00,0.00,0.00,0.00,0.00,0.00,0.00,0.00,0.00,0.00,0.00,0.00,0.00,0.00,0.00,0.00,0.00,0.00,0.00,0.00,1965381,3185638,4114020,1478281,3171425,4292093,0,0,0,0,0,0,0,110617,0,137.68,137.74,137.82
52,1,0,0,1,96146,96316,96526,871,1015,1133,591,591,591,0.00,0.00,0.00,0.00,0.00,0.00,0.00,0.00,0.00,0.00,0.00,0.00,0.00,0.00,0.00,0.00,0.00,0.00,0.00,0.00,0.00,1410047,2801492,4660027,1873947,3331488,4830388,0,0,0,0,0,0,0,111493,0,123.18,123.28,123.54
52,2,0,1,5,96142,96254,96408,871,966,1137,591,591,591,0.00,0.00,0.00,0.00,0.00,0.00,0.00,0.00,0.00,0.00,0.00,0.00,0.00,0.00,0.00,0.00,0.00,0.00,0.00,0.00,0.00,2078317,3583701,6037299,2914361,4050230,6178675,0,0,0,0,0,0,0,101014,0,125.80,125.87,125.97
52,3,0,5,20,96182,96280,96408,871,946,1097,591,591,591,0.00,0.00,0.00,0.00,0.00,0.00,0.00,0.00,0.00,0.00,0.00,0.00,0.00,0.00,0.00,0.00,0.00,0.00,0.00,0.00,0.00,2159609,3798278,5539006,2911803,4259496,5711936,0,0,0,0,0,0,0,126454,0,140.16,140.21,140.29
53,0,0,20,100,96178,96178,96178,1101,1101,1101,591,591,591,0.00,0.00,0.01,0.00,0.00,0.00,0.00,0.00,0.00,0.00,0.00,0.00,0.00,0.00,0.00,0.00,0.00,0.00,0.00,0.00,0.00,296168,467577,959256,317135,485399,974981,0,524,2620,0,0,0,0,124117,0,137.60,137.78,137.91
53,1,0,10,42,96146,96146,96146,1133,1133,1133,591,591,591,0.00,0.00,0.01,0.00,0.00,0.00,0.00,0.00,0.00,0.00,0.00,0.00,0.00,0.00,0.00,0.00,0.00,0.00,0.00,0.00,0.00,298770,442409,954016,311893,911026,2565847,0,0,0,0,524,2620,0,98910,0,123.42,123.54,123.62
53,2,0,12,60,96142,96142,96142,1137,1137,1137,591,591,591,0.00,0.00,0.00,0.00,0.00,0.00,0.00,0.00,0.00,0.00,0.00,0.00,0.00,0.00,0.00,0.00,0.00,0.00,0.00,0.00,0.00,309273,386330,665722,324999,404677,681448,0,0,0,0,0,0,0,100808,0,125.84,126.01,126.09
53,3,0,20,100,96182,96182,96182,1097,1097,1097,591,591,591,0.00,0.00,0.00,0.00,0.00,0.00,0.00,0.00,0.00,0.00,0.00,0.00,0.00,0.00,0.00,0.00,0.00,0.00,0.00,0.00,0.00,410222,547000,930441,425702,565297,964513,0,0,0,0,0,0,0,112037,0,139.86,140.05,140.16
54,0,0,0,0,96178,96178,96178,1101,1101,1101,591,591,591,0.00,0.00,0.00,0.00,0.00,0.00,0.00,0.00,0.00,0.00,0.00,0.00,0.00,0.00,0.00,0.00,0.00,0.00,0.00,0.00,0.00,296162,417780,594957,311888,431409,605441,0,0,0,0,0,0,0,110356,0,137.57,137.62,137.67
54,1,0,0,0,96146,96146,96146,1133,1133,1133,591,591,591,0.00,0.00,0.00,0.00,0.00,0.00,0.00,0.00,0.00,0.00,0.00,0.00,0.00,0.00,0.00,0.00,0.00,0.00,0.00,0.00,0.00,306650,374271,463910,314495,355396,401004,0,0,0,0,0,0,0,98679,0,123.27,123.40,123.47
54,2,0,0,0,96142,96142,96142,1137,1137,1137,591,591,591,0.00,0.00,0.00,0.00,0.00,0.00,0.00,0.00,0.00,0.00,0.00,0.00,0.00,0.00,0.00,0.00,0.00,0.00,0.00,0.00,0.00,206536,501022,1336685,215070,513737,1352410,0,0,0,0,0,0,0,113414,0,125.65,125.67,125.69
54,3,0,0,0,96182,96182,96182,1097,1097,1097,591,591,591,0.00,0.00,0.00,0.00,0.00,0.00,0.00,0.00,0.00,0.00,0.00,0.00,0.00,0.00,0.00,0.00,0.00,0.00,0.00,0.00,0.00,419352,487497,647378,432456,501126,657862,0,0,0,0,0,0,0,113639,0,139.92,140.58,141.24
55,0,0,0,0,96178,96178,96178,1101,1101,1101,591,591,591,0.00,0.00,0.00,0.00,0.00,0.00,0.00,0.00,0.00,0.00,0.00,0.00,0.00,0.00,0.00,0.00,0.00,0.00,0.00,0.00,0.00,298790,338624,474395,311895,353301,490121,0,0,0,0,0,0,0,110358,0,137.61,137.62,137.63
55,1,0,0,0,96146,96146,96146,1133,1133,1133,591,591,591,0.00,0.00,0.00,0.00,0.00,0.00,0.00,0.00,0.00,0.00,0.00,0.00,0.00,0.00,0.00,0.00,0.00,0.00,0.00,0.00,0.00,296296,373841,584473,309178,405977,600199,0,0,0,0,0,0,0,74113,0,123.13,123.19,123.25
55,2,0,0,0,96142,96142,96142,1137,1137,1137,591,591,591,0.00,0.00,0.00,0.00,0.00,0.00,0.00,0.00,0.00,0.00,0.00,0.00,0.00,0.00,0.00,0.00,0.00,0.00,0.00,0.00,0.00,306652,464174,720767,322378,478319,733872,0,0,0,0,0,0,0,75545,0,125.64,125.67,125.71
55,3,0,0,0,96182,96182,96182,1097,1097,1097,591,591,591,0.00,0.00,0.00,0.00,0.00,0.00,0.00,0.00,0.00,0.00,0.00,0.00,0.00,0.00,0.00,0.00,0.00,0.00,0.00,0.00,0.00,414113,502170,841328,427218,516323,854432,0,0,0,0,0,0,0,114197,0,141.57,141.80,142.08
56,0,0,0,0,96178,96178,96178,1101,1101,1101,591,591,591,0.00,0.00,0.00,0.00,0.00,0.00,0.00,0.00,0.00,0.00,0.00,0.00,0.00,0.00,0.00,0.00,0.00,0.00,0.00,0.00,0.00,296169,357193,587081,306653,382657,600186,0,0,0,0,0,0,0,82769,0,137.63,137.66,137.70
56,1,0,0,0,96146,96146,96146,1133,1133,1133,591,591,591,0.00,0.00,0.00,0.00,0.00,0.00,0.00,0.00,0.00,0.00,0.00,0.00,0.00,0.00,0.00,0.00,0.00,0.00,0.00,0.00,0.00,301407,323944,374794,314512,338097,390520,0,0,0,0,0,0,0,111123,0,123.21,123.24,123.26
56,2,0,0,0,96142,96142,96142,1137,1137,1137,591,591,591,0.00,0.00,0.00,0.00,0.00,0.00,0.00,0.00,0.00,0.00,0.00,0.00,0.00,0.00,0.00,0.00,0.00,0.00,0.00,0.00,0.00,309273,383708,650003,322380,397862,665729,0,0,0,0,0,0,0,100774,0,125.58,125.63,125.65
56,3,0,0,0,96182,96182,96182,1097,1097,1097,591,591,591,0.00,0.00,0.00,0.00,0.00,0.00,0.00,0.00,0.00,0.00,0.00,0.00,0.00,0.00,0.00,0.00,0.00,0.00,0.00,0.00,0.00,416732,599849,1187293,429837,613478,1203018,0,0,0,0,0,0,0,98042,0,140.42,141.56,142.22
57,0,0,0,0,96178,96178,96178,1101,1101,1101,591,591,591,0.00,0.00,0.00,0.00,0.00,0.00,0.00,0.00,0.00,0.00,0.00,0.00,0.00,0.00,0.00,0.00,0.00,0.00,0.00,0.00,0.00,293498,497973,1147916,306601,511808,1163641,0,0,0,0,0,0,0,124244,0,137.57,137.62,137.65
57,1,0,0,0,96146,96146,96146,1133,1133,1133,591,591,591,0.00,0.00,0.00,0.00,0.00,0.00,0.00,0.00,0.00,0.00,0.00,0.00,0.00,0.00,0.00,0.00,0.00,0.00,0.00,0.00,0.00,304029,503745,922574,319755,517374,935679,0,0,0,0,0,0,0,98781,0,123.11,123.19,123.24
57,2,0,0,0,96142,96142,96142,1137,1137,1137,591,591,591,0.00,0.00,0.00,0.00,0.00,0.00,0.00,0.00,0.00,0.00,0.00,0.00,0.00,0.00,0.00,0.00,0.00,0.00,0.00,0.00,0.00,311894,394706,689258,324999,408334,704983,0,0,0,0,0,0,0,100776,0,125.57,125.61,125.65
57,3,0,0,0,96182,96182,96182,1097,1097,1097,591,591,591,0.00,0.00,0.00,0.00,0.00,0.00,0.00,0.00,0.00,0.00,0.00,0.00,0.00,0.00,0.00,0.00,0.00,0.00,0.00,0.00,0.00,421975,507155,843956,435080,520776,857061,0,0,0,0,0,0,0,112216,0,139.72,139.80,139.92
58,0,0,0,0,96178,96178,96178,1101,1101,1101,591,591,591,0.00,0.00,0.00,0.00,0.00,0.00,0.00,0.00,0.00,0.00,0.00,0.00,0.00,0.00,0.00,0.00,0.00,0.00,0.00,0.00,0.00,296170,412539,589716,311896,370604,587097,0,0,0,0,0,0,0,110384,0,137.68,137.72,137.75
58,1,0,0,0,96146,96146,96146,1133,1133,1133,591,591,591,0.00,0.00,0.00,0.00,0.00,0.00,0.00,0.00,0.00,0.00,0.00,0.00,0.00,0.00,0.00,0.00,0.00,0.00,0.00,0.00,0.00,207928,374443,634270,216664,387198,649996,0,0,0,0,0,0,0,98942,0,123.34,123.42,123.50
58,2,0,0,0,96142,96142,96142,1137,1137,1137,591,591,591,0.00,0.00,0.00,0.00,0.00,0.00,0.00,0.00,0.00,0.00,0.00,0.00,0.00,0.00,0.00,0.00,0.00,0.00,0.00,0.00,0.00,306362,544556,1386497,319234,557596,1402223,0,0,0,0,0,0,0,100448,0,125.38,125.57,125.72
58,3,0,0,0,96182,96182,96182,1097,1097,1097,591,591,591,0.00,0.00,0.00,0.00,0.00,0.00,0.00,0.00,0.00,0.00,0.00,0.00,0.00,0.00,0.00,0.00,0.00,0.00,0.00,0.00,0.00,419353,461283,534667,432458,475436,550392,0,0,0,0,0,0,0,112266,0,139.93,140.02,140.13
59,0,0,0,0,96178,96178,96178,1101,1101,1101,591,591,591,0.00,0.00,0.00,0.00,0.00,0.00,0.00,0.00,0.00,0.00,0.00,0.00,0.00,0.00,0.00,0.00,0.00,0.00,0.00,0.00,0.00,199191,327620,518952,207928,354528,602821,0,0,0,0,0,0,0,110521,0,137.62,137.69,137.72
59,1,0,0,0,96146,96146,96146,1133,1133,1133,591,591,591,0.00,0.00,0.00,0.00,0.00,0.00,0.00,0.00,0.00,0.00,0.00,0.00,0.00,0.00,0.00,0.00,0.00,0.00,0.00,0.00,0.00,296086,321359,382658,312090,335474,395763,0,0,0,0,0,0,0,99096,0,123.31,123.39,123.46
59,2,0,0,0,96142,96142,96142,1137,1137,1137,591,591,591,0.00,0.00,0.00,0.00,0.00,0.00,0.00,0.00,0.00,0.00,0.00,0.00,0.00,0.00,0.00,0.00,0.00,0.00,0.00,0.00,0.00,304300,397910,752205,317646,412111,767931,0,0,0,0,0,0,0,100446,0,125.20,125.22,125.25
59,3,0,0,0,96182,96182,96182,1097,1097,1097,591,591,591,0.00,0.00,0.00,0.00,0.00,0.00,0.00,0.00,0.00,0.00,0.00,0.00,0.00,0.00,0.00,0.00,0.00,0.00,0.00,0.00,0.00,414115,433507,487493,427218,447136,500597,0,0,0,0,0,0,0,112430,0,139.96,140.04,140.14
60,0,0,0,0,94866,95915,96178,1101,1363,2413,591,591,591,0.00,0.00,0.00,0.00,0.00,0.00,0.00,0.00,0.00,0.00,0.00,0.00,0.00,0.00,0.00,0.00,0.00,0.00,0.00,0.00,0.00,293532,352776,573993,309257,410964,587098,0,0,0,0,0,0,0,110274,0,137.51,137.67,137.85
60,1,0,0,0,94834,95883,96146,1133,1395,2445,591,591,591,0.00,0.00,0.00,0.00,0.00,0.00,0.00,0.00,0.00,0.00,0.00,0.00,0.00,0.00,0.00,0.00,0.00,0.00,0.00,0.00,0.00,304028,463893,988028,317135,481191,1016856,0,0,0,0,0,0,0,111527,0,123.28,123.41,123.49
60,2,0,0,0,94830,95879,96142,1137,1399,2449,591,591,591,0.00,0.00,0.00,0.00,0.00,0.00,0.00,0.00,0.00,0.00,0.00,0.00,0.00,0.00,0.00,0.00,0.00,0.00,0.00,0.00,0.00,311895,399954,668347,324999,500071,836046,0,0,0,0,0,0,0,100623,0,125.09,125.21,125.42
60,3,0,1,5,94870,95919,96182,1097,1359,2409,591,591,591,0.00,0.00,0.00,0.00,0.00,0.00,0.00,0.00,0.00,0.00,0.00,0.00,0.00,0.00,0.00,0.00,0.00,0.00,0.00,0.00,0.00,76003,613805,1415209,89107,738729,1989155,0,0,0,0,0,0,0,128501,0,140.72,141.61,142.44
61,0,51,90,100,94866,94866,94866,2413,2413,2413,591,591,591,0.00,0.01,0.01,0.00,0.00,0.00,0.00,0.00,0.00,0.00,0.00,0.00,0.00,0.00,0.00,0.00,0.00,0.00,0.00,0.00,0.00,306654,511870,1153224,324988,653284,1166329,0,524,2620,0,524,2620,0,124856,0,138.12,138.43,138.70
61,1,100,100,100,94834,94834,94834,2445,2445,2445,591,591,591,0.00,0.01,0.01,0.00,0.00,0.00,0.00,0.00,0.00,0.00,0.00,0.00,0.00,0.00,0.00,0.00,0.00,0.00,0.00,0.00,0.00,291797,338797,487498,300533,480503,1145360,0,1048,5241,0,1048,2620,0,99399,0,124.03,124.29,124.55
61,2,96,99,100,94830,94830,94830,2449,2449,2449,591,591,591,0.01,0.01,0.01,0.00,0.00,0.00,0.00,0.00,0.00,0.00,0.00,0.00,0.00,0.00,0.00,0.00,0.00,0.00,0.00,0.00,0.00,306653,596010,1315722,319758,654720,1328827,0,1048,2621,0,1048,5241,0,113670,0,125.83,126.11,126.42
61,3,100,100,100,94870,94870,94870,2409,2409,2409,591,591,591,0.00,0.01,0.01,0.00,0.00,0.00,0.00,0.00,0.00,0.00,0.00,0.00,0.00,0.00,0.00,0.00,0.00,0.00,0.00,0.00,0.00,421974,493268,762715,435079,526817,875419,0,524,2620,0,524,2620,0,112477,0,140.40,141.38,142.15
62,0,100,100,100,94866,94866,94866,2413,2413,2413,591,591,591,0.01,0.01,0.01,0.00,0.00,0.00,0.00,0.00,0.00,0.00,0.00,0.00,0.00,0.00,0.00,0.00,0.00,0.00,0.00,0.00,0.00,298774,368240,576611,311896,370600,589716,0,1310,5241,0,0,0,0,110967,0,138.07,138.23,138.31
62,1,100,100,100,94834,94834,94834,2445,2445,2445,591,591,591,0.01,0.01,0.01,0.00,0.00,0.00,0.00,0.00,0.00,0.00,0.00,0.00,0.00,0.00,0.00,0.00,0.00,0.00,0.00,0.00,0.00,311892,414765,639510,322376,428525,655236,0,655,2620,0,1965,7862,0,99605,0,123.92,124.07,124.18
62,2,100,100,100,94830,94830,94830,2449,2449,2449,591,591,591,0.01,0.01,0.01,0.00,0.00,0.00,0.00,0.00,0.00,0.00,0.00,0.00,0.00,0.00,0.00,0.00,0.00,0.00,0.00,0.00,0.00,204080,373992,676175,214457,387655,689279,0,643,2574,0,1287,5148,0,75934,0,125.74,125.92,126.06
62,3,100,100,100,94870,94870,94870,2409,2409,2409,591,591,591,0.01,0.01,0.01,0.00,0.00,0.00,0.00,0.00,0.00,0.00,0.00,0.00,0.00,0.00,0.00,0.00,0.00,0.00,0.00,0.00,0.00,414111,439013,482263,427216,452773,495368,0,655,2620,0,0,0,0,112277,0,139.80,139.98,140.10
63,0,100,100,100,94866,94866,94866,2413,2413,2413,591,591,591,0.01,0.01,0.01,0.00,0.00,0.00,0.00,0.00,0.00,0.00,0.00,0.00,0.00,0.00,0.00,0.00,0.00,0.00,0.00,0.00,0.00,298785,322377,408867,314510,335307,415857,0,1048,5241,0,1572,5241,0,111055,0,138.30,138.44,138.52
63,1,100,100,100,94834,94834,94834,2445,2445,2445,591,591,591,0.01,0.01,0.01,0.00,0.00,0.00,0.00,0.00,0.00,0.00,0.00,0.00,0.00,0.00,0.00,0.00,0.00,0.00,0.00,0.00,0.00,294489,322606,399834,307293,336740,415935,0,2572,10243,0,2048,10243,0,99650,0,124.16,124.41,124.78
63,2,100,100,100,94830,94830,94830,2449,2449,2449,591,591,591,0.01,0.01,0.01,0.00,0.00,0.00,0.00,0.00,0.00,0.00,0.00,0.00,0.00,0.00,0.00,0.00,0.00,0.00,0.00,0.00,0.00,306652,396348,739113,319757,409501,752218,0,2096,10483,0,2096,10483,0,101495,0,126.11,126.44,126.72
63,3,100,100,100,94870,94870,94870,2409,2409,2409,591,591,591,0.01,0.01,0.01,0.00,0.00,0.00,0.00,0.00,0.00,0.00,0.00,0.00,0.00,0.00,0.00,0.00,0.00,0.00,0.00,0.00,0.00,414113,430356,479628,429813,444509,495353,0,1048,5241,0,1048,5241,0,112407,0,140.04,140.15,140.32
64,0,100,100,100,94360,94663,94866,2413,2602,2919,591,591,591,0.01,0.01,0.01,0.00,0.00,0.01,0.00,0.00,0.00,0.00,0.00,0.00,0.00,0.00,0.00,0.00,0.00,0.00,0.00,0.00,0.00,293531,404135,605372,309274,368241,524194,0,64973480,324867403,0,0,0,0,84566,0,138.18,138.76,140.72
64,1,24,84,100,94328,94644,94834,2445,2647,2951,591,591,591,0.01,0.01,0.03,0.00,0.00,0.00,0.00,0.00,0.00,0.00,0.00,0.00,0.00,0.00,0.00,0.00,0.00,0.00,0.00,0.00,0.00,298785,316598,361654,311890,338613,416689,0,58533014,292662450,0,70878016,354390080,0,89899,0,123.97,124.57,126.28
64,2,68,92,100,94324,94627,94830,2449,2651,2955,591,591,591,0.01,0.02,0.05,0.00,0.00,0.01,0.00,0.00,0.00,0.00,0.00,0.00,0.00,0.00,0.00,0.00,0.00,0.00,0.00,0.00,0.00,314516,471744,718018,327621,493758,752085,0,112090568,560319179,0,90622860,452978019,0,103208,0,125.91,126.49,128.26
64,3,93,98,100,94364,94667,94870,2409,2611,2915,591,591,591,0.01,0.01,0.01,0.00,0.00,0.02,0.00,0.00,0.00,0.00,0.00,0.00,0.00,0.00,0.00,0.00,0.00,0.00,0.00,0.00,0.00,429838,1161722,3603564,442943,1182563,3637002,0,119478881,597394408,0,122558226,612657473,0,100755,0,139.91,140.84,143.50
65,0,100,100,100,93848,93899,94104,3175,3379,3431,591,591,591,0.03,0.05,0.06,0.01,0.01,0.02,0.00,0.00,0.00,0.00,0.00,0.00,0.00,0.00,0.00,0.00,0.00,0.00,0.00,0.00,0.00,314462,496750,826328,332834,541149,855928,611858451,739289530,942764212,284475182,678385487,939449032,0,139793,0,144.01,150.02,154.77
65,1,100,100,100,93816,93867,94072,3207,3411,3463,591,591,591,0.04,0.05,0.06,0.01,0.01,0.02,0.00,0.00,0.00,0.00,0.00,0.00,0.00,0.00,0.00,0.00,0.00,0.00,0.00,0.00,0.00,225381,430844,589653,241106,451809,600136,648151387,691087016,740915140,629070682,683811825,733092057,0,112144,0,129.14,134.96,139.57
65,2,100,100,100,93812,93863,94068,3211,3415,3467,591,591,591,0.05,0.05,0.06,0.01,0.01,0.02,0.00,0.00,0.00,0.00,0.00,0.00,0.00,0.00,0.00,0.00,0.00,0.00,0.00,0.00,0.00,330217,533058,1176722,348561,556121,1197688,611452592,659897208,756591136,613846035,689994713,829155139,0,126516,0,131.09,136.24,140.21
65,3,100,100,100,93852,93903,94108,3171,3375,3427,591,591,591,0.05,0.05,0.06,0.01,0.01,0.02,0.00,0.00,0.00,0.00,0.00,0.00,0.00,0.00,0.00,0.00,0.00,0.00,0.00,0.00,0.00,448112,630801,795542,471697,653741,828583,629266797,692719834,772888143,560003129,681932595,837184982,0,125062,0,146.49,152.16,155.92
66,0,0,26,100,93654,93654,93654,3431,3586,3625,591,591,591,0.00,0.02,0.06,0.00,0.00,0.02,0.00,0.00,0.00,0.00,0.00,0.00,0.00,0.00,0.00,0.00,0.00,0.00,0.00,0.00,0.00,306652,356437,503205,327613,435839,605419,0,161767902,636045932,0,286771955,696339825,0,113167,0,143.56,149.73,154.72
66,1,0,20,100,93622,93660,93816,3657,3657,3657,591,591,591,0.00,0.01,0.06,0.00,0.01,0.02,0.00,0.00,0.00,0.00,0.00,0.00,0.00,0.00,0.00,0.00,0.00,0.00,0.00,0.00,0.00,305565,374635,578982,318404,409189,591848,0,159626353,666845094,0,159639977,685641496,0,101699,0,130.08,135.70,139.79
66,2,0,20,100,93618,93618,93618,3661,3661,3661,591,591,591,0.00,0.01,0.05,0.00,0.00,0.01,0.00,0.00,0.00,0.00,0.00,0.00,0.00,0.00,0.00,0.00,0.00,0.00,0.00,0.00,0.00,207300,434476,727608,217665,467484,741285,0,205249442,768114780,0,196548289,705892789,0,102741,0,130.05,136.28,140.19
66,3,0,29,100,93658,93658,93658,3621,3621,3621,591,591,591,0.00,0.02,0.06,0.00,0.00,0.02,0.00,0.00,0.00,0.00,0.00,0.00,0.00,0.00,0.00,0.00,0.00,0.00,0.00,0.00,0.00,424586,522608,799389,440311,556680,812493,0,161773275,669522359,0,172066477,633843642,0,115001,0,145.43,151.27,156.08
67,0,0,0,0,93654,93654,93654,3625,3625,3625,591,591,591,0.00,0.00,0.00,0.00,0.00,0.00,0.00,0.00,0.00,0.00,0.00,0.00,0.00,0.00,0.00,0.00,0.00,0.00,0.00,0.00,0.00,309269,469837,660441,322374,482943,676166,0,0,0,0,0,0,0,110489,0,137.80,138.55,140.37
67,1,0,0,0,93622,93622,93622,3657,3657,3657,591,591,591,0.00,0.00,0.00,0.00,0.00,0.00,0.00,0.00,0.00,0.00,0.00,0.00,0.00,0.00,0.00,0.00,0.00,0.00,0.00,0.00,0.00,311891,458136,951397,324992,471765,964501,0,0,0,0,0,0,0,111399,0,123.67,124.54,126.80
67,2,0,0,0,93618,93618,93618,3661,3661,3661,591,591,591,0.00,0.00,0.00,0.00,0.00,0.00,0.00,0.00,0.00,0.00,0.00,0.00,0.00,0.00,0.00,0.00,0.00,0.00,0.00,0.00,0.00,311893,388417,681442,327611,402046,694547,0,0,0,0,0,0,0,101121,0,126.13,126.50,127.18
67,3,0,0,0,93658,93658,93658,3621,3621,3621,591,591,591,0.00,0.00,0.00,0.00,0.00,0.00,0.00,0.00,0.00,0.00,0.00,0.00,0.00,0.00,0.00,0.00,0.00,0.00,0.00,0.00,0.00,421968,697687,1381210,435072,711316,1394315,0,0,0,0,0,0,0,125987,0,139.83,140.64,142.48
68,0,0,0,0,93654,93654,93654,3625,3625,3625,591,591,591,0.00,0.00,0.00,0.00,0.00,0.00,0.00,0.00,0.00,0.00,0.00,0.00,0.00,0.00,0.00,0.00,0.00,0.00,0.00,0.00,0.00,306649,393141,689310,322374,402576,705036,0,0,0,0,0,0,0,110443,0,137.75,137.77,137.79
68,1,0,0,0,93622,93622,93622,3657,3657,3657,591,591,591,0.00,0.00,0.00,0.00,0.00,0.00,0.00,0.00,0.00,0.00,0.00,0.00,0.00,0.00,0.00,0.00,0.00,0.00,0.00,0.00,0.00,309264,419865,702404,322372,434018,715509,0,0,0,0,0,0,0,98813,0,123.19,123.30,123.47
68,2,0,0,0,93618,93618,93618,3661,3661,3661,591,591,591,0.00,0.00,0.00,0.00,0.00,0.00,0.00,0.00,0.00,0.00,0.00,0.00,0.00,0.00,0.00,0.00,0.00,0.00,0.00,0.00,0.00,309270,389469,670950,322374,404146,686675,0,0,0,0,0,0,0,100922,0,125.82,125.89,126.00
68,3,0,0,0,93658,93658,93658,3621,3621,3621,591,591,591,0.00,0.00,0.00,0.00,0.00,0.00,0.00,0.00,0.00,0.00,0.00,0.00,0.00,0.00,0.00,0.00,0.00,0.00,0.00,0.00,0.00,421974,444311,517171,435079,457402,527654,0,0,0,0,0,0,0,111943,0,139.53,139.61,139.67
69,0,0,0,0,93654,93654,93654,3625,3625,3625,591,591,591,0.00,0.00,0.00,0.00,0.00,0.00,0.00,0.00,0.00,0.00,0.00,0.00,0.00,0.00,0.00,0.00,0.00,0.00,0.00,0.00,0.00,301412,492454,956659,314517,473582,972385,0,0,0,0,0,0,0,124128,0,137.50,137.58,137.69
69,1,0,0,0,93622,93622,93622,3657,3657,3657,591,591,591,0.00,0.00,0.00,0.00,0.00,0.00,0.00,0.00,0.00,0.00,0.00,0.00,0.00,0.00,0.00,0.00,0.00,0.00,0.00,0.00,0.00,317130,361469,410610,330235,373918,421094,0,0,0,0,0,0,0,98713,0,123.17,123.24,123.28
69,2,0,0,0,93618,93618,93618,3661,3661,3661,591,591,591,0.00,0.00,0.00,0.00,0.00,0.00,0.00,0.00,0.00,0.00,0.00,0.00,0.00,0.00,0.00,0.00,0.00,0.00,0.00,0.00,0.00,317132,655238,1315716,327616,668342,1331441,0,0,0,0,0,0,0,75657,0,125.93,125.95,125.99
69,3,0,0,0,93658,93658,93658,3621,3621,3621,591,591,591,0.00,0.00,0.00,0.00,0.00,0.00,0.00,0.00,0.00,0.00,0.00,0.00,0.00,0.00,0.00,0.00,0.00,0.00,0.00,0.00,0.00,416730,488950,684656,429835,502712,697526,0,0,0,0,0,0,0,111859,0,139.65,139.71,139.76
70,0,0,0,0,93654,93654,93654,3625,3625,3625,591,591,591,0.00,0.00,0.00,0.00,0.00,0.00,0.00,0.00,0.00,0.00,0.00,0.00,0.00,0.00,0.00,0.00,0.00,0.00,0.00,0.00,0.00,298787,420392,602808,311875,434545,615913,0,0,0,0,0,0,0,110301,0,137.54,137.54,137.56
70,1,0,0,0,93622,93622,93622,3657,3657,3657,591,591,591,0.00,0.00,0.00,0.00,0.00,0.00,0.00,0.00,0.00,0.00,0.00,0.00,0.00,0.00,0.00,0.00,0.00,0.00,0.00,0.00,0.00,301405,321706,395233,314512,335251,408149,0,0,0,0,0,0,0,74118,0,123.13,123.17,123.21
70,2,0,0,0,93618,93618,93618,3661,3661,3661,591,591,591,0.00,0.00,0.00,0.00,0.00,0.00,0.00,0.00,0.00,0.00,0.00,0.00,0.00,0.00,0.00,0.00,0.00,0.00,0.00,0.00,0.00,206123,369470,710531,216344,382524,723403,0,0,0,0,0,0,0,100838,0,125.76,125.82,125.91
70,3,0,0,0,93658,93658,93658,3621,3621,3621,591,591,591,0.00,0.00,0.00,0.00,0.00,0.00,0.00,0.00,0.00,0.00,0.00,0.00,0.00,0.00,0.00,0.00,0.00,0.00,0.00,0.00,0.00,416728,492206,786274,429833,505834,802000,0,0,0,0,0,0,0,111823,0,139.50,139.57,139.67
71,0,0,0,0,93654,93654,93654,3625,3625,3625,591,591,591,0.00,0.00,0.00,0.00,0.00,0.00,0.00,0.00,0.00,0.00,0.00,0.00,0.00,0.00,0.00,0.00,0.00,0.00,0.00,0.00,0.00,298790,362909,482242,311894,376189,497967,0,0,0,0,0,0,0,110388,0,137.53,137.55,137.58
71,1,0,0,0,93622,93622,93622,3657,3657,3657,591,591,591,0.00,0.00,0.00,0.00,0.00,0.00,0.00,0.00,0.00,0.00,0.00,0.00,0.00,0.00,0.00,0.00,0.00,0.00,0.00,0.00,0.00,301473,345446,453417,314812,359646,466522,0,0,0,0,0,0,0,111131,0,123.28,123.30,123.31
71,2,0,0,0,93618,93618,93618,3661,3661,3661,591,591,591,0.00,0.00,0.00,0.00,0.00,0.00,0.00,0.00,0.00,0.00,0.00,0.00,0.00,0.00,0.00,0.00,0.00,0.00,0.00,0.00,0.00,311891,387372,668327,327617,401525,681431,0,0,0,0,0,0,0,100913,0,125.73,125.77,125.81
71,3,0,0,0,93658,93658,93658,3621,3621,3621,591,591,591,0.00,0.00,0.00,0.00,0.00,0.00,0.00,0.00,0.00,0.00,0.00,0.00,0.00,0.00,0.00,0.00,0.00,0.00,0.00,0.00,0.00,419351,457091,592335,432456,471244,608060,0,0,0,0,0,0,0,97861,0,139.51,139.56,139.60
72,0,0,0,0,93654,93654,93654,3625,3625,3625,591,591,591,0.00,0.00,0.00,0.00,0.00,0.00,0.00,0.00,0.00,0.00,0.00,0.00,0.00,0.00,0.00,0.00,0.00,0.00,0.00,0.00,0.00,301406,354345,553021,314510,381340,568747,0,0,0,0,0,0,0,82674,0,137.59,137.60,137.61
72,1,0,0,0,93622,93622,93622,3657,3657,3657,591,591,591,0.00,0.00,0.00,0.00,0.00,0.00,0.00,0.00,0.00,0.00,0.00,0.00,0.00,0.00,0.00,0.00,0.00,0.00,0.00,0.00,0.00,304026,423015,587083,319752,437168,600188,0,0,0,0,0,0,0,98930,0,123.21,123.27,123.35
72,2,0,0,0,93618,93618,93618,3661,3661,3661,591,591,591,0.00,0.00,0.00,0.00,0.00,0.00,0.00,0.00,0.00,0.00,0.00,0.00,0.00,0.00,0.00,0.00,0.00,0.00,0.00,0.00,0.00,311868,389466,684065,327593,403095,697170,0,0,0,0,0,0,0,113525,0,125.77,125.82,125.86
72,3,0,0,0,93658,93658,93658,3621,3621,3621,591,591,591,0.00,0.00,0.00,0.00,0.00,0.00,0.00,0.00,0.00,0.00,0.00,0.00,0.00,0.00,0.00,0.00,0.00,0.00,0.00,0.00,0.00,419353,684587,1137484,432458,697692,1150589,0,0,0,0,0,0,0,111760,0,139.53,139.54,139.56
73,0,0,0,0,93654,93654,93654,3625,3625,3625,591,591,591,0.00,0.00,0.00,0.00,0.00,0.00,0.00,0.00,0.00,0.00,0.00,0.00,0.00,0.00,0.00,0.00,0.00,0.00,0.00,0.00,0.00,165120,438893,993448,180845,452358,1003743,0,0,0,0,0,0,0,124084,0,137.54,137.56,137.59
73,1,0,0,0,93622,93622,93622,3657,3657,3657,591,591,591,0.00,0.00,0.00,0.00,0.00,0.00,0.00,0.00,0.00,0.00,0.00,0.00,0.00,0.00,0.00,0.00,0.00,0.00,0.00,0.00,0.00,213167,341939,484868,223651,355043,497973,0,0,0,0,0,0,0,98847,0,123.31,123.34,123.38
73,2,0,0,0,93618,93618,93618,3661,3661,3661,591,591,591,0.00,0.00,0.00,0.00,0.00,0.00,0.00,0.00,0.00,0.00,0.00,0.00,0.00,0.00,0.00,0.00,0.00,0.00,0.00,0.00,0.00,311891,596522,1386471,327616,610675,1402197,0,0,0,0,0,0,0,101001,0,125.89,125.92,125.96
73,3,0,0,0,93658,93658,93658,3621,3621,3621,591,591,591,0.00,0.00,0.00,0.00,0.00,0.00,0.00,0.00,0.00,0.00,0.00,0.00,0.00,0.00,0.00,0.00,0.00,0.00,0.00,0.00,0.00,424567,457186,558418,437671,471339,571465,0,0,0,0,0,0,0,111608,0,139.39,139.49,139.62
74,0,0,0,0,93654,93654,93654,3625,3625,3625,591,591,591,0.00,0.00,0.00,0.00,0.00,0.00,0.00,0.00,0.00,0.00,0.00,0.00,0.00,0.00,0.00,0.00,0.00,0.00,0.00,0.00,0.00,301406,423600,663964,314512,365356,560739,0,0,0,0,0,0,0,110287,0,137.56,137.59,137.63
74,1,0,0,0,93622,93622,93622,3657,3657,3657,591,591,591,0.00,0.00,0.00,0.00,0.00,0.00,0.00,0.00,0.00,0.00,0.00,0.00,0.00,0.00,0.00,0.00,0.00,0.00,0.00,0.00,0.00,301405,376365,634267,314509,390518,647372,0,0,0,0,0,0,0,98758,0,123.28,123.34,123.38
74,2,0,0,0,93618,93618,93618,3661,3661,3661,591,591,591,0.00,0.00,0.00,0.00,0.00,0.00,0.00,0.00,0.00,0.00,0.00,0.00,0.00,0.00,0.00,0.00,0.00,0.00,0.00,0.00,0.00,306295,343178,478873,319164,356450,487517,0,0,0,0,0,0,0,100968,0,125.88,125.91,125.97
74,3,0,0,0,93658,93658,93658,3621,3621,3621,591,591,591,0.00,0.00,0.00,0.00,0.00,0.00,0.00,0.00,0.00,0.00,0.00,0.00,0.00,0.00,0.00,0.00,0.00,0.00,0.00,0.00,0.00,424582,455517,553019,437687,469146,563503,0,0,0,0,0,0,0,111668,0,139.33,139.36,139.38
75,0,0,0,0,93654,93654,93654,3625,3625,3625,591,591,591,0.00,0.00,0.00,0.00,0.00,0.00,0.00,0.00,0.00,0.00,0.00,0.00,0.00,0.00,0.00,0.00,0.00,0.00,0.00,0.00,0.00,296165,351726,563505,311890,438391,674448,0,0,0,0,0,0,0,110323,0,137.56,137.59,137.61
75,1,0,0,0,93622,93622,93622,3657,3657,3657,591,591,591,0.00,0.00,0.00,0.00,0.00,0.00,0.00,0.00,0.00,0.00,0.00,0.00,0.00,0.00,0.00,0.00,0.00,0.00,0.00,0.00,0.00,298729,319410,385276,311682,332997,395760,0,0,0,0,0,0,0,98900,0,123.24,123.27,123.33
75,2,0,0,0,93618,93618,93618,3661,3661,3661,591,591,591,0.00,0.00,0.00,0.00,0.00,0.00,0.00,0.00,0.00,0.00,0.00,0.00,0.00,0.00,0.00,0.00,0.00,0.00,0.00,0.00,0.00,314512,464429,712895,327616,478058,726000,0,0,0,0,0,0,0,100968,0,125.83,125.84,125.86
75,3,0,0,0,93658,93658,93658,3621,3621,3621,591,591,591,0.00,0.00,0.00,0.00,0.00,0.00,0.00,0.00,0.00,0.00,0.00,0.00,0.00,0.00,0.00,0.00,0.00,0.00,0.00,0.00,0.00,419349,476304,557361,432454,489409,568745,0,0,0,0,0,0,0,111770,0,139.30,139.38,139.50
76,0,0,0,0,93654,93654,93654,3625,3625,3625,591,591,591,0.00,0.00,0.00,0.00,0.00,0.00,0.00,0.00,0.00,0.00,0.00,0.00,0.00,0.00,0.00,0.00,0.00,0.00,0.00,0.00,0.00,298787,352777,529426,311891,361164,545151,0,0,0,0,0,0,0,110417,0,137.62,137.64,137.67
76,1,0,0,0,93622,93622,93622,3657,3657,3657,591,591,591,0.00,0.00,0.00,0.00,0.00,0.00,0.00,0.00,0.00,0.00,0.00,0.00,0.00,0.00,0.00,0.00,0.00,0.00,0.00,0.00,0.00,309269,544620,964491,319753,558249,980216,0,0,0,0,0,0,0,98878,0,123.33,123.43,123.48
76,2,0,0,0,93618,93618,93618,3661,3661,3661,591,591,591,0.00,0.00,0.00,0.00,0.00,0.00,0.00,0.00,0.00,0.00,0.00,0.00,0.00,0.00,0.00,0.00,0.00,0.00,0.00,0.00,0.00,314507,519993,1320956,330232,534671,1336682,0,0,0,0,0,0,0,113859,0,125.87,125.94,126.00
76,3,0,0,0,93658,93658,93658,3621,3621,3621,591,591,591,0.00,0.00,0.00,0.00,0.00,0.00,0.00,0.00,0.00,0.00,0.00,0.00,0.00,0.00,0.00,0.00,0.00,0.00,0.00,0.00,0.00,89111,663616,1237078,102216,677769,1250183,0,0,0,0,0,0,0,125776,0,139.46,139.49,139.56
77,0,0,0,0,93654,93654,93654,3625,3625,3625,591,591,591,0.00,0.00,0.00,0.00,0.00,0.00,0.00,0.00,0.00,0.00,0.00,0.00,0.00,0.00,0.00,0.00,0.00,0.00,0.00,0.00,0.00,304029,504164,961886,317134,481882,974991,0,0,0,0,0,0,0,124127,0,137.55,137.57,137.59
77,1,0,0,0,93622,93622,93622,3657,3657,3657,591,591,591,0.00,0.00,0.00,0.00,0.00,0.00,0.00,0.00,0.00,0.00,0.00,0.00,0.00,0.00,0.00,0.00,0.00,0.00,0.00,0.00,0.00,204430,302714,380031,214914,315819,393135,0,0,0,0,0,0,0,98833,0,123.43,123.45,123.51
77,2,0,0,0,93618,93618,93618,3661,3661,3661,591,591,591,0.00,0.00,0.00,0.00,0.00,0.00,0.00,0.00,0.00,0.00,0.00,0.00,0.00,0.00,0.00,0.00,0.00,0.00,0.00,0.00,0.00,309255,406896,668344,322376,420001,678828,0,0,0,0,0,0,0,75806,0,125.97,126.02,126.08
77,3,0,0,0,93658,93658,93658,3621,3621,3621,591,591,591,0.00,0.00,0.00,0.00,0.00,0.00,0.00,0.00,0.00,0.00,0.00,0.00,0.00,0.00,0.00,0.00,0.00,0.00,0.00,0.00,0.00,419351,423281,427212,432456,436386,440317,0,0,0,0,0,0,0,112611,0,139.51,139.74,140.00
78,0,0,0,0,93654,93654,93654,3625,3625,3625,591,591,591,0.00,0.00,0.00,0.00,0.00,0.00,0.00,0.00,0.00,0.00,0.00,0.00,0.00,0.00,0.00,0.00,0.00,0.00,0.00,0.00,0.00,293543,415148,594898,309268,429302,607775,0,0,0,0,0,0,0,110287,0,137.55,137.56,137.58
78,1,0,0,0,93622,93622,93622,3657,3657,3657,591,591,591,0.00,0.00,0.00,0.00,0.00,0.00,0.00,0.00,0.00,0.00,0.00,0.00,0.00,0.00,0.00,0.00,0.00,0.00,0.00,0.00,0.00,301388,394183,639500,317112,408336,652604,0,0,0,0,0,0,0,98713,0,123.18,123.23,123.31
78,2,0,0,0,93618,93618,93618,3661,3661,3661,591,591,591,0.00,0.00,0.00,0.00,0.00,0.00,0.00,0.00,0.00,0.00,0.00,0.00,0.00,0.00,0.00,0.00,0.00,0.00,0.00,0.00,0.00,206046,439567,694552,214703,453367,710278,0,0,0,0,0,0,0,100875,0,125.75,125.79,125.91
78,3,0,0,0,93658,93658,93658,3621,3621,3621,591,591,591,0.00,0.00,0.00,0.00,0.00,0.00,0.00,0.00,0.00,0.00,0.00,0.00,0.00,0.00,0.00,0.00,0.00,0.00,0.00,0.00,0.00,416196,451951,505839,429536,466094,518943,0,0,0,0,0,0,0,112486,0,140.14,140.20,140.25
79,0,0,0,0,93654,93654,93654,3625,3625,3625,591,591,591,0.00,0.00,0.00,0.00,0.00,0.00,0.00,0.00,0.00,0.00,0.00,0.00,0.00,0.00,0.00,0.00,0.00,0.00,0.00,0.00,0.00,298784,366927,513694,311889,379507,526798,0,0,0,0,0,0,0,110329,0,137.50,137.53,137.58
79,1,0,0,0,93622,93622,93622,3657,3657,3657,591,591,591,0.00,0.00,0.00,0.00,0.00,0.00,0.00,0.00,0.00,0.00,0.00,0.00,0.00,0.00,0.00,0.00,0.00,0.00,0.00,0.00,0.00,296166,325117,401000,314513,338708,414105,0,0,0,0,0,0,0,73976,0,123.17,123.19,123.22
79,2,0,0,0,93618,93618,93618,3661,3661,3661,591,591,591,0.00,0.00,0.00,0.00,0.00,0.00,0.00,0.00,0.00,0.00,0.00,0.00,0.00,0.00,0.00,0.00,0.00,0.00,0.00,0.00,0.00,314494,391040,694553,324998,404668,710279,0,0,0,0,0,0,0,100963,0,125.82,125.86,125.89
79,3,0,0,0,93658,93658,93658,3621,3621,3621,591,591,591,0.00,0.00,0.00,0.00,0.00,0.00,0.00,0.00,0.00,0.00,0.00,0.00,0.00,0.00,0.00,0.00,0.00,0.00,0.00,0.00,0.00,424587,463902,560873,437696,477007,571357,0,0,0,0,0,0,0,112522,0,140.11,140.12,140.14
80,0,0,0,0,93654,93654,93654,3625,3625,3625,591,591,591,0.00,0.00,0.00,0.00,0.00,0.00,0.00,0.00,0.00,0.00,0.00,0.00,0.00,0.00,0.00,0.00,0.00,0.00,0.00,0.00,0.00,296166,352772,563496,311873,366925,576600,0,0,0,0,0,0,0,82665,0,137.46,137.51,137.53
80,1,0,0,0,93622,93622,93622,3657,3657,3657,591,591,591,0.00,0.00,0.00,0.00,0.00,0.00,0.00,0.00,0.00,0.00,0.00,0.00,0.00,0.00,0.00,0.00,0.00,0.00,0.00,0.00,0.00,296073,416755,665710,311520,430900,681435,0,0,0,0,0,0,0,111075,0,123.12,123.15,123.19
80,2,0,0,0,93618,93618,93618,3661,3661,3661,591,591,591,0.00,0.00,0.00,0.00,0.00,0.00,0.00,0.00,0.00,0.00,0.00,0.00,0.00,0.00,0.00,0.00,0.00,0.00,0.00,0.00,0.00,317134,597567,1457208,330239,611196,1472934,0,0,0,0,0,0,0,113711,0,125.89,125.94,125.97
80,3,0,0,0,93658,93658,93658,3621,3621,3621,591,591,591,0.00,0.00,0.00,0.00,0.00,0.00,0.00,0.00,0.00,0.00,0.00,0.00,0.00,0.00,0.00,0.00,0.00,0.00,0.00,0.00,0.00,175592,565071,1100798,191317,579224,1113903,0,0,0,0,0,0,0,98444,0,140.05,140.12,140.20
81,0,0,0,0,93654,93654,93654,3625,3625,3625,591,591,591,0.00,0.00,0.00,0.00,0.00,0.00,0.00,0.00,0.00,0.00,0.00,0.00,0.00,0.00,0.00,0.00,0.00,0.00,0.00,0.00,0.00,170361,444504,1003794,183466,458657,1016898,0,0,0,0,0,0,0,124046,0,137.53,137.53,137.53
81,1,0,0,0,93622,93622,93622,3657,3657,3657,591,591,591,0.00,0.00,0.00,0.00,0.00,0.00,0.00,0.00,0.00,0.00,0.00,0.00,0.00,0.00,0.00,0.00,0.00,0.00,0.00,0.00,0.00,306647,387889,497973,319752,401169,506710,0,0,0,0,0,0,0,98867,0,123.26,123.33,123.37
81,2,0,0,0,93618,93618,93618,3661,3661,3661,591,591,591,0.00,0.00,0.00,0.00,0.00,0.00,0.00,0.00,0.00,0.00,0.00,0.00,0.00,0.00,0.00,0.00,0.00,0.00,0.00,0.00,0.00,309270,391568,712901,322375,405721,726006,0,0,0,0,0,0,0,100977,0,125.87,125.91,125.94
81,3,0,0,0,93658,93658,93658,3621,3621,3621,591,591,591,0.00,0.00,0.00,0.00,0.00,0.00,0.00,0.00,0.00,0.00,0.00,0.00,0.00,0.00,0.00,0.00,0.00,0.00,0.00,0.00,0.00,421975,517373,885877,437697,531526,898982,0,0,0,0,0,0,0,112562,0,140.18,140.21,140.24
82,0,0,0,0,93654,93654,93654,3625,3625,3625,591,591,591,0.00,0.00,0.00,0.00,0.00,0.00,0.00,0.00,0.00,0.00,0.00,0.00,0.00,0.00,0.00,0.00,0.00,0.00,0.00,0.00,0.00,293397,408321,609801,306734,421394,620285,0,0,0,0,0,0,0,110259,0,137.44,137.47,137.50
82,1,0,0,0,93622,93622,93622,3657,3657,3657,591,591,591,0.00,0.00,0.00,0.00,0.00,0.00,0.00,0.00,0.00,0.00,0.00,0.00,0.00,0.00,0.00,0.00,0.00,0.00,0.00,0.00,0.00,311890,400476,644749,324994,414105,655233,0,0,0,0,0,0,0,98824,0,123.24,123.25,123.28
82,2,0,0,0,93618,93618,93618,3661,3661,3661,591,591,591,0.00,0.00,0.00,0.00,0.00,0.00,0.00,0.00,0.00,0.00,0.00,0.00,0.00,0.00,0.00,0.00,0.00,0.00,0.00,0.00,0.00,207343,362043,676346,217710,374629,692709,0,0,0,0,0,0,0,100945,0,125.91,125.95,125.97
82,3,0,0,0,93658,93658,93658,3621,3621,3621,591,591,591,0.00,0.00,0.00,0.00,0.00,0.00,0.00,0.00,0.00,0.00,0.00,0.00,0.00,0.00,0.00,0.00,0.00,0.00,0.00,0.00,0.00,409503,470544,579220,424956,484122,592325,0,0,0,0,0,0,0,112588,0,140.20,140.23,140.27
83,0,0,0,0,93654,93654,93654,3625,3625,3625,591,591,591,0.00,0.00,0.00,0.00,0.00,0.00,0.00,0.00,0.00,0.00,0.00,0.00,0.00,0.00,0.00,0.00,0.00,0.00,0.00,0.00,0.00,301409,343342,490115,314514,356971,505841,0,0,0,0,0,0,0,110181,0,137.34,137.38,137.48
83,1,0,0,0,93622,93622,93622,3657,3657,3657,591,591,591,0.00,0.00,0.00,0.00,0.00,0.00,0.00,0.00,0.00,0.00,0.00,0.00,0.00,0.00,0.00,0.00,0.00,0.00,0.00,0.00,0.00,298788,320273,380037,311893,333901,395762,0,0,0,0,0,0,0,98809,0,123.20,123.22,123.23
83,2,0,0,0,93618,93618,93618,3661,3661,3661,591,591,591,0.00,0.00,0.00,0.00,0.00,0.00,0.00,0.00,0.00,0.00,0.00,0.00,0.00,0.00,0.00,0.00,0.00,0.00,0.00,0.00,0.00,311887,396285,689309,324997,410438,705035,0,0,0,0,0,0,0,113444,0,125.83,125.86,125.91
83,3,0,0,0,93658,93658,93658,3621,3621,3621,591,591,591,0.00,0.00,0.00,0.00,0.00,0.00,0.00,0.00,0.00,0.00,0.00,0.00,0.00,0.00,0.00,0.00,0.00,0.00,0.00,0.00,0.00,421964,470887,580071,435078,483991,590555,0,0,0,0,0,0,0,112743,0,140.23,140.25,140.29
84,0,0,0,0,93654,93654,93654,3625,3625,3625,591,591,591,0.00,0.00,0.00,0.00,0.00,0.00,0.00,0.00,0.00,0.00,0.00,0.00,0.00,0.00,0.00,0.00,0.00,0.00,0.00,0.00,0.00,296167,370206,584466,311893,384621,597570,0,0,0,0,0,0,0,110156,0,137.36,137.40,137.43
84,1,0,0,0,93622,93622,93622,3657,3657,3657,591,591,591,0.00,0.00,0.00,0.00,0.00,0.00,0.00,0.00,0.00,0.00,0.00,0.00,0.00,0.00,0.00,0.00,0.00,0.00,0.00,0.00,0.00,304027,335731,421968,319753,350102,437694,0,0,0,0,0,0,0,111164,0,123.26,123.29,123.32
84,2,0,0,0,93618,93618,93618,3661,3661,3661,591,591,591,0.00,0.00,0.00,0.00,0.00,0.00,0.00,0.00,0.00,0.00,0.00,0.00,0.00,0.00,0.00,0.00,0.00,0.00,0.00,0.00,0.00,311891,657857,1339307,327617,672272,1355033,0,0,0,0,0,0,0,75655,0,125.73,125.75,125.76
84,3,0,0,0,93658,93658,93658,3621,3621,3621,591,591,591,0.00,0.00,0.00,0.00,0.00,0.00,0.00,0.00,0.00,0.00,0.00,0.00,0.00,0.00,0.00,0.00,0.00,0.00,0.00,0.00,0.00,89111,408867,684069,99595,421972,697173,0,0,0,0,0,0,0,126694,0,140.24,140.28,140.32
85,0,0,0,0,93654,93654,93654,3625,3625,3625,591,591,591,0.00,0.00,0.00,0.00,0.00,0.00,0.00,0.00,0.00,0.00,0.00,0.00,0.00,0.00,0.00,0.00,0.00,0.00,0.00,0.00,0.00,178223,437691,969741,193948,451320,982846,0,0,0,0,0,0,0,123923,0,137.41,137.45,137.48
85,1,0,0,0,93622,93622,93622,3657,3657,3657,591,591,591,0.00,0.00,0.00,0.00,0.00,0.00,0.00,0.00,0.00,0.00,0.00,0.00,0.00,0.00,0.00,0.00,0.00,0.00,0.00,0.00,0.00,306647,386845,644743,317131,399426,655227,0,0,0,0,0,0,0,98747,0,123.14,123.18,123.23
85,2,0,0,0,93618,93618,93618,3661,3661,3661,591,591,591,0.00,0.00,0.00,0.00,0.00,0.00,0.00,0.00,0.00,0.00,0.00,0.00,0.00,0.00,0.00,0.00,0.00,0.00,0.00,0.00,0.00,311893,392613,705034,324998,406242,720759,0,0,0,0,0,0,0,100867,0,125.79,125.81,125.83
85,3,0,0,0,93658,93658,93658,3621,3621,3621,591,591,591,0.00,0.00,0.00,0.00,0.00,0.00,0.00,0.00,0.00,0.00,0.00,0.00,0.00,0.00,0.00,0.00,0.00,0.00,0.00,0.00,0.00,419351,668330,1368110,432456,682483,1383836,0,0,0,0,0,0,0,112797,0,140.30,140.34,140.38
86,0,0,0,0,93654,93654,93654,3625,3625,3625,591,591,591,0.00,0.00,0.00,0.00,0.00,0.00,0.00,0.00,0.00,0.00,0.00,0.00,0.00,0.00,0.00,0.00,0.00,0.00,0.00,0.00,0.00,299706,415485,595702,312624,428531,606308,0,0,0,0,0,0,0,110237,0,137.37,137.43,137.49
86,1,0,0,0,93622,93622,93622,3657,3657,3657,591,591,591,0.00,0.00,0.00,0.00,0.00,0.00,0.00,0.00,0.00,0.00,0.00,0.00,0.00,0.00,0.00,0.00,0.00,0.00,0.00,0.00,0.00,314509,426680,621158,330235,440834,634263,0,0,0,0,0,0,0,98795,0,123.21,123.26,123.31
86,2,0,0,0,93618,93618,93618,3661,3661,3661,591,591,591,0.00,0.00,0.00,0.00,0.00,0.00,0.00,0.00,0.00,0.00,0.00,0.00,0.00,0.00,0.00,0.00,0.00,0.00,0.00,0.00,0.00,203036,361160,663913,211567,374410,676780,0,0,0,0,0,0,0,100982,0,125.75,125.84,125.91
86,3,0,0,0,93658,93658,93658,3621,3621,3621,591,591,591,0.00,0.00,0.00,0.00,0.00,0.00,0.00,0.00,0.00,0.00,0.00,0.00,0.00,0.00,0.00,0.00,0.00,0.00,0.00,0.00,0.00,418929,439186,495357,431859,453305,508462,0,0,0,0,0,0,0,112664,0,140.39,140.45,140.50
87,0,0,0,0,93654,93654,93654,3625,3625,3625,591,591,591,0.00,0.00,0.00,0.00,0.00,0.00,0.00,0.00,0.00,0.00,0.00,0.00,0.00,0.00,0.00,0.00,0.00,0.00,0.00,0.00,0.00,298785,348580,518944,314510,362209,532049,0,0,0,0,0,0,0,110217,0,137.48,137.50,137.54
87,1,0,0,0,93622,93622,93622,3657,3657,3657,591,591,591,0.00,0.00,0.00,0.00,0.00,0.00,0.00,0.00,0.00,0.00,0.00,0.00,0.00,0.00,0.00,0.00,0.00,0.00,0.00,0.00,0.00,301408,325518,374793,314513,339672,390519,0,0,0,0,0,0,0,98799,0,123.22,123.25,123.29
87,2,0,0,0,93618,93618,93618,3661,3661,3661,591,591,591,0.00,0.00,0.00,0.00,0.00,0.00,0.00,0.00,0.00,0.00,0.00,0.00,0.00,0.00,0.00,0.00,0.00,0.00,0.00,0.00,0.00,314511,604383,1318329,327616,618012,1331433,0,0,0,0,0,0,0,113457,0,125.76,125.86,125.95
87,3,0,0,0,93658,93658,93658,3621,3621,3621,591,591,591,0.00,0.00,0.00,0.00,0.00,0.00,0.00,0.00,0.00,0.00,0.00,0.00,0.00,0.00,0.00,0.00,0.00,0.00,0.00,0.00,0.00,421970,482076,636003,435075,495180,646486,0,0,0,0,0,0,0,112673,0,140.32,140.35,140.39
88,0,0,0,0,93654,93654,93654,3625,3625,3625,591,591,591,0.00,0.00,0.00,0.00,0.00,0.00,0.00,0.00,0.00,0.00,0.00,0.00,0.00,0.00,0.00,0.00,0.00,0.00,0.00,0.00,0.00,298785,355920,573974,314510,370073,589699,0,0,0,0,0,0,0,82751,0,137.45,137.48,137.53
88,1,0,0,0,93622,93622,93622,3657,3657,3657,591,591,591,0.00,0.00,0.00,0.00,0.00,0.00,0.00,0.00,0.00,0.00,0.00,0.00,0.00,0.00,0.00,0.00,0.00,0.00,0.00,0.00,0.00,297392,310911,322372,310210,323608,335476,0,0,0,0,0,0,0,86403,0,123.20,123.23,123.27
88,2,0,0,0,93618,93618,93618,3661,3661,3661,591,591,591,0.00,0.00,0.00,0.00,0.00,0.00,0.00,0.00,0.00,0.00,0.00,0.00,0.00,0.00,0.00,0.00,0.00,0.00,0.00,0.00,0.00,311892,385275,652612,324997,399429,663096,0,0,0,0,0,0,0,100782,0,125.63,125.68,125.72
88,3,0,0,0,93658,93658,93658,3621,3621,3621,591,591,591,0.00,0.00,0.00,0.00,0.00,0.00,0.00,0.00,0.00,0.00,0.00,0.00,0.00,0.00,0.00,0.00,0.00,0.00,0.00,0.00,0.00,152015,430875,694546,167741,445028,707650,0,0,0,0,0,0,0,98414,0,140.11,140.21,140.32
89,0,0,0,0,93654,93654,93654,3625,3625,3625,591,591,591,0.00,0.00,0.00,0.00,0.00,0.00,0.00,0.00,0.00,0.00,0.00,0.00,0.00,0.00,0.00,0.00,0.00,0.00,0.00,0.00,0.00,172977,438745,977613,188702,452898,993338,0,0,0,0,0,0,0,124004,0,137.55,137.56,137.56
89,1,0,0,0,93622,93622,93622,3657,3657,3657,591,591,591,0.00,0.00,0.00,0.00,0.00,0.00,0.00,0.00,0.00,0.00,0.00,0.00,0.00,0.00,0.00,0.00,0.00,0.00,0.00,0.00,0.00,304027,451844,901596,317132,465997,917321,0,0,0,0,0,0,0,98630,0,123.09,123.17,123.21
89,2,0,0,0,93618,93618,93618,3661,3661,3661,591,591,591,0.00,0.00,0.00,0.00,0.00,0.00,0.00,0.00,0.00,0.00,0.00,0.00,0.00,0.00,0.00,0.00,0.00,0.00,0.00,0.00,0.00,311893,414421,694551,324997,427504,707655,0,0,0,0,0,0,0,100846,0,125.68,125.71,125.76
89,3,0,0,0,93658,93658,93658,3621,3621,3621,591,591,591,0.00,0.00,0.00,0.00,0.00,0.00,0.00,0.00,0.00,0.00,0.00,0.00,0.00,0.00,0.00,0.00,0.00,0.00,0.00,0.00,0.00,427210,658378,1158450,440314,672007,1171554,0,0,0,0,0,0,0,112386,0,140.13,140.15,140.17
90,0,0,0,0,93654,93654,93654,3625,3625,3625,591,591,591,0.00,0.00,0.00,0.00,0.00,0.00,0.00,0.00,0.00,0.00,0.00,0.00,0.00,0.00,0.00,0.00,0.00,0.00,0.00,0.00,0.00,299727,429644,576499,312646,442012,589601,0,0,0,0,0,0,0,110244,0,137.50,137.53,137.54
90,1,0,0,0,93622,93622,93622,3657,3657,3657,591,591,591,0.00,0.00,0.00,0.00,0.00,0.00,0.00,0.00,0.00,0.00,0.00,0.00,0.00,0.00,0.00,0.00,0.00,0.00,0.00,0.00,0.00,319746,425637,592327,332850,439266,602810,0,0,0,0,0,0,0,98883,0,123.15,123.25,123.39
90,2,0,0,0,93618,93618,93618,3661,3661,3661,591,591,591,0.00,0.00,0.00,0.00,0.00,0.00,0.00,0.00,0.00,0.00,0.00,0.00,0.00,0.00,0.00,0.00,0.00,0.00,0.00,0.00,0.00,313732,388975,676204,324018,403150,689309,0,0,0,0,0,0,0,100854,0,125.71,125.75,125.78
90,3,0,0,0,93658,93658,93658,3621,3621,3621,591,591,591,0.00,0.00,0.00,0.00,0.00,0.00,0.00,0.00,0.00,0.00,0.00,0.00,0.00,0.00,0.00,0.00,0.00,0.00,0.00,0.00,0.00,424590,496750,567857,440316,510029,576594,0,0,0,0,0,0,0,112512,0,140.14,140.17,140.18
91,0,0,0,0,93654,93654,93654,3625,3625,3625,591,591,591,0.00,0.00,0.00,0.00,0.00,0.00,0.00,0.00,0.00,0.00,0.00,0.00,0.00,0.00,0.00,0.00,0.00,0.00,0.00,0.00,0.00,301408,351729,529430,314512,365882,542535,0,0,0,0,0,0,0,110319,0,137.49,137.52,137.56
91,1,0,0,0,93622,93622,93622,3657,3657,3657,591,591,591,0.00,0.00,0.00,0.00,0.00,0.00,0.00,0.00,0.00,0.00,0.00,0.00,0.00,0.00,0.00,0.00,0.00,0.00,0.00,0.00,0.00,298787,326038,385274,314513,340191,395758,0,0,0,0,0,0,0,98737,0,123.18,123.26,123.33
91,2,0,0,0,93618,93618,93618,3661,3661,3661,591,591,591,0.00,0.00,0.00,0.00,0.00,0.00,0.00,0.00,0.00,0.00,0.00,0.00,0.00,0.00,0.00,0.00,0.00,0.00,0.00,0.00,0.00,314513,592858,1323581,327618,606487,1339307,0,0,0,0,0,0,0,113581,0,125.84,125.91,125.97
91,3,0,0,0,93658,93658,93658,3621,3621,3621,591,591,591,0.00,0.00,0.00,0.00,0.00,0.00,0.00,0.00,0.00,0.00,0.00,0.00,0.00,0.00,0.00,0.00,0.00,0.00,0.00,0.00,0.00,421969,438218,484866,435073,451847,497971,0,0,0,0,0,0,0,112639,0,140.08,140.15,140.19
92,0,0,0,0,93654,93654,93654,3625,3625,3625,591,591,591,0.00,0.00,0.00,0.00,0.00,0.00,0.00,0.00,0.00,0.00,0.00,0.00,0.00,0.00,0.00,0.00,0.00,0.00,0.00,0.00,0.00,301405,368233,566090,314510,381993,581815,0,0,0,0,0,0,0,110218,0,137.56,137.58,137.63
92,1,0,0,0,93622,93622,93622,3657,3657,3657,591,591,591,0.00,0.00,0.00,0.00,0.00,0.00,0.00,0.00,0.00,0.00,0.00,0.00,0.00,0.00,0.00,0.00,0.00,0.00,0.00,0.00,0.00,306643,361250,421972,322368,374573,437698,0,0,0,0,0,0,0,111169,0,123.21,123.27,123.34
92,2,0,0,0,93618,93618,93618,3661,3661,3661,591,591,591,0.00,0.00,0.00,0.00,0.00,0.00,0.00,0.00,0.00,0.00,0.00,0.00,0.00,0.00,0.00,0.00,0.00,0.00,0.00,0.00,0.00,309270,413448,712894,322375,427208,725999,0,0,0,0,0,0,0,75779,0,125.87,125.88,125.89
92,3,0,0,0,93658,93658,93658,3621,3621,3621,591,591,591,0.00,0.00,0.00,0.00,0.00,0.00,0.00,0.00,0.00,0.00,0.00,0.00,0.00,0.00,0.00,0.00,0.00,0.00,0.00,0.00,0.00,411483,486839,681447,427209,500599,694552,0,0,0,0,0,0,0,126522,0,140.24,140.25,140.28
93,0,0,0,0,93654,93654,93654,3625,3625,3625,591,591,591,0.00,0.00,0.00,0.00,0.00,0.00,0.00,0.00,0.00,0.00,0.00,0.00,0.00,0.00,0.00,0.00,0.00,0.00,0.00,0.00,0.00,167738,302977,435072,180842,316606,450798,0,0,0,0,0,0,0,123659,0,136.99,137.19,137.41
93,1,0,0,0,93622,93622,93622,3657,3657,3657,591,591,591,0.00,0.00,0.00,0.00,0.00,0.00,0.00,0.00,0.00,0.00,0.00,0.00,0.00,0.00,0.00,0.00,0.00,0.00,0.00,0.00,0.00,91731,410431,752206,104836,424060,765311,0,0,0,0,0,0,0,98687,0,123.21,123.30,123.34
93,2,0,0,0,93618,93618,93618,3661,3661,3661,591,591,591,0.00,0.00,0.00,0.00,0.00,0.00,0.00,0.00,0.00,0.00,0.00,0.00,0.00,0.00,0.00,0.00,0.00,0.00,0.00,0.00,0.00,209160,365255,670962,216075,378171,686688,0,0,0,0,0,0,0,100919,0,125.83,125.87,125.92
93,3,0,0,0,93658,93658,93658,3621,3621,3621,591,591,591,0.00,0.00,0.00,0.00,0.00,0.00,0.00,0.00,0.00,0.00,0.00,0.00,0.00,0.00,0.00,0.00,0.00,0.00,0.00,0.00,0.00,78626,600180,1242243,94351,613808,1255347,0,0,0,0,0,0,0,112549,0,140.11,140.18,140.24
94,0,0,0,0,93654,93654,93654,3625,3625,3625,591,591,591,0.00,0.00,0.00,0.00,0.00,0.00,0.00,0.00,0.00,0.00,0.00,0.00,0.00,0.00,0.00,0.00,0.00,0.00,0.00,0.00,0.00,298785,491512,961884,311890,504791,977609,0,0,0,0,0,0,0,109793,0,136.96,137.04,137.09
94,1,0,0,0,93622,93622,93622,3657,3657,3657,591,591,591,0.00,0.00,0.00,0.00,0.00,0.00,0.00,0.00,0.00,0.00,0.00,0.00,0.00,0.00,0.00,0.00,0.00,0.00,0.00,0.00,0.00,306648,370073,487492,319753,384226,503218,0,0,0,0,0,0,0,98691,0,123.09,123.16,123.23
94,2,0,0,0,93618,93618,93618,3661,3661,3661,591,591,591,0.00,0.00,0.00,0.00,0.00,0.00,0.00,0.00,0.00,0.00,0.00,0.00,0.00,0.00,0.00,0.00,0.00,0.00,0.00,0.00,0.00,307057,388937,678809,320407,403082,691913,0,0,0,0,0,0,0,100850,0,125.74,125.78,125.81
94,3,0,0,0,93658,93658,93658,3621,3621,3621,591,591,591,0.00,0.00,0.00,0.00,0.00,0.00,0.00,0.00,0.00,0.00,0.00,0.00,0.00,0.00,0.00,0.00,0.00,0.00,0.00,0.00,0.00,421970,465476,629033,435075,478931,641264,0,0,0,0,0,0,0,112480,0,140.20,140.27,140.35
95,0,0,0,0,93654,93654,93654,3625,3625,3625,591,591,591,0.00,0.00,0.00,0.00,0.00,0.00,0.00,0.00,0.00,0.00,0.00,0.00,0.00,0.00,0.00,0.00,0.00,0.00,0.00,0.00,0.00,311859,444290,657102,324962,458345,669738,0,0,0,0,0,0,0,109970,0,136.97,137.05,137.12
95,1,0,0,0,93622,93622,93622,3657,3657,3657,591,591,591,0.00,0.00,0.00,0.00,0.00,0.00,0.00,0.00,0.00,0.00,0.00,0.00,0.00,0.00,0.00,0.00,0.00,0.00,0.00,0.00,0.00,301403,365881,592334,314511,379510,605439,0,0,0,0,0,0,0,98796,0,123.12,123.21,123.28
95,2,0,0,0,93618,93618,93618,3661,3661,3661,591,591,591,0.00,0.00,0.00,0.00,0.00,0.00,0.00,0.00,0.00,0.00,0.00,0.00,0.00,0.00,0.00,0.00,0.00,0.00,0.00,0.00,0.00,311891,588136,1368130,327616,602289,1383855,0,0,0,0,0,0,0,100799,0,125.67,125.70,125.76
95,3,0,0,0,93658,93658,93658,3621,3621,3621,591,591,591,0.00,0.00,0.00,0.00,0.00,0.00,0.00,0.00,0.00,0.00,0.00,0.00,0.00,0.00,0.00,0.00,0.00,0.00,0.00,0.00,0.00,421945,503738,649993,435049,517890,665718,0,0,0,0,0,0,0,112459,0,140.09,140.11,140.13
96,0,0,0,0,93654,93654,93654,3625,3625,3625,591,591,591,0.00,0.00,0.00,0.00,0.00,0.00,0.00,0.00,0.00,0.00,0.00,0.00,0.00,0.00,0.00,0.00,0.00,0.00,0.00,0.00,0.00,296165,340721,505842,309270,353825,516326,0,0,0,0,0,0,0,82504,0,136.97,137.04,137.09
96,1,0,0,0,93622,93622,93622,3657,3657,3657,591,591,591,0.00,0.00,0.00,0.00,0.00,0.00,0.00,0.00,0.00,0.00,0.00,0.00,0.00,0.00,0.00,0.00,0.00,0.00,0.00,0.00,0.00,243743,391911,610673,259469,405540,623777,0,0,0,0,0,0,0,86385,0,123.22,123.24,123.26
96,2,0,0,0,93618,93618,93618,3661,3661,3661,591,591,591,0.00,0.00,0.00,0.00,0.00,0.00,0.00,0.00,0.00,0.00,0.00,0.00,0.00,0.00,0.00,0.00,0.00,0.00,0.00,0.00,0.00,309271,399428,725987,324997,413057,736471,0,0,0,0,0,0,0,100957,0,125.70,125.82,125.88
96,3,0,0,0,93658,93658,93658,3621,3621,3621,591,591,591,0.00,0.00,0.00,0.00,0.00,0.00,0.00,0.00,0.00,0.00,0.00,0.00,0.00,0.00,0.00,0.00,0.00,0.00,0.00,0.00,0.00,146773,449228,786282,159878,462856,799387,0,0,0,0,0,0,0,98410,0,140.17,140.21,140.25
97,0,0,0,0,93654,93654,93654,3625,3625,3625,591,591,591,0.00,0.00,0.00,0.00,0.00,0.00,0.00,0.00,0.00,0.00,0.00,0.00,0.00,0.00,0.00,0.00,0.00,0.00,0.00,0.00,0.00,298786,374269,505838,311894,388423,518943,0,0,0,0,0,0,0,123637,0,137.00,137.04,137.14
97,1,0,0,0,93622,93622,93622,3657,3657,3657,591,591,591,0.00,0.00,0.00,0.00,0.00,0.00,0.00,0.00,0.00,0.00,0.00,0.00,0.00,0.00,0.00,0.00,0.00,0.00,0.00,0.00,0.00,141529,387893,801992,152013,400998,817717,0,0,0,0,0,0,0,98756,0,123.18,123.20,123.25
97,2,0,0,0,93618,93618,93618,3661,3661,3661,591,591,591,0.00,0.00,0.00,0.00,0.00,0.00,0.00,0.00,0.00,0.00,0.00,0.00,0.00,0.00,0.00,0.00,0.00,0.00,0.00,0.00,0.00,205988,355237,642132,216374,368216,655237,0,0,0,0,0,0,0,100912,0,125.84,125.89,125.94
97,3,0,0,0,93658,93658,93658,3621,3621,3621,591,591,591,0.00,0.00,0.00,0.00,0.00,0.00,0.00,0.00,0.00,0.00,0.00,0.00,0.00,0.00,0.00,0.00,0.00,0.00,0.00,0.00,0.00,421970,605433,1126991,435074,619062,1140095,0,0,0,0,0,0,0,112406,0,140.06,140.16,140.23
98,0,0,0,0,93654,93654,93654,3625,3625,3625,591,591,591,0.00,0.00,0.00,0.00,0.00,0.00,0.00,0.00,0.00,0.00,0.00,0.00,0.00,0.00,0.00,0.00,0.00,0.00,0.00,0.00,0.00,301405,405196,605433,314510,418301,618538,0,0,0,0,0,0,0,109903,0,137.13,137.15,137.18
98,1,0,0,0,93622,93622,93622,3657,3657,3657,591,591,591,0.00,0.00,0.00,0.00,0.00,0.00,0.00,0.00,0.00,0.00,0.00,0.00,0.00,0.00,0.00,0.00,0.00,0.00,0.00,0.00,0.00,311889,367972,479623,324994,382125,495348,0,0,0,0,0,0,0,98815,0,123.15,123.20,123.25
98,2,0,0,0,93618,93618,93618,3661,3661,3661,591,591,591,0.00,0.00,0.00,0.00,0.00,0.00,0.00,0.00,0.00,0.00,0.00,0.00,0.00,0.00,0.00,0.00,0.00,0.00,0.00,0.00,0.00,306651,605810,1341917,322377,620079,1355022,0,0,0,0,0,0,0,113403,0,125.64,125.69,125.72
98,3,0,0,0,93658,93658,93658,3621,3621,3621,591,591,591,0.00,0.00,0.00,0.00,0.00,0.00,0.00,0.00,0.00,0.00,0.00,0.00,0.00,0.00,0.00,0.00,0.00,0.00,0.00,0.00,0.00,421968,472639,641235,435073,486268,651718,0,0,0,0,0,0,0,112381,0,139.87,139.93,139.96
99,0,0,0,0,93654,93654,93654,3625,3625,3625,591,591,591,0.00,0.00,0.00,0.00,0.00,0.00,0.00,0.00,0.00,0.00,0.00,0.00,0.00,0.00,0.00,0.00,0.00,0.00,0.00,0.00,0.00,307243,407698,699797,322347,421400,712902,0,0,0,0,0,0,0,109877,0,137.10,137.13,137.17
99,1,0,0,0,93622,93622,93622,3657,3657,3657,591,591,591,0.00,0.00,0.00,0.00,0.00,0.00,0.00,0.00,0.00,0.00,0.00,0.00,0.00,0.00,0.00,0.00,0.00,0.00,0.00,0.00,0.00,304026,391172,610676,317132,405587,623781,0,0,0,0,0,0,0,98696,0,123.14,123.24,123.33
99,2,0,0,0,93618,93618,93618,3661,3661,3661,591,591,591,0.00,0.00,0.00,0.00,0.00,0.00,0.00,0.00,0.00,0.00,0.00,0.00,0.00,0.00,0.00,0.00,0.00,0.00,0.00,0.00,0.00,311892,398383,647375,324997,412143,663101,0,0,0,0,0,0,0,75573,0,125.65,125.67,125.68
99,3,0,0,0,93658,93658,93658,3621,3621,3621,591,591,591,0.00,0.00,0.00,0.00,0.00,0.00,0.00,0.00,0.00,0.00,0.00,0.00,0.00,0.00,0.00,0.00,0.00,0.00,0.00,0.00,0.00,416730,447523,529423,429835,461283,542528,0,0,0,0,0,0,0,112406,0,139.94,140.00,140.04
100,0,0,0,0,93654,93654,93654,3625,3625,3625,591,591,591,0.00,0.00,0.00,0.00,0.00,0.00,0.00,0.00,0.00,0.00,0.00,0.00,0.00,0.00,0.00,0.00,0.00,0.00,0.00,0.00,0.00,296167,361165,589710,311892,375317,602815,0,0,0,0,0,0,0,109997,0,137.05,137.09,137.13
100,1,0,0,0,93622,93622,93622,3657,3657,3657,591,591,591,0.00,0.00,0.00,0.00,0.00,0.00,0.00,0.00,0.00,0.00,0.00,0.00,0.00,0.00,0.00,0.00,0.00,0.00,0.00,0.00,0.00,304024,335302,452548,317130,348582,461285,0,0,0,0,0,0,0,110994,0,122.98,123.03,123.06
100,2,0,0,0,93618,93618,93618,3661,3661,3661,591,591,591,0.00,0.00,0.00,0.00,0.00,0.00,0.00,0.00,0.00,0.00,0.00,0.00,0.00,0.00,0.00,0.00,0.00,0.00,0.00,0.00,0.00,309270,397855,728623,324996,411483,739107,0,0,0,0,0,0,0,100893,0,125.64,125.69,125.74
100,3,0,0,0,93658,93658,93658,3621,3621,3621,591,591,591,0.00,0.00,0.00,0.00,0.00,0.00,0.00,0.00,0.00,0.00,0.00,0.00,0.00,0.00,0.00,0.00,0.00,0.00,0.00,0.00,0.00,416707,442931,511073,429811,456559,526798,0,0,0,0,0,0,0,126688,0,140.12,140.18,140.24
101,0,0,0,0,93654,93654,93654,3625,3625,3625,591,591,591,0.00,0.00,0.00,0.00,0.00,0.00,0.00,0.00,0.00,0.00,0.00,0.00,0.00,0.00,0.00,0.00,0.00,0.00,0.00,0.00,0.00,301408,378988,497978,314513,392617,511083,0,0,0,0,0,0,0,123648,0,137.05,137.09,137.12
101,1,0,0,0,93622,93622,93622,3657,3657,3657,591,591,591,0.00,0.00,0.00,0.00,0.00,0.00,0.00,0.00,0.00,0.00,0.00,0.00,0.00,0.00,0.00,0.00,0.00,0.00,0.00,0.00,0.00,70764,419060,930358,83869,432661,946082,0,0,0,0,0,0,0,98840,0,123.10,123.22,123.30
101,2,0,0,0,93618,93618,93618,3661,3661,3661,591,591,591,0.00,0.00,0.00,0.00,0.00,0.00,0.00,0.00,0.00,0.00,0.00,0.00,0.00,0.00,0.00,0.00,0.00,0.00,0.00,0.00,0.00,204515,428490,658913,214741,442011,674356,0,0,0,0,0,0,0,100919,0,125.77,125.82,125.84
101,3,0,0,0,93658,93658,93658,3621,3621,3621,591,591,591,0.00,0.00,0.00,0.00,0.00,0.00,0.00,0.00,0.00,0.00,0.00,0.00,0.00,0.00,0.00,0.00,0.00,0.00,0.00,0.00,0.00,442940,624829,825592,458666,638982,838697,0,0,0,0,0,0,0,112565,0,140.16,140.20,140.26
102,0,0,0,0,93654,93654,93654,3625,3625,3625,591,591,591,0.00,0.00,0.00,0.00,0.00,0.00,0.00,0.00,0.00,0.00,0.00,0.00,0.00,0.00,0.00,0.00,0.00,0.00,0.00,0.00,0.00,298787,436299,613297,314512,449578,629022,0,0,0,0,0,0,0,109769,0,136.94,137.03,137.10
102,1,0,0,0,93622,93622,93622,3657,3657,3657,591,591,591,0.00,0.00,0.00,0.00,0.00,0.00,0.00,0.00,0.00,0.00,0.00,0.00,0.00,0.00,0.00,0.00,0.00,0.00,0.00,0.00,0.00,301405,359064,482242,314510,373217,497968,0,0,0,0,0,0,0,98730,0,123.17,123.22,123.30
102,2,0,0,0,93618,93618,93618,3661,3661,3661,591,591,591,0.00,0.00,0.00,0.00,0.00,0.00,0.00,0.00,0.00,0.00,0.00,0.00,0.00,0.00,0.00,0.00,0.00,0.00,0.00,0.00,0.00,309655,533695,1396965,323002,547372,1412690,0,0,0,0,0,0,0,113587,0,125.79,125.81,125.83
102,3,0,0,0,93658,93658,93658,3621,3621,3621,591,591,591,0.00,0.00,0.00,0.00,0.00,0.00,0.00,0.00,0.00,0.00,0.00,0.00,0.00,0.00,0.00,0.00,0.00,0.00,0.00,0.00,0.00,421971,474387,576603,432455,486967,587087,0,0,0,0,0,0,0,112448,0,140.09,140.17,140.22
103,0,0,0,0,93654,93654,93654,3625,3625,3625,591,591,591,0.00,0.00,0.00,0.00,0.00,0.00,0.00,0.00,0.00,0.00,0.00,0.00,0.00,0.00,0.00,0.00,0.00,0.00,0.00,0.00,0.00,298787,379189,678823,311892,393299,691928,0,0,0,0,0,0,0,109859,0,136.95,137.01,137.09
103,1,0,0,0,93622,93622,93622,3657,3657,3657,591,591,591,0.00,0.00,0.00,0.00,0.00,0.00,0.00,0.00,0.00,0.00,0.00,0.00,0.00,0.00,0.00,0.00,0.00,0.00,0.00,0.00,0.00,304026,398027,634270,317130,410782,647375,0,0,0,0,0,0,0,98814,0,123.19,123.21,123.27
103,2,0,0,0,93618,93618,93618,3661,3661,3661,591,591,591,0.00,0.00,0.00,0.00,0.00,0.00,0.00,0.00,0.00,0.00,0.00,0.00,0.00,0.00,0.00,0.00,0.00,0.00,0.00,0.00,0.00,314512,451848,684065,327617,466001,697170,0,0,0,0,0,0,0,100991,0,125.83,125.88,125.92
103,3,0,0,0,93658,93658,93658,3621,3621,3621,591,591,591,0.00,0.00,0.00,0.00,0.00,0.00,0.00,0.00,0.00,0.00,0.00,0.00,0.00,0.00,0.00,0.00,0.00,0.00,0.00,0.00,0.00,421971,470189,613266,435075,484341,626370,0,0,0,0,0,0,0,112340,0,140.01,140.05,140.09
104,0,0,0,0,93654,93654,93654,3625,3625,3625,591,591,591,0.00,0.00,0.00,0.00,0.00,0.00,0.00,0.00,0.00,0.00,0.00,0.00,0.00,0.00,0.00,0.00,0.00,0.00,0.00,0.00,0.00,301408,366406,618537,314514,380034,631642,0,0,0,0,0,0,0,82453,0,137.00,137.07,137.12
104,1,0,0,0,93622,93622,93622,3657,3657,3657,591,591,591,0.00,0.00,0.00,0.00,0.00,0.00,0.00,0.00,0.00,0.00,0.00,0.00,0.00,0.00,0.00,0.00,0.00,0.00,0.00,0.00,0.00,301406,322373,390516,314511,336526,406241,0,0,0,0,0,0,0,74060,0,123.15,123.21,123.23
104,2,0,0,0,93618,93618,93618,3661,3661,3661,591,591,591,0.00,0.00,0.00,0.00,0.00,0.00,0.00,0.00,0.00,0.00,0.00,0.00,0.00,0.00,0.00,0.00,0.00,0.00,0.00,0.00,0.00,311885,385273,663101,327598,398902,676205,0,0,0,0,0,0,0,100934,0,125.85,125.88,125.92
104,3,0,0,0,93658,93658,93658,3621,3621,3621,591,591,591,0.00,0.00,0.00,0.00,0.00,0.00,0.00,0.00,0.00,0.00,0.00,0.00,0.00,0.00,0.00,0.00,0.00,0.00,0.00,0.00,0.00,419349,439266,511078,432453,453420,526804,0,0,0,0,0,0,0,84296,0,139.96,139.97,139.99
105,0,0,0,0,93654,93654,93654,3625,3625,3625,591,591,591,0.00,0.00,0.00,0.00,0.00,0.00,0.00,0.00,0.00,0.00,0.00,0.00,0.00,0.00,0.00,0.00,0.00,0.00,0.00,0.00,0.00,296153,381605,503221,311878,395758,518946,0,0,0,0,0,0,0,123618,0,137.09,137.13,137.16
105,1,0,0,0,93622,93622,93622,3657,3657,3657,591,591,591,0.00,0.00,0.00,0.00,0.00,0.00,0.00,0.00,0.00,0.00,0.00,0.00,0.00,0.00,0.00,0.00,0.00,0.00,0.00,0.00,0.00,26206,407004,954005,39310,421147,969731,0,0,0,0,0,0,0,98799,0,123.17,123.22,123.31
105,2,0,0,0,93618,93618,93618,3661,3661,3661,591,591,591,0.00,0.00,0.00,0.00,0.00,0.00,0.00,0.00,0.00,0.00,0.00,0.00,0.00,0.00,0.00,0.00,0.00,0.00,0.00,0.00,0.00,309269,345894,458302,322374,359157,466950,0,0,0,0,0,0,0,100826,0,125.75,125.79,125.84
105,3,0,0,0,93658,93658,93658,3621,3621,3621,591,591,591,0.00,0.00,0.00,0.00,0.00,0.00,0.00,0.00,0.00,0.00,0.00,0.00,0.00,0.00,0.00,0.00,0.00,0.00,0.00,0.00,0.00,429836,620456,909458,445561,633735,922563,0,0,0,0,0,0,0,112482,0,139.99,140.06,140.14
106,0,0,0,0,93654,93654,93654,3625,3625,3625,591,591,591,0.00,0.00,0.00,0.00,0.00,0.00,0.00,0.00,0.00,0.00,0.00,0.00,0.00,0.00,0.00,0.00,0.00,0.00,0.00,0.00,0.00,301407,461283,665716,314512,473951,674453,0,0,0,0,0,0,0,109930,0,137.08,137.10,137.13
106,1,0,0,0,93622,93622,93622,3657,3657,3657,591,591,591,0.00,0.00,0.00,0.00,0.00,0.00,0.00,0.00,0.00,0.00,0.00,0.00,0.00,0.00,0.00,0.00,0.00,0.00,0.00,0.00,0.00,304006,354473,487490,319731,368233,500594,0,0,0,0,0,0,0,98703,0,123.16,123.20,123.28
106,2,0,0,0,93618,93618,93618,3661,3661,3661,591,591,591,0.00,0.00,0.00,0.00,0.00,0.00,0.00,0.00,0.00,0.00,0.00,0.00,0.00,0.00,0.00,0.00,0.00,0.00,0.00,0.00,0.00,311892,666374,1362894,324996,680134,1378620,0,0,0,0,0,0,0,75639,0,125.73,125.75,125.77
106,3,0,0,0,93658,93658,93658,3621,3621,3621,591,591,591,0.00,0.00,0.00,0.00,0.00,0.00,0.00,0.00,0.00,0.00,0.00,0.00,0.00,0.00,0.00,0.00,0.00,0.00,0.00,0.00,0.00,429834,450145,497980,442939,463250,511085,0,0,0,0,0,0,0,112600,0,140.18,140.20,140.24
107,0,0,0,0,93654,93654,93654,3625,3625,3625,591,591,591,0.00,0.00,0.00,0.00,0.00,0.00,0.00,0.00,0.00,0.00,0.00,0.00,0.00,0.00,0.00,0.00,0.00,0.00,0.00,0.00,0.00,296165,370597,642127,311891,384749,652610,0,0,0,0,0,0,0,109775,0,136.93,137.02,137.09
107,1,0,0,0,93622,93622,93622,3657,3657,3657,591,591,591,0.00,0.00,0.00,0.00,0.00,0.00,0.00,0.00,0.00,0.00,0.00,0.00,0.00,0.00,0.00,0.00,0.00,0.00,0.00,0.00,0.00,301407,410610,618529,317133,423889,634255,0,0,0,0,0,0,0,98768,0,123.13,123.23,123.28
107,2,0,0,0,93618,93618,93618,3661,3661,3661,591,591,591,0.00,0.00,0.00,0.00,0.00,0.00,0.00,0.00,0.00,0.00,0.00,0.00,0.00,0.00,0.00,0.00,0.00,0.00,0.00,0.00,0.00,317132,391041,681447,327619,405194,697173,0,0,0,0,0,0,0,100927,0,125.70,125.75,125.81
107,3,0,0,0,93658,93658,93658,3621,3621,3621,591,591,591,0.00,0.00,0.00,0.00,0.00,0.00,0.00,0.00,0.00,0.00,0.00,0.00,0.00,0.00,0.00,0.00,0.00,0.00,0.00,0.00,0.00,421932,457868,585772,435035,471945,601120,0,0,0,0,0,0,0,112653,0,140.23,140.29,140.36
108,0,0,0,0,93654,93654,93654,3625,3625,3625,591,591,591,0.00,0.00,0.00,0.00,0.00,0.00,0.00,0.00,0.00,0.00,0.00,0.00,0.00,0.00,0.00,0.00,0.00,0.00,0.00,0.00,0.00,296166,366079,623706,311892,379672,636809,0,0,0,0,0,0,0,109643,0,136.80,136.85,136.89
108,1,0,0,0,93622,93622,93622,3657,3657,3657,591,591,591,0.00,0.00,0.00,0.00,0.00,0.00,0.00,0.00,0.00,0.00,0.00,0.00,0.00,0.00,0.00,0.00,0.00,0.00,0.00,0.00,0.00,301404,328134,419346,314509,341763,432451,0,0,0,0,0,0,0,98718,0,123.21,123.25,123.28
108,2,0,0,0,93618,93618,93618,3661,3661,3661,591,591,591,0.00,0.00,0.00,0.00,0.00,0.00,0.00,0.00,0.00,0.00,0.00,0.00,0.00,0.00,0.00,0.00,0.00,0.00,0.00,0.00,0.00,311892,384229,655232,324997,397858,670958,0,0,0,0,0,0,0,100819,0,125.75,125.80,125.84
108,3,0,0,0,93658,93658,93658,3621,3621,3621,591,591,591,0.00,0.00,0.00,0.00,0.00,0.00,0.00,0.00,0.00,0.00,0.00,0.00,0.00,0.00,0.00,0.00,0.00,0.00,0.00,0.00,0.00,427210,458133,524159,442936,471761,537263,0,0,0,0,0,0,0,112475,0,140.19,140.22,140.28
109,0,0,0,0,93654,93654,93654,3625,3625,3625,591,591,591,0.00,0.00,0.00,0.00,0.00,0.00,0.00,0.00,0.00,0.00,0.00,0.00,0.00,0.00,0.00,0.00,0.00,0.00,0.00,0.00,0.00,200940,325870,521566,211424,338975,532050,0,0,0,0,0,0,0,123502,0,136.84,136.93,137.06
109,1,0,0,0,93622,93622,93622,3657,3657,3657,591,591,591,0.00,0.00,0.00,0.00,0.00,0.00,0.00,0.00,0.00,0.00,0.00,0.00,0.00,0.00,0.00,0.00,0.00,0.00,0.00,0.00,0.00,298787,466669,960024,314512,480661,974947,0,0,0,0,0,0,0,111152,0,123.24,123.28,123.31
109,2,0,0,0,93618,93618,93618,3661,3661,3661,591,591,591,0.00,0.00,0.00,0.00,0.00,0.00,0.00,0.00,0.00,0.00,0.00,0.00,0.00,0.00,0.00,0.00,0.00,0.00,0.00,0.00,0.00,207117,368442,678827,215747,381692,694553,0,0,0,0,0,0,0,113439,0,125.74,125.76,125.78
109,3,0,0,0,93658,93658,93658,3621,3621,3621,591,591,591,0.00,0.00,0.00,0.00,0.00,0.00,0.00,0.00,0.00,0.00,0.00,0.00,0.00,0.00,0.00,0.00,0.00,0.00,0.00,0.00,0.00,429825,595650,1083334,442930,608929,1092070,0,0,0,0,0,0,0,112393,0,140.09,140.13,140.16
110,0,0,0,0,93654,93654,93654,3625,3625,3625,591,591,591,0.00,0.00,0.00,0.00,0.00,0.00,0.00,0.00,0.00,0.00,0.00,0.00,0.00,0.00,0.00,0.00,0.00,0.00,0.00,0.00,0.00,304030,528899,893736,319753,543051,909461,0,0,0,0,0,0,0,109800,0,136.96,136.99,137.04
110,1,0,0,0,93622,93622,93622,3657,3657,3657,591,591,591,0.00,0.00,0.00,0.00,0.00,0.00,0.00,0.00,0.00,0.00,0.00,0.00,0.00,0.00,0.00,0.00,0.00,0.00,0.00,0.00,0.00,301405,344911,411479,314509,359064,427205,0,0,0,0,0,0,0,98876,0,123.27,123.30,123.33
110,2,0,0,0,93618,93618,93618,3661,3661,3661,591,591,591,0.00,0.00,0.00,0.00,0.00,0.00,0.00,0.00,0.00,0.00,0.00,0.00,0.00,0.00,0.00,0.00,0.00,0.00,0.00,0.00,0.00,309270,584466,1368125,324996,598619,1381229,0,0,0,0,0,0,0,101075,0,125.82,125.90,126.03
110,3,0,0,0,93658,93658,93658,3621,3621,3621,591,591,591,0.00,0.00,0.00,0.00,0.00,0.00,0.00,0.00,0.00,0.00,0.00,0.00,0.00,0.00,0.00,0.00,0.00,0.00,0.00,0.00,0.00,419351,447125,542503,432455,461277,558228,0,0,0,0,0,0,0,112476,0,140.11,140.13,140.15
111,0,0,0,0,93654,93654,93654,3625,3625,3625,591,591,591,0.00,0.00,0.00,0.00,0.00,0.00,0.00,0.00,0.00,0.00,0.00,0.00,0.00,0.00,0.00,0.00,0.00,0.00,0.00,0.00,0.00,298787,378987,673579,311891,392616,686684,0,0,0,0,0,0,0,109850,0,136.99,137.03,137.05
111,1,0,0,0,93622,93622,93622,3657,3657,3657,591,591,591,0.00,0.00,0.00,0.00,0.00,0.00,0.00,0.00,0.00,0.00,0.00,0.00,0.00,0.00,0.00,0.00,0.00,0.00,0.00,0.00,0.00,202685,362905,644740,211421,375660,657844,0,0,0,0,0,0,0,98697,0,123.12,123.22,123.33
111,2,0,0,0,93618,93618,93618,3661,3661,3661,591,591,591,0.00,0.00,0.00,0.00,0.00,0.00,0.00,0.00,0.00,0.00,0.00,0.00,0.00,0.00,0.00,0.00,0.00,0.00,0.00,0.00,0.00,306650,392092,710279,322376,406245,726005,0,0,0,0,0,0,0,101010,0,125.92,125.97,126.00
111,3,0,0,0,93658,93658,93658,3621,3621,3621,591,591,591,0.00,0.00,0.00,0.00,0.00,0.00,0.00,0.00,0.00,0.00,0.00,0.00,0.00,0.00,0.00,0.00,0.00,0.00,0.00,0.00,0.00,414026,453235,584473,427128,467350,600198,0,0,0,0,0,0,0,112417,0,140.06,140.09,140.11
112,0,0,0,0,93654,93654,93654,3625,3625,3625,591,591,591,0.00,0.00,0.00,0.00,0.00,0.00,0.00,0.00,0.00,0.00,0.00,0.00,0.00,0.00,0.00,0.00,0.00,0.00,0.00,0.00,0.00,290101,362617,604851,303169,376137,620036,0,0,0,0,0,0,0,109893,0,137.05,137.09,137.11
112,1,0,0,0,93622,93622,93622,3657,3657,3657,591,591,591,0.00,0.00,0.00,0.00,0.00,0.00,0.00,0.00,0.00,0.00,0.00,0.00,0.00,0.00,0.00,0.00,0.00,0.00,0.00,0.00,0.00,301407,320800,369545,317132,334953,382650,0,0,0,0,0,0,0,73980,0,123.16,123.19,123.25
112,2,0,0,0,93618,93618,93618,3661,3661,3661,591,591,591,0.00,0.00,0.00,0.00,0.00,0.00,0.00,0.00,0.00,0.00,0.00,0.00,0.00,0.00,0.00,0.00,0.00,0.00,0.00,0.00,0.00,314512,464426,697174,327617,478055,712900,0,0,0,0,0,0,0,100853,0,125.81,125.88,125.94
112,3,0,0,0,93658,93658,93658,3621,3621,3621,591,591,591,0.00,0.00,0.00,0.00,0.00,0.00,0.00,0.00,0.00,0.00,0.00,0.00,0.00,0.00,0.00,0.00,0.00,0.00,0.00,0.00,0.00,421971,475437,663101,435076,489066,678826,0,0,0,0,0,0,0,84202,0,139.98,140.01,140.04
113,0,0,0,0,93654,93654,93654,3625,3625,3625,591,591,591,0.00,0.00,0.00,0.00,0.00,0.00,0.00,0.00,0.00,0.00,0.00,0.00,0.00,0.00,0.00,0.00,0.00,0.00,0.00,0.00,0.00,200737,329496,521564,211211,342599,534669,0,0,0,0,0,0,0,82360,0,136.97,137.01,137.05
113,1,0,0,0,93622,93622,93622,3657,3657,3657,591,591,591,0.00,0.00,0.00,0.00,0.00,0.00,0.00,0.00,0.00,0.00,0.00,0.00,0.00,0.00,0.00,0.00,0.00,0.00,0.00,0.00,0.00,319679,521338,967120,332781,534921,980225,0,0,0,0,0,0,0,111052,0,123.12,123.16,123.20
113,2,0,0,0,93618,93618,93618,3661,3661,3661,591,591,591,0.00,0.00,0.00,0.00,0.00,0.00,0.00,0.00,0.00,0.00,0.00,0.00,0.00,0.00,0.00,0.00,0.00,0.00,0.00,0.00,0.00,223181,503574,1055741,231832,516306,1069969,0,0,0,0,0,0,0,113617,0,125.75,125.78,125.83
113,3,0,0,0,93658,93658,93658,3621,3621,3621,591,591,591,0.00,0.00,0.00,0.00,0.00,0.00,0.00,0.00,0.00,0.00,0.00,0.00,0.00,0.00,0.00,0.00,0.00,0.00,0.00,0.00,0.00,152006,619760,899863,165109,632865,910347,0,0,0,0,0,0,0,126351,0,140.05,140.06,140.08
114,0,0,0,0,93654,93654,93654,3625,3625,3625,591,591,591,0.00,0.00,0.00,0.00,0.00,0.00,0.00,0.00,0.00,0.00,0.00,0.00,0.00,0.00,0.00,0.00,0.00,0.00,0.00,0.00,0.00,316263,581624,817718,329332,596030,833443,0,0,0,0,0,0,0,109740,0,136.88,136.89,136.91
114,1,0,0,0,93622,93622,93622,3657,3657,3657,591,591,591,0.00,0.00,0.00,0.00,0.00,0.00,0.00,0.00,0.00,0.00,0.00,0.00,0.00,0.00,0.00,0.00,0.00,0.00,0.00,0.00,0.00,304025,353821,490106,317129,368236,503210,0,0,0,0,0,0,0,98784,0,123.15,123.19,123.21
114,2,0,0,0,93618,93618,93618,3661,3661,3661,591,591,591,0.00,0.00,0.00,0.00,0.00,0.00,0.00,0.00,0.00,0.00,0.00,0.00,0.00,0.00,0.00,0.00,0.00,0.00,0.00,0.00,0.00,311891,402969,670961,324996,417385,684066,0,0,0,0,0,0,0,75750,0,125.85,125.87,125.89
114,3,0,0,0,93658,93658,93658,3621,3621,3621,591,591,591,0.00,0.00,0.00,0.00,0.00,0.00,0.00,0.00,0.00,0.00,0.00,0.00,0.00,0.00,0.00,0.00,0.00,0.00,0.00,0.00,0.00,421967,442937,500598,437693,456698,513703,0,0,0,0,0,0,0,112461,0,139.96,139.98,139.99
115,0,0,0,0,93654,93654,93654,3625,3625,3625,591,591,591,0.00,0.00,0.00,0.00,0.00,0.00,0.00,0.00,0.00,0.00,0.00,0.00,0.00,0.00,0.00,0.00,0.00,0.00,0.00,0.00,0.00,298785,375458,650718,314510,389604,663785,0,0,0,0,0,0,0,109850,0,136.86,136.90,136.95
115,1,0,0,0,93622,93622,93622,3657,3657,3657,591,591,591,0.00,0.00,0.00,0.00,0.00,0.00,0.00,0.00,0.00,0.00,0.00,0.00,0.00,0.00,0.00,0.00,0.00,0.00,0.00,0.00,0.00,230640,375839,621151,239376,388594,636876,0,0,0,0,0,0,0,98699,0,123.18,123.20,123.23
115,2,0,0,0,93618,93618,93618,3661,3661,3661,591,591,591,0.00,0.00,0.00,0.00,0.00,0.00,0.00,0.00,0.00,0.00,0.00,0.00,0.00,0.00,0.00,0.00,0.00,0.00,0.00,0.00,0.00,309272,466519,741685,322377,480147,754789,0,0,0,0,0,0,0,100893,0,125.79,125.83,125.87
115,3,0,0,0,93658,93658,93658,3621,3621,3621,591,591,591,0.00,0.00,0.00,0.00,0.00,0.00,0.00,0.00,0.00,0.00,0.00,0.00,0.00,0.00,0.00,0.00,0.00,0.00,0.00,0.00,0.00,424569,455514,563504,437673,469668,579230,0,0,0,0,0,0,0,112423,0,139.96,140.02,140.06
116,0,0,0,0,93654,93654,93654,3625,3625,3625,591,591,591,0.00,0.00,0.00,0.00,0.00,0.00,0.00,0.00,0.00,0.00,0.00,0.00,0.00,0.00,0.00,0.00,0.00,0.00,0.00,0.00,0.00,297065,370706,634266,309980,384266,647371,0,0,0,0,0,0,0,109932,0,137.04,137.07,137.09
116,1,0,0,0,93622,93622,93622,3657,3657,3657,591,591,591,0.00,0.00,0.00,0.00,0.00,0.00,0.00,0.00,0.00,0.00,0.00,0.00,0.00,0.00,0.00,0.00,0.00,0.00,0.00,0.00,0.00,301407,323416,372148,317133,337569,385252,0,0,0,0,0,0,0,98798,0,123.15,123.18,123.22
116,2,0,0,0,93618,93618,93618,3661,3661,3661,591,591,591,0.00,0.00,0.00,0.00,0.00,0.00,0.00,0.00,0.00,0.00,0.00,0.00,0.00,0.00,0.00,0.00,0.00,0.00,0.00,0.00,0.00,309272,391044,689308,322377,405197,705034,0,0,0,0,0,0,0,100996,0,125.78,125.86,125.90
116,3,0,0,0,93658,93658,93658,3621,3621,3621,591,591,591,0.00,0.00,0.00,0.00,0.00,0.00,0.00,0.00,0.00,0.00,0.00,0.00,0.00,0.00,0.00,0.00,0.00,0.00,0.00,0.00,0.00,406165,433969,487488,419267,448082,500592,0,0,0,0,0,0,0,112391,0,140.03,140.07,140.10
117,0,0,0,0,93654,93654,93654,3625,3625,3625,591,591,591,0.00,0.00,0.00,0.00,0.00,0.00,0.00,0.00,0.00,0.00,0.00,0.00,0.00,0.00,0.00,0.00,0.00,0.00,0.00,0.00,0.00,199180,321840,516320,207916,335118,532045,0,0,0,0,0,0,0,109848,0,136.99,137.02,137.06
117,1,0,0,0,93622,93622,93622,3657,3657,3657,591,591,591,0.00,0.00,0.00,0.00,0.00,0.00,0.00,0.00,0.00,0.00,0.00,0.00,0.00,0.00,0.00,0.00,0.00,0.00,0.00,0.00,0.00,304027,458661,988087,317132,472289,1003812,0,0,0,0,0,0,0,111193,0,123.26,123.28,123.35
117,2,0,0,0,93618,93618,93618,3661,3661,3661,591,591,591,0.00,0.00,0.00,0.00,0.00,0.00,0.00,0.00,0.00,0.00,0.00,0.00,0.00,0.00,0.00,0.00,0.00,0.00,0.00,0.00,0.00,309275,540290,1019507,325000,553290,1032611,0,0,0,0,0,0,0,113575,0,125.83,125.86,125.91
117,3,0,0,0,93658,93658,93658,3621,3621,3621,591,591,591,0.00,0.00,0.00,0.00,0.00,0.00,0.00,0.00,0.00,0.00,0.00,0.00,0.00,0.00,0.00,0.00,0.00,0.00,0.00,0.00,0.00,286557,676371,1276392,295294,689127,1292118,0,0,0,0,0,0,0,126638,0,140.10,140.16,140.21
118,0,0,0,0,93654,93654,93654,3625,3625,3625,591,591,591,0.00,0.00,0.00,0.00,0.00,0.00,0.00,0.00,0.00,0.00,0.00,0.00,0.00,0.00,0.00,0.00,0.00,0.00,0.00,0.00,0.00,304027,534666,912077,314511,548295,927802,0,0,0,0,0,0,0,109873,0,137.01,137.05,137.06
118,1,0,0,0,93622,93622,93622,3657,3657,3657,591,591,591,0.00,0.00,0.00,0.00,0.00,0.00,0.00,0.00,0.00,0.00,0.00,0.00,0.00,0.00,0.00,0.00,0.00,0.00,0.00,0.00,0.00,298755,348040,469144,311858,362668,484870,0,0,0,0,0,0,0,98840,0,123.17,123.23,123.28
118,2,0,0,0,93618,93618,93618,3661,3661,3661,591,591,591,0.00,0.00,0.00,0.00,0.00,0.00,0.00,0.00,0.00,0.00,0.00,0.00,0.00,0.00,0.00,0.00,0.00,0.00,0.00,0.00,0.00,311884,392615,710275,324988,406244,726000,0,0,0,0,0,0,0,100897,0,125.80,125.82,125.86
118,3,0,0,0,93658,93658,93658,3621,3621,3621,591,591,591,0.00,0.00,0.00,0.00,0.00,0.00,0.00,0.00,0.00,0.00,0.00,0.00,0.00,0.00,0.00,0.00,0.00,0.00,0.00,0.00,0.00,419351,438738,500590,435077,452891,513694,0,0,0,0,0,0,0,112544,0,140.00,140.06,140.10
120,0,0,0,0,93654,93654,93654,3625,3625,3625,591,591,591,0.00,0.00,0.00,0.00,0.00,0.00,0.00,0.00,0.00,0.00,0.00,0.00,0.00,0.00,0.00,0.00,0.00,0.00,0.00,0.00,0.00,296165,371337,665713,309270,385227,684059,0,0,0,0,0,0,0,247104,0,136.91,136.98,137.06
120,1,0,0,0,93622,93622,93622,3657,3657,3657,591,591,591,0.00,0.00,0.00,0.00,0.00,0.00,0.00,0.00,0.00,0.00,0.00,0.00,0.00,0.00,0.00,0.00,0.00,0.00,0.00,0.00,0.00,304022,337311,424588,317126,350765,433325,0,0,0,0,0,0,0,197513,0,123.17,123.25,123.30
120,2,0,0,0,93618,93618,93618,3661,3661,3661,591,591,591,0.00,0.00,0.00,0.00,0.00,0.00,0.00,0.00,0.00,0.00,0.00,0.00,0.00,0.00,0.00,0.00,0.00,0.00,0.00,0.00,0.00,309272,387109,676189,322377,401000,691914,0,0,0,0,0,0,0,239664,0,125.73,125.84,125.93
120,3,0,0,0,93658,93658,93658,3621,3621,3621,591,591,591,0.00,0.00,0.00,0.00,0.00,0.00,0.00,0.00,0.00,0.00,0.00,0.00,0.00,0.00,0.00,0.00,0.00,0.00,0.00,0.00,0.00,416708,450365,576608,432433,464236,589713,0,0,0,0,0,0,0,253036,0,140.08,140.14,140.20
121,0,0,0,0,93654,93654,93654,3625,3625,3625,591,591,591,0.00,0.00,0.00,0.00,0.00,0.00,0.00,0.00,0.00,0.00,0.00,0.00,0.00,0.00,0.00,0.00,0.00,0.00,0.00,0.00,0.00,285681,336338,497972,298785,350977,511077,0,0,0,0,0,0,0,82344,0,137.06,137.07,137.10
121,1,0,0,0,93622,93622,93622,3657,3657,3657,591,591,591,0.00,0.00,0.00,0.00,0.00,0.00,0.00,0.00,0.00,0.00,0.00,0.00,0.00,0.00,0.00,0.00,0.00,0.00,0.00,0.00,0.00,304025,462850,956637,317129,476479,967121,0,0,0,0,0,0,0,111140,0,123.13,123.19,123.23
121,2,0,0,0,93618,93618,93618,3661,3661,3661,591,591,591,0.00,0.00,0.00,0.00,0.00,0.00,0.00,0.00,0.00,0.00,0.00,0.00,0.00,0.00,0.00,0.00,0.00,0.00,0.00,0.00,0.00,312686,581460,1315714,327614,595569,1328819,0,0,0,0,0,0,0,75665,0,125.73,125.76,125.78
121,3,0,0,0,93658,93658,93658,3621,3621,3621,591,591,591,0.00,0.00,0.00,0.00,0.00,0.00,0.00,0.00,0.00,0.00,0.00,0.00,0.00,0.00,0.00,0.00,0.00,0.00,0.00,0.00,0.00,419348,538863,864911,435074,552491,878015,0,0,0,0,0,0,0,98409,0,140.06,140.10,140.14
122,0,0,0,0,93654,93654,93654,3625,3625,3625,591,591,591,0.00,0.00,0.00,0.00,0.00,0.00,0.00,0.00,0.00,0.00,0.00,0.00,0.00,0.00,0.00,0.00,0.00,0.00,0.00,0.00,0.00,262091,484342,990706,275196,497970,1003810,0,0,0,0,0,0,0,123594,0,136.98,137.01,137.03
122,1,0,0,0,93622,93622,93622,3657,3657,3657,591,591,591,0.00,0.00,0.00,0.00,0.00,0.00,0.00,0.00,0.00,0.00,0.00,0.00,0.00,0.00,0.00,0.00,0.00,0.00,0.00,0.00,0.00,296112,353448,490110,309214,367555,505836,0,0,0,0,0,0,0,98705,0,123.21,123.23,123.27
122,2,0,0,0,93618,93618,93618,3661,3661,3661,591,591,591,0.00,0.00,0.00,0.00,0.00,0.00,0.00,0.00,0.00,0.00,0.00,0.00,0.00,0.00,0.00,0.00,0.00,0.00,0.00,0.00,0.00,314493,394710,697172,330218,408863,712898,0,0,0,0,0,0,0,100924,0,125.74,125.77,125.83
122,3,0,0,0,93658,93658,93658,3621,3621,3621,591,591,591,0.00,0.00,0.00,0.00,0.00,0.00,0.00,0.00,0.00,0.00,0.00,0.00,0.00,0.00,0.00,0.00,0.00,0.00,0.00,0.00,0.00,419349,518420,833452,432454,532573,846557,0,0,0,0,0,0,0,112321,0,139.99,140.01,140.01
123,0,0,0,0,93654,93654,93654,3625,3625,3625,591,591,591,0.00,0.00,0.00,0.00,0.00,0.00,0.00,0.00,0.00,0.00,0.00,0.00,0.00,0.00,0.00,0.00,0.00,0.00,0.00,0.00,0.00,301402,376887,670955,314507,390516,686681,0,0,0,0,0,0,0,109838,0,136.97,137.01,137.06
123,1,0,0,0,93622,93622,93622,3657,3657,3657,591,591,591,0.00,0.00,0.00,0.00,0.00,0.00,0.00,0.00,0.00,0.00,0.00,0.00,0.00,0.00,0.00,0.00,0.00,0.00,0.00,0.00,0.00,304010,365877,461284,319735,379505,477010,0,0,0,0,0,0,0,98731,0,123.14,123.18,123.21
123,2,0,0,0,93618,93618,93618,3661,3661,3661,591,591,591,0.00,0.00,0.00,0.00,0.00,0.00,0.00,0.00,0.00,0.00,0.00,0.00,0.00,0.00,0.00,0.00,0.00,0.00,0.00,0.00,0.00,311893,453423,673584,327618,467052,686689,0,0,0,0,0,0,0,101009,0,125.91,125.97,125.99
123,3,0,0,0,93658,93658,93658,3621,3621,3621,591,591,591,0.00,0.00,0.00,0.00,0.00,0.00,0.00,0.00,0.00,0.00,0.00,0.00,0.00,0.00,0.00,0.00,0.00,0.00,0.00,0.00,0.00,421976,464951,573987,435080,478580,587092,0,0,0,0,0,0,0,112312,0,139.94,139.98,140.01
124,0,0,0,0,93654,93654,93654,3625,3625,3625,591,591,591,0.00,0.00,0.00,0.00,0.00,0.00,0.00,0.00,0.00,0.00,0.00,0.00,0.00,0.00,0.00,0.00,0.00,0.00,0.00,0.00,0.00,296182,370056,615808,309288,383684,631530,0,0,0,0,0,0,0,109828,0,136.93,136.98,137.02
124,1,0,0,0,93622,93622,93622,3657,3657,3657,591,591,591,0.00,0.00,0.00,0.00,0.00,0.00,0.00,0.00,0.00,0.00,0.00,0.00,0.00,0.00,0.00,0.00,0.00,0.00,0.00,0.00,0.00,296161,359064,576596,311886,373217,592321,0,0,0,0,0,0,0,98746,0,123.12,123.16,123.21
124,2,0,0,0,93618,93618,93618,3661,3661,3661,591,591,591,0.00,0.00,0.00,0.00,0.00,0.00,0.00,0.00,0.00,0.00,0.00,0.00,0.00,0.00,0.00,0.00,0.00,0.00,0.00,0.00,0.00,314513,465993,1001149,327619,479622,1011633,0,0,0,0,0,0,0,113637,0,125.90,125.91,125.91
124,3,0,0,0,93658,93658,93658,3621,3621,3621,591,591,591,0.00,0.00,0.00,0.00,0.00,0.00,0.00,0.00,0.00,0.00,0.00,0.00,0.00,0.00,0.00,0.00,0.00,0.00,0.00,0.00,0.00,419346,437697,492734,432451,451850,505838,0,0,0,0,0,0,0,112165,0,139.78,139.84,139.91
125,0,0,0,0,93654,93654,93654,3625,3625,3625,591,591,591,0.00,0.00,0.00,0.00,0.00,0.00,0.00,0.00,0.00,0.00,0.00,0.00,0.00,0.00,0.00,0.00,0.00,0.00,0.00,0.00,0.00,296163,341763,503193,311889,355918,516297,0,0,0,0,0,0,0,123362,0,136.85,136.94,137.01
125,1,0,0,0,93622,93622,93622,3657,3657,3657,591,591,591,0.00,0.00,0.00,0.00,0.00,0.00,0.00,0.00,0.00,0.00,0.00,0.00,0.00,0.00,0.00,0.00,0.00,0.00,0.00,0.00,0.00,68143,428723,951401,81248,442873,964506,0,0,0,0,0,0,0,98883,0,123.28,123.34,123.40
125,2,0,0,0,93618,93618,93618,3661,3661,3661,591,591,591,0.00,0.00,0.00,0.00,0.00,0.00,0.00,0.00,0.00,0.00,0.00,0.00,0.00,0.00,0.00,0.00,0.00,0.00,0.00,0.00,0.00,301192,375143,633170,316379,389199,646039,0,0,0,0,0,0,0,100639,0,125.47,125.65,125.81
125,3,0,0,0,93658,93658,93658,3621,3621,3621,591,591,591,0.00,0.00,0.00,0.00,0.00,0.00,0.00,0.00,0.00,0.00,0.00,0.00,0.00,0.00,0.00,0.00,0.00,0.00,0.00,0.00,0.00,419343,704498,1247571,435069,718651,1263296,0,0,0,0,0,0,0,112202,0,139.79,139.83,139.88
126,0,0,0,0,93654,93654,93654,3625,3625,3625,591,591,591,0.00,0.00,0.00,0.00,0.00,0.00,0.00,0.00,0.00,0.00,0.00,0.00,0.00,0.00,0.00,0.00,0.00,0.00,0.00,0.00,0.00,296163,539530,1210857,311889,553681,1226582,0,0,0,0,0,0,0,109807,0,136.87,136.93,136.99
126,1,0,0,0,93622,93622,93622,3657,3657,3657,591,591,591,0.00,0.00,0.00,0.00,0.00,0.00,0.00,0.00,0.00,0.00,0.00,0.00,0.00,0.00,0.00,0.00,0.00,0.00,0.00,0.00,0.00,301412,341204,393139,317416,354852,408864,0,0,0,0,0,0,0,98855,0,123.32,123.34,123.38
126,2,0,0,0,93618,93618,93618,3661,3661,3661,591,591,591,0.00,0.00,0.00,0.00,0.00,0.00,0.00,0.00,0.00,0.00,0.00,0.00,0.00,0.00,0.00,0.00,0.00,0.00,0.00,0.00,0.00,311893,466001,744346,324997,479630,757451,0,0,0,0,0,0,0,100620,0,125.39,125.44,125.47
126,3,0,0,0,93658,93658,93658,3621,3621,3621,591,591,591,0.00,0.00,0.00,0.00,0.00,0.00,0.00,0.00,0.00,0.00,0.00,0.00,0.00,0.00,0.00,0.00,0.00,0.00,0.00,0.00,0.00,419350,443985,492739,435075,457614,505844,0,0,0,0,0,0,0,112301,0,139.90,139.93,139.98
127,0,0,0,0,93654,93654,93654,3625,3625,3625,591,591,591,0.00,0.00,0.00,0.00,0.00,0.00,0.00,0.00,0.00,0.00,0.00,0.00,0.00,0.00,0.00,0.00,0.00,0.00,0.00,0.00,0.00,304026,386130,678813,317131,399751,694539,0,0,0,0,0,0,0,109910,0,136.95,136.97,137.00
127,1,0,0,0,93622,93622,93622,3657,3657,3657,591,591,591,0.00,0.00,0.00,0.00,0.00,0.00,0.00,0.00,0.00,0.00,0.00,0.00,0.00,0.00,0.00,0.00,0.00,0.00,0.00,0.00,0.00,304028,343864,463899,317132,357492,479624,0,0,0,0,0,0,0,98847,0,123.33,123.35,123.37
127,2,0,0,0,93618,93618,93618,3661,3661,3661,591,591,591,0.00,0.00,0.00,0.00,0.00,0.00,0.00,0.00,0.00,0.00,0.00,0.00,0.00,0.00,0.00,0.00,0.00,0.00,0.00,0.00,0.00,309269,385796,676201,324995,400473,689305,0,0,0,0,0,0,0,100750,0,125.39,125.49,125.61
127,3,0,0,0,93658,93658,93658,3621,3621,3621,591,591,591,0.00,0.00,0.00,0.00,0.00,0.00,0.00,0.00,0.00,0.00,0.00,0.00,0.00,0.00,0.00,0.00,0.00,0.00,0.00,0.00,0.00,288302,426689,563505,298786,439794,576610,0,0,0,0,0,0,0,112384,0,139.95,139.98,140.01
128,0,0,0,0,93654,93654,93654,3625,3625,3625,591,591,591,0.00,0.00,0.00,0.00,0.00,0.00,0.00,0.00,0.00,0.00,0.00,0.00,0.00,0.00,0.00,0.00,0.00,0.00,0.00,0.00,0.00,198795,348484,594952,209258,361584,610677,0,0,0,0,0,0,0,82335,0,136.97,137.02,137.05
128,1,0,0,0,93622,93622,93622,3657,3657,3657,591,591,591,0.00,0.00,0.00,0.00,0.00,0.00,0.00,0.00,0.00,0.00,0.00,0.00,0.00,0.00,0.00,0.00,0.00,0.00,0.00,0.00,0.00,301407,368894,555639,314511,383309,568744,0,0,0,0,0,0,0,86514,0,123.30,123.35,123.40
128,2,0,0,0,93618,93618,93618,3661,3661,3661,591,591,591,0.00,0.00,0.00,0.00,0.00,0.00,0.00,0.00,0.00,0.00,0.00,0.00,0.00,0.00,0.00,0.00,0.00,0.00,0.00,0.00,0.00,314511,462373,882366,327616,474823,892850,0,0,0,0,0,0,0,113280,0,125.52,125.55,125.59
128,3,0,0,0,93658,93658,93658,3621,3621,3621,591,591,591,0.00,0.00,0.00,0.00,0.00,0.00,0.00,0.00,0.00,0.00,0.00,0.00,0.00,0.00,0.00,0.00,0.00,0.00,0.00,0.00,0.00,421972,442933,497954,435077,456037,511058,0,0,0,0,0,0,0,98309,0,139.98,140.02,140.05
129,0,0,0,0,93654,93654,93654,3625,3625,3625,591,591,591,0.00,0.00,0.00,0.00,0.00,0.00,0.00,0.00,0.00,0.00,0.00,0.00,0.00,0.00,0.00,0.00,0.00,0.00,0.00,0.00,0.00,296163,523478,1226593,311889,537097,1239697,0,0,0,0,0,0,0,123522,0,136.93,136.96,137.00
129,1,0,0,0,93622,93622,93622,3657,3657,3657,591,591,591,0.00,0.00,0.00,0.00,0.00,0.00,0.00,0.00,0.00,0.00,0.00,0.00,0.00,0.00,0.00,0.00,0.00,0.00,0.00,0.00,0.00,304028,472810,1001186,317133,486438,1016911,0,0,0,0,0,0,0,98830,0,123.33,123.40,123.46
129,2,0,0,0,93618,93618,93618,3661,3661,3661,591,591,591,0.00,0.00,0.00,0.00,0.00,0.00,0.00,0.00,0.00,0.00,0.00,0.00,0.00,0.00,0.00,0.00,0.00,0.00,0.00,0.00,0.00,317130,466448,691927,330253,480036,702411,0,0,0,0,0,0,0,75423,0,125.43,125.48,125.51
129,3,0,0,0,93658,93658,93658,3621,3621,3621,591,591,591,0.00,0.00,0.00,0.00,0.00,0.00,0.00,0.00,0.00,0.00,0.00,0.00,0.00,0.00,0.00,0.00,0.00,0.00,0.00,0.00,0.00,421972,695595,1231833,435077,709749,1250180,0,0,0,0,0,0,0,112374,0,139.96,140.02,140.05
130,0,0,0,0,93654,93654,93654,3625,3625,3625,591,591,591,0.00,0.00,0.00,0.00,0.00,0.00,0.00,0.00,0.00,0.00,0.00,0.00,0.00,0.00,0.00,0.00,0.00,0.00,0.00,0.00,0.00,306649,363055,552984,319751,376675,566088,0,0,0,0,0,0,0,109836,0,136.98,137.00,137.02
130,1,0,0,0,93622,93622,93622,3657,3657,3657,591,591,591,0.00,0.00,0.00,0.00,0.00,0.00,0.00,0.00,0.00,0.00,0.00,0.00,0.00,0.00,0.00,0.00,0.00,0.00,0.00,0.00,0.00,298831,355405,448177,314423,369531,461281,0,0,0,0,0,0,0,98750,0,123.29,123.32,123.34
130,2,0,0,0,93618,93618,93618,3661,3661,3661,591,591,591,0.00,0.00,0.00,0.00,0.00,0.00,0.00,0.00,0.00,0.00,0.00,0.00,0.00,0.00,0.00,0.00,0.00,0.00,0.00,0.00,0.00,306650,383177,657856,322376,397330,670961,0,0,0,0,0,0,0,100607,0,125.37,125.39,125.42
130,3,0,0,0,93658,93658,93658,3621,3621,3621,591,591,591,0.00,0.00,0.00,0.00,0.00,0.00,0.00,0.00,0.00,0.00,0.00,0.00,0.00,0.00,0.00,0.00,0.00,0.00,0.00,0.00,0.00,421976,443981,492740,435081,458135,505845,0,0,0,0,0,0,0,112385,0,139.99,140.01,140.03
131,0,0,0,0,93654,93654,93654,3625,3625,3625,591,591,591,0.00,0.00,0.00,0.00,0.00,0.00,0.00,0.00,0.00,0.00,0.00,0.00,0.00,0.00,0.00,0.00,0.00,0.00,0.00,0.00,0.00,317131,461094,849185,330235,475761,867532,0,0,0,0,0,0,0,109792,0,136.86,136.92,136.99
131,1,0,0,0,93622,93622,93622,3657,3657,3657,591,591,591,0.00,0.00,0.00,0.00,0.00,0.00,0.00,0.00,0.00,0.00,0.00,0.00,0.00,0.00,0.00,0.00,0.00,0.00,0.00,0.00,0.00,228895,322544,456039,237631,335298,469143,0,0,0,0,0,0,0,98885,0,123.26,123.33,123.40
131,2,0,0,0,93618,93618,93618,3661,3661,3661,591,591,591,0.00,0.00,0.00,0.00,0.00,0.00,0.00,0.00,0.00,0.00,0.00,0.00,0.00,0.00,0.00,0.00,0.00,0.00,0.00,0.00,0.00,314512,388947,670964,327617,402577,684069,0,0,0,0,0,0,0,100658,0,125.45,125.51,125.55
131,3,0,0,0,93658,93658,93658,3621,3621,3621,591,591,591,0.00,0.00,0.00,0.00,0.00,0.00,0.00,0.00,0.00,0.00,0.00,0.00,0.00,0.00,0.00,0.00,0.00,0.00,0.00,0.00,0.00,421974,436124,466522,437700,449753,479627,0,0,0,0,0,0,0,112497,0,140.05,140.10,140.15
132,0,0,0,0,93654,93654,93654,3625,3625,3625,591,591,591,0.00,0.00,0.00,0.00,0.00,0.00,0.00,0.00,0.00,0.00,0.00,0.00,0.00,0.00,0.00,0.00,0.00,0.00,0.00,0.00,0.00,293543,337580,473591,306647,351081,488868,0,0,0,0,0,0,0,109735,0,136.83,136.84,136.86
132,1,0,0,0,93622,93622,93622,3657,3657,3657,591,591,591,0.00,0.00,0.00,0.00,0.00,0.00,0.00,0.00,0.00,0.00,0.00,0.00,0.00,0.00,0.00,0.00,0.00,0.00,0.00,0.00,0.00,301402,430878,912082,314507,445031,925186,0,0,0,0,0,0,0,111229,0,123.32,123.37,123.42
132,2,0,0,0,93618,93618,93618,3661,3661,3661,591,591,591,0.00,0.00,0.00,0.00,0.00,0.00,0.00,0.00,0.00,0.00,0.00,0.00,0.00,0.00,0.00,0.00,0.00,0.00,0.00,0.00,0.00,204101,571297,1394348,212750,584559,1410074,0,0,0,0,0,0,0,100449,0,125.35,125.44,125.52
132,3,0,0,0,93658,93658,93658,3621,3621,3621,591,591,591,0.00,0.00,0.00,0.00,0.00,0.00,0.00,0.00,0.00,0.00,0.00,0.00,0.00,0.00,0.00,0.00,0.00,0.00,0.00,0.00,0.00,286554,630245,1014306,297038,643350,1027411,0,0,0,0,0,0,0,126574,0,140.04,140.09,140.12
133,0,0,0,0,93654,93654,93654,3625,3625,3625,591,591,591,0.00,0.00,0.00,0.00,0.00,0.00,0.00,0.00,0.00,0.00,0.00,0.00,0.00,0.00,0.00,0.00,0.00,0.00,0.00,0.00,0.00,220124,529417,1223965,228859,542696,1237070,0,0,0,0,0,0,0,123494,0,136.88,136.91,136.94
133,1,0,0,0,93622,93622,93622,3657,3657,3657,591,591,591,0.00,0.00,0.00,0.00,0.00,0.00,0.00,0.00,0.00,0.00,0.00,0.00,0.00,0.00,0.00,0.00,0.00,0.00,0.00,0.00,0.00,298787,343124,452334,311892,357199,467668,0,0,0,0,0,0,0,98927,0,123.29,123.34,123.41
133,2,0,0,0,93618,93618,93618,3661,3661,3661,591,591,591,0.00,0.00,0.00,0.00,0.00,0.00,0.00,0.00,0.00,0.00,0.00,0.00,0.00,0.00,0.00,0.00,0.00,0.00,0.00,0.00,0.00,309284,391044,707637,322379,405197,725984,0,0,0,0,0,0,0,100597,0,125.26,125.32,125.39
133,3,0,0,0,93658,93658,93658,3621,3621,3621,591,591,591,0.00,0.00,0.00,0.00,0.00,0.00,0.00,0.00,0.00,0.00,0.00,0.00,0.00,0.00,0.00,0.00,0.00,0.00,0.00,0.00,0.00,419353,479625,639508,432458,493254,652613,0,0,0,0,0,0,0,112597,0,140.09,140.15,140.21
134,0,0,0,0,93654,93654,93654,3625,3625,3625,591,591,591,0.00,0.00,0.00,0.00,0.00,0.00,0.00,0.00,0.00,0.00,0.00,0.00,0.00,0.00,0.00,0.00,0.00,0.00,0.00,0.00,0.00,293544,378461,673577,309270,392090,689302,0,0,0,0,0,0,0,109729,0,136.84,136.87,136.89
134,1,0,0,0,93622,93622,93622,3657,3657,3657,591,591,591,0.00,0.00,0.00,0.00,0.00,0.00,0.00,0.00,0.00,0.00,0.00,0.00,0.00,0.00,0.00,0.00,0.00,0.00,0.00,0.00,0.00,211421,343151,469145,221905,356255,482249,0,0,0,0,0,0,0,98883,0,123.41,123.43,123.45
134,2,0,0,0,93618,93618,93618,3661,3661,3661,591,591,591,0.00,0.00,0.00,0.00,0.00,0.00,0.00,0.00,0.00,0.00,0.00,0.00,0.00,0.00,0.00,0.00,0.00,0.00,0.00,0.00,0.00,314494,384748,655233,327598,398377,668338,0,0,0,0,0,0,0,100620,0,125.35,125.39,125.44
134,3,0,0,0,93658,93658,93658,3621,3621,3621,591,591,591,0.00,0.00,0.00,0.00,0.00,0.00,0.00,0.00,0.00,0.00,0.00,0.00,0.00,0.00,0.00,0.00,0.00,0.00,0.00,0.00,0.00,419351,456042,568746,432456,470195,584472,0,0,0,0,0,0,0,112433,0,140.13,140.21,140.27
135,0,0,0,0,93654,93654,93654,3625,3625,3625,591,591,591,0.00,0.00,0.00,0.00,0.00,0.00,0.00,0.00,0.00,0.00,0.00,0.00,0.00,0.00,0.00,0.00,0.00,0.00,0.00,0.00,0.00,296163,364303,610673,309267,378456,623778,0,0,0,0,0,0,0,109758,0,136.86,136.89,136.93
135,1,0,0,0,93622,93622,93622,3657,3657,3657,591,591,591,0.00,0.00,0.00,0.00,0.00,0.00,0.00,0.00,0.00,0.00,0.00,0.00,0.00,0.00,0.00,0.00,0.00,0.00,0.00,0.00,0.00,301404,364307,600187,314509,377936,613292,0,0,0,0,0,0,0,74082,0,123.28,123.34,123.39
135,2,0,0,0,93618,93618,93618,3661,3661,3661,591,591,591,0.00,0.00,0.00,0.00,0.00,0.00,0.00,0.00,0.00,0.00,0.00,0.00,0.00,0.00,0.00,0.00,0.00,0.00,0.00,0.00,0.00,314513,604912,1344542,330238,619065,1357647,0,0,0,0,0,0,0,113248,0,125.45,125.48,125.51
135,3,0,0,0,93658,93658,93658,3621,3621,3621,591,591,591,0.00,0.00,0.00,0.00,0.00,0.00,0.00,0.00,0.00,0.00,0.00,0.00,0.00,0.00,0.00,0.00,0.00,0.00,0.00,0.00,0.00,286554,402933,477939,295291,416151,493357,0,0,0,0,0,0,0,112399,0,140.03,140.05,140.10
136,0,0,0,0,93654,93654,93654,3625,3625,3625,591,591,591,0.00,0.00,0.00,0.00,0.00,0.00,0.00,0.00,0.00,0.00,0.00,0.00,0.00,0.00,0.00,0.00,0.00,0.00,0.00,0.00,0.00,293037,335923,453418,308597,350294,469144,0,0,0,0,0,0,0,82264,0,137.03,137.04,137.07
136,1,0,0,0,93622,93622,93622,3657,3657,3657,591,591,591,0.00,0.00,0.00,0.00,0.00,0.00,0.00,0.00,0.00,0.00,0.00,0.00,0.00,0.00,0.00,0.00,0.00,0.00,0.00,0.00,0.00,304025,501246,985471,319750,515006,1001197,0,0,0,0,0,0,0,111162,0,123.33,123.38,123.42
136,2,0,0,0,93618,93618,93618,3661,3661,3661,591,591,591,0.00,0.00,0.00,0.00,0.00,0.00,0.00,0.00,0.00,0.00,0.00,0.00,0.00,0.00,0.00,0.00,0.00,0.00,0.00,0.00,0.00,207402,372260,636893,216044,384904,652619,0,0,0,0,0,0,0,75344,0,125.39,125.45,125.49
136,3,0,0,0,93658,93658,93658,3621,3621,3621,591,591,591,0.00,0.00,0.00,0.00,0.00,0.00,0.00,0.00,0.00,0.00,0.00,0.00,0.00,0.00,0.00,0.00,0.00,0.00,0.00,0.00,0.00,427214,774484,1399569,442940,788244,1410052,0,0,0,0,0,0,0,84330,0,140.08,140.12,140.17
137,0,0,0,0,93654,93654,93654,3625,3625,3625,591,591,591,0.00,0.00,0.00,0.00,0.00,0.00,0.00,0.00,0.00,0.00,0.00,0.00,0.00,0.00,0.00,0.00,0.00,0.00,0.00,0.00,0.00,193938,516316,1247561,200926,529246,1263287,0,0,0,0,0,0,0,109730,0,136.82,136.85,136.92
137,1,0,0,0,93622,93622,93622,3657,3657,3657,591,591,591,0.00,0.00,0.00,0.00,0.00,0.00,0.00,0.00,0.00,0.00,0.00,0.00,0.00,0.00,0.00,0.00,0.00,0.00,0.00,0.00,0.00,314508,356903,474390,327613,371011,490115,0,0,0,0,0,0,0,98849,0,123.32,123.33,123.35
137,2,0,0,0,93618,93618,93618,3661,3661,3661,591,591,591,0.00,0.00,0.00,0.00,0.00,0.00,0.00,0.00,0.00,0.00,0.00,0.00,0.00,0.00,0.00,0.00,0.00,0.00,0.00,0.00,0.00,311892,386851,681452,324997,401004,694557,0,0,0,0,0,0,0,100625,0,125.31,125.38,125.44
137,3,0,0,0,93658,93658,93658,3621,3621,3621,591,591,591,0.00,0.00,0.00,0.00,0.00,0.00,0.00,0.00,0.00,0.00,0.00,0.00,0.00,0.00,0.00,0.00,0.00,0.00,0.00,0.00,0.00,424594,445558,503222,437698,459711,518947,0,0,0,0,0,0,0,112468,0,140.07,140.13,140.16
138,0,0,0,0,93654,93654,93654,3625,3625,3625,591,591,591,0.00,0.00,0.00,0.00,0.00,0.00,0.00,0.00,0.00,0.00,0.00,0.00,0.00,0.00,0.00,0.00,0.00,0.00,0.00,0.00,0.00,301405,383178,678821,317131,396807,689304,0,0,0,0,0,0,0,109724,0,136.79,136.82,136.88
138,1,0,0,0,93622,93622,93622,3657,3657,3657,591,591,591,0.00,0.00,0.00,0.00,0.00,0.00,0.00,0.00,0.00,0.00,0.00,0.00,0.00,0.00,0.00,0.00,0.00,0.00,0.00,0.00,0.00,221896,366211,482246,232379,379315,497971,0,0,0,0,0,0,0,98805,0,123.26,123.29,123.35
138,2,0,0,0,93618,93618,93618,3661,3661,3661,591,591,591,0.00,0.00,0.00,0.00,0.00,0.00,0.00,0.00,0.00,0.00,0.00,0.00,0.00,0.00,0.00,0.00,0.00,0.00,0.00,0.00,0.00,314513,461809,678822,327617,475962,694547,0,0,0,0,0,0,0,100351,0,125.10,125.27,125.39
138,3,0,0,0,93658,93658,93658,3621,3621,3621,591,591,591,0.00,0.00,0.00,0.00,0.00,0.00,0.00,0.00,0.00,0.00,0.00,0.00,0.00,0.00,0.00,0.00,0.00,0.00,0.00,0.00,0.00,419349,454466,571365,435074,468619,584470,0,0,0,0,0,0,0,112421,0,140.04,140.07,140.09
139,0,0,0,0,93654,93654,93654,3625,3625,3625,591,591,591,0.00,0.00,0.00,0.00,0.00,0.00,0.00,0.00,0.00,0.00,0.00,0.00,0.00,0.00,0.00,0.00,0.00,0.00,0.00,0.00,0.00,298786,365356,610676,311891,379509,623781,0,0,0,0,0,0,0,109877,0,136.85,136.95,137.01
139,1,0,0,0,93622,93622,93622,3657,3657,3657,591,591,591,0.00,0.00,0.00,0.00,0.00,0.00,0.00,0.00,0.00,0.00,0.00,0.00,0.00,0.00,0.00,0.00,0.00,0.00,0.00,0.00,0.00,309268,370072,579222,319752,383701,594947,0,0,0,0,0,0,0,98778,0,123.29,123.31,123.33
139,2,0,0,0,93618,93618,93618,3661,3661,3661,591,591,591,0.00,0.00,0.00,0.00,0.00,0.00,0.00,0.00,0.00,0.00,0.00,0.00,0.00,0.00,0.00,0.00,0.00,0.00,0.00,0.00,0.00,309271,526809,1341926,322375,540438,1357651,0,0,0,0,0,0,0,113070,0,125.09,125.14,125.21
139,3,0,0,0,93658,93658,93658,3621,3621,3621,591,591,591,0.00,0.00,0.00,0.00,0.00,0.00,0.00,0.00,0.00,0.00,0.00,0.00,0.00,0.00,0.00,0.00,0.00,0.00,0.00,0.00,0.00,284808,411974,511087,293545,424678,524192,0,0,0,0,0,0,0,126391,0,139.95,140.01,140.06
140,0,0,0,0,93654,93654,93654,3625,3625,3625,591,591,591,0.00,0.00,0.00,0.00,0.00,0.00,0.00,0.00,0.00,0.00,0.00,0.00,0.00,0.00,0.00,0.00,0.00,0.00,0.00,0.00,0.00,193555,492652,1184655,203924,505734,1197760,0,0,0,0,0,0,0,123442,0,136.76,136.85,136.95
140,1,0,0,0,93622,93622,93622,3657,3657,3657,591,591,591,0.00,0.00,0.00,0.00,0.00,0.00,0.00,0.00,0.00,0.00,0.00,0.00,0.00,0.00,0.00,0.00,0.00,0.00,0.00,0.00,0.00,301403,468619,995948,317128,482772,1009052,0,0,0,0,0,0,0,98844,0,123.27,123.32,123.35
140,2,0,0,0,93618,93618,93618,3661,3661,3661,591,591,591,0.00,0.00,0.00,0.00,0.00,0.00,0.00,0.00,0.00,0.00,0.00,0.00,0.00,0.00,0.00,0.00,0.00,0.00,0.00,0.00,0.00,207759,436266,723406,216274,449501,739132,0,0,0,0,0,0,0,100448,0,125.25,125.29,125.32
140,3,0,0,0,93658,93658,93658,3621,3621,3621,591,591,591,0.00,0.00,0.00,0.00,0.00,0.00,0.00,0.00,0.00,0.00,0.00,0.00,0.00,0.00,0.00,0.00,0.00,0.00,0.00,0.00,0.00,416709,695067,1027405,429813,708696,1040510,0,0,0,0,0,0,0,112408,0,140.00,140.07,140.14
141,0,0,0,0,93654,93654,93654,3625,3625,3625,591,591,591,0.00,0.00,0.00,0.00,0.00,0.00,0.00,0.00,0.00,0.00,0.00,0.00,0.00,0.00,0.00,0.00,0.00,0.00,0.00,0.00,0.00,298782,362734,597574,314506,376363,610678,0,0,0,0,0,0,0,109806,0,136.83,136.94,137.01
141,1,0,0,0,93622,93622,93622,3657,3657,3657,591,591,591,0.00,0.00,0.00,0.00,0.00,0.00,0.00,0.00,0.00,0.00,0.00,0.00,0.00,0.00,0.00,0.00,0.00,0.00,0.00,0.00,0.00,304027,357278,458661,317132,370855,471765,0,0,0,0,0,0,0,98880,0,123.32,123.34,123.36
141,2,0,0,0,93618,93618,93618,3661,3661,3661,591,591,591,0.00,0.00,0.00,0.00,0.00,0.00,0.00,0.00,0.00,0.00,0.00,0.00,0.00,0.00,0.00,0.00,0.00,0.00,0.00,0.00,0.00,309276,382657,657859,322381,396810,670964,0,0,0,0,0,0,0,100459,0,125.23,125.27,125.30
141,3,0,0,0,93658,93658,93658,3621,3621,3621,591,591,591,0.00,0.00,0.00,0.00,0.00,0.00,0.00,0.00,0.00,0.00,0.00,0.00,0.00,0.00,0.00,0.00,0.00,0.00,0.00,0.00,0.00,419344,439792,492735,432449,453945,508461,0,0,0,0,0,0,0,112397,0,139.96,140.00,140.05
142,0,0,0,0,93654,93654,93654,3625,3625,3625,591,591,591,0.00,0.00,0.00,0.00,0.00,0.00,0.00,0.00,0.00,0.00,0.00,0.00,0.00,0.00,0.00,0.00,0.00,0.00,0.00,0.00,0.00,306650,448174,665720,322355,462327,678824,0,0,0,0,0,0,0,109868,0,136.92,136.97,136.99
142,1,0,0,0,93622,93622,93622,3657,3657,3657,591,591,591,0.00,0.00,0.00,0.00,0.00,0.00,0.00,0.00,0.00,0.00,0.00,0.00,0.00,0.00,0.00,0.00,0.00,0.00,0.00,0.00,0.00,204433,356970,497981,213169,369725,511085,0,0,0,0,0,0,0,98897,0,123.39,123.45,123.48
142,2,0,0,0,93618,93618,93618,3661,3661,3661,591,591,591,0.00,0.00,0.00,0.00,0.00,0.00,0.00,0.00,0.00,0.00,0.00,0.00,0.00,0.00,0.00,0.00,0.00,0.00,0.00,0.00,0.00,311890,394179,678772,327616,408332,691876,0,0,0,0,0,0,0,100535,0,125.25,125.29,125.34
142,3,0,0,0,93658,93658,93658,3621,3621,3621,591,591,591,0.00,0.00,0.00,0.00,0.00,0.00,0.00,0.00,0.00,0.00,0.00,0.00,0.00,0.00,0.00,0.00,0.00,0.00,0.00,0.00,0.00,416730,497452,639500,429835,511605,652605,0,0,0,0,0,0,0,112399,0,139.92,139.96,139.98
143,0,0,0,0,93654,93654,93654,3625,3625,3625,591,591,591,0.00,0.00,0.00,0.00,0.00,0.00,0.00,0.00,0.00,0.00,0.00,0.00,0.00,0.00,0.00,0.00,0.00,0.00,0.00,0.00,0.00,293543,342030,477006,309269,356445,492731,0,0,0,0,0,0,0,82348,0,137.03,137.04,137.05
143,1,0,0,0,93622,93622,93622,3657,3657,3657,591,591,591,0.00,0.00,0.00,0.00,0.00,0.00,0.00,0.00,0.00,0.00,0.00,0.00,0.00,0.00,0.00,0.00,0.00,0.00,0.00,0.00,0.00,301406,306619,311890,314510,321032,327615,0,0,0,0,0,0,0,86356,0,123.29,123.34,123.38
143,2,0,0,0,93618,93618,93618,3661,3661,3661,591,591,591,0.00,0.00,0.00,0.00,0.00,0.00,0.00,0.00,0.00,0.00,0.00,0.00,0.00,0.00,0.00,0.00,0.00,0.00,0.00,0.00,0.00,314506,652613,1331442,324997,666373,1347167,0,0,0,0,0,0,0,75338,0,125.21,125.25,125.29
143,3,0,0,0,93658,93658,93658,3621,3621,3621,591,591,591,0.00,0.00,0.00,0.00,0.00,0.00,0.00,0.00,0.00,0.00,0.00,0.00,0.00,0.00,0.00,0.00,0.00,0.00,0.00,0.00,0.00,293546,610392,1310478,302282,623051,1323582,0,0,0,0,0,0,0,98459,0,139.96,140.03,140.08
144,0,0,0,0,93654,93654,93654,3625,3625,3625,591,591,591,0.00,0.00,0.00,0.00,0.00,0.00,0.00,0.00,0.00,0.00,0.00,0.00,0.00,0.00,0.00,0.00,0.00,0.00,0.00,0.00,0.00,195695,460582,1200376,206179,473162,1216101,0,0,0,0,0,0,0,123604,0,136.91,137.00,137.04
144,1,0,0,0,93622,93622,93622,3657,3657,3657,591,591,591,0.00,0.00,0.00,0.00,0.00,0.00,0.00,0.00,0.00,0.00,0.00,0.00,0.00,0.00,0.00,0.00,0.00,0.00,0.00,0.00,0.00,301181,475331,689267,316895,488957,702371,0,0,0,0,0,0,0,98808,0,123.27,123.32,123.34
144,2,0,0,0,93618,93618,93618,3661,3661,3661,591,591,591,0.00,0.00,0.00,0.00,0.00,0.00,0.00,0.00,0.00,0.00,0.00,0.00,0.00,0.00,0.00,0.00,0.00,0.00,0.00,0.00,0.00,311892,349457,489227,327617,362194,497870,0,0,0,0,0,0,0,100386,0,125.09,125.16,125.19
144,3,0,0,0,93658,93658,93658,3621,3621,3621,591,591,591,0.00,0.00,0.00,0.00,0.00,0.00,0.00,0.00,0.00,0.00,0.00,0.00,0.00,0.00,0.00,0.00,0.00,0.00,0.00,0.00,0.00,424592,537816,922571,437697,551969,935675,0,0,0,0,0,0,0,112639,0,140.15,140.25,140.31
145,0,0,0,0,93654,93654,93654,3625,3625,3625,591,591,591,0.00,0.00,0.00,0.00,0.00,0.00,0.00,0.00,0.00,0.00,0.00,0.00,0.00,0.00,0.00,0.00,0.00,0.00,0.00,0.00,0.00,301390,424580,663095,314494,438209,676200,0,0,0,0,0,0,0,109649,0,136.76,136.79,136.85
145,1,0,0,0,93622,93622,93622,3657,3657,3657,591,591,591,0.00,0.00,0.00,0.00,0.00,0.00,0.00,0.00,0.00,0.00,0.00,0.00,0.00,0.00,0.00,0.00,0.00,0.00,0.00,0.00,0.00,314511,377348,435074,330237,391457,448179,0,0,0,0,0,0,0,98817,0,123.33,123.34,123.36
145,2,0,0,0,93618,93618,93618,3661,3661,3661,591,591,591,0.00,0.00,0.00,0.00,0.00,0.00,0.00,0.00,0.00,0.00,0.00,0.00,0.00,0.00,0.00,0.00,0.00,0.00,0.00,0.00,0.00,309261,384751,665722,322365,398903,681447,0,0,0,0,0,0,0,100429,0,125.16,125.19,125.24
145,3,0,0,0,93658,93658,93658,3621,3621,3621,591,591,591,0.00,0.00,0.00,0.00,0.00,0.00,0.00,0.00,0.00,0.00,0.00,0.00,0.00,0.00,0.00,0.00,0.00,0.00,0.00,0.00,0.00,427214,502162,668300,440319,515791,681404,0,0,0,0,0,0,0,112637,0,140.24,140.26,140.29
146,0,0,0,0,93654,93654,93654,3625,3625,3625,591,591,591,0.00,0.00,0.00,0.00,0.00,0.00,0.00,0.00,0.00,0.00,0.00,0.00,0.00,0.00,0.00,0.00,0.00,0.00,0.00,0.00,0.00,296163,373217,631634,311889,387894,647359,0,0,0,0,0,0,0,109777,0,136.76,136.84,136.91
146,1,0,0,0,93622,93622,93622,3657,3657,3657,591,591,591,0.00,0.00,0.00,0.00,0.00,0.00,0.00,0.00,0.00,0.00,0.00,0.00,0.00,0.00,0.00,0.00,0.00,0.00,0.00,0.00,0.00,300535,309620,322377,311019,322200,335482,0,0,0,0,0,0,0,98794,0,123.28,123.31,123.33
146,2,0,0,0,93618,93618,93618,3661,3661,3661,591,591,591,0.00,0.00,0.00,0.00,0.00,0.00,0.00,0.00,0.00,0.00,0.00,0.00,0.00,0.00,0.00,0.00,0.00,0.00,0.00,0.00,0.00,311893,386326,655236,324998,399955,670961,0,0,0,0,0,0,0,112876,0,125.12,125.14,125.18
146,3,0,0,0,93658,93658,93658,3621,3621,3621,591,591,591,0.00,0.00,0.00,0.00,0.00,0.00,0.00,0.00,0.00,0.00,0.00,0.00,0.00,0.00,0.00,0.00,0.00,0.00,0.00,0.00,0.00,421971,471245,652620,437699,485923,665725,0,0,0,0,0,0,0,112617,0,140.26,140.31,140.33
147,0,0,0,0,93654,93654,93654,3625,3625,3625,591,591,591,0.00,0.00,0.00,0.00,0.00,0.00,0.00,0.00,0.00,0.00,0.00,0.00,0.00,0.00,0.00,0.00,0.00,0.00,0.00,0.00,0.00,293543,331191,463906,306648,344814,474390,0,0,0,0,0,0,0,109851,0,136.97,136.99,137.02
147,1,0,0,0,93622,93622,93622,3657,3657,3657,591,591,591,0.00,0.00,0.00,0.00,0.00,0.00,0.00,0.00,0.00,0.00,0.00,0.00,0.00,0.00,0.00,0.00,0.00,0.00,0.00,0.00,0.00,301408,459188,1011686,314512,473341,1027412,0,0,0,0,0,0,0,111177,0,123.28,123.31,123.36
147,2,0,0,0,93618,93618,93618,3661,3661,3661,591,591,591,0.00,0.00,0.00,0.00,0.00,0.00,0.00,0.00,0.00,0.00,0.00,0.00,0.00,0.00,0.00,0.00,0.00,0.00,0.00,0.00,0.00,314512,593374,1368135,327617,607527,1383861,0,0,0,0,0,0,0,100434,0,125.13,125.16,125.21
147,3,0,0,0,93658,93658,93658,3621,3621,3621,591,591,591,0.00,0.00,0.00,0.00,0.00,0.00,0.00,0.00,0.00,0.00,0.00,0.00,0.00,0.00,0.00,0.00,0.00,0.00,0.00,0.00,0.00,288267,677983,1284263,298749,690531,1297367,0,0,0,0,0,0,0,126758,0,140.31,140.41,140.43
148,0,0,0,0,93654,93654,93654,3625,3625,3625,591,591,591,0.00,0.00,0.00,0.00,0.00,0.00,0.00,0.00,0.00,0.00,0.00,0.00,0.00,0.00,0.00,0.00,0.00,0.00,0.00,0.00,0.00,199191,520567,1213485,207927,533311,1226590,0,0,0,0,0,0,0,109721,0,136.90,136.93,136.98
148,1,0,0,0,93622,93622,93622,3657,3657,3657,591,591,591,0.00,0.00,0.00,0.00,0.00,0.00,0.00,0.00,0.00,0.00,0.00,0.00,0.00,0.00,0.00,0.00,0.00,0.00,0.00,0.00,0.00,311873,351725,474391,324977,365354,487495,0,0,0,0,0,0,0,98848,0,123.34,123.36,123.42
148,2,0,0,0,93618,93618,93618,3661,3661,3661,591,591,591,0.00,0.00,0.00,0.00,0.00,0.00,0.00,0.00,0.00,0.00,0.00,0.00,0.00,0.00,0.00,0.00,0.00,0.00,0.00,0.00,0.00,207620,371242,702416,218001,384326,715521,0,0,0,0,0,0,0,100461,0,125.22,125.25,125.28
148,3,0,0,0,93658,93658,93658,3621,3621,3621,591,591,591,0.00,0.00,0.00,0.00,0.00,0.00,0.00,0.00,0.00,0.00,0.00,0.00,0.00,0.00,0.00,0.00,0.00,0.00,0.00,0.00,0.00,419327,446077,508464,435052,459706,521569,0,0,0,0,0,0,0,112691,0,140.33,140.36,140.38
149,0,0,0,0,93654,93654,93654,3625,3625,3625,591,591,591,0.00,0.00,0.00,0.00,0.00,0.00,0.00,0.00,0.00,0.00,0.00,0.00,0.00,0.00,0.00,0.00,0.00,0.00,0.00,0.00,0.00,301407,381936,681773,317132,396081,694784,0,0,0,0,0,0,0,109906,0,136.88,137.00,137.09
149,1,0,0,0,93622,93622,93622,3657,3657,3657,591,591,591,0.00,0.00,0.00,0.00,0.00,0.00,0.00,0.00,0.00,0.00,0.00,0.00,0.00,0.00,0.00,0.00,0.00,0.00,0.00,0.00,0.00,304029,368503,469150,319754,382656,484876,0,0,0,0,0,0,0,98839,0,123.33,123.36,123.39
149,2,0,0,0,93618,93618,93618,3661,3661,3661,591,591,591,0.00,0.00,0.00,0.00,0.00,0.00,0.00,0.00,0.00,0.00,0.00,0.00,0.00,0.00,0.00,0.00,0.00,0.00,0.00,0.00,0.00,311891,460228,694508,327617,473857,707612,0,0,0,0,0,0,0,100461,0,125.26,125.28,125.32
149,3,0,0,0,93658,93658,93658,3621,3621,3621,591,591,591,0.00,0.00,0.00,0.00,0.00,0.00,0.00,0.00,0.00,0.00,0.00,0.00,0.00,0.00,0.00,0.00,0.00,0.00,0.00,0.00,0.00,416723,452897,547778,432448,467050,563503,0,0,0,0,0,0,0,112560,0,140.26,140.32,140.40
150,0,0,0,0,93654,93654,93654,3625,3625,3625,591,591,591,0.00,0.00,0.00,0.00,0.00,0.00,0.00,0.00,0.00,0.00,0.00,0.00,0.00,0.00,0.00,0.00,0.00,0.00,0.00,0.00,0.00,293544,362557,610638,307088,376702,626362,0,0,0,0,0,0,0,109800,0,136.94,137.00,137.03
150,1,0,0,0,93622,93622,93622,3657,3657,3657,591,591,591,0.00,0.00,0.00,0.00,0.00,0.00,0.00,0.00,0.00,0.00,0.00,0.00,0.00,0.00,0.00,0.00,0.00,0.00,0.00,0.00,0.00,304029,323424,382658,319755,336703,391395,0,0,0,0,0,0,0,74012,0,123.24,123.28,123.34
150,2,0,0,0,93618,93618,93618,3661,3661,3661,591,591,591,0.00,0.00,0.00,0.00,0.00,0.00,0.00,0.00,0.00,0.00,0.00,0.00,0.00,0.00,0.00,0.00,0.00,0.00,0.00,0.00,0.00,314514,518421,1307851,327619,532574,1323577,0,0,0,0,0,0,0,113082,0,125.13,125.17,125.19
150,3,0,0,0,93658,93658,93658,3621,3621,3621,591,591,591,0.00,0.00,0.00,0.00,0.00,0.00,0.00,0.00,0.00,0.00,0.00,0.00,0.00,0.00,0.00,0.00,0.00,0.00,0.00,0.00,0.00,419304,438208,490120,434930,452341,503224,0,0,0,0,0,0,0,84421,0,140.28,140.34,140.37
151,0,0,0,0,93654,93654,93654,3625,3625,3625,591,591,591,0.00,0.00,0.00,0.00,0.00,0.00,0.00,0.00,0.00,0.00,0.00,0.00,0.00,0.00,0.00,0.00,0.00,0.00,0.00,0.00,0.00,294175,341834,474390,307192,355588,487494,0,0,0,0,0,0,0,96073,0,137.01,137.03,137.05
151,1,0,0,0,93622,93622,93622,3657,3657,3657,591,591,591,0.00,0.00,0.00,0.00,0.00,0.00,0.00,0.00,0.00,0.00,0.00,0.00,0.00,0.00,0.00,0.00,0.00,0.00,0.00,0.00,0.00,351206,514344,964447,364310,528104,977551,0,0,0,0,0,0,0,98798,0,123.25,123.30,123.33
151,2,0,0,0,93618,93618,93618,3661,3661,3661,591,591,591,0.00,0.00,0.00,0.00,0.00,0.00,0.00,0.00,0.00,0.00,0.00,0.00,0.00,0.00,0.00,0.00,0.00,0.00,0.00,0.00,0.00,311884,401656,663096,324988,415416,676201,0,0,0,0,0,0,0,75375,0,125.25,125.29,125.33
151,3,0,0,0,93658,93658,93658,3621,3621,3621,591,591,591,0.00,0.00,0.00,0.00,0.00,0.00,0.00,0.00,0.00,0.00,0.00,0.00,0.00,0.00,0.00,0.00,0.00,0.00,0.00,0.00,0.00,421972,655891,922575,435076,668559,931311,0,0,0,0,0,0,0,112574,0,140.32,140.35,140.38
152,0,0,0,0,93654,93654,93654,3625,3625,3625,591,591,591,0.00,0.00,0.00,0.00,0.00,0.00,0.00,0.00,0.00,0.00,0.00,0.00,0.00,0.00,0.00,0.00,0.00,0.00,0.00,0.00,0.00,199188,501052,1126716,211419,513820,1139016,0,0,0,0,0,0,0,109664,0,136.82,136.95,137.03
152,1,0,0,0,93622,93622,93622,3657,3657,3657,591,591,591,0.00,0.00,0.00,0.00,0.00,0.00,0.00,0.00,0.00,0.00,0.00,0.00,0.00,0.00,0.00,0.00,0.00,0.00,0.00,0.00,0.00,306649,354874,461281,319754,369027,474385,0,0,0,0,0,0,0,98748,0,123.18,123.25,123.30
152,2,0,0,0,93618,93618,93618,3661,3661,3661,591,591,591,0.00,0.00,0.00,0.00,0.00,0.00,0.00,0.00,0.00,0.00,0.00,0.00,0.00,0.00,0.00,0.00,0.00,0.00,0.00,0.00,0.00,208995,443713,744350,217631,457000,757455,0,0,0,0,0,0,0,100501,0,125.20,125.23,125.26
152,3,0,0,0,93658,93658,93658,3621,3621,3621,591,591,591,0.00,0.00,0.00,0.00,0.00,0.00,0.00,0.00,0.00,0.00,0.00,0.00,0.00,0.00,0.00,0.00,0.00,0.00,0.00,0.00,0.00,416731,438221,490115,429835,451850,500598,0,0,0,0,0,0,0,112664,0,140.33,140.39,140.43
153,0,0,0,0,93654,93654,93654,3625,3625,3625,591,591,591,0.00,0.00,0.00,0.00,0.00,0.00,0.00,0.00,0.00,0.00,0.00,0.00,0.00,0.00,0.00,0.00,0.00,0.00,0.00,0.00,0.00,298785,375315,639504,311889,389467,655229,0,0,0,0,0,0,0,109765,0,136.82,136.88,136.92
153,1,0,0,0,93622,93622,93622,3657,3657,3657,591,591,591,0.00,0.00,0.00,0.00,0.00,0.00,0.00,0.00,0.00,0.00,0.00,0.00,0.00,0.00,0.00,0.00,0.00,0.00,0.00,0.00,0.00,306649,344914,461283,319754,358543,474388,0,0,0,0,0,0,0,98802,0,123.15,123.21,123.27
153,2,0,0,0,93618,93618,93618,3661,3661,3661,591,591,591,0.00,0.00,0.00,0.00,0.00,0.00,0.00,0.00,0.00,0.00,0.00,0.00,0.00,0.00,0.00,0.00,0.00,0.00,0.00,0.00,0.00,309271,380035,655231,322376,393664,670957,0,0,0,0,0,0,0,100414,0,125.20,125.23,125.29
153,3,0,0,0,93658,93658,93658,3621,3621,3621,591,591,591,0.00,0.00,0.00,0.00,0.00,0.00,0.00,0.00,0.00,0.00,0.00,0.00,0.00,0.00,0.00,0.00,0.00,0.00,0.00,0.00,0.00,419352,460230,600163,435078,474383,613267,0,0,0,0,0,0,0,112529,0,140.30,140.34,140.39
154,0,0,0,0,93654,93654,93654,3625,3625,3625,591,591,591,0.00,0.00,0.00,0.00,0.00,0.00,0.00,0.00,0.00,0.00,0.00,0.00,0.00,0.00,0.00,0.00,0.00,0.00,0.00,0.00,0.00,296161,403622,626403,309269,417250,639508,0,0,0,0,0,0,0,109843,0,136.80,136.87,136.98
154,1,0,0,0,93622,93622,93622,3657,3657,3657,591,591,591,0.00,0.00,0.00,0.00,0.00,0.00,0.00,0.00,0.00,0.00,0.00,0.00,0.00,0.00,0.00,0.00,0.00,0.00,0.00,0.00,0.00,306649,364827,579195,322374,378980,592299,0,0,0,0,0,0,0,111130,0,123.28,123.31,123.34
154,2,0,0,0,93618,93618,93618,3661,3661,3661,591,591,591,0.00,0.00,0.00,0.00,0.00,0.00,0.00,0.00,0.00,0.00,0.00,0.00,0.00,0.00,0.00,0.00,0.00,0.00,0.00,0.00,0.00,314512,596004,1452009,327617,610157,1465114,0,0,0,0,0,0,0,113265,0,125.28,125.42,125.49
154,3,0,0,0,93658,93658,93658,3621,3621,3621,591,591,591,0.00,0.00,0.00,0.00,0.00,0.00,0.00,0.00,0.00,0.00,0.00,0.00,0.00,0.00,0.00,0.00,0.00,0.00,0.00,0.00,0.00,419358,453424,503224,435075,467053,518950,0,0,0,0,0,0,0,126479,0,140.20,140.24,140.27
155,0,0,0,0,93654,93654,93654,3625,3625,3625,591,591,591,0.00,0.00,0.00,0.00,0.00,0.00,0.00,0.00,0.00,0.00,0.00,0.00,0.00,0.00,0.00,0.00,0.00,0.00,0.00,0.00,0.00,296148,480318,1204834,306631,493920,1220549,0,0,0,0,0,0,0,123540,0,136.92,137.00,137.07
155,1,0,0,0,93622,93622,93622,3657,3657,3657,591,591,591,0.00,0.00,0.00,0.00,0.00,0.00,0.00,0.00,0.00,0.00,0.00,0.00,0.00,0.00,0.00,0.00,0.00,0.00,0.00,0.00,0.00,60281,402050,988090,73386,416203,1001195,0,0,0,0,0,0,0,98772,0,123.26,123.28,123.31
155,2,0,0,0,93618,93618,93618,3661,3661,3661,591,591,591,0.00,0.00,0.00,0.00,0.00,0.00,0.00,0.00,0.00,0.00,0.00,0.00,0.00,0.00,0.00,0.00,0.00,0.00,0.00,0.00,0.00,306633,396282,710275,319737,409911,728622,0,0,0,0,0,0,0,100590,0,125.36,125.42,125.47
155,3,0,0,0,93658,93658,93658,3621,3621,3621,591,591,591,0.00,0.00,0.00,0.00,0.00,0.00,0.00,0.00,0.00,0.00,0.00,0.00,0.00,0.00,0.00,0.00,0.00,0.00,0.00,0.00,0.00,427190,602287,833460,437699,615916,849186,0,0,0,0,0,0,0,112627,0,140.22,140.27,140.31
156,0,0,0,0,93654,93654,93654,3625,3625,3625,591,591,591,0.00,0.00,0.00,0.00,0.00,0.00,0.00,0.00,0.00,0.00,0.00,0.00,0.00,0.00,0.00,0.00,0.00,0.00,0.00,0.00,0.00,298784,436101,694548,314506,450777,710273,0,0,0,0,0,0,0,109964,0,136.93,137.03,137.14
156,1,0,0,0,93622,93622,93622,3657,3657,3657,591,591,591,0.00,0.00,0.00,0.00,0.00,0.00,0.00,0.00,0.00,0.00,0.00,0.00,0.00,0.00,0.00,0.00,0.00,0.00,0.00,0.00,0.00,309270,356927,453423,319753,369967,469149,0,0,0,0,0,0,0,98772,0,123.26,123.29,123.33
156,2,0,0,0,93618,93618,93618,3661,3661,3661,591,591,591,0.00,0.00,0.00,0.00,0.00,0.00,0.00,0.00,0.00,0.00,0.00,0.00,0.00,0.00,0.00,0.00,0.00,0.00,0.00,0.00,0.00,309202,374675,628494,324924,388741,641166,0,0,0,0,0,0,0,100479,0,125.34,125.41,125.46
156,3,0,0,0,93658,93658,93658,3621,3621,3621,591,591,591,0.00,0.00,0.00,0.00,0.00,0.00,0.00,0.00,0.00,0.00,0.00,0.00,0.00,0.00,0.00,0.00,0.00,0.00,0.00,0.00,0.00,421976,453947,524190,437702,468100,539915,0,0,0,0,0,0,0,112708,0,140.27,140.33,140.41
157,0,0,0,0,93654,93654,93654,3625,3625,3625,591,591,591,0.00,0.00,0.00,0.00,0.00,0.00,0.00,0.00,0.00,0.00,0.00,0.00,0.00,0.00,0.00,0.00,0.00,0.00,0.00,0.00,0.00,298772,367972,618527,309256,381076,634252,0,0,0,0,0,0,0,109771,0,136.94,137.05,137.13
157,1,0,0,0,93622,93622,93622,3657,3657,3657,591,591,591,0.00,0.00,0.00,0.00,0.00,0.00,0.00,0.00,0.00,0.00,0.00,0.00,0.00,0.00,0.00,0.00,0.00,0.00,0.00,0.00,0.00,301407,392640,576602,317130,406785,589707,0,0,0,0,0,0,0,98817,0,123.24,123.26,123.29
157,2,0,0,0,93618,93618,93618,3661,3661,3661,591,591,591,0.00,0.00,0.00,0.00,0.00,0.00,0.00,0.00,0.00,0.00,0.00,0.00,0.00,0.00,0.00,0.00,0.00,0.00,0.00,0.00,0.00,309252,392088,681444,322356,406241,697170,0,0,0,0,0,0,0,113002,0,125.21,125.23,125.27
157,3,0,0,0,93658,93658,93658,3621,3621,3621,591,591,591,0.00,0.00,0.00,0.00,0.00,0.00,0.00,0.00,0.00,0.00,0.00,0.00,0.00,0.00,0.00,0.00,0.00,0.00,0.00,0.00,0.00,416730,466526,560871,429835,480679,576597,0,0,0,0,0,0,0,112493,0,140.17,140.27,140.34
158,0,0,0,0,93654,93654,93654,3625,3625,3625,591,591,591,0.00,0.00,0.00,0.00,0.00,0.00,0.00,0.00,0.00,0.00,0.00,0.00,0.00,0.00,0.00,0.00,0.00,0.00,0.00,0.00,0.00,293542,334953,484870,306647,349631,497975,0,0,0,0,0,0,0,82270,0,136.90,136.94,136.97
158,1,0,0,0,93622,93622,93622,3657,3657,3657,591,591,591,0.00,0.00,0.00,0.00,0.00,0.00,0.00,0.00,0.00,0.00,0.00,0.00,0.00,0.00,0.00,0.00,0.00,0.00,0.00,0.00,0.00,306648,459708,977599,322374,473861,993325,0,0,0,0,0,0,0,86407,0,123.31,123.32,123.36
158,2,0,0,0,93618,93618,93618,3661,3661,3661,591,591,591,0.00,0.00,0.00,0.00,0.00,0.00,0.00,0.00,0.00,0.00,0.00,0.00,0.00,0.00,0.00,0.00,0.00,0.00,0.00,0.00,0.00,319753,532571,1001198,332857,545675,1014302,0,0,0,0,0,0,0,75349,0,125.22,125.25,125.27
158,3,0,0,0,93658,93658,93658,3621,3621,3621,591,591,591,0.00,0.00,0.00,0.00,0.00,0.00,0.00,0.00,0.00,0.00,0.00,0.00,0.00,0.00,0.00,0.00,0.00,0.00,0.00,0.00,0.00,419331,626404,1399594,432435,640557,1412699,0,0,0,0,0,0,0,98413,0,140.17,140.23,140.26
159,0,0,0,0,93654,93654,93654,3625,3625,3625,591,591,591,0.00,0.00,0.00,0.00,0.00,0.00,0.00,0.00,0.00,0.00,0.00,0.00,0.00,0.00,0.00,0.00,0.00,0.00,0.00,0.00,0.00,269956,487479,1013688,280440,501129,1029404,0,0,0,0,0,0,0,123516,0,136.77,136.81,136.86
159,1,0,0,0,93622,93622,93622,3657,3657,3657,591,591,591,0.00,0.00,0.00,0.00,0.00,0.00,0.00,0.00,0.00,0.00,0.00,0.00,0.00,0.00,0.00,0.00,0.00,0.00,0.00,0.00,0.00,304027,355916,424588,317131,369545,437693,0,0,0,0,0,0,0,98816,0,123.30,123.33,123.36
159,2,0,0,0,93618,93618,93618,3661,3661,3661,591,591,591,0.00,0.00,0.00,0.00,0.00,0.00,0.00,0.00,0.00,0.00,0.00,0.00,0.00,0.00,0.00,0.00,0.00,0.00,0.00,0.00,0.00,311891,388946,684069,327617,403100,697174,0,0,0,0,0,0,0,100521,0,125.27,125.33,125.39
159,3,0,0,0,93658,93658,93658,3621,3621,3621,591,591,591,0.00,0.00,0.00,0.00,0.00,0.00,0.00,0.00,0.00,0.00,0.00,0.00,0.00,0.00,0.00,0.00,0.00,0.00,0.00,0.00,0.00,424590,518422,794139,437701,532051,807244,0,0,0,0,0,0,0,112544,0,140.19,140.25,140.31
160,0,0,0,0,93654,93654,93654,3625,3625,3625,591,591,591,0.00,0.00,0.00,0.00,0.00,0.00,0.00,0.00,0.00,0.00,0.00,0.00,0.00,0.00,0.00,0.00,0.00,0.00,0.00,0.00,0.00,298768,378248,677780,311872,391873,693482,0,0,0,0,0,0,0,109832,0,136.84,136.87,136.88
160,1,0,0,0,93622,93622,93622,3657,3657,3657,591,591,591,0.00,0.00,0.00,0.00,0.00,0.00,0.00,0.00,0.00,0.00,0.00,0.00,0.00,0.00,0.00,0.00,0.00,0.00,0.00,0.00,0.00,314829,359131,437697,327731,373243,453423,0,0,0,0,0,0,0,98884,0,123.33,123.36,123.42
160,2,0,0,0,93618,93618,93618,3661,3661,3661,591,591,591,0.00,0.00,0.00,0.00,0.00,0.00,0.00,0.00,0.00,0.00,0.00,0.00,0.00,0.00,0.00,0.00,0.00,0.00,0.00,0.00,0.00,306257,377993,647548,321699,392097,660448,0,0,0,0,0,0,0,100560,0,125.38,125.42,125.45
160,3,0,0,0,93658,93658,93658,3621,3621,3621,591,591,591,0.00,0.00,0.00,0.00,0.00,0.00,0.00,0.00,0.00,0.00,0.00,0.00,0.00,0.00,0.00,0.00,0.00,0.00,0.00,0.00,0.00,414106,453941,558263,427210,468094,573989,0,0,0,0,0,0,0,112418,0,140.10,140.14,140.17
161,0,0,0,0,93654,93654,93654,3625,3625,3625,591,591,591,0.00,0.00,0.00,0.00,0.00,0.00,0.00,0.00,0.00,0.00,0.00,0.00,0.00,0.00,0.00,0.00,0.00,0.00,0.00,0.00,0.00,296165,365308,613296,311890,379459,626400,0,0,0,0,0,0,0,109771,0,136.91,136.94,136.96
161,1,0,0,0,93622,93622,93622,3657,3657,3657,591,591,591,0.00,0.00,0.00,0.00,0.00,0.00,0.00,0.00,0.00,0.00,0.00,0.00,0.00,0.00,0.00,0.00,0.00,0.00,0.00,0.00,0.00,195674,317470,471740,204409,330749,484844,0,0,0,0,0,0,0,98774,0,123.25,123.29,123.35
161,2,0,0,0,93618,93618,93618,3661,3661,3661,591,591,591,0.00,0.00,0.00,0.00,0.00,0.00,0.00,0.00,0.00,0.00,0.00,0.00,0.00,0.00,0.00,0.00,0.00,0.00,0.00,0.00,0.00,309268,605434,1370739,324996,619587,1383844,0,0,0,0,0,0,0,113177,0,125.32,125.36,125.41
161,3,0,0,0,93658,93658,93658,3621,3621,3621,591,591,591,0.00,0.00,0.00,0.00,0.00,0.00,0.00,0.00,0.00,0.00,0.00,0.00,0.00,0.00,0.00,0.00,0.00,0.00,0.00,0.00,0.00,419353,462336,613304,435079,475965,626409,0,0,0,0,0,0,0,112433,0,139.99,140.02,140.05
162,0,0,0,0,93654,93654,93654,3625,3625,3625,591,591,591,0.00,0.00,0.00,0.00,0.00,0.00,0.00,0.00,0.00,0.00,0.00,0.00,0.00,0.00,0.00,0.00,0.00,0.00,0.00,0.00,0.00,296147,332768,466522,309267,346916,482247,0,0,0,0,0,0,0,123384,0,136.88,136.93,136.97
162,1,0,0,0,93622,93622,93622,3657,3657,3657,591,591,591,0.00,0.00,0.00,0.00,0.00,0.00,0.00,0.00,0.00,0.00,0.00,0.00,0.00,0.00,0.00,0.00,0.00,0.00,0.00,0.00,0.00,304027,503739,1016918,317132,517892,1032643,0,0,0,0,0,0,0,98807,0,123.24,123.27,123.32
162,2,0,0,0,93618,93618,93618,3661,3661,3661,591,591,591,0.00,0.00,0.00,0.00,0.00,0.00,0.00,0.00,0.00,0.00,0.00,0.00,0.00,0.00,0.00,0.00,0.00,0.00,0.00,0.00,0.00,319754,380033,608060,332859,393662,623786,0,0,0,0,0,0,0,100981,0,125.48,125.72,125.96
162,3,0,0,0,93658,93658,93658,3621,3621,3621,591,591,591,0.00,0.00,0.00,0.00,0.00,0.00,0.00,0.00,0.00,0.00,0.00,0.00,0.00,0.00,0.00,0.00,0.00,0.00,0.00,0.00,0.00,424585,638811,791517,437689,651915,804621,0,0,0,0,0,0,0,112385,0,140.08,140.13,140.17
163,0,0,0,0,93654,93654,93654,3625,3625,3625,591,591,591,0.00,0.00,0.00,0.00,0.00,0.00,0.00,0.00,0.00,0.00,0.00,0.00,0.00,0.00,0.00,0.00,0.00,0.00,0.00,0.00,0.00,290874,527730,1189898,306597,541819,1200382,0,0,0,0,0,0,0,109728,0,136.87,136.91,136.96
163,1,0,0,0,93622,93622,93622,3657,3657,3657,591,591,591,0.00,0.00,0.00,0.00,0.00,0.00,0.00,0.00,0.00,0.00,0.00,0.00,0.00,0.00,0.00,0.00,0.00,0.00,0.00,0.00,0.00,304022,348577,419347,317127,362206,437694,0,0,0,0,0,0,0,98840,0,123.27,123.28,123.30
163,2,0,0,0,93618,93618,93618,3661,3661,3661,591,591,591,0.00,0.00,0.00,0.00,0.00,0.00,0.00,0.00,0.00,0.00,0.00,0.00,0.00,0.00,0.00,0.00,0.00,0.00,0.00,0.00,0.00,319755,462859,705031,332860,477012,718135,0,0,0,0,0,0,0,100838,0,125.70,125.81,125.90
163,3,0,0,0,93658,93658,93658,3621,3621,3621,591,591,591,0.00,0.00,0.00,0.00,0.00,0.00,0.00,0.00,0.00,0.00,0.00,0.00,0.00,0.00,0.00,0.00,0.00,0.00,0.00,0.00,0.00,414087,441885,495359,427191,455514,511085,0,0,0,0,0,0,0,112293,0,139.95,140.03,140.15
164,0,0,0,0,93654,93654,93654,3625,3625,3625,591,591,591,0.00,0.00,0.00,0.00,0.00,0.00,0.00,0.00,0.00,0.00,0.00,0.00,0.00,0.00,0.00,0.00,0.00,0.00,0.00,0.00,0.00,200937,364657,697169,207926,377587,710274,0,0,0,0,0,0,0,109874,0,136.92,136.99,137.07
164,1,0,0,0,93622,93622,93622,3657,3657,3657,591,591,591,0.00,0.00,0.00,0.00,0.00,0.00,0.00,0.00,0.00,0.00,0.00,0.00,0.00,0.00,0.00,0.00,0.00,0.00,0.00,0.00,0.00,293493,342939,463904,306595,356529,477008,0,0,0,0,0,0,0,98850,0,123.24,123.29,123.32
164,2,0,0,0,93618,93618,93618,3661,3661,3661,591,591,591,0.00,0.00,0.00,0.00,0.00,0.00,0.00,0.00,0.00,0.00,0.00,0.00,0.00,0.00,0.00,0.00,0.00,0.00,0.00,0.00,0.00,209049,369954,686688,217688,383206,699793,0,0,0,0,0,0,0,101038,0,125.74,125.86,125.94
164,3,0,0,0,93658,93658,93658,3621,3621,3621,591,591,591,0.00,0.00,0.00,0.00,0.00,0.00,0.00,0.00,0.00,0.00,0.00,0.00,0.00,0.00,0.00,0.00,0.00,0.00,0.00,0.00,0.00,419342,449752,560883,432446,463906,573988,0,0,0,0,0,0,0,112396,0,139.93,139.99,140.02
165,0,0,0,0,93654,93654,93654,3625,3625,3625,591,591,591,0.00,0.00,0.00,0.00,0.00,0.00,0.00,0.00,0.00,0.00,0.00,0.00,0.00,0.00,0.00,0.00,0.00,0.00,0.00,0.00,0.00,298767,404142,618539,311887,418295,631644,0,0,0,0,0,0,0,82255,0,136.88,136.98,137.11
165,1,0,0,0,93622,93622,93622,3657,3657,3657,591,591,591,0.00,0.00,0.00,0.00,0.00,0.00,0.00,0.00,0.00,0.00,0.00,0.00,0.00,0.00,0.00,0.00,0.00,0.00,0.00,0.00,0.00,211421,353649,579220,220157,367452,594946,0,0,0,0,0,0,0,86431,0,123.29,123.32,123.36
165,2,0,0,0,93618,93618,93618,3661,3661,3661,591,591,591,0.00,0.00,0.00,0.00,0.00,0.00,0.00,0.00,0.00,0.00,0.00,0.00,0.00,0.00,0.00,0.00,0.00,0.00,0.00,0.00,0.00,311891,584464,1171536,327617,598093,1184641,0,0,0,0,0,0,0,100678,0,125.60,125.73,125.89
165,3,0,0,0,93658,93658,93658,3621,3621,3621,591,591,591,0.00,0.00,0.00,0.00,0.00,0.00,0.00,0.00,0.00,0.00,0.00,0.00,0.00,0.00,0.00,0.00,0.00,0.00,0.00,0.00,0.00,419353,519465,807250,429836,533094,817734,0,0,0,0,0,0,0,98280,0,139.98,140.00,140.01
166,0,0,0,0,93654,93654,93654,3625,3625,3625,591,591,591,0.00,0.00,0.00,0.00,0.00,0.00,0.00,0.00,0.00,0.00,0.00,0.00,0.00,0.00,0.00,0.00,0.00,0.00,0.00,0.00,0.00,298782,535323,1221351,311889,548427,1234455,0,0,0,0,0,0,0,123517,0,136.82,136.89,136.95
166,1,0,0,0,93622,93622,93622,3657,3657,3657,591,591,591,0.00,0.00,0.00,0.00,0.00,0.00,0.00,0.00,0.00,0.00,0.00,0.00,0.00,0.00,0.00,0.00,0.00,0.00,0.00,0.00,0.00,309268,511728,1009052,322373,524833,1022157,0,0,0,0,0,0,0,98862,0,123.26,123.31,123.34
166,2,0,0,0,93618,93618,93618,3661,3661,3661,591,591,591,0.00,0.00,0.00,0.00,0.00,0.00,0.00,0.00,0.00,0.00,0.00,0.00,0.00,0.00,0.00,0.00,0.00,0.00,0.00,0.00,0.00,311886,416072,720759,324991,429832,733864,0,0,0,0,0,0,0,75678,0,125.60,125.64,125.72
166,3,0,0,0,93658,93658,93658,3621,3621,3621,591,591,591,0.00,0.00,0.00,0.00,0.00,0.00,0.00,0.00,0.00,0.00,0.00,0.00,0.00,0.00,0.00,0.00,0.00,0.00,0.00,0.00,0.00,424589,569397,833453,440315,583157,849179,0,0,0,0,0,0,0,112516,0,140.06,140.13,140.20
167,0,0,0,0,93654,93654,93654,3625,3625,3625,591,591,591,0.00,0.00,0.00,0.00,0.00,0.00,0.00,0.00,0.00,0.00,0.00,0.00,0.00,0.00,0.00,0.00,0.00,0.00,0.00,0.00,0.00,285644,347733,547768,298747,361841,560873,0,0,0,0,0,0,0,109731,0,136.90,136.95,137.01
167,1,0,0,0,93622,93622,93622,3657,3657,3657,591,591,591,0.00,0.00,0.00,0.00,0.00,0.00,0.00,0.00,0.00,0.00,0.00,0.00,0.00,0.00,0.00,0.00,0.00,0.00,0.00,0.00,0.00,304026,362210,461280,319752,376363,474384,0,0,0,0,0,0,0,98755,0,123.27,123.31,123.36
167,2,0,0,0,93618,93618,93618,3661,3661,3661,591,591,591,0.00,0.00,0.00,0.00,0.00,0.00,0.00,0.00,0.00,0.00,0.00,0.00,0.00,0.00,0.00,0.00,0.00,0.00,0.00,0.00,0.00,311891,384221,642088,324996,398374,657813,0,0,0,0,0,0,0,100872,0,125.79,125.83,125.89
167,3,0,0,0,93658,93658,93658,3621,3621,3621,591,591,591,0.00,0.00,0.00,0.00,0.00,0.00,0.00,0.00,0.00,0.00,0.00,0.00,0.00,0.00,0.00,0.00,0.00,0.00,0.00,0.00,0.00,419351,441365,508466,432456,454994,521571,0,0,0,0,0,0,0,112522,0,140.17,140.21,140.25
168,0,0,0,0,93654,93654,93654,3625,3625,3625,591,591,591,0.00,0.00,0.00,0.00,0.00,0.00,0.00,0.00,0.00,0.00,0.00,0.00,0.00,0.00,0.00,0.00,0.00,0.00,0.00,0.00,0.00,309267,448702,699790,319750,462854,715515,0,0,0,0,0,0,0,109744,0,136.91,136.94,136.97
168,1,0,0,0,93622,93622,93622,3657,3657,3657,591,591,591,0.00,0.00,0.00,0.00,0.00,0.00,0.00,0.00,0.00,0.00,0.00,0.00,0.00,0.00,0.00,0.00,0.00,0.00,0.00,0.00,0.00,296990,395925,568736,307320,410047,584461,0,0,0,0,0,0,0,98706,0,123.20,123.23,123.27
168,2,0,0,0,93618,93618,93618,3661,3661,3661,591,591,591,0.00,0.00,0.00,0.00,0.00,0.00,0.00,0.00,0.00,0.00,0.00,0.00,0.00,0.00,0.00,0.00,0.00,0.00,0.00,0.00,0.00,219678,370380,684987,230056,383513,701362,0,0,0,0,0,0,0,100856,0,125.69,125.73,125.77
168,3,0,0,0,93658,93658,93658,3621,3621,3621,591,591,591,0.00,0.00,0.00,0.00,0.00,0.00,0.00,0.00,0.00,0.00,0.00,0.00,0.00,0.00,0.00,0.00,0.00,0.00,0.00,0.00,0.00,419326,472287,571359,432430,485915,587084,0,0,0,0,0,0,0,112542,0,140.16,140.19,140.22
169,0,0,0,0,93654,93654,93654,3625,3625,3625,591,591,591,0.00,0.00,0.00,0.00,0.00,0.00,0.00,0.00,0.00,0.00,0.00,0.00,0.00,0.00,0.00,0.00,0.00,0.00,0.00,0.00,0.00,293542,331808,469146,306647,345961,479629,0,0,0,0,0,0,0,109694,0,136.88,136.89,136.92
169,1,0,0,0,93622,93622,93622,3657,3657,3657,591,591,591,0.00,0.00,0.00,0.00,0.00,0.00,0.00,0.00,0.00,0.00,0.00,0.00,0.00,0.00,0.00,0.00,0.00,0.00,0.00,0.00,0.00,209665,430352,930424,218401,443631,946149,0,0,0,0,0,0,0,111079,0,123.20,123.26,123.31
169,2,0,0,0,93618,93618,93618,3661,3661,3661,591,591,591,0.00,0.00,0.00,0.00,0.00,0.00,0.00,0.00,0.00,0.00,0.00,0.00,0.00,0.00,0.00,0.00,0.00,0.00,0.00,0.00,0.00,309271,588662,1349780,322375,602290,1362885,0,0,0,0,0,0,0,101000,0,125.74,125.80,125.88
169,3,0,0,0,93658,93658,93658,3621,3621,3621,591,591,591,0.00,0.00,0.00,0.00,0.00,0.00,0.00,0.00,0.00,0.00,0.00,0.00,0.00,0.00,0.00,0.00,0.00,0.00,0.00,0.00,0.00,416734,555813,999447,432460,569092,1008183,0,0,0,0,0,0,0,126577,0,140.13,140.18,140.24
170,0,0,0,0,93654,93654,93654,3625,3625,3625,591,591,591,0.00,0.00,0.00,0.00,0.00,0.00,0.00,0.00,0.00,0.00,0.00,0.00,0.00,0.00,0.00,0.00,0.00,0.00,0.00,0.00,0.00,228009,417246,954011,241113,429302,956631,0,0,0,0,0,0,0,123446,0,136.83,136.85,136.86
170,1,0,0,0,93622,93622,93622,3657,3657,3657,591,591,591,0.00,0.00,0.00,0.00,0.00,0.00,0.00,0.00,0.00,0.00,0.00,0.00,0.00,0.00,0.00,0.00,0.00,0.00,0.00,0.00,0.00,304026,351202,469145,317131,364830,484871,0,0,0,0,0,0,0,98822,0,123.20,123.28,123.35
170,2,0,0,0,93618,93618,93618,3661,3661,3661,591,591,591,0.00,0.00,0.00,0.00,0.00,0.00,0.00,0.00,0.00,0.00,0.00,0.00,0.00,0.00,0.00,0.00,0.00,0.00,0.00,0.00,0.00,311892,395233,723377,324997,409386,739102,0,0,0,0,0,0,0,100968,0,125.86,125.88,125.90
170,3,0,0,0,93658,93658,93658,3621,3621,3621,591,591,591,0.00,0.00,0.00,0.00,0.00,0.00,0.00,0.00,0.00,0.00,0.00,0.00,0.00,0.00,0.00,0.00,0.00,0.00,0.00,0.00,0.00,421973,490110,684067,435078,504263,699792,0,0,0,0,0,0,0,112481,0,140.16,140.18,140.22
171,0,0,0,0,93654,93654,93654,3625,3625,3625,591,591,591,0.00,0.00,0.00,0.00,0.00,0.00,0.00,0.00,0.00,0.00,0.00,0.00,0.00,0.00,0.00,0.00,0.00,0.00,0.00,0.00,0.00,289423,440534,728612,302344,454137,741716,0,0,0,0,0,0,0,109707,0,136.77,136.81,136.85
171,1,0,0,0,93622,93622,93622,3657,3657,3657,591,591,591,0.00,0.00,0.00,0.00,0.00,0.00,0.00,0.00,0.00,0.00,0.00,0.00,0.00,0.00,0.00,0.00,0.00,0.00,0.00,0.00,0.00,314508,368498,461287,330234,382651,477012,0,0,0,0,0,0,0,98763,0,123.27,123.33,123.36
171,2,0,0,0,93618,93618,93618,3661,3661,3661,591,591,591,0.00,0.00,0.00,0.00,0.00,0.00,0.00,0.00,0.00,0.00,0.00,0.00,0.00,0.00,0.00,0.00,0.00,0.00,0.00,0.00,0.00,203057,364561,676211,215001,377958,689316,0,0,0,0,0,0,0,100980,0,125.85,125.88,125.90
171,3,0,0,0,93658,93658,93658,3621,3621,3621,591,591,591,0.00,0.00,0.00,0.00,0.00,0.00,0.00,0.00,0.00,0.00,0.00,0.00,0.00,0.00,0.00,0.00,0.00,0.00,0.00,0.00,0.00,421964,454994,545157,437689,469147,558262,0,0,0,0,0,0,0,112451,0,140.03,140.07,140.11
172,0,0,0,0,93654,93654,93654,3625,3625,3625,591,591,591,0.00,0.00,0.00,0.00,0.00,0.00,0.00,0.00,0.00,0.00,0.00,0.00,0.00,0.00,0.00,0.00,0.00,0.00,0.00,0.00,0.00,309269,371642,610675,324992,385795,623780,0,0,0,0,0,0,0,109848,0,136.88,136.97,137.05
172,1,0,0,0,93622,93622,93622,3657,3657,3657,591,591,591,0.00,0.00,0.00,0.00,0.00,0.00,0.00,0.00,0.00,0.00,0.00,0.00,0.00,0.00,0.00,0.00,0.00,0.00,0.00,0.00,0.00,206179,317480,463899,216662,330585,477003,0,0,0,0,0,0,0,98719,0,123.21,123.25,123.31
172,2,0,0,0,93618,93618,93618,3661,3661,3661,591,591,591,0.00,0.00,0.00,0.00,0.00,0.00,0.00,0.00,0.00,0.00,0.00,0.00,0.00,0.00,0.00,0.00,0.00,0.00,0.00,0.00,0.00,309642,588956,1326195,322989,602587,1339300,0,0,0,0,0,0,0,113458,0,125.71,125.78,125.88
172,3,0,0,0,93658,93658,93658,3621,3621,3621,591,591,591,0.00,0.00,0.00,0.00,0.00,0.00,0.00,0.00,0.00,0.00,0.00,0.00,0.00,0.00,0.00,0.00,0.00,0.00,0.00,0.00,0.00,419343,466001,634269,432448,479630,647374,0,0,0,0,0,0,0,112508,0,140.08,140.13,140.18
173,0,0,0,0,93654,93654,93654,3625,3625,3625,591,591,591,0.00,0.00,0.00,0.00,0.00,0.00,0.00,0.00,0.00,0.00,0.00,0.00,0.00,0.00,0.00,0.00,0.00,0.00,0.00,0.00,0.00,296164,341375,474391,306648,347009,487496,0,0,0,0,0,0,0,82251,0,136.90,136.95,137.01
173,1,0,0,0,93622,93622,93622,3657,3657,3657,591,591,591,0.00,0.00,0.00,0.00,0.00,0.00,0.00,0.00,0.00,0.00,0.00,0.00,0.00,0.00,0.00,0.00,0.00,0.00,0.00,0.00,0.00,306644,456695,804627,322370,470455,817732,0,0,0,0,0,0,0,74097,0,123.20,123.25,123.30
173,2,0,0,0,93618,93618,93618,3661,3661,3661,591,591,591,0.00,0.00,0.00,0.00,0.00,0.00,0.00,0.00,0.00,0.00,0.00,0.00,0.00,0.00,0.00,0.00,0.00,0.00,0.00,0.00,0.00,311891,404934,678821,324996,418694,691926,0,0,0,0,0,0,0,75566,0,125.70,125.71,125.72
173,3,0,0,0,93658,93658,93658,3621,3621,3621,591,591,591,0.00,0.00,0.00,0.00,0.00,0.00,0.00,0.00,0.00,0.00,0.00,0.00,0.00,0.00,0.00,0.00,0.00,0.00,0.00,0.00,0.00,453422,650207,1041393,466527,663312,1051877,0,0,0,0,0,0,0,84384,0,140.19,140.25,140.29
174,0,0,0,0,93654,93654,93654,3625,3625,3625,591,591,591,0.00,0.00,0.00,0.00,0.00,0.00,0.00,0.00,0.00,0.00,0.00,0.00,0.00,0.00,0.00,0.00,0.00,0.00,0.00,0.00,0.00,296165,499371,1221345,306650,510904,1237071,0,0,0,0,0,0,0,109849,0,136.90,136.99,137.05
174,1,0,0,0,93622,93622,93622,3657,3657,3657,591,591,591,0.00,0.00,0.00,0.00,0.00,0.00,0.00,0.00,0.00,0.00,0.00,0.00,0.00,0.00,0.00,0.00,0.00,0.00,0.00,0.00,0.00,304026,351723,469144,317130,365875,484869,0,0,0,0,0,0,0,98731,0,123.15,123.21,123.27
174,2,0,0,0,93618,93618,93618,3661,3661,3661,591,591,591,0.00,0.00,0.00,0.00,0.00,0.00,0.00,0.00,0.00,0.00,0.00,0.00,0.00,0.00,0.00,0.00,0.00,0.00,0.00,0.00,0.00,306650,400479,733865,322376,414632,746970,0,0,0,0,0,0,0,100923,0,125.75,125.81,125.86
174,3,0,0,0,93658,93658,93658,3621,3621,3621,591,591,591,0.00,0.00,0.00,0.00,0.00,0.00,0.00,0.00,0.00,0.00,0.00,0.00,0.00,0.00,0.00,0.00,0.00,0.00,0.00,0.00,0.00,421969,449229,518950,435074,463382,532054,0,0,0,0,0,0,0,112396,0,140.02,140.11,140.26
175,0,0,0,0,93654,93654,93654,3625,3625,3625,591,591,591,0.00,0.00,0.00,0.00,0.00,0.00,0.00,0.00,0.00,0.00,0.00,0.00,0.00,0.00,0.00,0.00,0.00,0.00,0.00,0.00,0.00,286816,381691,713711,299395,398983,730119,0,0,0,0,0,0,0,109827,0,136.81,136.87,136.97
175,1,0,0,0,93622,93622,93622,3657,3657,3657,591,591,591,0.00,0.00,0.00,0.00,0.00,0.00,0.00,0.00,0.00,0.00,0.00,0.00,0.00,0.00,0.00,0.00,0.00,0.00,0.00,0.00,0.00,304030,372696,474393,319756,386849,487498,0,0,0,0,0,0,0,98748,0,123.12,123.14,123.21
175,2,0,0,0,93618,93618,93618,3661,3661,3661,591,591,591,0.00,0.00,0.00,0.00,0.00,0.00,0.00,0.00,0.00,0.00,0.00,0.00,0.00,0.00,0.00,0.00,0.00,0.00,0.00,0.00,0.00,311892,405674,636851,324997,418409,652575,0,0,0,0,0,0,0,100834,0,125.65,125.70,125.78
175,3,0,0,0,93658,93658,93658,3621,3621,3621,591,591,591,0.00,0.00,0.00,0.00,0.00,0.00,0.00,0.00,0.00,0.00,0.00,0.00,0.00,0.00,0.00,0.00,0.00,0.00,0.00,0.00,0.00,424571,459706,568740,437697,473859,581845,0,0,0,0,0,0,0,112459,0,140.00,140.11,140.17
176,0,0,0,0,93654,93654,93654,3625,3625,3625,591,591,591,0.00,0.00,0.00,0.00,0.00,0.00,0.00,0.00,0.00,0.00,0.00,0.00,0.00,0.00,0.00,0.00,0.00,0.00,0.00,0.00,0.00,296161,364307,610675,309267,375840,623780,0,0,0,0,0,0,0,109763,0,136.92,136.96,137.00
176,1,0,0,0,93622,93622,93622,3657,3657,3657,591,591,591,0.00,0.00,0.00,0.00,0.00,0.00,0.00,0.00,0.00,0.00,0.00,0.00,0.00,0.00,0.00,0.00,0.00,0.00,0.00,0.00,0.00,204433,339779,579834,213170,352445,592494,0,0,0,0,0,0,0,111071,0,123.27,123.29,123.30
176,2,0,0,0,93618,93618,93618,3661,3661,3661,591,591,591,0.00,0.00,0.00,0.00,0.00,0.00,0.00,0.00,0.00,0.00,0.00,0.00,0.00,0.00,0.00,0.00,0.00,0.00,0.00,0.00,0.00,311830,528385,1381238,324994,542538,1396964,0,0,0,0,0,0,0,113577,0,125.67,125.74,125.79
176,3,0,0,0,93658,93658,93658,3621,3621,3621,591,591,591,0.00,0.00,0.00,0.00,0.00,0.00,0.00,0.00,0.00,0.00,0.00,0.00,0.00,0.00,0.00,0.00,0.00,0.00,0.00,0.00,0.00,414109,435601,492732,429835,449230,505837,0,0,0,0,0,0,0,126447,0,140.06,140.09,140.12
177,0,0,0,0,93654,93654,93654,3625,3625,3625,591,591,591,0.00,0.00,0.00,0.00,0.00,0.00,0.00,0.00,0.00,0.00,0.00,0.00,0.00,0.00,0.00,0.00,0.00,0.00,0.00,0.00,0.00,296164,508447,1179363,309269,522600,1192467,0,0,0,0,0,0,0,123669,0,136.99,137.05,137.10
177,1,0,0,0,93622,93622,93622,3657,3657,3657,591,591,591,0.00,0.00,0.00,0.00,0.00,0.00,0.00,0.00,0.00,0.00,0.00,0.00,0.00,0.00,0.00,0.00,0.00,0.00,0.00,0.00,0.00,304027,467571,1001192,317131,481724,1014297,0,0,0,0,0,0,0,98868,0,123.27,123.34,123.40
177,2,0,0,0,93618,93618,93618,3661,3661,3661,591,591,591,0.00,0.00,0.00,0.00,0.00,0.00,0.00,0.00,0.00,0.00,0.00,0.00,0.00,0.00,0.00,0.00,0.00,0.00,0.00,0.00,0.00,311891,462856,736486,327610,477009,749590,0,0,0,0,0,0,0,100846,0,125.74,125.78,125.80
177,3,0,0,0,93658,93658,93658,3621,3621,3621,591,591,591,0.00,0.00,0.00,0.00,0.00,0.00,0.00,0.00,0.00,0.00,0.00,0.00,0.00,0.00,0.00,0.00,0.00,0.00,0.00,0.00,0.00,421972,611202,906850,437698,624481,915586,0,0,0,0,0,0,0,112438,0,140.14,140.19,140.27
178,0,0,0,0,93654,93654,93654,3625,3625,3625,591,591,591,0.00,0.00,0.00,0.00,0.00,0.00,0.00,0.00,0.00,0.00,0.00,0.00,0.00,0.00,0.00,0.00,0.00,0.00,0.00,0.00,0.00,296167,358542,584462,311889,372171,602809,0,0,0,0,0,0,0,109886,0,137.04,137.07,137.10
178,1,0,0,0,93622,93622,93622,3657,3657,3657,591,591,591,0.00,0.00,0.00,0.00,0.00,0.00,0.00,0.00,0.00,0.00,0.00,0.00,0.00,0.00,0.00,0.00,0.00,0.00,0.00,0.00,0.00,304026,350674,416725,317131,364827,429829,0,0,0,0,0,0,0,98741,0,123.23,123.29,123.37
178,2,0,0,0,93618,93618,93618,3661,3661,3661,591,591,591,0.00,0.00,0.00,0.00,0.00,0.00,0.00,0.00,0.00,0.00,0.00,0.00,0.00,0.00,0.00,0.00,0.00,0.00,0.00,0.00,0.00,311893,381609,642133,324998,395762,657859,0,0,0,0,0,0,0,100838,0,125.67,125.70,125.72
178,3,0,0,0,93658,93658,93658,3621,3621,3621,591,591,591,0.00,0.00,0.00,0.00,0.00,0.00,0.00,0.00,0.00,0.00,0.00,0.00,0.00,0.00,0.00,0.00,0.00,0.00,0.00,0.00,0.00,416731,448175,547747,429836,461803,563472,0,0,0,0,0,0,0,112441,0,140.06,140.10,140.14
179,0,0,0,0,93654,93654,93654,3625,3625,3625,591,591,591,0.00,0.00,0.00,0.00,0.00,0.00,0.00,0.00,0.00,0.00,0.00,0.00,0.00,0.00,0.00,0.00,0.00,0.00,0.00,0.00,0.00,211366,421889,658607,221847,434874,673747,0,0,0,0,0,0,0,109909,0,137.00,137.04,137.08
179,1,0,0,0,93622,93622,93622,3657,3657,3657,591,591,591,0.00,0.00,0.00,0.00,0.00,0.00,0.00,0.00,0.00,0.00,0.00,0.00,0.00,0.00,0.00,0.00,0.00,0.00,0.00,0.00,0.00,301406,390518,555642,314510,404670,571367,0,0,0,0,0,0,0,98815,0,123.27,123.31,123.38
179,2,0,0,0,93618,93618,93618,3661,3661,3661,591,591,591,0.00,0.00,0.00,0.00,0.00,0.00,0.00,0.00,0.00,0.00,0.00,0.00,0.00,0.00,0.00,0.00,0.00,0.00,0.00,0.00,0.00,207244,370447,670950,217606,383472,684055,0,0,0,0,0,0,0,100854,0,125.70,125.72,125.75
179,3,0,0,0,93658,93658,93658,3621,3621,3621,591,591,591,0.00,0.00,0.00,0.00,0.00,0.00,0.00,0.00,0.00,0.00,0.00,0.00,0.00,0.00,0.00,0.00,0.00,0.00,0.00,0.00,0.00,419356,468621,563500,435074,482774,579226,0,0,0,0,0,0,0,112580,0,140.12,140.15,140.20
180,0,0,0,0,93654,93654,93654,3625,3625,3625,591,591,591,0.00,0.00,0.00,0.00,0.00,0.00,0.00,0.00,0.00,0.00,0.00,0.00,0.00,0.00,0.00,0.00,0.00,0.00,0.00,0.00,0.00,298785,340720,461283,311890,354480,474388,0,0,0,0,0,0,0,82441,0,137.09,137.12,137.17
180,1,0,0,0,93622,93622,93622,3657,3657,3657,591,591,591,0.00,0.00,0.00,0.00,0.00,0.00,0.00,0.00,0.00,0.00,0.00,0.00,0.00,0.00,0.00,0.00,0.00,0.00,0.00,0.00,0.00,207927,292064,345957,216664,304033,359061,0,0,0,0,0,0,0,86421,0,123.38,123.39,123.42
180,2,0,0,0,93618,93618,93618,3661,3661,3661,591,591,591,0.00,0.00,0.00,0.00,0.00,0.00,0.00,0.00,0.00,0.00,0.00,0.00,0.00,0.00,0.00,0.00,0.00,0.00,0.00,0.00,0.00,304220,657247,1331435,317563,671066,1341918,0,0,0,0,0,0,0,75587,0,125.75,125.78,125.81
180,3,0,0,0,93658,93658,93658,3621,3621,3621,591,591,591,0.00,0.00,0.00,0.00,0.00,0.00,0.00,0.00,0.00,0.00,0.00,0.00,0.00,0.00,0.00,0.00,0.00,0.00,0.00,0.00,0.00,421973,660415,1362640,435078,674602,1377451,0,0,0,0,0,0,0,98475,0,140.24,140.28,140.31
181,0,0,0,0,93654,93654,93654,3625,3625,3625,591,591,591,0.00,0.00,0.00,0.00,0.00,0.00,0.00,0.00,0.00,0.00,0.00,0.00,0.00,0.00,0.00,0.00,0.00,0.00,0.00,0.00,0.00,296166,485921,1218736,309271,500074,1231841,0,0,0,0,0,0,0,123637,0,136.96,137.03,137.10
181,1,0,0,0,93622,93622,93622,3657,3657,3657,591,591,591,0.00,0.00,0.00,0.00,0.00,0.00,0.00,0.00,0.00,0.00,0.00,0.00,0.00,0.00,0.00,0.00,0.00,0.00,0.00,0.00,0.00,301402,454463,980229,317128,469140,993333,0,0,0,0,0,0,0,98768,0,123.25,123.30,123.35
181,2,0,0,0,93618,93618,93618,3661,3661,3661,591,591,591,0.00,0.00,0.00,0.00,0.00,0.00,0.00,0.00,0.00,0.00,0.00,0.00,0.00,0.00,0.00,0.00,0.00,0.00,0.00,0.00,0.00,314512,393664,691924,327617,407294,707650,0,0,0,0,0,0,0,100759,0,125.64,125.65,125.68
181,3,0,0,0,93658,93658,93658,3621,3621,3621,591,591,591,0.00,0.00,0.00,0.00,0.00,0.00,0.00,0.00,0.00,0.00,0.00,0.00,0.00,0.00,0.00,0.00,0.00,0.00,0.00,0.00,0.00,283062,473847,804620,293546,486427,817725,0,0,0,0,0,0,0,112503,0,140.13,140.18,140.26
182,0,0,0,0,93654,93654,93654,3625,3625,3625,591,591,591,0.00,0.00,0.00,0.00,0.00,0.00,0.00,0.00,0.00,0.00,0.00,0.00,0.00,0.00,0.00,0.00,0.00,0.00,0.00,0.00,0.00,298785,422495,634268,314510,436124,647373,0,0,0,0,0,0,0,109723,0,136.98,137.00,137.02
182,1,0,0,0,93622,93622,93622,3657,3657,3657,591,591,591,0.00,0.00,0.00,0.00,0.00,0.00,0.00,0.00,0.00,0.00,0.00,0.00,0.00,0.00,0.00,0.00,0.00,0.00,0.00,0.00,0.00,322375,395235,456045,332859,408864,469149,0,0,0,0,0,0,0,98725,0,123.19,123.24,123.28
182,2,0,0,0,93618,93618,93618,3661,3661,3661,591,591,591,0.00,0.00,0.00,0.00,0.00,0.00,0.00,0.00,0.00,0.00,0.00,0.00,0.00,0.00,0.00,0.00,0.00,0.00,0.00,0.00,0.00,314493,383701,657856,327617,397330,670961,0,0,0,0,0,0,0,100861,0,125.64,125.67,125.73
182,3,0,0,0,93658,93658,93658,3621,3621,3621,591,591,591,0.00,0.00,0.00,0.00,0.00,0.00,0.00,0.00,0.00,0.00,0.00,0.00,0.00,0.00,0.00,0.00,0.00,0.00,0.00,0.00,0.00,419353,488542,642130,435078,502694,655234,0,0,0,0,0,0,0,112414,0,140.01,140.05,140.11
183,0,0,0,0,93654,93654,93654,3625,3625,3625,591,591,591,0.00,0.00,0.00,0.00,0.00,0.00,0.00,0.00,0.00,0.00,0.00,0.00,0.00,0.00,0.00,0.00,0.00,0.00,0.00,0.00,0.00,301380,331507,424592,314513,344752,433329,0,0,0,0,0,0,0,109845,0,136.91,136.98,137.05
183,1,0,0,0,93622,93622,93622,3657,3657,3657,591,591,591,0.00,0.00,0.00,0.00,0.00,0.00,0.00,0.00,0.00,0.00,0.00,0.00,0.00,0.00,0.00,0.00,0.00,0.00,0.00,0.00,0.00,298783,362737,573987,311887,376366,589712,0,0,0,0,0,0,0,98845,0,123.21,123.31,123.45
183,2,0,0,0,93618,93618,93618,3661,3661,3661,591,591,591,0.00,0.00,0.00,0.00,0.00,0.00,0.00,0.00,0.00,0.00,0.00,0.00,0.00,0.00,0.00,0.00,0.00,0.00,0.00,0.00,0.00,219756,367902,689314,230138,381511,702419,0,0,0,0,0,0,0,113377,0,125.73,125.77,125.80
183,3,0,0,0,93658,93658,93658,3621,3621,3621,591,591,591,0.00,0.00,0.00,0.00,0.00,0.00,0.00,0.00,0.00,0.00,0.00,0.00,0.00,0.00,0.00,0.00,0.00,0.00,0.00,0.00,0.00,419351,441883,505839,432455,455512,521564,0,0,0,0,0,0,0,112292,0,139.87,139.97,140.03
184,0,0,0,0,93654,93654,93654,3625,3625,3625,591,591,591,0.00,0.00,0.00,0.00,0.00,0.00,0.00,0.00,0.00,0.00,0.00,0.00,0.00,0.00,0.00,0.00,0.00,0.00,0.00,0.00,0.00,301407,332334,456041,314511,346487,469145,0,0,0,0,0,0,0,109922,0,137.06,137.11,137.16
184,1,0,0,0,93622,93622,93622,3657,3657,3657,591,591,591,0.00,0.00,0.00,0.00,0.00,0.00,0.00,0.00,0.00,0.00,0.00,0.00,0.00,0.00,0.00,0.00,0.00,0.00,0.00,0.00,0.00,241123,437742,1011681,251606,450796,1024786,0,0,0,0,0,0,0,111234,0,123.35,123.38,123.39
184,2,0,0,0,93618,93618,93618,3661,3661,3661,591,591,591,0.00,0.00,0.00,0.00,0.00,0.00,0.00,0.00,0.00,0.00,0.00,0.00,0.00,0.00,0.00,0.00,0.00,0.00,0.00,0.00,0.00,314512,593384,1383882,327617,607013,1394366,0,0,0,0,0,0,0,100821,0,125.70,125.73,125.76
184,3,0,0,0,93658,93658,93658,3621,3621,3621,591,591,591,0.00,0.00,0.00,0.00,0.00,0.00,0.00,0.00,0.00,0.00,0.00,0.00,0.00,0.00,0.00,0.00,0.00,0.00,0.00,0.00,0.00,424594,699787,1420550,440317,713889,1433655,0,0,0,0,0,0,0,126419,0,139.78,139.82,139.88
185,0,0,0,0,93654,93654,93654,3625,3625,3625,591,591,591,0.00,0.00,0.00,0.00,0.00,0.00,0.00,0.00,0.00,0.00,0.00,0.00,0.00,0.00,0.00,0.00,0.00,0.00,0.00,0.00,0.00,301408,544107,1213498,311892,557736,1229224,0,0,0,0,0,0,0,109776,0,136.91,137.01,137.12
185,1,0,0,0,93622,93622,93622,3657,3657,3657,591,591,591,0.00,0.00,0.00,0.00,0.00,0.00,0.00,0.00,0.00,0.00,0.00,0.00,0.00,0.00,0.00,0.00,0.00,0.00,0.00,0.00,0.00,301403,341242,458662,314508,355395,471766,0,0,0,0,0,0,0,98957,0,123.38,123.42,123.44
185,2,0,0,0,93618,93618,93618,3661,3661,3661,591,591,591,0.00,0.00,0.00,0.00,0.00,0.00,0.00,0.00,0.00,0.00,0.00,0.00,0.00,0.00,0.00,0.00,0.00,0.00,0.00,0.00,0.00,311873,389990,691929,324977,403619,707654,0,0,0,0,0,0,0,100858,0,125.70,125.73,125.77
185,3,0,0,0,93658,93658,93658,3621,3621,3621,591,591,591,0.00,0.00,0.00,0.00,0.00,0.00,0.00,0.00,0.00,0.00,0.00,0.00,0.00,0.00,0.00,0.00,0.00,0.00,0.00,0.00,0.00,281316,413225,474362,291800,426330,490087,0,0,0,0,0,0,0,112488,0,140.00,140.08,140.12
186,0,0,0,0,93654,93654,93654,3625,3625,3625,591,591,591,0.00,0.00,0.00,0.00,0.00,0.00,0.00,0.00,0.00,0.00,0.00,0.00,0.00,0.00,0.00,0.00,0.00,0.00,0.00,0.00,0.00,301407,421685,867524,314512,435806,880629,0,0,0,0,0,0,0,109998,0,136.87,136.99,137.07
186,1,0,0,0,93622,93622,93622,3657,3657,3657,591,591,591,0.00,0.00,0.00,0.00,0.00,0.00,0.00,0.00,0.00,0.00,0.00,0.00,0.00,0.00,0.00,0.00,0.00,0.00,0.00,0.00,0.00,304025,338095,390517,317130,351723,403622,0,0,0,0,0,0,0,98807,0,123.30,123.39,123.45
186,2,0,0,0,93618,93618,93618,3661,3661,3661,591,591,591,0.00,0.00,0.00,0.00,0.00,0.00,0.00,0.00,0.00,0.00,0.00,0.00,0.00,0.00,0.00,0.00,0.00,0.00,0.00,0.00,0.00,306652,458665,689314,319756,472818,705039,0,0,0,0,0,0,0,100925,0,125.74,125.80,125.82
186,3,0,0,0,93658,93658,93658,3621,3621,3621,591,591,591,0.00,0.00,0.00,0.00,0.00,0.00,0.00,0.00,0.00,0.00,0.00,0.00,0.00,0.00,0.00,0.00,0.00,0.00,0.00,0.00,0.00,416728,425639,432448,429833,439268,448174,0,0,0,0,0,0,0,112431,0,140.00,140.06,140.13
187,0,0,0,0,93654,93654,93654,3625,3625,3625,591,591,591,0.00,0.00,0.00,0.00,0.00,0.00,0.00,0.00,0.00,0.00,0.00,0.00,0.00,0.00,0.00,0.00,0.00,0.00,0.00,0.00,0.00,211422,328488,479637,220159,341767,492741,0,0,0,0,0,0,0,109928,0,137.11,137.13,137.15
187,1,0,0,0,93622,93622,93622,3657,3657,3657,591,591,591,0.00,0.00,0.00,0.00,0.00,0.00,0.00,0.00,0.00,0.00,0.00,0.00,0.00,0.00,0.00,0.00,0.00,0.00,0.00,0.00,0.00,299643,339319,474387,309975,352918,490113,0,0,0,0,0,0,0,74146,0,123.28,123.31,123.33
187,2,0,0,0,93618,93618,93618,3661,3661,3661,591,591,591,0.00,0.00,0.00,0.00,0.00,0.00,0.00,0.00,0.00,0.00,0.00,0.00,0.00,0.00,0.00,0.00,0.00,0.00,0.00,0.00,0.00,312389,477130,990704,325739,490314,1006143,0,0,0,0,0,0,0,113570,0,125.79,125.80,125.82
187,3,0,0,0,93658,93658,93658,3621,3621,3621,591,591,591,0.00,0.00,0.00,0.00,0.00,0.00,0.00,0.00,0.00,0.00,0.00,0.00,0.00,0.00,0.00,0.00,0.00,0.00,0.00,0.00,0.00,421967,443984,482250,435071,458137,495355,0,0,0,0,0,0,0,84236,0,140.08,140.14,140.19
188,0,0,0,0,93654,93654,93654,3625,3625,3625,591,591,591,0.00,0.00,0.00,0.00,0.00,0.00,0.00,0.00,0.00,0.00,0.00,0.00,0.00,0.00,0.00,0.00,0.00,0.00,0.00,0.00,0.00,304030,358411,482250,319756,372171,492734,0,0,0,0,0,0,0,96208,0,137.15,137.17,137.21
188,1,0,0,0,93622,93622,93622,3657,3657,3657,591,591,591,0.00,0.00,0.00,0.00,0.00,0.00,0.00,0.00,0.00,0.00,0.00,0.00,0.00,0.00,0.00,0.00,0.00,0.00,0.00,0.00,0.00,332855,428738,669209,348580,441842,679692,0,0,0,0,0,0,0,98888,0,123.30,123.34,123.38
188,2,0,0,0,93618,93618,93618,3661,3661,3661,591,591,591,0.00,0.00,0.00,0.00,0.00,0.00,0.00,0.00,0.00,0.00,0.00,0.00,0.00,0.00,0.00,0.00,0.00,0.00,0.00,0.00,0.00,311892,398381,647373,324996,412141,660478,0,0,0,0,0,0,0,75600,0,125.59,125.68,125.73
188,3,0,0,0,93658,93658,93658,3621,3621,3621,591,591,591,0.00,0.00,0.00,0.00,0.00,0.00,0.00,0.00,0.00,0.00,0.00,0.00,0.00,0.00,0.00,0.00,0.00,0.00,0.00,0.00,0.00,408801,757783,1242338,424524,771450,1255443,0,0,0,0,0,0,0,112461,0,140.07,140.12,140.18
189,0,0,0,0,93654,93654,93654,3625,3625,3625,591,591,591,0.00,0.00,0.00,0.00,0.00,0.00,0.00,0.00,0.00,0.00,0.00,0.00,0.00,0.00,0.00,0.00,0.00,0.00,0.00,0.00,0.00,301408,540962,1276398,314512,555114,1289502,0,0,0,0,0,0,0,109790,0,136.92,136.99,137.09
189,1,0,0,0,93622,93622,93622,3657,3657,3657,591,591,591,0.00,0.00,0.00,0.00,0.00,0.00,0.00,0.00,0.00,0.00,0.00,0.00,0.00,0.00,0.00,0.00,0.00,0.00,0.00,0.00,0.00,304024,353819,458659,317129,367972,477006,0,0,0,0,0,0,0,98835,0,123.34,123.40,123.42
189,2,0,0,0,93618,93618,93618,3661,3661,3661,591,591,591,0.00,0.00,0.00,0.00,0.00,0.00,0.00,0.00,0.00,0.00,0.00,0.00,0.00,0.00,0.00,0.00,0.00,0.00,0.00,0.00,0.00,309271,462333,697169,324997,476486,710274,0,0,0,0,0,0,0,100884,0,125.63,125.72,125.77
189,3,0,0,0,93658,93658,93658,3621,3621,3621,591,591,591,0.00,0.00,0.00,0.00,0.00,0.00,0.00,0.00,0.00,0.00,0.00,0.00,0.00,0.00,0.00,0.00,0.00,0.00,0.00,0.00,0.00,340726,409390,442942,349462,422145,456046,0,0,0,0,0,0,0,112435,0,140.10,140.13,140.19
190,0,0,0,0,93654,93654,93654,3625,3625,3625,591,591,591,0.00,0.00,0.00,0.00,0.00,0.00,0.00,0.00,0.00,0.00,0.00,0.00,0.00,0.00,0.00,0.00,0.00,0.00,0.00,0.00,0.00,301409,378970,663098,314514,392599,676203,0,0,0,0,0,0,0,109730,0,136.93,136.97,137.00
190,1,0,0,0,93622,93622,93622,3657,3657,3657,591,591,591,0.00,0.00,0.00,0.00,0.00,0.00,0.00,0.00,0.00,0.00,0.00,0.00,0.00,0.00,0.00,0.00,0.00,0.00,0.00,0.00,0.00,304027,348583,477008,319752,362736,492734,0,0,0,0,0,0,0,98880,0,123.33,123.36,123.40
190,2,0,0,0,93618,93618,93618,3661,3661,3661,591,591,591,0.00,0.00,0.00,0.00,0.00,0.00,0.00,0.00,0.00,0.00,0.00,0.00,0.00,0.00,0.00,0.00,0.00,0.00,0.00,0.00,0.00,311874,389990,699783,324978,404143,712888,0,0,0,0,0,0,0,100858,0,125.68,125.70,125.72
190,3,0,0,0,93658,93658,93658,3621,3621,3621,591,591,591,0.00,0.00,0.00,0.00,0.00,0.00,0.00,0.00,0.00,0.00,0.00,0.00,0.00,0.00,0.00,0.00,0.00,0.00,0.00,0.00,0.00,419350,452368,568744,432455,467045,581849,0,0,0,0,0,0,0,112428,0,140.04,140.08,140.10
191,0,0,0,0,93654,93654,93654,3625,3625,3625,591,591,591,0.00,0.00,0.00,0.00,0.00,0.00,0.00,0.00,0.00,0.00,0.00,0.00,0.00,0.00,0.00,0.00,0.00,0.00,0.00,0.00,0.00,298786,406769,634266,314512,420922,647370,0,0,0,0,0,0,0,109874,0,136.93,136.98,137.09
191,1,0,0,0,93622,93622,93622,3657,3657,3657,591,591,591,0.00,0.00,0.00,0.00,0.00,0.00,0.00,0.00,0.00,0.00,0.00,0.00,0.00,0.00,0.00,0.00,0.00,0.00,0.00,0.00,0.00,304027,395232,579228,319752,408860,592333,0,0,0,0,0,0,0,111098,0,123.28,123.34,123.38
191,2,0,0,0,93618,93618,93618,3661,3661,3661,591,591,591,0.00,0.00,0.00,0.00,0.00,0.00,0.00,0.00,0.00,0.00,0.00,0.00,0.00,0.00,0.00,0.00,0.00,0.00,0.00,0.00,0.00,324997,543404,1051865,338102,556509,1064724,0,0,0,0,0,0,0,113387,0,125.62,125.66,125.70
191,3,0,0,0,93658,93658,93658,3621,3621,3621,591,591,591,0.00,0.00,0.00,0.00,0.00,0.00,0.00,0.00,0.00,0.00,0.00,0.00,0.00,0.00,0.00,0.00,0.00,0.00,0.00,0.00,0.00,421970,565596,1043136,435075,579225,1058862,0,0,0,0,0,0,0,126458,0,140.09,140.11,140.15
192,0,0,0,0,93654,93654,93654,3625,3625,3625,591,591,591,0.00,0.00,0.00,0.00,0.00,0.00,0.00,0.00,0.00,0.00,0.00,0.00,0.00,0.00,0.00,0.00,0.00,0.00,0.00,0.00,0.00,238503,416194,948729,251608,427726,953971,0,0,0,0,0,0,0,123619,0,136.94,137.03,137.13
192,1,0,0,0,93622,93622,93622,3657,3657,3657,591,591,591,0.00,0.00,0.00,0.00,0.00,0.00,0.00,0.00,0.00,0.00,0.00,0.00,0.00,0.00,0.00,0.00,0.00,0.00,0.00,0.00,0.00,68144,384401,884126,83869,397680,892863,0,0,0,0,0,0,0,98773,0,123.25,123.27,123.29
192,2,0,0,0,93618,93618,93618,3661,3661,3661,591,591,591,0.00,0.00,0.00,0.00,0.00,0.00,0.00,0.00,0.00,0.00,0.00,0.00,0.00,0.00,0.00,0.00,0.00,0.00,0.00,0.00,0.00,309273,393660,694550,322378,407289,707654,0,0,0,0,0,0,0,100754,0,125.55,125.59,125.63
192,3,0,0,0,93658,93658,93658,3621,3621,3621,591,591,591,0.00,0.00,0.00,0.00,0.00,0.00,0.00,0.00,0.00,0.00,0.00,0.00,0.00,0.00,0.00,0.00,0.00,0.00,0.00,0.00,0.00,415540,573748,820364,428445,587862,833469,0,0,0,0,0,0,0,112546,0,140.09,140.16,140.21
193,0,0,0,0,93654,93654,93654,3625,3625,3625,591,591,591,0.00,0.00,0.00,0.00,0.00,0.00,0.00,0.00,0.00,0.00,0.00,0.00,0.00,0.00,0.00,0.00,0.00,0.00,0.00,0.00,0.00,298789,363786,608059,314512,377940,621164,0,0,0,0,0,0,0,109883,0,136.89,136.93,136.97
193,1,0,0,0,93622,93622,93622,3657,3657,3657,591,591,591,0.00,0.00,0.00,0.00,0.00,0.00,0.00,0.00,0.00,0.00,0.00,0.00,0.00,0.00,0.00,0.00,0.00,0.00,0.00,0.00,0.00,319753,414099,495328,332857,427727,508432,0,0,0,0,0,0,0,98747,0,123.27,123.29,123.30
193,2,0,0,0,93618,93618,93618,3661,3661,3661,591,591,591,0.00,0.00,0.00,0.00,0.00,0.00,0.00,0.00,0.00,0.00,0.00,0.00,0.00,0.00,0.00,0.00,0.00,0.00,0.00,0.00,0.00,311889,390517,663087,327615,404670,676191,0,0,0,0,0,0,0,100847,0,125.66,125.72,125.76
193,3,0,0,0,93658,93658,93658,3621,3621,3621,591,591,591,0.00,0.00,0.00,0.00,0.00,0.00,0.00,0.00,0.00,0.00,0.00,0.00,0.00,0.00,0.00,0.00,0.00,0.00,0.00,0.00,0.00,297032,441535,555628,307516,454640,571354,0,0,0,0,0,0,0,112492,0,140.14,140.17,140.18
194,0,0,0,0,93654,93654,93654,3625,3625,3625,591,591,591,0.00,0.00,0.00,0.00,0.00,0.00,0.00,0.00,0.00,0.00,0.00,0.00,0.00,0.00,0.00,0.00,0.00,0.00,0.00,0.00,0.00,295996,444238,678831,308646,458374,694557,0,0,0,0,0,0,0,109905,0,137.06,137.12,137.18
194,1,0,0,0,93622,93622,93622,3657,3657,3657,591,591,591,0.00,0.00,0.00,0.00,0.00,0.00,0.00,0.00,0.00,0.00,0.00,0.00,0.00,0.00,0.00,0.00,0.00,0.00,0.00,0.00,0.00,306646,373744,587093,317129,387896,600197,0,0,0,0,0,0,0,98729,0,123.19,123.22,123.25
194,2,0,0,0,93618,93618,93618,3661,3661,3661,591,591,591,0.00,0.00,0.00,0.00,0.00,0.00,0.00,0.00,0.00,0.00,0.00,0.00,0.00,0.00,0.00,0.00,0.00,0.00,0.00,0.00,0.00,309267,385277,652613,322371,399430,668339,0,0,0,0,0,0,0,113649,0,125.74,125.86,125.94
194,3,0,0,0,93658,93658,93658,3621,3621,3621,591,591,591,0.00,0.00,0.00,0.00,0.00,0.00,0.00,0.00,0.00,0.00,0.00,0.00,0.00,0.00,0.00,0.00,0.00,0.00,0.00,0.00,0.00,416721,443461,516327,432446,457614,529432,0,0,0,0,0,0,0,112480,0,140.11,140.15,140.17
195,0,0,0,0,93654,93654,93654,3625,3625,3625,591,591,591,0.00,0.00,0.00,0.00,0.00,0.00,0.00,0.00,0.00,0.00,0.00,0.00,0.00,0.00,0.00,0.00,0.00,0.00,0.00,0.00,0.00,296167,345960,484872,311893,351202,497976,0,0,0,0,0,0,0,82516,0,137.12,137.17,137.23
195,1,0,0,0,93622,93622,93622,3657,3657,3657,591,591,591,0.00,0.00,0.00,0.00,0.00,0.00,0.00,0.00,0.00,0.00,0.00,0.00,0.00,0.00,0.00,0.00,0.00,0.00,0.00,0.00,0.00,86490,266678,361682,99594,280437,377407,0,0,0,0,0,0,0,86210,0,123.13,123.16,123.19
195,2,0,0,0,93618,93618,93618,3661,3661,3661,591,591,591,0.00,0.00,0.00,0.00,0.00,0.00,0.00,0.00,0.00,0.00,0.00,0.00,0.00,0.00,0.00,0.00,0.00,0.00,0.00,0.00,0.00,307847,545695,895096,320464,558356,903769,0,0,0,0,0,0,0,75675,0,125.90,125.93,125.97
195,3,0,0,0,93658,93658,93658,3621,3621,3621,591,591,591,0.00,0.00,0.00,0.00,0.00,0.00,0.00,0.00,0.00,0.00,0.00,0.00,0.00,0.00,0.00,0.00,0.00,0.00,0.00,0.00,0.00,421970,668331,1221362,435074,682091,1237087,0,0,0,0,0,0,0,98469,0,140.10,140.13,140.18
196,0,0,0,0,93654,93654,93654,3625,3625,3625,591,591,591,0.00,0.00,0.00,0.00,0.00,0.00,0.00,0.00,0.00,0.00,0.00,0.00,0.00,0.00,0.00,0.00,0.00,0.00,0.00,0.00,0.00,298785,488018,1221360,314511,547775,1234465,0,0,0,0,0,0,0,123729,0,137.22,137.26,137.30
196,1,0,0,0,93622,93622,93622,3657,3657,3657,591,591,591,0.00,0.00,0.00,0.00,0.00,0.00,0.00,0.00,0.00,0.00,0.00,0.00,0.00,0.00,0.00,0.00,0.00,0.00,0.00,0.00,0.00,306645,456209,863158,319750,469664,875389,0,0,0,0,0,0,0,98779,0,123.19,123.27,123.33
196,2,0,0,0,93618,93618,93618,3661,3661,3661,591,591,591,0.00,0.00,0.00,0.00,0.00,0.00,0.00,0.00,0.00,0.00,0.00,0.00,0.00,0.00,0.00,0.00,0.00,0.00,0.00,0.00,0.00,314512,397334,723379,327617,411486,739104,0,0,0,0,0,0,0,100738,0,125.66,125.74,125.87
196,3,0,0,0,93658,93658,93658,3621,3621,3621,591,591,591,0.00,0.00,0.00,0.00,0.00,0.00,0.00,0.00,0.00,0.00,0.00,0.00,0.00,0.00,0.00,0.00,0.00,0.00,0.00,0.00,0.00,416731,528377,846538,429836,542006,859642,0,0,0,0,0,0,0,112489,0,140.18,140.21,140.25
197,0,0,0,0,93654,93654,93654,3625,3625,3625,591,591,591,0.00,0.00,0.00,0.00,0.00,0.00,0.00,0.00,0.00,0.00,0.00,0.00,0.00,0.00,0.00,0.00,0.00,0.00,0.00,0.00,0.00,301408,425115,684065,317134,396806,697170,0,0,0,0,0,0,0,109855,0,137.09,137.20,137.25
197,1,0,0,0,93622,93622,93622,3657,3657,3657,591,591,591,0.00,0.00,0.00,0.00,0.00,0.00,0.00,0.00,0.00,0.00,0.00,0.00,0.00,0.00,0.00,0.00,0.00,0.00,0.00,0.00,0.00,317129,363782,466522,330233,377934,479627,0,0,0,0,0,0,0,98664,0,123.20,123.29,123.37
197,2,0,0,0,93618,93618,93618,3661,3661,3661,591,591,591,0.00,0.00,0.00,0.00,0.00,0.00,0.00,0.00,0.00,0.00,0.00,0.00,0.00,0.00,0.00,0.00,0.00,0.00,0.00,0.00,0.00,314513,387894,668340,330216,401523,681445,0,0,0,0,0,0,0,100913,0,125.64,125.70,125.77
197,3,0,0,0,93658,93658,93658,3621,3621,3621,591,591,591,0.00,0.00,0.00,0.00,0.00,0.00,0.00,0.00,0.00,0.00,0.00,0.00,0.00,0.00,0.00,0.00,0.00,0.00,0.00,0.00,0.00,297039,426339,558260,307523,439444,571365,0,0,0,0,0,0,0,112639,0,140.18,140.23,140.29
198,0,0,0,0,93654,93654,93654,3625,3625,3625,591,591,591,0.00,0.00,0.00,0.00,0.00,0.00,0.00,0.00,0.00,0.00,0.00,0.00,0.00,0.00,0.00,0.00,0.00,0.00,0.00,0.00,0.00,211835,346378,594879,220376,355452,607755,0,0,0,0,0,0,0,109902,0,136.97,137.01,137.09
198,1,0,0,0,93622,93622,93622,3657,3657,3657,591,591,591,0.00,0.00,0.00,0.00,0.00,0.00,0.00,0.00,0.00,0.00,0.00,0.00,0.00,0.00,0.00,0.00,0.00,0.00,0.00,0.00,0.00,298784,337051,469148,311893,350680,482253,0,0,0,0,0,0,0,98680,0,123.11,123.11,123.12
198,2,0,0,0,93618,93618,93618,3661,3661,3661,591,591,591,0.00,0.00,0.00,0.00,0.00,0.00,0.00,0.00,0.00,0.00,0.00,0.00,0.00,0.00,0.00,0.00,0.00,0.00,0.00,0.00,0.00,314512,598623,1378626,327617,612777,1394352,0,0,0,0,0,0,0,113580,0,125.81,125.85,125.92
198,3,0,0,0,93658,93658,93658,3621,3621,3621,591,591,591,0.00,0.00,0.00,0.00,0.00,0.00,0.00,0.00,0.00,0.00,0.00,0.00,0.00,0.00,0.00,0.00,0.00,0.00,0.00,0.00,0.00,421972,439788,497981,435077,453941,511086,0,0,0,0,0,0,0,112573,0,140.21,140.23,140.25
199,0,0,0,0,93654,93654,93654,3625,3625,3625,591,591,591,0.00,0.00,0.00,0.00,0.00,0.00,0.00,0.00,0.00,0.00,0.00,0.00,0.00,0.00,0.00,0.00,0.00,0.00,0.00,0.00,0.00,301406,334953,466525,314510,349106,479629,0,0,0,0,0,0,0,123649,0,137.04,137.09,137.14
199,1,0,0,0,93622,93622,93622,3657,3657,3657,591,591,591,0.00,0.00,0.00,0.00,0.00,0.00,0.00,0.00,0.00,0.00,0.00,0.00,0.00,0.00,0.00,0.00,0.00,0.00,0.00,0.00,0.00,70764,382824,920814,83868,396103,929550,0,0,0,0,0,0,0,111037,0,123.13,123.15,123.17
199,2,0,0,0,93618,93618,93618,3661,3661,3661,591,591,591,0.00,0.00,0.00,0.00,0.00,0.00,0.00,0.00,0.00,0.00,0.00,0.00,0.00,0.00,0.00,0.00,0.00,0.00,0.00,0.00,0.00,216787,352601,599778,227029,365658,612648,0,0,0,0,0,0,0,100995,0,125.78,125.81,125.86
199,3,0,0,0,93658,93658,93658,3621,3621,3621,591,591,591,0.00,0.00,0.00,0.00,0.00,0.00,0.00,0.00,0.00,0.00,0.00,0.00,0.00,0.00,0.00,0.00,0.00,0.00,0.00,0.00,0.00,429837,706606,1045753,442942,720235,1056237,0,0,0,0,0,0,0,112369,0,140.13,140.18,140.24
200,0,0,0,0,93654,93654,93654,3625,3625,3625,591,591,591,0.00,0.00,0.00,0.00,0.00,0.00,0.00,0.00,0.00,0.00,0.00,0.00,0.00,0.00,0.00,0.00,0.00,0.00,0.00,0.00,0.00,298785,537810,1184664,314510,551963,1197768,0,0,0,0,0,0,0,109889,0,137.07,137.16,137.22
200,1,0,0,0,93622,93622,93622,3657,3657,3657,591,591,591,0.00,0.00,0.00,0.00,0.00,0.00,0.00,0.00,0.00,0.00,0.00,0.00,0.00,0.00,0.00,0.00,0.00,0.00,0.00,0.00,0.00,306646,351201,435069,319750,364829,450794,0,0,0,0,0,0,0,98805,0,123.08,123.15,123.23
200,2,0,0,0,93618,93618,93618,3661,3661,3661,591,591,591,0.00,0.00,0.00,0.00,0.00,0.00,0.00,0.00,0.00,0.00,0.00,0.00,0.00,0.00,0.00,0.00,0.00,0.00,0.00,0.00,0.00,311892,463372,718097,327618,477001,728581,0,0,0,0,0,0,0,100838,0,125.69,125.79,125.87
200,3,0,0,0,93658,93658,93658,3621,3621,3621,591,591,591,0.00,0.00,0.00,0.00,0.00,0.00,0.00,0.00,0.00,0.00,0.00,0.00,0.00,0.00,0.00,0.00,0.00,0.00,0.00,0.00,0.00,302273,440487,555636,311009,454290,571361,0,0,0,0,0,0,0,112488,0,140.15,140.16,140.19
201,0,0,0,0,93654,93654,93654,3625,3625,3625,591,591,591,0.00,0.00,0.00,0.00,0.00,0.00,0.00,0.00,0.00,0.00,0.00,0.00,0.00,0.00,0.00,0.00,0.00,0.00,0.00,0.00,0.00,301406,381607,676202,314511,395236,689307,0,0,0,0,0,0,0,109797,0,136.95,136.98,137.05
201,1,0,0,0,93622,93622,93622,3657,3657,3657,591,591,591,0.00,0.00,0.00,0.00,0.00,0.00,0.00,0.00,0.00,0.00,0.00,0.00,0.00,0.00,0.00,0.00,0.00,0.00,0.00,0.00,0.00,301405,335998,435070,314510,350151,448175,0,0,0,0,0,0,0,98815,0,123.27,123.31,123.33
201,2,0,0,0,93618,93618,93618,3661,3661,3661,591,591,591,0.00,0.00,0.00,0.00,0.00,0.00,0.00,0.00,0.00,0.00,0.00,0.00,0.00,0.00,0.00,0.00,0.00,0.00,0.00,0.00,0.00,306643,389995,699796,322369,404148,715521,0,0,0,0,0,0,0,100808,0,125.61,125.69,125.73
201,3,0,0,0,93658,93658,93658,3621,3621,3621,591,591,591,0.00,0.00,0.00,0.00,0.00,0.00,0.00,0.00,0.00,0.00,0.00,0.00,0.00,0.00,0.00,0.00,0.00,0.00,0.00,0.00,0.00,429835,469147,602817,442931,482252,618543,0,0,0,0,0,0,0,112556,0,140.11,140.15,140.18
202,0,0,0,0,93654,93654,93654,3625,3625,3625,591,591,591,0.00,0.00,0.00,0.00,0.00,0.00,0.00,0.00,0.00,0.00,0.00,0.00,0.00,0.00,0.00,0.00,0.00,0.00,0.00,0.00,0.00,192183,374188,608063,200918,386909,621168,0,0,0,0,0,0,0,82281,0,136.86,136.91,136.96
202,1,0,0,0,93622,93622,93622,3657,3657,3657,591,591,591,0.00,0.00,0.00,0.00,0.00,0.00,0.00,0.00,0.00,0.00,0.00,0.00,0.00,0.00,0.00,0.00,0.00,0.00,0.00,0.00,0.00,304031,362211,566123,317136,376364,579228,0,0,0,0,0,0,0,86382,0,123.26,123.28,123.31
202,2,0,0,0,93618,93618,93618,3661,3661,3661,591,591,591,0.00,0.00,0.00,0.00,0.00,0.00,0.00,0.00,0.00,0.00,0.00,0.00,0.00,0.00,0.00,0.00,0.00,0.00,0.00,0.00,0.00,309271,546002,1328717,319754,558740,1344442,0,0,0,0,0,0,0,113387,0,125.62,125.65,125.68
202,3,0,0,0,93658,93658,93658,3621,3621,3621,591,591,591,0.00,0.00,0.00,0.00,0.00,0.00,0.00,0.00,0.00,0.00,0.00,0.00,0.00,0.00,0.00,0.00,0.00,0.00,0.00,0.00,0.00,427213,662045,1480807,440317,676197,1493911,0,0,0,0,0,0,0,98533,0,140.13,140.20,140.25
203,0,0,0,0,93654,93654,93654,3625,3625,3625,591,591,591,0.00,0.00,0.00,0.00,0.00,0.00,0.00,0.00,0.00,0.00,0.00,0.00,0.00,0.00,0.00,0.00,0.00,0.00,0.00,0.00,0.00,298783,528115,1195141,311888,542530,1210866,0,0,0,0,0,0,0,123607,0,136.88,136.93,137.00
203,1,0,0,0,93622,93622,93622,3657,3657,3657,591,591,591,0.00,0.00,0.00,0.00,0.00,0.00,0.00,0.00,0.00,0.00,0.00,0.00,0.00,0.00,0.00,0.00,0.00,0.00,0.00,0.00,0.00,13104,384183,868399,26209,396632,878883,0,0,0,0,0,0,0,98658,0,123.09,123.17,123.28
203,2,0,0,0,93618,93618,93618,3661,3661,3661,591,591,591,0.00,0.00,0.00,0.00,0.00,0.00,0.00,0.00,0.00,0.00,0.00,0.00,0.00,0.00,0.00,0.00,0.00,0.00,0.00,0.00,0.00,306272,418042,739105,321714,431791,752210,0,0,0,0,0,0,0,75693,0,125.66,125.78,125.84
203,3,0,0,0,93658,93658,93658,3621,3621,3621,591,591,591,0.00,0.00,0.00,0.00,0.00,0.00,0.00,0.00,0.00,0.00,0.00,0.00,0.00,0.00,0.00,0.00,0.00,0.00,0.00,0.00,0.00,408871,501902,736442,421976,515661,749546,0,0,0,0,0,0,0,112416,0,140.16,140.23,140.27
204,0,0,0,0,93654,93654,93654,3625,3625,3625,591,591,591,0.00,0.00,0.00,0.00,0.00,0.00,0.00,0.00,0.00,0.00,0.00,0.00,0.00,0.00,0.00,0.00,0.00,0.00,0.00,0.00,0.00,298785,358541,579223,314507,372170,592327,0,0,0,0,0,0,0,109777,0,137.02,137.04,137.07
204,1,0,0,0,93622,93622,93622,3657,3657,3657,591,591,591,0.00,0.00,0.00,0.00,0.00,0.00,0.00,0.00,0.00,0.00,0.00,0.00,0.00,0.00,0.00,0.00,0.00,0.00,0.00,0.00,0.00,306630,350675,421967,319734,364828,435072,0,0,0,0,0,0,0,98789,0,123.06,123.15,123.24
204,2,0,0,0,93618,93618,93618,3661,3661,3661,591,591,591,0.00,0.00,0.00,0.00,0.00,0.00,0.00,0.00,0.00,0.00,0.00,0.00,0.00,0.00,0.00,0.00,0.00,0.00,0.00,0.00,0.00,309273,380559,636882,324998,394712,649987,0,0,0,0,0,0,0,100874,0,125.72,125.76,125.83
204,3,0,0,0,93658,93658,93658,3621,3621,3621,591,591,591,0.00,0.00,0.00,0.00,0.00,0.00,0.00,0.00,0.00,0.00,0.00,0.00,0.00,0.00,0.00,0.00,0.00,0.00,0.00,0.00,0.00,290053,422844,558258,298790,436124,571362,0,0,0,0,0,0,0,112434,0,140.00,140.04,140.06
205,0,0,0,0,93654,93654,93654,3625,3625,3625,591,591,591,0.00,0.00,0.00,0.00,0.00,0.00,0.00,0.00,0.00,0.00,0.00,0.00,0.00,0.00,0.00,0.00,0.00,0.00,0.00,0.00,0.00,309252,443981,644747,322356,458133,660472,0,0,0,0,0,0,0,109849,0,136.90,136.94,136.99
205,1,0,0,0,93622,93622,93622,3657,3657,3657,591,591,591,0.00,0.00,0.00,0.00,0.00,0.00,0.00,0.00,0.00,0.00,0.00,0.00,0.00,0.00,0.00,0.00,0.00,0.00,0.00,0.00,0.00,298786,392091,579226,314512,405719,592330,0,0,0,0,0,0,0,98785,0,123.21,123.25,123.29
205,2,0,0,0,93618,93618,93618,3661,3661,3661,591,591,591,0.00,0.00,0.00,0.00,0.00,0.00,0.00,0.00,0.00,0.00,0.00,0.00,0.00,0.00,0.00,0.00,0.00,0.00,0.00,0.00,0.00,309254,390516,686691,324979,404669,699796,0,0,0,0,0,0,0,100785,0,125.67,125.71,125.73
205,3,0,0,0,93658,93658,93658,3621,3621,3621,591,591,591,0.00,0.00,0.00,0.00,0.00,0.00,0.00,0.00,0.00,0.00,0.00,0.00,0.00,0.00,0.00,0.00,0.00,0.00,0.00,0.00,0.00,421972,477528,613291,437695,491681,629017,0,0,0,0,0,0,0,112566,0,140.06,140.12,140.18
206,0,0,0,0,93654,93654,93654,3625,3625,3625,591,591,591,0.00,0.00,0.00,0.00,0.00,0.00,0.00,0.00,0.00,0.00,0.00,0.00,0.00,0.00,0.00,0.00,0.00,0.00,0.00,0.00,0.00,195696,313413,477001,202685,326827,492726,0,0,0,0,0,0,0,109690,0,136.87,136.93,137.01
206,1,0,0,0,93622,93622,93622,3657,3657,3657,591,591,591,0.00,0.00,0.00,0.00,0.00,0.00,0.00,0.00,0.00,0.00,0.00,0.00,0.00,0.00,0.00,0.00,0.00,0.00,0.00,0.00,0.00,0,252129,338098,13104,266282,353824,0,0,0,0,0,0,0,111209,0,123.31,123.32,123.34
206,2,0,0,0,93618,93618,93618,3661,3661,3661,591,591,591,0.00,0.00,0.00,0.00,0.00,0.00,0.00,0.00,0.00,0.00,0.00,0.00,0.00,0.00,0.00,0.00,0.00,0.00,0.00,0.00,0.00,203967,567079,1370751,210881,579994,1383856,0,0,0,0,0,0,0,100741,0,125.63,125.68,125.74
206,3,0,0,0,93658,93658,93658,3621,3621,3621,591,591,591,0.00,0.00,0.00,0.00,0.00,0.00,0.00,0.00,0.00,0.00,0.00,0.00,0.00,0.00,0.00,0.00,0.00,0.00,0.00,0.00,0.00,414109,651041,1250187,429835,664669,1263292,0,0,0,0,0,0,0,126625,0,140.22,140.27,140.30
207,0,0,0,0,93654,93654,93654,3625,3625,3625,591,591,591,0.00,0.00,0.00,0.00,0.00,0.00,0.00,0.00,0.00,0.00,0.00,0.00,0.00,0.00,0.00,0.00,0.00,0.00,0.00,0.00,0.00,296169,538855,1179415,309273,553008,1195141,0,0,0,0,0,0,0,123479,0,136.91,136.92,136.95
207,1,0,0,0,93622,93622,93622,3657,3657,3657,591,591,591,0.00,0.00,0.00,0.00,0.00,0.00,0.00,0.00,0.00,0.00,0.00,0.00,0.00,0.00,0.00,0.00,0.00,0.00,0.00,0.00,0.00,304026,450622,871893,317131,463377,880630,0,0,0,0,0,0,0,98599,0,123.17,123.27,123.35
207,2,0,0,0,93618,93618,93618,3661,3661,3661,591,591,591,0.00,0.00,0.00,0.00,0.00,0.00,0.00,0.00,0.00,0.00,0.00,0.00,0.00,0.00,0.00,0.00,0.00,0.00,0.00,0.00,0.00,309270,391561,699740,322375,405713,712843,0,0,0,0,0,0,0,100930,0,125.63,125.70,125.80
207,3,0,0,0,93658,93658,93658,3621,3621,3621,591,591,591,0.00,0.00,0.00,0.00,0.00,0.00,0.00,0.00,0.00,0.00,0.00,0.00,0.00,0.00,0.00,0.00,0.00,0.00,0.00,0.00,0.00,419035,491102,676206,431968,505221,691932,0,0,0,0,0,0,0,112332,0,140.09,140.15,140.22
208,0,0,0,0,93654,93654,93654,3625,3625,3625,591,591,591,0.00,0.00,0.00,0.00,0.00,0.00,0.00,0.00,0.00,0.00,0.00,0.00,0.00,0.00,0.00,0.00,0.00,0.00,0.00,0.00,0.00,298783,381080,684054,309267,394709,699780,0,0,0,0,0,0,0,109825,0,136.84,136.90,136.95
208,1,0,0,0,93622,93622,93622,3657,3657,3657,591,591,591,0.00,0.00,0.00,0.00,0.00,0.00,0.00,0.00,0.00,0.00,0.00,0.00,0.00,0.00,0.00,0.00,0.00,0.00,0.00,0.00,0.00,314494,361159,463906,327598,375312,477010,0,0,0,0,0,0,0,98698,0,123.06,123.09,123.14
208,2,0,0,0,93618,93618,93618,3661,3661,3661,591,591,591,0.00,0.00,0.00,0.00,0.00,0.00,0.00,0.00,0.00,0.00,0.00,0.00,0.00,0.00,0.00,0.00,0.00,0.00,0.00,0.00,0.00,311885,388423,684069,324990,402576,697174,0,0,0,0,0,0,0,100800,0,125.62,125.70,125.75
208,3,0,0,0,93658,93658,93658,3621,3621,3621,591,591,591,0.00,0.00,0.00,0.00,0.00,0.00,0.00,0.00,0.00,0.00,0.00,0.00,0.00,0.00,0.00,0.00,0.00,0.00,0.00,0.00,0.00,295292,427030,568739,305776,440135,584464,0,0,0,0,0,0,0,112360,0,139.98,140.01,140.05
209,0,0,0,0,93654,93654,93654,3625,3625,3625,591,591,591,0.00,0.00,0.00,0.00,0.00,0.00,0.00,0.00,0.00,0.00,0.00,0.00,0.00,0.00,0.00,0.00,0.00,0.00,0.00,0.00,0.00,293542,365357,608056,309268,379510,623782,0,0,0,0,0,0,0,109731,0,136.84,136.91,136.98
209,1,0,0,0,93622,93622,93622,3657,3657,3657,591,591,591,0.00,0.00,0.00,0.00,0.00,0.00,0.00,0.00,0.00,0.00,0.00,0.00,0.00,0.00,0.00,0.00,0.00,0.00,0.00,0.00,0.00,301405,363258,576598,317131,377411,589702,0,0,0,0,0,0,0,98763,0,123.18,123.22,123.26
209,2,0,0,0,93618,93618,93618,3661,3661,3661,591,591,591,0.00,0.00,0.00,0.00,0.00,0.00,0.00,0.00,0.00,0.00,0.00,0.00,0.00,0.00,0.00,0.00,0.00,0.00,0.00,0.00,0.00,309270,597049,1360266,322375,611202,1375992,0,0,0,0,0,0,0,113384,0,125.60,125.63,125.66
209,3,0,0,0,93658,93658,93658,3621,3621,3621,591,591,591,0.00,0.00,0.00,0.00,0.00,0.00,0.00,0.00,0.00,0.00,0.00,0.00,0.00,0.00,0.00,0.00,0.00,0.00,0.00,0.00,0.00,419346,438221,497981,432455,451849,513706,0,0,0,0,0,0,0,112409,0,140.04,140.07,140.09
210,0,0,0,0,93654,93654,93654,3625,3625,3625,591,591,591,0.00,0.00,0.00,0.00,0.00,0.00,0.00,0.00,0.00,0.00,0.00,0.00,0.00,0.00,0.00,0.00,0.00,0.00,0.00,0.00,0.00,197191,313349,450777,205840,325995,463881,0,0,0,0,0,0,0,82266,0,136.91,136.93,136.97
210,1,0,0,0,93622,93622,93622,3657,3657,3657,591,591,591,0.00,0.00,0.00,0.00,0.00,0.00,0.00,0.00,0.00,0.00,0.00,0.00,0.00,0.00,0.00,0.00,0.00,0.00,0.00,0.00,0.00,13104,407552,974982,26208,420656,988087,0,0,0,0,0,0,0,74136,0,123.24,123.25,123.27
210,2,0,0,0,93618,93618,93618,3661,3661,3661,591,591,591,0.00,0.00,0.00,0.00,0.00,0.00,0.00,0.00,0.00,0.00,0.00,0.00,0.00,0.00,0.00,0.00,0.00,0.00,0.00,0.00,0.00,209133,373999,655236,219503,386419,670961,0,0,0,0,0,0,0,75661,0,125.69,125.79,125.88
210,3,0,0,0,93658,93658,93658,3621,3621,3621,591,591,591,0.00,0.00,0.00,0.00,0.00,0.00,0.00,0.00,0.00,0.00,0.00,0.00,0.00,0.00,0.00,0.00,0.00,0.00,0.00,0.00,0.00,427212,771855,1462476,440317,785615,1478201,0,0,0,0,0,0,0,84240,0,139.95,139.99,140.05
211,0,0,0,0,93654,93654,93654,3625,3625,3625,591,591,591,0.00,0.00,0.00,0.00,0.00,0.00,0.00,0.00,0.00,0.00,0.00,0.00,0.00,0.00,0.00,0.00,0.00,0.00,0.00,0.00,0.00,298786,542531,1231839,314511,556684,1247564,0,0,0,0,0,0,0,109765,0,136.95,136.97,137.03
211,1,0,0,0,93622,93622,93622,3657,3657,3657,591,591,591,0.00,0.00,0.00,0.00,0.00,0.00,0.00,0.00,0.00,0.00,0.00,0.00,0.00,0.00,0.00,0.00,0.00,0.00,0.00,0.00,0.00,304025,363954,449051,317129,377058,459535,0,0,0,0,0,0,0,98734,0,123.22,123.27,123.31
211,2,0,0,0,93618,93618,93618,3661,3661,3661,591,591,591,0.00,0.00,0.00,0.00,0.00,0.00,0.00,0.00,0.00,0.00,0.00,0.00,0.00,0.00,0.00,0.00,0.00,0.00,0.00,0.00,0.00,299643,390165,707648,312233,403802,721310,0,0,0,0,0,0,0,100889,0,125.79,125.84,125.91
211,3,0,0,0,93658,93658,93658,3621,3621,3621,591,591,591,0.00,0.00,0.00,0.00,0.00,0.00,0.00,0.00,0.00,0.00,0.00,0.00,0.00,0.00,0.00,0.00,0.00,0.00,0.00,0.00,0.00,291800,417424,513704,304032,430879,524188,0,0,0,0,0,0,0,112389,0,139.91,139.92,139.93
212,0,0,0,0,93654,93654,93654,3625,3625,3625,591,591,591,0.00,0.00,0.00,0.00,0.00,0.00,0.00,0.00,0.00,0.00,0.00,0.00,0.00,0.00,0.00,0.00,0.00,0.00,0.00,0.00,0.00,298784,379506,678823,311889,393135,694549,0,0,0,0,0,0,0,109844,0,136.94,136.95,136.96
212,1,0,0,0,93622,93622,93622,3657,3657,3657,591,591,591,0.00,0.00,0.00,0.00,0.00,0.00,0.00,0.00,0.00,0.00,0.00,0.00,0.00,0.00,0.00,0.00,0.00,0.00,0.00,0.00,0.00,298785,364832,474383,314510,378985,487487,0,0,0,0,0,0,0,98713,0,123.08,123.14,123.21
212,2,0,0,0,93618,93618,93618,3661,3661,3661,591,591,591,0.00,0.00,0.00,0.00,0.00,0.00,0.00,0.00,0.00,0.00,0.00,0.00,0.00,0.00,0.00,0.00,0.00,0.00,0.00,0.00,0.00,314512,459185,673585,327618,473338,689311,0,0,0,0,0,0,0,100875,0,125.79,125.81,125.84
212,3,0,0,0,93658,93658,93658,3621,3621,3621,591,591,591,0.00,0.00,0.00,0.00,0.00,0.00,0.00,0.00,0.00,0.00,0.00,0.00,0.00,0.00,0.00,0.00,0.00,0.00,0.00,0.00,0.00,424590,451325,550399,437695,464430,563504,0,0,0,0,0,0,0,112400,0,139.81,139.90,139.99
213,0,0,0,0,93654,93654,93654,3625,3625,3625,591,591,591,0.00,0.00,0.00,0.00,0.00,0.00,0.00,0.00,0.00,0.00,0.00,0.00,0.00,0.00,0.00,0.00,0.00,0.00,0.00,0.00,0.00,199190,340720,608054,209674,353825,623780,0,0,0,0,0,0,0,109974,0,136.93,137.01,137.13
213,1,0,0,0,93622,93622,93622,3657,3657,3657,591,591,591,0.00,0.00,0.00,0.00,0.00,0.00,0.00,0.00,0.00,0.00,0.00,0.00,0.00,0.00,0.00,0.00,0.00,0.00,0.00,0.00,0.00,301406,363784,594948,317131,377936,608052,0,0,0,0,0,0,0,110970,0,123.14,123.17,123.21
213,2,0,0,0,93618,93618,93618,3661,3661,3661,591,591,591,0.00,0.00,0.00,0.00,0.00,0.00,0.00,0.00,0.00,0.00,0.00,0.00,0.00,0.00,0.00,0.00,0.00,0.00,0.00,0.00,0.00,309269,534145,1381224,322374,548297,1394328,0,0,0,0,0,0,0,113559,0,125.76,125.79,125.83
213,3,0,0,0,93658,93658,93658,3621,3621,3621,591,591,591,0.00,0.00,0.00,0.00,0.00,0.00,0.00,0.00,0.00,0.00,0.00,0.00,0.00,0.00,0.00,0.00,0.00,0.00,0.00,0.00,0.00,419350,439261,505811,432455,453414,521535,0,0,0,0,0,0,0,126563,0,140.10,140.19,140.25
214,0,0,0,0,93654,93654,93654,3625,3625,3625,591,591,591,0.00,0.00,0.00,0.00,0.00,0.00,0.00,0.00,0.00,0.00,0.00,0.00,0.00,0.00,0.00,0.00,0.00,0.00,0.00,0.00,0.00,301406,522612,1237080,314510,536765,1252805,0,0,0,0,0,0,0,123508,0,136.96,137.07,137.13
214,1,0,0,0,93622,93622,93622,3657,3657,3657,591,591,591,0.00,0.00,0.00,0.00,0.00,0.00,0.00,0.00,0.00,0.00,0.00,0.00,0.00,0.00,0.00,0.00,0.00,0.00,0.00,0.00,0.00,86490,423883,925169,99595,436638,940894,0,0,0,0,0,0,0,98796,0,123.15,123.22,123.28
214,2,0,0,0,93618,93618,93618,3661,3661,3661,591,591,591,0.00,0.00,0.00,0.00,0.00,0.00,0.00,0.00,0.00,0.00,0.00,0.00,0.00,0.00,0.00,0.00,0.00,0.00,0.00,0.00,0.00,206204,427666,695039,214725,440322,710484,0,0,0,0,0,0,0,100756,0,125.65,125.70,125.76
214,3,0,0,0,93658,93658,93658,3621,3621,3621,591,591,591,0.00,0.00,0.00,0.00,0.00,0.00,0.00,0.00,0.00,0.00,0.00,0.00,0.00,0.00,0.00,0.00,0.00,0.00,0.00,0.00,0.00,416732,701888,1294742,432458,716041,1310467,0,0,0,0,0,0,0,112521,0,140.22,140.24,140.28
215,0,0,0,0,93654,93654,93654,3625,3625,3625,591,591,591,0.00,0.00,0.00,0.00,0.00,0.00,0.00,0.00,0.00,0.00,0.00,0.00,0.00,0.00,0.00,0.00,0.00,0.00,0.00,0.00,0.00,301405,359060,566090,314509,372688,581815,0,0,0,0,0,0,0,109784,0,136.75,136.80,136.84
215,1,0,0,0,93622,93622,93622,3657,3657,3657,591,591,591,0.00,0.00,0.00,0.00,0.00,0.00,0.00,0.00,0.00,0.00,0.00,0.00,0.00,0.00,0.00,0.00,0.00,0.00,0.00,0.00,0.00,304026,356967,442932,319752,371121,453416,0,0,0,0,0,0,0,98717,0,123.20,123.21,123.25
215,2,0,0,0,93618,93618,93618,3661,3661,3661,591,591,591,0.00,0.00,0.00,0.00,0.00,0.00,0.00,0.00,0.00,0.00,0.00,0.00,0.00,0.00,0.00,0.00,0.00,0.00,0.00,0.00,0.00,306928,384808,665719,320272,399009,678823,0,0,0,0,0,0,0,100873,0,125.63,125.71,125.79
215,3,0,0,0,93658,93658,93658,3621,3621,3621,591,591,591,0.00,0.00,0.00,0.00,0.00,0.00,0.00,0.00,0.00,0.00,0.00,0.00,0.00,0.00,0.00,0.00,0.00,0.00,0.00,0.00,0.00,283054,409173,479632,291790,422406,492737,0,0,0,0,0,0,0,112488,0,140.18,140.21,140.24
216,0,0,0,0,93654,93654,93654,3625,3625,3625,591,591,591,0.00,0.00,0.00,0.00,0.00,0.00,0.00,0.00,0.00,0.00,0.00,0.00,0.00,0.00,0.00,0.00,0.00,0.00,0.00,0.00,0.00,304028,466524,893737,319754,480676,906841,0,0,0,0,0,0,0,109792,0,136.95,136.99,137.02
216,1,0,0,0,93622,93622,93622,3657,3657,3657,591,591,591,0.00,0.00,0.00,0.00,0.00,0.00,0.00,0.00,0.00,0.00,0.00,0.00,0.00,0.00,0.00,0.00,0.00,0.00,0.00,0.00,0.00,301408,374264,631646,317131,388417,647372,0,0,0,0,0,0,0,98757,0,123.17,123.18,123.21
216,2,0,0,0,93618,93618,93618,3661,3661,3661,591,591,591,0.00,0.00,0.00,0.00,0.00,0.00,0.00,0.00,0.00,0.00,0.00,0.00,0.00,0.00,0.00,0.00,0.00,0.00,0.00,0.00,0.00,311891,396283,705024,327616,409912,718128,0,0,0,0,0,0,0,100834,0,125.68,125.73,125.80
216,3,0,0,0,93658,93658,93658,3621,3621,3621,591,591,591,0.00,0.00,0.00,0.00,0.00,0.00,0.00,0.00,0.00,0.00,0.00,0.00,0.00,0.00,0.00,0.00,0.00,0.00,0.00,0.00,0.00,416722,457614,576610,429826,471243,592336,0,0,0,0,0,0,0,112525,0,140.17,140.19,140.22
217,0,0,0,0,93654,93654,93654,3625,3625,3625,591,591,591,0.00,0.00,0.00,0.00,0.00,0.00,0.00,0.00,0.00,0.00,0.00,0.00,0.00,0.00,0.00,0.00,0.00,0.00,0.00,0.00,0.00,197442,315205,484843,206178,327960,500568,0,0,0,0,0,0,0,82397,0,136.88,136.92,136.97
217,1,0,0,0,93622,93622,93622,3657,3657,3657,591,591,591,0.00,0.00,0.00,0.00,0.00,0.00,0.00,0.00,0.00,0.00,0.00,0.00,0.00,0.00,0.00,0.00,0.00,0.00,0.00,0.00,0.00,304029,367592,527504,317134,381186,540433,0,0,0,0,0,0,0,74156,0,123.20,123.25,123.31
217,2,0,0,0,93618,93618,93618,3661,3661,3661,591,591,591,0.00,0.00,0.00,0.00,0.00,0.00,0.00,0.00,0.00,0.00,0.00,0.00,0.00,0.00,0.00,0.00,0.00,0.00,0.00,0.00,0.00,317133,590752,1339287,327617,604381,1355013,0,0,0,0,0,0,0,101000,0,125.69,125.78,125.86
217,3,0,0,0,93658,93658,93658,3621,3621,3621,591,591,591,0.00,0.00,0.00,0.00,0.00,0.00,0.00,0.00,0.00,0.00,0.00,0.00,0.00,0.00,0.00,0.00,0.00,0.00,0.00,0.00,0.00,424590,754304,1168941,437696,767933,1182046,0,0,0,0,0,0,0,98461,0,140.17,140.23,140.28
218,0,0,0,0,93654,93654,93654,3625,3625,3625,591,591,591,0.00,0.00,0.00,0.00,0.00,0.00,0.00,0.00,0.00,0.00,0.00,0.00,0.00,0.00,0.00,0.00,0.00,0.00,0.00,0.00,0.00,298785,531389,1200376,314511,545149,1213481,0,0,0,0,0,0,0,123733,0,136.99,137.02,137.06
218,1,0,0,0,93622,93622,93622,3657,3657,3657,591,591,591,0.00,0.00,0.00,0.00,0.00,0.00,0.00,0.00,0.00,0.00,0.00,0.00,0.00,0.00,0.00,0.00,0.00,0.00,0.00,0.00,0.00,291794,321268,369500,302278,333717,382603,0,0,0,0,0,0,0,98718,0,123.25,123.27,123.29
218,2,0,0,0,93618,93618,93618,3661,3661,3661,591,591,591,0.00,0.00,0.00,0.00,0.00,0.00,0.00,0.00,0.00,0.00,0.00,0.00,0.00,0.00,0.00,0.00,0.00,0.00,0.00,0.00,0.00,313836,354271,461120,326699,367062,473209,0,0,0,0,0,0,0,75746,0,125.92,125.94,125.97
218,3,0,0,0,93658,93658,93658,3621,3621,3621,591,591,591,0.00,0.00,0.00,0.00,0.00,0.00,0.00,0.00,0.00,0.00,0.00,0.00,0.00,0.00,0.00,0.00,0.00,0.00,0.00,0.00,0.00,421947,484993,674077,435051,499323,686843,0,0,0,0,0,0,0,112563,0,140.15,140.19,140.22
219,0,0,0,0,93654,93654,93654,3625,3625,3625,591,591,591,0.00,0.00,0.00,0.00,0.00,0.00,0.00,0.00,0.00,0.00,0.00,0.00,0.00,0.00,0.00,0.00,0.00,0.00,0.00,0.00,0.00,298786,429307,678818,311891,443460,691922,0,0,0,0,0,0,0,109920,0,137.02,137.05,137.06
219,1,0,0,0,93622,93622,93622,3657,3657,3657,591,591,591,0.00,0.00,0.00,0.00,0.00,0.00,0.00,0.00,0.00,0.00,0.00,0.00,0.00,0.00,0.00,0.00,0.00,0.00,0.00,0.00,0.00,304009,364827,505836,319734,378980,518941,0,0,0,0,0,0,0,98796,0,123.27,123.28,123.29
219,2,0,0,0,93618,93618,93618,3661,3661,3661,591,591,591,0.00,0.00,0.00,0.00,0.00,0.00,0.00,0.00,0.00,0.00,0.00,0.00,0.00,0.00,0.00,0.00,0.00,0.00,0.00,0.00,0.00,317134,388048,647372,332860,401727,657856,0,0,0,0,0,0,0,101072,0,125.99,126.02,126.05
219,3,0,0,0,93658,93658,93658,3621,3621,3621,591,591,591,0.00,0.00,0.00,0.00,0.00,0.00,0.00,0.00,0.00,0.00,0.00,0.00,0.00,0.00,0.00,0.00,0.00,0.00,0.00,0.00,0.00,281317,408516,503220,290053,421795,518946,0,0,0,0,0,0,0,112590,0,140.15,140.19,140.23
220,0,0,0,0,93654,93654,93654,3625,3625,3625,591,591,591,0.00,0.00,0.00,0.00,0.00,0.00,0.00,0.00,0.00,0.00,0.00,0.00,0.00,0.00,0.00,0.00,0.00,0.00,0.00,0.00,0.00,301407,366925,602810,317133,381078,615915,0,0,0,0,0,0,0,109851,0,137.04,137.05,137.07
220,1,0,0,0,93622,93622,93622,3657,3657,3657,591,591,591,0.00,0.00,0.00,0.00,0.00,0.00,0.00,0.00,0.00,0.00,0.00,0.00,0.00,0.00,0.00,0.00,0.00,0.00,0.00,0.00,0.00,296164,355396,558257,311889,369549,573983,0,0,0,0,0,0,0,98816,0,123.22,123.27,123.30
220,2,0,0,0,93618,93618,93618,3661,3661,3661,591,591,591,0.00,0.00,0.00,0.00,0.00,0.00,0.00,0.00,0.00,0.00,0.00,0.00,0.00,0.00,0.00,0.00,0.00,0.00,0.00,0.00,0.00,319753,388418,639507,332858,402571,652612,0,0,0,0,0,0,0,113549,0,125.87,125.90,125.97
220,3,0,0,0,93658,93658,93658,3621,3621,3621,591,591,591,0.00,0.00,0.00,0.00,0.00,0.00,0.00,0.00,0.00,0.00,0.00,0.00,0.00,0.00,0.00,0.00,0.00,0.00,0.00,0.00,0.00,421971,464949,600197,435075,478577,613302,0,0,0,0,0,0,0,112381,0,140.00,140.04,140.16
221,0,0,0,0,93654,93654,93654,3625,3625,3625,591,591,591,0.00,0.00,0.00,0.00,0.00,0.00,0.00,0.00,0.00,0.00,0.00,0.00,0.00,0.00,0.00,0.00,0.00,0.00,0.00,0.00,0.00,197442,313636,466527,206179,326392,479631,0,0,0,0,0,0,0,109842,0,137.01,137.04,137.05
221,1,0,0,0,93622,93622,93622,3657,3657,3657,591,591,591,0.00,0.00,0.00,0.00,0.00,0.00,0.00,0.00,0.00,0.00,0.00,0.00,0.00,0.00,0.00,0.00,0.00,0.00,0.00,0.00,0.00,309253,373843,555640,324978,387421,568745,0,0,0,0,0,0,0,111117,0,123.26,123.28,123.31
221,2,0,0,0,93618,93618,93618,3661,3661,3661,591,591,591,0.00,0.00,0.00,0.00,0.00,0.00,0.00,0.00,0.00,0.00,0.00,0.00,0.00,0.00,0.00,0.00,0.00,0.00,0.00,0.00,0.00,314512,584994,1357647,327618,599147,1370752,0,0,0,0,0,0,0,101112,0,125.81,125.85,125.94
221,3,0,0,0,93658,93658,93658,3621,3621,3621,591,591,591,0.00,0.00,0.00,0.00,0.00,0.00,0.00,0.00,0.00,0.00,0.00,0.00,0.00,0.00,0.00,0.00,0.00,0.00,0.00,0.00,0.00,416731,705032,1425791,432456,719186,1441517,0,0,0,0,0,0,0,126562,0,139.99,140.09,140.17
222,0,0,0,0,93654,93654,93654,3625,3625,3625,591,591,591,0.00,0.00,0.00,0.00,0.00,0.00,0.00,0.00,0.00,0.00,0.00,0.00,0.00,0.00,0.00,0.00,0.00,0.00,0.00,0.00,0.00,304011,538856,1179414,317115,553009,1195139,0,0,0,0,0,0,0,109868,0,136.98,137.04,137.07
222,1,0,0,0,93622,93622,93622,3657,3657,3657,591,591,591,0.00,0.00,0.00,0.00,0.00,0.00,0.00,0.00,0.00,0.00,0.00,0.00,0.00,0.00,0.00,0.00,0.00,0.00,0.00,0.00,0.00,154608,357137,545150,170331,370416,558254,0,0,0,0,0,0,0,98709,0,123.25,123.27,123.29
222,2,0,0,0,93618,93618,93618,3661,3661,3661,591,591,591,0.00,0.00,0.00,0.00,0.00,0.00,0.00,0.00,0.00,0.00,0.00,0.00,0.00,0.00,0.00,0.00,0.00,0.00,0.00,0.00,0.00,207665,372255,720762,218048,384817,733866,0,0,0,0,0,0,0,100907,0,125.80,125.90,125.95
222,3,0,0,0,93658,93658,93658,3621,3621,3621,591,591,591,0.00,0.00,0.00,0.00,0.00,0.00,0.00,0.00,0.00,0.00,0.00,0.00,0.00,0.00,0.00,0.00,0.00,0.00,0.00,0.00,0.00,421971,477536,694550,435076,491689,710276,0,0,0,0,0,0,0,112535,0,140.10,140.17,140.23
223,0,0,0,0,93654,93654,93654,3625,3625,3625,591,591,591,0.00,0.00,0.00,0.00,0.00,0.00,0.00,0.00,0.00,0.00,0.00,0.00,0.00,0.00,0.00,0.00,0.00,0.00,0.00,0.00,0.00,301405,378460,665714,314511,392089,678819,0,0,0,0,0,0,0,109925,0,136.99,137.05,137.10
223,1,0,0,0,93622,93622,93622,3657,3657,3657,591,591,591,0.00,0.00,0.00,0.00,0.00,0.00,0.00,0.00,0.00,0.00,0.00,0.00,0.00,0.00,0.00,0.00,0.00,0.00,0.00,0.00,0.00,330234,396278,532048,345943,410431,547774,0,0,0,0,0,0,0,98685,0,123.17,123.22,123.25
223,2,0,0,0,93618,93618,93618,3661,3661,3661,591,591,591,0.00,0.00,0.00,0.00,0.00,0.00,0.00,0.00,0.00,0.00,0.00,0.00,0.00,0.00,0.00,0.00,0.00,0.00,0.00,0.00,0.00,311891,457090,697172,327610,471243,710277,0,0,0,0,0,0,0,100892,0,125.81,125.87,125.91
223,3,0,0,0,93658,93658,93658,3621,3621,3621,591,591,591,0.00,0.00,0.00,0.00,0.00,0.00,0.00,0.00,0.00,0.00,0.00,0.00,0.00,0.00,0.00,0.00,0.00,0.00,0.00,0.00,0.00,290054,417594,526780,298790,430873,542504,0,0,0,0,0,0,0,112413,0,139.96,140.05,140.11
224,0,0,0,0,93654,93654,93654,3625,3625,3625,591,591,591,0.00,0.00,0.00,0.00,0.00,0.00,0.00,0.00,0.00,0.00,0.00,0.00,0.00,0.00,0.00,0.00,0.00,0.00,0.00,0.00,0.00,197444,349282,642129,206180,362561,657854,0,0,0,0,0,0,0,109781,0,136.94,137.00,137.06
224,1,0,0,0,93622,93622,93622,3657,3657,3657,591,591,591,0.00,0.00,0.00,0.00,0.00,0.00,0.00,0.00,0.00,0.00,0.00,0.00,0.00,0.00,0.00,0.00,0.00,0.00,0.00,0.00,0.00,311889,375839,613286,324994,389468,629011,0,0,0,0,0,0,0,74185,0,123.16,123.24,123.31
224,2,0,0,0,93618,93618,93618,3661,3661,3661,591,591,591,0.00,0.00,0.00,0.00,0.00,0.00,0.00,0.00,0.00,0.00,0.00,0.00,0.00,0.00,0.00,0.00,0.00,0.00,0.00,0.00,0.00,314505,529428,1360269,327609,543057,1375994,0,0,0,0,0,0,0,113768,0,125.79,125.86,125.97
224,3,0,0,0,93658,93658,93658,3621,3621,3621,591,591,591,0.00,0.00,0.00,0.00,0.00,0.00,0.00,0.00,0.00,0.00,0.00,0.00,0.00,0.00,0.00,0.00,0.00,0.00,0.00,0.00,0.00,419347,534145,875380,432451,547249,888484,0,0,0,0,0,0,0,98442,0,139.97,140.04,140.12
225,0,0,0,0,93654,93654,93654,3625,3625,3625,591,591,591,0.00,0.00,0.00,0.00,0.00,0.00,0.00,0.00,0.00,0.00,0.00,0.00,0.00,0.00,0.00,0.00,0.00,0.00,0.00,0.00,0.00,293543,339404,458660,309268,353819,471764,0,0,0,0,0,0,0,96143,0,136.98,136.99,137.00
225,1,0,0,0,93622,93622,93622,3657,3657,3657,591,591,591,0.00,0.00,0.00,0.00,0.00,0.00,0.00,0.00,0.00,0.00,0.00,0.00,0.00,0.00,0.00,0.00,0.00,0.00,0.00,0.00,0.00,309272,454340,566118,324998,468021,579223,0,0,0,0,0,0,0,111212,0,123.31,123.34,123.37
225,2,0,0,0,93618,93618,93618,3661,3661,3661,591,591,591,0.00,0.00,0.00,0.00,0.00,0.00,0.00,0.00,0.00,0.00,0.00,0.00,0.00,0.00,0.00,0.00,0.00,0.00,0.00,0.00,0.00,311886,397062,642099,324991,410822,657824,0,0,0,0,0,0,0,75761,0,125.91,125.94,125.96
225,3,0,0,0,93658,93658,93658,3621,3621,3621,591,591,591,0.00,0.00,0.00,0.00,0.00,0.00,0.00,0.00,0.00,0.00,0.00,0.00,0.00,0.00,0.00,0.00,0.00,0.00,0.00,0.00,0.00,421951,721411,1155842,435055,735826,1174189,0,0,0,0,0,0,0,112484,0,140.11,140.18,140.22
226,0,0,0,0,93654,93654,93654,3625,3625,3625,591,591,591,0.00,0.00,0.00,0.00,0.00,0.00,0.00,0.00,0.00,0.00,0.00,0.00,0.00,0.00,0.00,0.00,0.00,0.00,0.00,0.00,0.00,301404,538336,1242315,314509,551965,1255419,0,0,0,0,0,0,0,109883,0,137.05,137.07,137.09
226,1,0,0,0,93622,93622,93622,3657,3657,3657,591,591,591,0.00,0.00,0.00,0.00,0.00,0.00,0.00,0.00,0.00,0.00,0.00,0.00,0.00,0.00,0.00,0.00,0.00,0.00,0.00,0.00,0.00,207918,331980,524182,216654,345783,539908,0,0,0,0,0,0,0,98865,0,123.38,123.43,123.50
226,2,0,0,0,93618,93618,93618,3661,3661,3661,591,591,591,0.00,0.00,0.00,0.00,0.00,0.00,0.00,0.00,0.00,0.00,0.00,0.00,0.00,0.00,0.00,0.00,0.00,0.00,0.00,0.00,0.00,214568,439203,699794,223220,452990,715519,0,0,0,0,0,0,0,101023,0,125.85,125.90,125.94
226,3,0,0,0,93658,93658,93658,3621,3621,3621,591,591,591,0.00,0.00,0.00,0.00,0.00,0.00,0.00,0.00,0.00,0.00,0.00,0.00,0.00,0.00,0.00,0.00,0.00,0.00,0.00,0.00,0.00,421966,481470,691931,437691,495576,705035,0,0,0,0,0,0,0,112580,0,140.10,140.15,140.19
227,0,0,0,0,93654,93654,93654,3625,3625,3625,591,591,591,0.00,0.00,0.00,0.00,0.00,0.00,0.00,0.00,0.00,0.00,0.00,0.00,0.00,0.00,0.00,0.00,0.00,0.00,0.00,0.00,0.00,301405,389465,689306,314509,403094,702411,0,0,0,0,0,0,0,109929,0,137.11,137.16,137.21
227,1,0,0,0,93622,93622,93622,3657,3657,3657,591,591,591,0.00,0.00,0.00,0.00,0.00,0.00,0.00,0.00,0.00,0.00,0.00,0.00,0.00,0.00,0.00,0.00,0.00,0.00,0.00,0.00,0.00,301407,382652,553008,314512,396281,568733,0,0,0,0,0,0,0,98814,0,123.25,123.29,123.31
227,2,0,0,0,93618,93618,93618,3661,3661,3661,591,591,591,0.00,0.00,0.00,0.00,0.00,0.00,0.00,0.00,0.00,0.00,0.00,0.00,0.00,0.00,0.00,0.00,0.00,0.00,0.00,0.00,0.00,309269,389462,697123,322373,403090,712847,0,0,0,0,0,0,0,100944,0,125.84,125.88,125.95
227,3,0,0,0,93658,93658,93658,3621,3621,3621,591,591,591,0.00,0.00,0.00,0.00,0.00,0.00,0.00,0.00,0.00,0.00,0.00,0.00,0.00,0.00,0.00,0.00,0.00,0.00,0.00,0.00,0.00,298789,450801,537290,307526,463556,550395,0,0,0,0,0,0,0,112597,0,140.10,140.14,140.16
228,0,0,0,0,93654,93654,93654,3625,3625,3625,591,591,591,0.00,0.00,0.00,0.00,0.00,0.00,0.00,0.00,0.00,0.00,0.00,0.00,0.00,0.00,0.00,0.00,0.00,0.00,0.00,0.00,0.00,298784,359940,581850,311888,373045,597576,0,0,0,0,0,0,0,109802,0,137.05,137.08,137.14
228,1,0,0,0,93622,93622,93622,3657,3657,3657,591,591,591,0.00,0.00,0.00,0.00,0.00,0.00,0.00,0.00,0.00,0.00,0.00,0.00,0.00,0.00,0.00,0.00,0.00,0.00,0.00,0.00,0.00,301407,308743,322373,317131,322372,335478,0,0,0,0,0,0,0,98962,0,123.28,123.32,123.39
228,2,0,0,0,93618,93618,93618,3661,3661,3661,591,591,591,0.00,0.00,0.00,0.00,0.00,0.00,0.00,0.00,0.00,0.00,0.00,0.00,0.00,0.00,0.00,0.00,0.00,0.00,0.00,0.00,0.00,314512,591283,1438899,330238,604912,1449383,0,0,0,0,0,0,0,113517,0,125.74,125.78,125.84
228,3,0,0,0,93658,93658,93658,3621,3621,3621,591,591,591,0.00,0.00,0.00,0.00,0.00,0.00,0.00,0.00,0.00,0.00,0.00,0.00,0.00,0.00,0.00,0.00,0.00,0.00,0.00,0.00,0.00,419351,627447,1438894,432455,641599,1454620,0,0,0,0,0,0,0,126642,0,140.12,140.16,140.20
229,0,0,0,0,93654,93654,93654,3625,3625,3625,591,591,591,0.00,0.00,0.00,0.00,0.00,0.00,0.00,0.00,0.00,0.00,0.00,0.00,0.00,0.00,0.00,0.00,0.00,0.00,0.00,0.00,0.00,298789,476482,1168923,314509,490634,1182027,0,0,0,0,0,0,0,123652,0,137.01,137.03,137.05
229,1,0,0,0,93622,93622,93622,3657,3657,3657,591,591,591,0.00,0.00,0.00,0.00,0.00,0.00,0.00,0.00,0.00,0.00,0.00,0.00,0.00,0.00,0.00,0.00,0.00,0.00,0.00,0.00,0.00,306648,417244,558225,319752,431397,573950,0,0,0,0,0,0,0,98877,0,123.38,123.43,123.47
229,2,0,0,0,93618,93618,93618,3661,3661,3661,591,591,591,0.00,0.00,0.00,0.00,0.00,0.00,0.00,0.00,0.00,0.00,0.00,0.00,0.00,0.00,0.00,0.00,0.00,0.00,0.00,0.00,0.00,311892,398909,736490,327617,413062,752216,0,0,0,0,0,0,0,100923,0,125.70,125.76,125.80
229,3,0,0,0,93658,93658,93658,3621,3621,3621,591,591,591,0.00,0.00,0.00,0.00,0.00,0.00,0.00,0.00,0.00,0.00,0.00,0.00,0.00,0.00,0.00,0.00,0.00,0.00,0.00,0.00,0.00,421971,539914,822977,435075,553542,836081,0,0,0,0,0,0,0,112508,0,140.00,140.03,140.06
230,0,0,0,0,93654,93654,93654,3625,3625,3625,591,591,591,0.00,0.00,0.00,0.00,0.00,0.00,0.00,0.00,0.00,0.00,0.00,0.00,0.00,0.00,0.00,0.00,0.00,0.00,0.00,0.00,0.00,298769,436641,678821,311873,450270,694547,0,0,0,0,0,0,0,109964,0,137.04,137.07,137.12
230,1,0,0,0,93622,93622,93622,3657,3657,3657,591,591,591,0.00,0.00,0.00,0.00,0.00,0.00,0.00,0.00,0.00,0.00,0.00,0.00,0.00,0.00,0.00,0.00,0.00,0.00,0.00,0.00,0.00,202685,347707,518938,213168,360812,532043,0,0,0,0,0,0,0,98843,0,123.34,123.37,123.45
230,2,0,0,0,93618,93618,93618,3661,3661,3661,591,591,591,0.00,0.00,0.00,0.00,0.00,0.00,0.00,0.00,0.00,0.00,0.00,0.00,0.00,0.00,0.00,0.00,0.00,0.00,0.00,0.00,0.00,204687,358595,655251,214922,371650,668356,0,0,0,0,0,0,0,100851,0,125.69,125.77,125.84
230,3,0,0,0,93658,93658,93658,3621,3621,3621,591,591,591,0.00,0.00,0.00,0.00,0.00,0.00,0.00,0.00,0.00,0.00,0.00,0.00,0.00,0.00,0.00,0.00,0.00,0.00,0.00,0.00,0.00,419325,446080,518949,432429,460232,532053,0,0,0,0,0,0,0,112652,0,140.15,140.23,140.28
231,0,0,0,0,93654,93654,93654,3625,3625,3625,591,591,591,0.00,0.00,0.00,0.00,0.00,0.00,0.00,0.00,0.00,0.00,0.00,0.00,0.00,0.00,0.00,0.00,0.00,0.00,0.00,0.00,0.00,293541,367976,605431,309267,382129,618536,0,0,0,0,0,0,0,109871,0,137.00,137.05,137.10
231,1,0,0,0,93622,93622,93622,3657,3657,3657,591,591,591,0.00,0.00,0.00,0.00,0.00,0.00,0.00,0.00,0.00,0.00,0.00,0.00,0.00,0.00,0.00,0.00,0.00,0.00,0.00,0.00,0.00,301407,357490,560880,314512,371119,571364,0,0,0,0,0,0,0,98765,0,123.24,123.33,123.39
231,2,0,0,0,93618,93618,93618,3661,3661,3661,591,591,591,0.00,0.00,0.00,0.00,0.00,0.00,0.00,0.00,0.00,0.00,0.00,0.00,0.00,0.00,0.00,0.00,0.00,0.00,0.00,0.00,0.00,309264,396808,705034,324989,410437,718138,0,0,0,0,0,0,0,113535,0,125.73,125.79,125.86
231,3,0,0,0,93658,93658,93658,3621,3621,3621,591,591,591,0.00,0.00,0.00,0.00,0.00,0.00,0.00,0.00,0.00,0.00,0.00,0.00,0.00,0.00,0.00,0.00,0.00,0.00,0.00,0.00,0.00,284808,427561,584472,295292,440665,597577,0,0,0,0,0,0,0,112566,0,140.27,140.29,140.32
232,0,0,0,0,93654,93654,93654,3625,3625,3625,591,591,591,0.00,0.00,0.00,0.00,0.00,0.00,0.00,0.00,0.00,0.00,0.00,0.00,0.00,0.00,0.00,0.00,0.00,0.00,0.00,0.00,0.00,195678,310688,446884,206160,323053,459652,0,0,0,0,0,0,0,82402,0,137.02,137.06,137.09
232,1,0,0,0,93622,93622,93622,3657,3657,3657,591,591,591,0.00,0.00,0.00,0.00,0.00,0.00,0.00,0.00,0.00,0.00,0.00,0.00,0.00,0.00,0.00,0.00,0.00,0.00,0.00,0.00,0.00,304025,384620,579223,317129,399035,594949,0,0,0,0,0,0,0,86457,0,123.20,123.25,123.31
232,2,0,0,0,93618,93618,93618,3661,3661,3661,591,591,591,0.00,0.00,0.00,0.00,0.00,0.00,0.00,0.00,0.00,0.00,0.00,0.00,0.00,0.00,0.00,0.00,0.00,0.00,0.00,0.00,0.00,314512,653258,1336682,330238,667673,1352407,0,0,0,0,0,0,0,75690,0,125.86,125.88,125.91
232,3,0,0,0,93658,93658,93658,3621,3621,3621,591,591,591,0.00,0.00,0.00,0.00,0.00,0.00,0.00,0.00,0.00,0.00,0.00,0.00,0.00,0.00,0.00,0.00,0.00,0.00,0.00,0.00,0.00,427211,781040,1394340,440315,794800,1410066,0,0,0,0,0,0,0,98491,0,140.16,140.20,140.22
233,0,0,0,0,93654,93654,93654,3625,3625,3625,591,591,591,0.00,0.00,0.00,0.00,0.00,0.00,0.00,0.00,0.00,0.00,0.00,0.00,0.00,0.00,0.00,0.00,0.00,0.00,0.00,0.00,0.00,301407,538337,1205626,314511,552490,1218730,0,0,0,0,0,0,0,123548,0,136.97,137.01,137.05
233,1,0,0,0,93622,93622,93622,3657,3657,3657,591,591,591,0.00,0.00,0.00,0.00,0.00,0.00,0.00,0.00,0.00,0.00,0.00,0.00,0.00,0.00,0.00,0.00,0.00,0.00,0.00,0.00,0.00,204430,322897,416729,213167,335652,429834,0,0,0,0,0,0,0,98779,0,123.20,123.27,123.32
233,2,0,0,0,93618,93618,93618,3661,3661,3661,591,591,591,0.00,0.00,0.00,0.00,0.00,0.00,0.00,0.00,0.00,0.00,0.00,0.00,0.00,0.00,0.00,0.00,0.00,0.00,0.00,0.00,0.00,311885,395236,691929,324989,408865,705034,0,0,0,0,0,0,0,100943,0,125.85,125.87,125.89
233,3,0,0,0,93658,93658,93658,3621,3621,3621,591,591,591,0.00,0.00,0.00,0.00,0.00,0.00,0.00,0.00,0.00,0.00,0.00,0.00,0.00,0.00,0.00,0.00,0.00,0.00,0.00,0.00,0.00,424594,493256,712899,440310,507409,726004,0,0,0,0,0,0,0,112578,0,140.19,140.21,140.26
234,0,0,0,0,93654,93654,93654,3625,3625,3625,591,591,591,0.00,0.00,0.00,0.00,0.00,0.00,0.00,0.00,0.00,0.00,0.00,0.00,0.00,0.00,0.00,0.00,0.00,0.00,0.00,0.00,0.00,301408,379508,652611,311892,393661,665715,0,0,0,0,0,0,0,109942,0,136.98,137.01,137.09
234,1,0,0,0,93622,93622,93622,3657,3657,3657,591,591,591,0.00,0.00,0.00,0.00,0.00,0.00,0.00,0.00,0.00,0.00,0.00,0.00,0.00,0.00,0.00,0.00,0.00,0.00,0.00,0.00,0.00,311890,418816,560879,327613,432969,573984,0,0,0,0,0,0,0,98795,0,123.26,123.30,123.34
234,2,0,0,0,93618,93618,93618,3661,3661,3661,591,591,591,0.00,0.00,0.00,0.00,0.00,0.00,0.00,0.00,0.00,0.00,0.00,0.00,0.00,0.00,0.00,0.00,0.00,0.00,0.00,0.00,0.00,309722,337197,435824,324288,350471,444472,0,0,0,0,0,0,0,100806,0,125.64,125.72,125.80
234,3,0,0,0,93658,93658,93658,3621,3621,3621,591,591,591,0.00,0.00,0.00,0.00,0.00,0.00,0.00,0.00,0.00,0.00,0.00,0.00,0.00,0.00,0.00,0.00,0.00,0.00,0.00,0.00,0.00,281318,411661,516324,291802,424766,526808,0,0,0,0,0,0,0,112578,0,140.18,140.22,140.24
235,0,0,0,0,93654,93654,93654,3625,3625,3625,591,591,591,0.00,0.00,0.00,0.00,0.00,0.00,0.00,0.00,0.00,0.00,0.00,0.00,0.00,0.00,0.00,0.00,0.00,0.00,0.00,0.00,0.00,296165,365874,615882,311890,379503,628986,0,0,0,0,0,0,0,109965,0,137.15,137.20,137.25
235,1,0,0,0,93622,93622,93622,3657,3657,3657,591,591,591,0.00,0.00,0.00,0.00,0.00,0.00,0.00,0.00,0.00,0.00,0.00,0.00,0.00,0.00,0.00,0.00,0.00,0.00,0.00,0.00,0.00,298779,374268,647378,314504,388420,660482,0,0,0,0,0,0,0,98779,0,123.19,123.24,123.26
235,2,0,0,0,93618,93618,93618,3661,3661,3661,591,591,591,0.00,0.00,0.00,0.00,0.00,0.00,0.00,0.00,0.00,0.00,0.00,0.00,0.00,0.00,0.00,0.00,0.00,0.00,0.00,0.00,0.00,314510,608574,1396966,330235,622203,1410070,0,0,0,0,0,0,0,113483,0,125.67,125.73,125.79
235,3,0,0,0,93658,93658,93658,3621,3621,3621,591,591,591,0.00,0.00,0.00,0.00,0.00,0.00,0.00,0.00,0.00,0.00,0.00,0.00,0.00,0.00,0.00,0.00,0.00,0.00,0.00,0.00,0.00,421970,459182,576609,437696,473335,587093,0,0,0,0,0,0,0,126706,0,140.32,140.38,140.43
236,0,0,0,0,93654,93654,93654,3625,3625,3625,591,591,591,0.00,0.00,0.00,0.00,0.00,0.00,0.00,0.00,0.00,0.00,0.00,0.00,0.00,0.00,0.00,0.00,0.00,0.00,0.00,0.00,0.00,213167,317353,477008,225398,329716,490113,0,0,0,0,0,0,0,123650,0,137.12,137.17,137.25
236,1,0,0,0,93622,93622,93622,3657,3657,3657,591,591,591,0.00,0.00,0.00,0.00,0.00,0.00,0.00,0.00,0.00,0.00,0.00,0.00,0.00,0.00,0.00,0.00,0.00,0.00,0.00,0.00,0.00,301407,406762,521533,314512,420391,534637,0,0,0,0,0,0,0,111256,0,123.27,123.36,123.45
236,2,0,0,0,93618,93618,93618,3661,3661,3661,591,591,591,0.00,0.00,0.00,0.00,0.00,0.00,0.00,0.00,0.00,0.00,0.00,0.00,0.00,0.00,0.00,0.00,0.00,0.00,0.00,0.00,0.00,309269,377414,634269,324993,391567,647373,0,0,0,0,0,0,0,100865,0,125.77,125.79,125.83
236,3,0,0,0,93658,93658,93658,3621,3621,3621,591,591,591,0.00,0.00,0.00,0.00,0.00,0.00,0.00,0.00,0.00,0.00,0.00,0.00,0.00,0.00,0.00,0.00,0.00,0.00,0.00,0.00,0.00,419346,754306,1242337,432451,767935,1252821,0,0,0,0,0,0,0,112573,0,140.20,140.25,140.33
237,0,0,0,0,93654,93654,93654,3625,3625,3625,591,591,591,0.00,0.00,0.00,0.00,0.00,0.00,0.00,0.00,0.00,0.00,0.00,0.00,0.00,0.00,0.00,0.00,0.00,0.00,0.00,0.00,0.00,301392,538335,1184662,314496,552487,1200387,0,0,0,0,0,0,0,109876,0,137.12,137.14,137.17
237,1,0,0,0,93622,93622,93622,3657,3657,3657,591,591,591,0.00,0.00,0.00,0.00,0.00,0.00,0.00,0.00,0.00,0.00,0.00,0.00,0.00,0.00,0.00,0.00,0.00,0.00,0.00,0.00,0.00,204430,330759,505840,213166,343514,518944,0,0,0,0,0,0,0,98872,0,123.39,123.45,123.48
237,2,0,0,0,93618,93618,93618,3661,3661,3661,591,591,591,0.00,0.00,0.00,0.00,0.00,0.00,0.00,0.00,0.00,0.00,0.00,0.00,0.00,0.00,0.00,0.00,0.00,0.00,0.00,0.00,0.00,311890,460233,720760,324994,474386,736485,0,0,0,0,0,0,0,100850,0,125.71,125.73,125.77
237,3,0,0,0,93658,93658,93658,3621,3621,3621,591,591,591,0.00,0.00,0.00,0.00,0.00,0.00,0.00,0.00,0.00,0.00,0.00,0.00,0.00,0.00,0.00,0.00,0.00,0.00,0.00,0.00,0.00,424591,492213,697174,437696,505842,710279,0,0,0,0,0,0,0,112600,0,140.30,140.34,140.40
238,0,0,0,0,93654,93654,93654,3625,3625,3625,591,591,591,0.00,0.00,0.00,0.00,0.00,0.00,0.00,0.00,0.00,0.00,0.00,0.00,0.00,0.00,0.00,0.00,0.00,0.00,0.00,0.00,0.00,301407,382131,670957,314512,395760,686683,0,0,0,0,0,0,0,110036,0,137.06,137.16,137.25
238,1,0,0,0,93622,93622,93622,3657,3657,3657,591,591,591,0.00,0.00,0.00,0.00,0.00,0.00,0.00,0.00,0.00,0.00,0.00,0.00,0.00,0.00,0.00,0.00,0.00,0.00,0.00,0.00,0.00,314509,379504,555628,330235,393657,568733,0,0,0,0,0,0,0,98938,0,123.38,123.43,123.48
238,2,0,0,0,93618,93618,93618,3661,3661,3661,591,591,591,0.00,0.00,0.00,0.00,0.00,0.00,0.00,0.00,0.00,0.00,0.00,0.00,0.00,0.00,0.00,0.00,0.00,0.00,0.00,0.00,0.00,209272,367870,702412,217920,381142,715517,0,0,0,0,0,0,0,100780,0,125.62,125.67,125.70
238,3,0,0,0,93658,93658,93658,3621,3621,3621,591,591,591,0.00,0.00,0.00,0.00,0.00,0.00,0.00,0.00,0.00,0.00,0.00,0.00,0.00,0.00,0.00,0.00,0.00,0.00,0.00,0.00,0.00,279570,441183,581839,288307,453938,592323,0,0,0,0,0,0,0,112617,0,140.17,140.20,140.24
239,0,0,0,0,93654,93654,93654,3625,3625,3625,591,591,591,0.00,0.00,0.00,0.00,0.00,0.00,0.00,0.00,0.00,0.00,0.00,0.00,0.00,0.00,0.00,0.00,0.00,0.00,0.00,0.00,0.00,298783,392091,597573,311891,406244,613299,0,0,0,0,0,0,0,82374,0,136.98,137.07,137.20
239,1,0,0,0,93622,93622,93622,3657,3657,3657,591,591,591,0.00,0.00,0.00,0.00,0.00,0.00,0.00,0.00,0.00,0.00,0.00,0.00,0.00,0.00,0.00,0.00,0.00,0.00,0.00,0.00,0.00,301405,307695,314509,314510,321324,327615,0,0,0,0,0,0,0,74279,0,123.47,123.48,123.48
239,2,0,0,0,93618,93618,93618,3661,3661,3661,591,591,591,0.00,0.00,0.00,0.00,0.00,0.00,0.00,0.00,0.00,0.00,0.00,0.00,0.00,0.00,0.00,0.00,0.00,0.00,0.00,0.00,0.00,311890,594424,1352382,324995,608053,1365486,0,0,0,0,0,0,0,113400,0,125.62,125.66,125.69
239,3,0,0,0,93658,93658,93658,3621,3621,3621,591,591,591,0.00,0.00,0.00,0.00,0.00,0.00,0.00,0.00,0.00,0.00,0.00,0.00,0.00,0.00,0.00,0.00,0.00,0.00,0.00,0.00,0.00,419348,624301,1425761,432452,638454,1438865,0,0,0,0,0,0,0,98562,0,140.17,140.19,140.21
240,0,0,0,0,93654,93654,93654,3625,3625,3625,591,591,591,0.00,0.00,0.00,0.00,0.00,0.00,0.00,0.00,0.00,0.00,0.00,0.00,0.00,0.00,0.00,0.00,0.00,0.00,0.00,0.00,0.00,193927,508138,1244936,202662,521409,1260662,0,0,0,0,0,0,0,123689,0,137.03,137.07,137.14
240,1,0,0,0,93622,93622,93622,3657,3657,3657,591,591,591,0.00,0.00,0.00,0.00,0.00,0.00,0.00,0.00,0.00,0.00,0.00,0.00,0.00,0.00,0.00,0.00,0.00,0.00,0.00,0.00,0.00,317128,418036,542534,330232,433106,558260,0,0,0,0,0,0,0,111196,0,123.38,123.46,123.50
240,2,0,0,0,93618,93618,93618,3661,3661,3661,591,591,591,0.00,0.00,0.00,0.00,0.00,0.00,0.00,0.00,0.00,0.00,0.00,0.00,0.00,0.00,0.00,0.00,0.00,0.00,0.00,0.00,0.00,314512,414103,707655,327612,427863,723381,0,0,0,0,0,0,0,75727,0,125.60,125.63,125.69
240,3,0,0,0,93658,93658,93658,3621,3621,3621,591,591,591,0.00,0.00,0.00,0.00,0.00,0.00,0.00,0.00,0.00,0.00,0.00,0.00,0.00,0.00,0.00,0.00,0.00,0.00,0.00,0.00,0.00,414088,529425,833463,427192,543185,846568,0,0,0,0,0,0,0,112797,0,140.28,140.36,140.44
241,0,0,0,0,93654,93654,93654,3625,3625,3625,591,591,591,0.00,0.00,0.00,0.00,0.00,0.00,0.00,0.00,0.00,0.00,0.00,0.00,0.00,0.00,0.00,0.00,0.00,0.00,0.00,0.00,0.00,301404,351728,537293,314508,365357,550398,0,0,0,0,0,0,0,109958,0,137.12,137.16,137.19
241,1,0,0,0,93622,93622,93622,3657,3657,3657,591,591,591,0.00,0.00,0.00,0.00,0.00,0.00,0.00,0.00,0.00,0.00,0.00,0.00,0.00,0.00,0.00,0.00,0.00,0.00,0.00,0.00,0.00,206180,343683,513667,213169,356613,529392,0,0,0,0,0,0,0,98791,0,123.21,123.27,123.42
241,2,0,0,0,93618,93618,93618,3661,3661,3661,591,591,591,0.00,0.00,0.00,0.00,0.00,0.00,0.00,0.00,0.00,0.00,0.00,0.00,0.00,0.00,0.00,0.00,0.00,0.00,0.00,0.00,0.00,311893,387372,668326,327616,401525,681431,0,0,0,0,0,0,0,100882,0,125.77,125.80,125.83
241,3,0,0,0,93658,93658,93658,3621,3621,3621,591,591,591,0.00,0.00,0.00,0.00,0.00,0.00,0.00,0.00,0.00,0.00,0.00,0.00,0.00,0.00,0.00,0.00,0.00,0.00,0.00,0.00,0.00,408873,491327,652602,421978,505437,668328,0,0,0,0,0,0,0,112564,0,140.25,140.38,140.50
242,0,0,0,0,93654,93654,93654,3625,3625,3625,591,591,591,0.00,0.00,0.00,0.00,0.00,0.00,0.00,0.00,0.00,0.00,0.00,0.00,0.00,0.00,0.00,0.00,0.00,0.00,0.00,0.00,0.00,306650,442929,673583,319754,457082,689309,0,0,0,0,0,0,0,109862,0,137.04,137.10,137.15
242,1,0,0,0,93622,93622,93622,3657,3657,3657,591,591,591,0.00,0.00,0.00,0.00,0.00,0.00,0.00,0.00,0.00,0.00,0.00,0.00,0.00,0.00,0.00,0.00,0.00,0.00,0.00,0.00,0.00,301405,364307,573983,314509,378460,589709,0,0,0,0,0,0,0,98939,0,123.34,123.45,123.53
242,2,0,0,0,93618,93618,93618,3661,3661,3661,591,591,591,0.00,0.00,0.00,0.00,0.00,0.00,0.00,0.00,0.00,0.00,0.00,0.00,0.00,0.00,0.00,0.00,0.00,0.00,0.00,0.00,0.00,203990,373288,707748,212633,386056,724144,0,0,0,0,0,0,0,100936,0,125.76,125.80,125.87
242,3,0,0,0,93658,93658,93658,3621,3621,3621,591,591,591,0.00,0.00,0.00,0.00,0.00,0.00,0.00,0.00,0.00,0.00,0.00,0.00,0.00,0.00,0.00,0.00,0.00,0.00,0.00,0.00,0.00,277823,426163,555638,288307,438743,568742,0,0,0,0,0,0,0,112477,0,140.06,140.10,140.17
243,0,0,0,0,93654,93654,93654,3625,3625,3625,591,591,591,0.00,0.00,0.00,0.00,0.00,0.00,0.00,0.00,0.00,0.00,0.00,0.00,0.00,0.00,0.00,0.00,0.00,0.00,0.00,0.00,0.00,296166,344914,495354,309271,358543,511080,0,0,0,0,0,0,0,109936,0,137.00,137.04,137.12
243,1,0,0,0,93622,93622,93622,3657,3657,3657,591,591,591,0.00,0.00,0.00,0.00,0.00,0.00,0.00,0.00,0.00,0.00,0.00,0.00,0.00,0.00,0.00,0.00,0.00,0.00,0.00,0.00,0.00,304028,410436,629025,317133,424065,639509,0,0,0,0,0,0,0,111257,0,123.43,123.44,123.46
243,2,0,0,0,93618,93618,93618,3661,3661,3661,591,591,591,0.00,0.00,0.00,0.00,0.00,0.00,0.00,0.00,0.00,0.00,0.00,0.00,0.00,0.00,0.00,0.00,0.00,0.00,0.00,0.00,0.00,311892,592856,1352409,327618,607009,1365514,0,0,0,0,0,0,0,100931,0,125.87,125.94,125.98
243,3,0,0,0,93658,93658,93658,3621,3621,3621,591,591,591,0.00,0.00,0.00,0.00,0.00,0.00,0.00,0.00,0.00,0.00,0.00,0.00,0.00,0.00,0.00,0.00,0.00,0.00,0.00,0.00,0.00,424586,755874,1229230,440311,770026,1239714,0,0,0,0,0,0,0,126573,0,140.07,140.11,140.18
244,0,0,0,0,93654,93654,93654,3625,3625,3625,591,591,591,0.00,0.00,0.00,0.00,0.00,0.00,0.00,0.00,0.00,0.00,0.00,0.00,0.00,0.00,0.00,0.00,0.00,0.00,0.00,0.00,0.00,197421,522763,1218726,206157,536041,1231830,0,0,0,0,0,0,0,123694,0,137.10,137.15,137.18
244,1,0,0,0,93622,93622,93622,3657,3657,3657,591,591,591,0.00,0.00,0.00,0.00,0.00,0.00,0.00,0.00,0.00,0.00,0.00,0.00,0.00,0.00,0.00,0.00,0.00,0.00,0.00,0.00,0.00,301403,350150,424592,317128,364303,437697,0,0,0,0,0,0,0,98849,0,123.44,123.46,123.49
244,2,0,0,0,93618,93618,93618,3661,3661,3661,591,591,591,0.00,0.00,0.00,0.00,0.00,0.00,0.00,0.00,0.00,0.00,0.00,0.00,0.00,0.00,0.00,0.00,0.00,0.00,0.00,0.00,0.00,311892,389472,689308,327618,403625,702412,0,0,0,0,0,0,0,100952,0,125.71,125.76,125.81
244,3,0,0,0,93658,93658,93658,3621,3621,3621,591,591,591,0.00,0.00,0.00,0.00,0.00,0.00,0.00,0.00,0.00,0.00,0.00,0.00,0.00,0.00,0.00,0.00,0.00,0.00,0.00,0.00,0.00,419346,479107,686693,432451,492736,699798,0,0,0,0,0,0,0,112596,0,140.22,140.30,140.36
245,0,0,0,0,93654,93654,93654,3625,3625,3625,591,591,591,0.00,0.00,0.00,0.00,0.00,0.00,0.00,0.00,0.00,0.00,0.00,0.00,0.00,0.00,0.00,0.00,0.00,0.00,0.00,0.00,0.00,296167,377408,681432,306650,391037,697157,0,0,0,0,0,0,0,109906,0,137.08,137.12,137.16
245,1,0,0,0,93622,93622,93622,3657,3657,3657,591,591,591,0.00,0.00,0.00,0.00,0.00,0.00,0.00,0.00,0.00,0.00,0.00,0.00,0.00,0.00,0.00,0.00,0.00,0.00,0.00,0.00,0.00,317133,390167,566120,332859,402922,579225,0,0,0,0,0,0,0,98793,0,123.31,123.39,123.44
245,2,0,0,0,93618,93618,93618,3661,3661,3661,591,591,591,0.00,0.00,0.00,0.00,0.00,0.00,0.00,0.00,0.00,0.00,0.00,0.00,0.00,0.00,0.00,0.00,0.00,0.00,0.00,0.00,0.00,214939,366933,660481,223469,379647,676207,0,0,0,0,0,0,0,100970,0,125.81,125.84,125.90
245,3,0,0,0,93658,93658,93658,3621,3621,3621,591,591,591,0.00,0.00,0.00,0.00,0.00,0.00,0.00,0.00,0.00,0.00,0.00,0.00,0.00,0.00,0.00,0.00,0.00,0.00,0.00,0.00,0.00,418146,466284,647382,431051,480397,660487,0,0,0,0,0,0,0,112653,0,140.27,140.30,140.34
246,0,0,0,0,93654,93654,93654,3625,3625,3625,591,591,591,0.00,0.00,0.00,0.00,0.00,0.00,0.00,0.00,0.00,0.00,0.00,0.00,0.00,0.00,0.00,0.00,0.00,0.00,0.00,0.00,0.00,296166,366405,623780,309271,380558,639506,0,0,0,0,0,0,0,109822,0,137.05,137.10,137.14
246,1,0,0,0,93622,93622,93622,3657,3657,3657,591,591,591,0.00,0.00,0.00,0.00,0.00,0.00,0.00,0.00,0.00,0.00,0.00,0.00,0.00,0.00,0.00,0.00,0.00,0.00,0.00,0.00,0.00,304009,313982,332860,314510,328135,345964,0,0,0,0,0,0,0,98666,0,123.08,123.14,123.23
246,2,0,0,0,93618,93618,93618,3661,3661,3661,591,591,591,0.00,0.00,0.00,0.00,0.00,0.00,0.00,0.00,0.00,0.00,0.00,0.00,0.00,0.00,0.00,0.00,0.00,0.00,0.00,0.00,0.00,314511,593895,1355026,330237,608049,1368131,0,0,0,0,0,0,0,113625,0,125.90,125.94,125.99
246,3,0,0,0,93658,93658,93658,3621,3621,3621,591,591,591,0.00,0.00,0.00,0.00,0.00,0.00,0.00,0.00,0.00,0.00,0.00,0.00,0.00,0.00,0.00,0.00,0.00,0.00,0.00,0.00,0.00,382660,418299,445561,391396,431578,458665,0,0,0,0,0,0,0,112503,0,140.16,140.23,140.29
247,0,0,0,0,93654,93654,93654,3625,3625,3625,591,591,591,0.00,0.00,0.00,0.00,0.00,0.00,0.00,0.00,0.00,0.00,0.00,0.00,0.00,0.00,0.00,0.00,0.00,0.00,0.00,0.00,0.00,298785,339388,458663,311890,353147,474388,0,0,0,0,0,0,0,82386,0,137.13,137.15,137.18
247,1,0,0,0,93622,93622,93622,3657,3657,3657,591,591,591,0.00,0.00,0.00,0.00,0.00,0.00,0.00,0.00,0.00,0.00,0.00,0.00,0.00,0.00,0.00,0.00,0.00,0.00,0.00,0.00,0.00,301408,386585,547767,314513,401000,563492,0,0,0,0,0,0,0,86390,0,123.17,123.25,123.31
247,2,0,0,0,93618,93618,93618,3661,3661,3661,591,591,591,0.00,0.00,0.00,0.00,0.00,0.00,0.00,0.00,0.00,0.00,0.00,0.00,0.00,0.00,0.00,0.00,0.00,0.00,0.00,0.00,0.00,314490,399032,644750,327594,412792,660476,0,0,0,0,0,0,0,75652,0,125.88,125.91,125.92
247,3,0,0,0,93658,93658,93658,3621,3621,3621,591,591,591,0.00,0.00,0.00,0.00,0.00,0.00,0.00,0.00,0.00,0.00,0.00,0.00,0.00,0.00,0.00,0.00,0.00,0.00,0.00,0.00,0.00,421970,775798,1389100,437695,789558,1402205,0,0,0,0,0,0,0,84261,0,140.07,140.10,140.13
248,0,0,0,0,93654,93654,93654,3625,3625,3625,591,591,591,0.00,0.00,0.00,0.00,0.00,0.00,0.00,0.00,0.00,0.00,0.00,0.00,0.00,0.00,0.00,0.00,0.00,0.00,0.00,0.00,0.00,194428,515369,1208246,204844,528460,1221351,0,0,0,0,0,0,0,110078,0,137.13,137.24,137.34
248,1,0,0,0,93622,93622,93622,3657,3657,3657,591,591,591,0.00,0.00,0.00,0.00,0.00,0.00,0.00,0.00,0.00,0.00,0.00,0.00,0.00,0.00,0.00,0.00,0.00,0.00,0.00,0.00,0.00,309263,345785,421970,322368,358366,435075,0,0,0,0,0,0,0,98766,0,123.25,123.28,123.34
248,2,0,0,0,93618,93618,93618,3661,3661,3661,591,591,591,0.00,0.00,0.00,0.00,0.00,0.00,0.00,0.00,0.00,0.00,0.00,0.00,0.00,0.00,0.00,0.00,0.00,0.00,0.00,0.00,0.00,309270,391566,705030,324991,405719,718135,0,0,0,0,0,0,0,101001,0,125.85,125.88,125.92
248,3,0,0,0,93658,93658,93658,3621,3621,3621,591,591,591,0.00,0.00,0.00,0.00,0.00,0.00,0.00,0.00,0.00,0.00,0.00,0.00,0.00,0.00,0.00,0.00,0.00,0.00,0.00,0.00,0.00,424583,488534,694507,440308,502687,707611,0,0,0,0,0,0,0,112752,0,140.11,140.26,140.42
249,0,0,0,0,93654,93654,93654,3625,3625,3625,591,591,591,0.00,0.00,0.00,0.00,0.00,0.00,0.00,0.00,0.00,0.00,0.00,0.00,0.00,0.00,0.00,0.00,0.00,0.00,0.00,0.00,0.00,296164,379509,673576,311890,393661,686680,0,0,0,0,0,0,0,110014,0,137.29,137.35,137.41
249,1,0,0,0,93622,93622,93622,3657,3657,3657,591,591,591,0.00,0.00,0.00,0.00,0.00,0.00,0.00,0.00,0.00,0.00,0.00,0.00,0.00,0.00,0.00,0.00,0.00,0.00,0.00,0.00,0.00,319747,389464,545156,332852,403093,558260,0,0,0,0,0,0,0,98841,0,123.20,123.24,123.26
249,2,0,0,0,93618,93618,93618,3661,3661,3661,591,591,591,0.00,0.00,0.00,0.00,0.00,0.00,0.00,0.00,0.00,0.00,0.00,0.00,0.00,0.00,0.00,0.00,0.00,0.00,0.00,0.00,0.00,309271,411595,678822,324996,424677,691926,0,0,0,0,0,0,0,100850,0,125.83,125.88,125.94
249,3,0,0,0,93658,93658,93658,3621,3621,3621,591,591,591,0.00,0.00,0.00,0.00,0.00,0.00,0.00,0.00,0.00,0.00,0.00,0.00,0.00,0.00,0.00,0.00,0.00,0.00,0.00,0.00,0.00,419347,453420,571368,435072,467049,584472,0,0,0,0,0,0,0,112485,0,140.11,140.26,140.40
250,0,0,0,0,93654,93654,93654,3625,3625,3625,591,591,591,0.00,0.00,0.00,0.00,0.00,0.00,0.00,0.00,0.00,0.00,0.00,0.00,0.00,0.00,0.00,0.00,0.00,0.00,0.00,0.00,0.00,298769,369547,634264,311872,383175,649989,0,0,0,0,0,0,0,109877,0,137.10,137.19,137.26
250,1,0,0,0,93622,93622,93622,3657,3657,3657,591,591,591,0.00,0.00,0.00,0.00,0.00,0.00,0.00,0.00,0.00,0.00,0.00,0.00,0.00,0.00,0.00,0.00,0.00,0.00,0.00,0.00,0.00,298785,368500,623771,311889,382653,639496,0,0,0,0,0,0,0,98889,0,123.28,123.32,123.39
250,2,0,0,0,93618,93618,93618,3661,3661,3661,591,591,591,0.00,0.00,0.00,0.00,0.00,0.00,0.00,0.00,0.00,0.00,0.00,0.00,0.00,0.00,0.00,0.00,0.00,0.00,0.00,0.00,0.00,311137,535759,1407427,321423,549409,1423152,0,0,0,0,0,0,0,113568,0,125.76,125.77,125.78
250,3,0,0,0,93658,93658,93658,3621,3621,3621,591,591,591,0.00,0.00,0.00,0.00,0.00,0.00,0.00,0.00,0.00,0.00,0.00,0.00,0.00,0.00,0.00,0.00,0.00,0.00,0.00,0.00,0.00,394891,512472,885831,405375,525577,901556,0,0,0,0,0,0,0,126457,0,140.00,140.05,140.07
251,0,0,0,0,93654,93654,93654,3625,3625,3625,591,591,591,0.00,0.00,0.00,0.00,0.00,0.00,0.00,0.00,0.00,0.00,0.00,0.00,0.00,0.00,0.00,0.00,0.00,0.00,0.00,0.00,0.00,199013,496894,1210873,209488,509997,1223977,0,0,0,0,0,0,0,123718,0,137.09,137.14,137.22
251,1,0,0,0,93622,93622,93622,3657,3657,3657,591,591,591,0.00,0.00,0.00,0.00,0.00,0.00,0.00,0.00,0.00,0.00,0.00,0.00,0.00,0.00,0.00,0.00,0.00,0.00,0.00,0.00,0.00,298785,420915,539910,311890,435068,553015,0,0,0,0,0,0,0,111042,0,123.23,123.34,123.41
251,2,0,0,0,93618,93618,93618,3661,3661,3661,591,591,591,0.00,0.00,0.00,0.00,0.00,0.00,0.00,0.00,0.00,0.00,0.00,0.00,0.00,0.00,0.00,0.00,0.00,0.00,0.00,0.00,0.00,314509,449228,710278,327613,463381,723383,0,0,0,0,0,0,0,100892,0,125.73,125.75,125.77
251,3,0,0,0,93658,93658,93658,3621,3621,3621,591,591,591,0.00,0.00,0.00,0.00,0.00,0.00,0.00,0.00,0.00,0.00,0.00,0.00,0.00,0.00,0.00,0.00,0.00,0.00,0.00,0.00,0.00,416730,660998,1216105,432456,674627,1229210,0,0,0,0,0,0,0,112535,0,140.08,140.10,140.14
252,0,0,0,0,93654,93654,93654,3625,3625,3625,591,591,591,0.00,0.00,0.00,0.00,0.00,0.00,0.00,0.00,0.00,0.00,0.00,0.00,0.00,0.00,0.00,0.00,0.00,0.00,0.00,0.00,0.00,298524,357963,579223,311617,372113,594948,0,0,0,0,0,0,0,109897,0,137.05,137.08,137.12
252,1,0,0,0,93622,93622,93622,3657,3657,3657,591,591,591,0.00,0.00,0.00,0.00,0.00,0.00,0.00,0.00,0.00,0.00,0.00,0.00,0.00,0.00,0.00,0.00,0.00,0.00,0.00,0.00,0.00,304024,334079,390518,317129,346834,403622,0,0,0,0,0,0,0,98968,0,123.23,123.33,123.43
252,2,0,0,0,93618,93618,93618,3661,3661,3661,591,591,591,0.00,0.00,0.00,0.00,0.00,0.00,0.00,0.00,0.00,0.00,0.00,0.00,0.00,0.00,0.00,0.00,0.00,0.00,0.00,0.00,0.00,309271,388940,678787,322376,402568,691891,0,0,0,0,0,0,0,100821,0,125.72,125.75,125.78
252,3,0,0,0,93658,93658,93658,3621,3621,3621,591,591,591,0.00,0.00,0.00,0.00,0.00,0.00,0.00,0.00,0.00,0.00,0.00,0.00,0.00,0.00,0.00,0.00,0.00,0.00,0.00,0.00,0.00,421971,494003,694555,437697,508107,712901,0,0,0,0,0,0,0,112631,0,140.15,140.18,140.21
253,0,0,0,0,93654,93654,93654,3625,3625,3625,591,591,591,0.00,0.00,0.00,0.00,0.00,0.00,0.00,0.00,0.00,0.00,0.00,0.00,0.00,0.00,0.00,0.00,0.00,0.00,0.00,0.00,0.00,311892,446504,670957,324996,460129,681441,0,0,0,0,0,0,0,109881,0,137.03,137.06,137.10
253,1,0,0,0,93622,93622,93622,3657,3657,3657,591,591,591,0.00,0.00,0.00,0.00,0.00,0.00,0.00,0.00,0.00,0.00,0.00,0.00,0.00,0.00,0.00,0.00,0.00,0.00,0.00,0.00,0.00,301408,361159,553018,317115,375312,568744,0,0,0,0,0,0,0,98879,0,123.35,123.39,123.42
253,2,0,0,0,93618,93618,93618,3661,3661,3661,591,591,591,0.00,0.00,0.00,0.00,0.00,0.00,0.00,0.00,0.00,0.00,0.00,0.00,0.00,0.00,0.00,0.00,0.00,0.00,0.00,0.00,0.00,210824,364929,663107,217737,378312,678833,0,0,0,0,0,0,0,100924,0,125.73,125.81,125.87
253,3,0,0,0,93658,93658,93658,3621,3621,3621,591,591,591,0.00,0.00,0.00,0.00,0.00,0.00,0.00,0.00,0.00,0.00,0.00,0.00,0.00,0.00,0.00,0.00,0.00,0.00,0.00,0.00,0.00,284808,438565,587091,293544,451844,602817,0,0,0,0,0,0,0,112601,0,140.22,140.27,140.30
254,0,0,0,0,93654,93654,93654,3625,3625,3625,591,591,591,0.00,0.00,0.00,0.00,0.00,0.00,0.00,0.00,0.00,0.00,0.00,0.00,0.00,0.00,0.00,0.00,0.00,0.00,0.00,0.00,0.00,296166,332590,473047,309271,346734,488728,0,0,0,0,0,0,0,82482,0,137.09,137.17,137.25
254,1,0,0,0,93622,93622,93622,3657,3657,3657,591,591,591,0.00,0.00,0.00,0.00,0.00,0.00,0.00,0.00,0.00,0.00,0.00,0.00,0.00,0.00,0.00,0.00,0.00,0.00,0.00,0.00,0.00,306646,424065,634266,319754,438218,647370,0,0,0,0,0,0,0,74130,0,123.37,123.39,123.42
254,2,0,0,0,93618,93618,93618,3661,3661,3661,591,591,591,0.00,0.00,0.00,0.00,0.00,0.00,0.00,0.00,0.00,0.00,0.00,0.00,0.00,0.00,0.00,0.00,0.00,0.00,0.00,0.00,0.00,304319,588720,1381234,317666,602922,1396959,0,0,0,0,0,0,0,100907,0,125.88,125.89,125.90
254,3,0,0,0,93658,93658,93658,3621,3621,3621,591,591,591,0.00,0.00,0.00,0.00,0.00,0.00,0.00,0.00,0.00,0.00,0.00,0.00,0.00,0.00,0.00,0.00,0.00,0.00,0.00,0.00,0.00,427212,761119,1192531,440317,774747,1205636,0,0,0,0,0,0,0,98582,0,140.28,140.35,140.40
255,0,0,0,0,93654,93654,93654,3625,3625,3625,591,591,591,0.00,0.00,0.00,0.00,0.00,0.00,0.00,0.00,0.00,0.00,0.00,0.00,0.00,0.00,0.00,0.00,0.00,0.00,0.00,0.00,0.00,199183,504713,1210339,207919,517367,1225956,0,0,0,0,0,0,0,123631,0,137.08,137.16,137.21
255,1,0,0,0,93622,93622,93622,3657,3657,3657,591,591,591,0.00,0.00,0.00,0.00,0.00,0.00,0.00,0.00,0.00,0.00,0.00,0.00,0.00,0.00,0.00,0.00,0.00,0.00,0.00,0.00,0.00,306647,357099,419348,319752,370859,432453,0,0,0,0,0,0,0,99073,0,123.44,123.56,123.65
255,2,0,0,0,93618,93618,93618,3661,3661,3661,591,591,591,0.00,0.00,0.00,0.00,0.00,0.00,0.00,0.00,0.00,0.00,0.00,0.00,0.00,0.00,0.00,0.00,0.00,0.00,0.00,0.00,0.00,317114,418686,723363,330218,432446,739088,0,0,0,0,0,0,0,75678,0,125.80,125.83,125.85
255,3,0,0,0,93658,93658,93658,3621,3621,3621,591,591,591,0.00,0.00,0.00,0.00,0.00,0.00,0.00,0.00,0.00,0.00,0.00,0.00,0.00,0.00,0.00,0.00,0.00,0.00,0.00,0.00,0.00,424596,490762,670925,437700,505177,684029,0,0,0,0,0,0,0,112623,0,140.38,140.39,140.40
256,0,0,0,0,93654,93654,93654,3625,3625,3625,591,591,591,0.00,0.00,0.00,0.00,0.00,0.00,0.00,0.00,0.00,0.00,0.00,0.00,0.00,0.00,0.00,0.00,0.00,0.00,0.00,0.00,0.00,298785,428916,697268,311890,442537,710424,0,0,0,0,0,0,0,109980,0,136.99,137.09,137.18
256,1,0,0,0,93622,93622,93622,3657,3657,3657,591,591,591,0.00,0.00,0.00,0.00,0.00,0.00,0.00,0.00,0.00,0.00,0.00,0.00,0.00,0.00,0.00,0.00,0.00,0.00,0.00,0.00,0.00,301404,333901,382657,314508,346656,395761,0,0,0,0,0,0,0,99326,0,123.72,123.86,123.94
256,2,0,0,0,93618,93618,93618,3661,3661,3661,591,591,591,0.00,0.00,0.00,0.00,0.00,0.00,0.00,0.00,0.00,0.00,0.00,0.00,0.00,0.00,0.00,0.00,0.00,0.00,0.00,0.00,0.00,309270,380034,649991,324995,394187,660475,0,0,0,0,0,0,0,100897,0,125.90,125.95,125.97
256,3,0,0,0,93658,93658,93658,3621,3621,3621,591,591,591,0.00,0.00,0.00,0.00,0.00,0.00,0.00,0.00,0.00,0.00,0.00,0.00,0.00,0.00,0.00,0.00,0.00,0.00,0.00,0.00,0.00,417272,447764,524194,430150,461348,537299,0,0,0,0,0,0,0,112670,0,140.36,140.39,140.43
257,0,0,0,0,93654,93654,93654,3625,3625,3625,591,591,591,0.00,0.00,0.00,0.00,0.00,0.00,0.00,0.00,0.00,0.00,0.00,0.00,0.00,0.00,0.00,0.00,0.00,0.00,0.00,0.00,0.00,302644,365270,590656,318434,379421,601064,0,0,0,0,0,0,0,109883,0,137.05,137.10,137.20
257,1,0,0,0,93622,93622,93622,3657,3657,3657,591,591,591,0.00,0.00,0.00,0.00,0.00,0.00,0.00,0.00,0.00,0.00,0.00,0.00,0.00,0.00,0.00,0.00,0.00,0.00,0.00,0.00,0.00,311891,424063,631639,324996,437692,644743,0,0,0,0,0,0,0,99222,0,123.82,123.85,123.92
257,2,0,0,0,93618,93618,93618,3661,3661,3661,591,591,591,0.00,0.00,0.00,0.00,0.00,0.00,0.00,0.00,0.00,0.00,0.00,0.00,0.00,0.00,0.00,0.00,0.00,0.00,0.00,0.00,0.00,216228,429629,670967,226607,442472,684072,0,0,0,0,0,0,0,113530,0,125.84,125.87,125.92
257,3,0,0,0,93658,93658,93658,3621,3621,3621,591,591,591,0.00,0.00,0.00,0.00,0.00,0.00,0.00,0.00,0.00,0.00,0.00,0.00,0.00,0.00,0.00,0.00,0.00,0.00,0.00,0.00,0.00,279570,430706,597572,290053,443810,608055,0,0,0,0,0,0,0,112868,0,140.35,140.44,140.58
258,0,0,0,0,93654,93654,93654,3625,3625,3625,591,591,591,0.00,0.00,0.00,0.00,0.00,0.00,0.00,0.00,0.00,0.00,0.00,0.00,0.00,0.00,0.00,0.00,0.00,0.00,0.00,0.00,0.00,294124,326927,448179,307138,341075,461284,0,0,0,0,0,0,0,109852,0,137.05,137.07,137.09
258,1,0,0,0,93622,93622,93622,3657,3657,3657,591,591,591,0.00,0.00,0.00,0.00,0.00,0.00,0.00,0.00,0.00,0.00,0.00,0.00,0.00,0.00,0.00,0.00,0.00,0.00,0.00,0.00,0.00,301404,378985,566120,314509,393138,579225,0,0,0,0,0,0,0,111613,0,123.82,123.87,123.92
258,2,0,0,0,93618,93618,93618,3661,3661,3661,591,591,591,0.00,0.00,0.00,0.00,0.00,0.00,0.00,0.00,0.00,0.00,0.00,0.00,0.00,0.00,0.00,0.00,0.00,0.00,0.00,0.00,0.00,314514,542996,1105730,327619,556814,1117159,0,0,0,0,0,0,0,101008,0,125.77,125.82,125.87
258,3,0,0,0,93658,93658,93658,3621,3621,3621,591,591,591,0.00,0.00,0.00,0.00,0.00,0.00,0.00,0.00,0.00,0.00,0.00,0.00,0.00,0.00,0.00,0.00,0.00,0.00,0.00,0.00,0.00,424590,746432,1258048,437695,760584,1271152,0,0,0,0,0,0,0,112563,0,140.41,140.49,140.52
259,0,0,0,0,93654,93654,93654,3625,3625,3625,591,591,591,0.00,0.00,0.00,0.00,0.00,0.00,0.00,0.00,0.00,0.00,0.00,0.00,0.00,0.00,0.00,0.00,0.00,0.00,0.00,0.00,0.00,202684,502964,1093409,214915,515718,1108252,0,0,0,0,0,0,0,109923,0,137.02,137.06,137.12
259,1,0,0,0,93622,93622,93622,3657,3657,3657,591,591,591,0.00,0.00,0.00,0.00,0.00,0.00,0.00,0.00,0.00,0.00,0.00,0.00,0.00,0.00,0.00,0.00,0.00,0.00,0.00,0.00,0.00,306648,366922,542503,317132,380026,555607,0,0,0,0,0,0,0,99241,0,123.84,123.86,123.89
259,2,0,0,0,93618,93618,93618,3661,3661,3661,591,591,591,0.00,0.00,0.00,0.00,0.00,0.00,0.00,0.00,0.00,0.00,0.00,0.00,0.00,0.00,0.00,0.00,0.00,0.00,0.00,0.00,0.00,309270,392093,710278,324995,405722,723383,0,0,0,0,0,0,0,100483,0,125.22,125.46,125.73
259,3,0,0,0,93658,93658,93658,3621,3621,3621,591,591,591,0.00,0.00,0.00,0.00,0.00,0.00,0.00,0.00,0.00,0.00,0.00,0.00,0.00,0.00,0.00,0.00,0.00,0.00,0.00,0.00,0.00,424588,492736,723380,435076,506364,739106,0,0,0,0,0,0,0,112753,0,140.34,140.40,140.44
260,0,0,0,0,93654,93654,93654,3625,3625,3625,591,591,591,0.00,0.00,0.00,0.00,0.00,0.00,0.00,0.00,0.00,0.00,0.00,0.00,0.00,0.00,0.00,0.00,0.00,0.00,0.00,0.00,0.00,298770,426683,893740,314494,440312,904223,0,0,0,0,0,0,0,110020,0,137.11,137.13,137.15
260,1,0,0,0,93622,93622,93622,3657,3657,3657,591,591,591,0.00,0.00,0.00,0.00,0.00,0.00,0.00,0.00,0.00,0.00,0.00,0.00,0.00,0.00,0.00,0.00,0.00,0.00,0.00,0.00,0.00,296164,392088,639501,309268,405716,652606,0,0,0,0,0,0,0,99132,0,123.79,123.82,123.88
260,2,0,0,0,93618,93618,93618,3661,3661,3661,591,591,591,0.00,0.00,0.00,0.00,0.00,0.00,0.00,0.00,0.00,0.00,0.00,0.00,0.00,0.00,0.00,0.00,0.00,0.00,0.00,0.00,0.00,311891,459182,697174,324996,473335,710279,0,0,0,0,0,0,0,100349,0,125.05,125.12,125.20
260,3,0,0,0,93658,93658,93658,3621,3621,3621,591,591,591,0.00,0.00,0.00,0.00,0.00,0.00,0.00,0.00,0.00,0.00,0.00,0.00,0.00,0.00,0.00,0.00,0.00,0.00,0.00,0.00,0.00,411487,470713,597538,427213,484867,610642,0,0,0,0,0,0,0,112750,0,140.40,140.41,140.43
261,0,0,0,0,93654,93654,93654,3625,3625,3625,591,591,591,0.00,0.00,0.00,0.00,0.00,0.00,0.00,0.00,0.00,0.00,0.00,0.00,0.00,0.00,0.00,0.00,0.00,0.00,0.00,0.00,0.00,293540,339671,487496,309266,353300,500601,0,0,0,0,0,0,0,109855,0,137.07,137.14,137.18
261,1,0,0,0,93622,93622,93622,3657,3657,3657,591,591,591,0.00,0.00,0.00,0.00,0.00,0.00,0.00,0.00,0.00,0.00,0.00,0.00,0.00,0.00,0.00,0.00,0.00,0.00,0.00,0.00,0.00,301405,328133,421940,314509,342286,437665,0,0,0,0,0,0,0,99175,0,123.64,123.68,123.71
261,2,0,0,0,93618,93618,93618,3661,3661,3661,591,591,591,0.00,0.00,0.00,0.00,0.00,0.00,0.00,0.00,0.00,0.00,0.00,0.00,0.00,0.00,0.00,0.00,0.00,0.00,0.00,0.00,0.00,312514,477467,1016258,325869,490457,1031695,0,0,0,0,0,0,0,113164,0,125.16,125.27,125.33
261,3,0,0,0,93658,93658,93658,3621,3621,3621,591,591,591,0.00,0.00,0.00,0.00,0.00,0.00,0.00,0.00,0.00,0.00,0.00,0.00,0.00,0.00,0.00,0.00,0.00,0.00,0.00,0.00,0.00,281318,477706,836065,291801,490286,846548,0,0,0,0,0,0,0,98669,0,140.33,140.38,140.41
262,0,0,0,0,93654,93654,93654,3625,3625,3625,591,591,591,0.00,0.00,0.00,0.00,0.00,0.00,0.00,0.00,0.00,0.00,0.00,0.00,0.00,0.00,0.00,0.00,0.00,0.00,0.00,0.00,0.00,293542,337442,458662,309268,352513,474387,0,0,0,0,0,0,0,96058,0,136.94,137.00,137.06
262,1,0,0,0,93622,93622,93622,3657,3657,3657,591,591,591,0.00,0.00,0.00,0.00,0.00,0.00,0.00,0.00,0.00,0.00,0.00,0.00,0.00,0.00,0.00,0.00,0.00,0.00,0.00,0.00,0.00,314511,450796,558252,330237,464556,571357,0,0,0,0,0,0,0,86731,0,123.72,123.77,123.82
262,2,0,0,0,93618,93618,93618,3661,3661,3661,591,591,591,0.00,0.00,0.00,0.00,0.00,0.00,0.00,0.00,0.00,0.00,0.00,0.00,0.00,0.00,0.00,0.00,0.00,0.00,0.00,0.00,0.00,309273,393136,636889,322378,406895,649994,0,0,0,0,0,0,0,75416,0,125.24,125.29,125.33
262,3,0,0,0,93658,93658,93658,3621,3621,3621,591,591,591,0.00,0.00,0.00,0.00,0.00,0.00,0.00,0.00,0.00,0.00,0.00,0.00,0.00,0.00,0.00,0.00,0.00,0.00,0.00,0.00,0.00,424598,727314,1184676,440319,741729,1200402,0,0,0,0,0,0,0,112464,0,140.16,140.23,140.29
263,0,0,0,0,93654,93654,93654,3625,3625,3625,591,591,591,0.00,0.00,0.00,0.00,0.00,0.00,0.00,0.00,0.00,0.00,0.00,0.00,0.00,0.00,0.00,0.00,0.00,0.00,0.00,0.00,0.00,199190,521533,1276308,207926,534282,1289385,0,0,0,0,0,0,0,109979,0,136.94,137.03,137.12
263,1,0,0,0,93622,93622,93622,3657,3657,3657,591,591,591,0.00,0.00,0.00,0.00,0.00,0.00,0.00,0.00,0.00,0.00,0.00,0.00,0.00,0.00,0.00,0.00,0.00,0.00,0.00,0.00,0.00,301406,325168,353827,317131,338447,366932,0,0,0,0,0,0,0,99047,0,123.61,123.70,123.81
263,2,0,0,0,93618,93618,93618,3661,3661,3661,591,591,591,0.00,0.00,0.00,0.00,0.00,0.00,0.00,0.00,0.00,0.00,0.00,0.00,0.00,0.00,0.00,0.00,0.00,0.00,0.00,0.00,0.00,314506,461809,699793,327611,475962,715519,0,0,0,0,0,0,0,100497,0,125.22,125.24,125.25
263,3,0,0,0,93658,93658,93658,3621,3621,3621,591,591,591,0.00,0.00,0.00,0.00,0.00,0.00,0.00,0.00,0.00,0.00,0.00,0.00,0.00,0.00,0.00,0.00,0.00,0.00,0.00,0.00,0.00,421964,451844,560879,435069,465473,573984,0,0,0,0,0,0,0,112688,0,140.16,140.24,140.34
264,0,0,0,0,93654,93654,93654,3625,3625,3625,591,591,591,0.00,0.00,0.00,0.00,0.00,0.00,0.00,0.00,0.00,0.00,0.00,0.00,0.00,0.00,0.00,0.00,0.00,0.00,0.00,0.00,0.00,301409,383178,665711,314514,396807,681437,0,0,0,0,0,0,0,109934,0,137.06,137.10,137.14
264,1,0,0,0,93622,93622,93622,3657,3657,3657,591,591,591,0.00,0.00,0.00,0.00,0.00,0.00,0.00,0.00,0.00,0.00,0.00,0.00,0.00,0.00,0.00,0.00,0.00,0.00,0.00,0.00,0.00,311887,383173,560870,324992,397325,576595,0,0,0,0,0,0,0,99265,0,123.63,123.71,123.81
264,2,0,0,0,93618,93618,93618,3661,3661,3661,591,591,591,0.00,0.00,0.00,0.00,0.00,0.00,0.00,0.00,0.00,0.00,0.00,0.00,0.00,0.00,0.00,0.00,0.00,0.00,0.00,0.00,0.00,309269,385799,673572,322374,399952,689297,0,0,0,0,0,0,0,100415,0,125.19,125.23,125.27
264,3,0,0,0,93658,93658,93658,3621,3621,3621,591,591,591,0.00,0.00,0.00,0.00,0.00,0.00,0.00,0.00,0.00,0.00,0.00,0.00,0.00,0.00,0.00,0.00,0.00,0.00,0.00,0.00,0.00,419351,468620,568742,435077,482774,581847,0,0,0,0,0,0,0,112618,0,140.24,140.30,140.34
265,0,0,0,0,93654,93654,93654,3625,3625,3625,591,591,591,0.00,0.00,0.00,0.00,0.00,0.00,0.00,0.00,0.00,0.00,0.00,0.00,0.00,0.00,0.00,0.00,0.00,0.00,0.00,0.00,0.00,296165,396805,608059,309270,410958,623785,0,0,0,0,0,0,0,109896,0,137.09,137.12,137.15
265,1,0,0,0,93622,93622,93622,3657,3657,3657,591,591,591,0.00,0.00,0.00,0.00,0.00,0.00,0.00,0.00,0.00,0.00,0.00,0.00,0.00,0.00,0.00,0.00,0.00,0.00,0.00,0.00,0.00,301404,371645,631645,314508,385274,644750,0,0,0,0,0,0,0,99131,0,123.72,123.75,123.81
265,2,0,0,0,93618,93618,93618,3661,3661,3661,591,591,591,0.00,0.00,0.00,0.00,0.00,0.00,0.00,0.00,0.00,0.00,0.00,0.00,0.00,0.00,0.00,0.00,0.00,0.00,0.00,0.00,0.00,314495,494415,930975,330220,507151,939611,0,0,0,0,0,0,0,113016,0,125.15,125.22,125.27
265,3,0,0,0,93658,93658,93658,3621,3621,3621,591,591,591,0.00,0.00,0.00,0.00,0.00,0.00,0.00,0.00,0.00,0.00,0.00,0.00,0.00,0.00,0.00,0.00,0.00,0.00,0.00,0.00,0.00,286556,681078,1404743,297040,694183,1420468,0,0,0,0,0,0,0,126685,0,140.09,140.13,140.20
266,0,0,0,0,93654,93654,93654,3625,3625,3625,591,591,591,0.00,0.00,0.00,0.00,0.00,0.00,0.00,0.00,0.00,0.00,0.00,0.00,0.00,0.00,0.00,0.00,0.00,0.00,0.00,0.00,0.00,298785,480571,1200381,311890,494692,1213485,0,0,0,0,0,0,0,123663,0,136.99,137.06,137.13
266,1,0,0,0,93622,93622,93622,3657,3657,3657,591,591,591,0.00,0.00,0.00,0.00,0.00,0.00,0.00,0.00,0.00,0.00,0.00,0.00,0.00,0.00,0.00,0.00,0.00,0.00,0.00,0.00,0.00,290898,408521,566121,301380,422104,579226,0,0,0,0,0,0,0,99092,0,123.72,123.78,123.83
266,2,0,0,0,93618,93618,93618,3661,3661,3661,591,591,591,0.00,0.00,0.00,0.00,0.00,0.00,0.00,0.00,0.00,0.00,0.00,0.00,0.00,0.00,0.00,0.00,0.00,0.00,0.00,0.00,0.00,309271,393139,718128,324996,407291,731232,0,0,0,0,0,0,0,100530,0,125.28,125.32,125.34
266,3,0,0,0,93658,93658,93658,3621,3621,3621,591,591,591,0.00,0.00,0.00,0.00,0.00,0.00,0.00,0.00,0.00,0.00,0.00,0.00,0.00,0.00,0.00,0.00,0.00,0.00,0.00,0.00,0.00,414106,514227,673577,429832,527856,689302,0,0,0,0,0,0,0,112675,0,140.19,140.31,140.41
267,0,0,0,0,93654,93654,93654,3625,3625,3625,591,591,591,0.00,0.00,0.00,0.00,0.00,0.00,0.00,0.00,0.00,0.00,0.00,0.00,0.00,0.00,0.00,0.00,0.00,0.00,0.00,0.00,0.00,200938,411800,668300,209674,424554,681404,0,0,0,0,0,0,0,109883,0,136.98,137.02,137.05
267,1,0,0,0,93622,93622,93622,3657,3657,3657,591,591,591,0.00,0.00,0.00,0.00,0.00,0.00,0.00,0.00,0.00,0.00,0.00,0.00,0.00,0.00,0.00,0.00,0.00,0.00,0.00,0.00,0.00,211420,345260,516318,220156,359063,532043,0,0,0,0,0,0,0,99230,0,123.79,123.80,123.83
267,2,0,0,0,93618,93618,93618,3661,3661,3661,591,591,591,0.00,0.00,0.00,0.00,0.00,0.00,0.00,0.00,0.00,0.00,0.00,0.00,0.00,0.00,0.00,0.00,0.00,0.00,0.00,0.00,0.00,309271,385799,670963,322376,399428,686689,0,0,0,0,0,0,0,100428,0,125.28,125.33,125.39
267,3,0,0,0,93658,93658,93658,3621,3621,3621,591,591,591,0.00,0.00,0.00,0.00,0.00,0.00,0.00,0.00,0.00,0.00,0.00,0.00,0.00,0.00,0.00,0.00,0.00,0.00,0.00,0.00,0.00,416730,441365,505843,429835,454994,518948,0,0,0,0,0,0,0,112619,0,140.31,140.41,140.48
268,0,0,0,0,93654,93654,93654,3625,3625,3625,591,591,591,0.00,0.00,0.00,0.00,0.00,0.00,0.00,0.00,0.00,0.00,0.00,0.00,0.00,0.00,0.00,0.00,0.00,0.00,0.00,0.00,0.00,296165,370598,615912,311890,384751,629017,0,0,0,0,0,0,0,109978,0,137.05,137.09,137.18
268,1,0,0,0,93622,93622,93622,3657,3657,3657,591,591,591,0.00,0.00,0.00,0.00,0.00,0.00,0.00,0.00,0.00,0.00,0.00,0.00,0.00,0.00,0.00,0.00,0.00,0.00,0.00,0.00,0.00,298785,426680,628991,314511,440309,642095,0,0,0,0,0,0,0,99069,0,123.61,123.67,123.78
268,2,0,0,0,93618,93618,93618,3661,3661,3661,591,591,591,0.00,0.00,0.00,0.00,0.00,0.00,0.00,0.00,0.00,0.00,0.00,0.00,0.00,0.00,0.00,0.00,0.00,0.00,0.00,0.00,0.00,314512,398906,715516,327618,413059,731242,0,0,0,0,0,0,0,112948,0,125.16,125.21,125.25
268,3,0,0,0,93658,93658,93658,3621,3621,3621,591,591,591,0.00,0.00,0.00,0.00,0.00,0.00,0.00,0.00,0.00,0.00,0.00,0.00,0.00,0.00,0.00,0.00,0.00,0.00,0.00,0.00,0.00,283061,417247,553018,293545,430876,568744,0,0,0,0,0,0,0,112538,0,140.08,140.12,140.19
269,0,0,0,0,93654,93654,93654,3625,3625,3625,591,591,591,0.00,0.00,0.00,0.00,0.00,0.00,0.00,0.00,0.00,0.00,0.00,0.00,0.00,0.00,0.00,0.00,0.00,0.00,0.00,0.00,0.00,298786,345306,471768,311891,359066,482252,0,0,0,0,0,0,0,82464,0,137.16,137.19,137.23
269,1,0,0,0,93622,93622,93622,3657,3657,3657,591,591,591,0.00,0.00,0.00,0.00,0.00,0.00,0.00,0.00,0.00,0.00,0.00,0.00,0.00,0.00,0.00,0.00,0.00,0.00,0.00,0.00,0.00,301407,363653,534671,317133,377412,547775,0,0,0,0,0,0,0,86634,0,123.65,123.71,123.78
269,2,0,0,0,93618,93618,93618,3661,3661,3661,591,591,591,0.00,0.00,0.00,0.00,0.00,0.00,0.00,0.00,0.00,0.00,0.00,0.00,0.00,0.00,0.00,0.00,0.00,0.00,0.00,0.00,0.00,206950,625731,1299997,215502,638353,1313102,0,0,0,0,0,0,0,75343,0,125.19,125.24,125.28
269,3,0,0,0,93658,93658,93658,3621,3621,3621,591,591,591,0.00,0.00,0.00,0.00,0.00,0.00,0.00,0.00,0.00,0.00,0.00,0.00,0.00,0.00,0.00,0.00,0.00,0.00,0.00,0.00,0.00,453422,843943,1163698,469147,857703,1179424,0,0,0,0,0,0,0,84371,0,140.16,140.24,140.28
270,0,0,0,0,93654,93654,93654,3625,3625,3625,591,591,591,0.00,0.00,0.00,0.00,0.00,0.00,0.00,0.00,0.00,0.00,0.00,0.00,0.00,0.00,0.00,0.00,0.00,0.00,0.00,0.00,0.00,296162,538005,1231788,311888,552061,1244892,0,0,0,0,0,0,0,123632,0,137.09,137.15,137.19
270,1,0,0,0,93622,93622,93622,3657,3657,3657,591,591,591,0.00,0.00,0.00,0.00,0.00,0.00,0.00,0.00,0.00,0.00,0.00,0.00,0.00,0.00,0.00,0.00,0.00,0.00,0.00,0.00,0.00,308235,368818,516321,323777,382934,526805,0,0,0,0,0,0,0,98803,0,123.31,123.47,123.63
270,2,0,0,0,93618,93618,93618,3661,3661,3661,591,591,591,0.00,0.00,0.00,0.00,0.00,0.00,0.00,0.00,0.00,0.00,0.00,0.00,0.00,0.00,0.00,0.00,0.00,0.00,0.00,0.00,0.00,311875,393659,710273,324979,407812,725999,0,0,0,0,0,0,0,100503,0,125.25,125.28,125.31
270,3,0,0,0,93658,93658,93658,3621,3621,3621,591,591,591,0.00,0.00,0.00,0.00,0.00,0.00,0.00,0.00,0.00,0.00,0.00,0.00,0.00,0.00,0.00,0.00,0.00,0.00,0.00,0.00,0.00,424586,478578,681449,437690,492206,694554,0,0,0,0,0,0,0,112462,0,140.13,140.21,140.29
271,0,0,0,0,93654,93654,93654,3625,3625,3625,591,591,591,0.00,0.00,0.00,0.00,0.00,0.00,0.00,0.00,0.00,0.00,0.00,0.00,0.00,0.00,0.00,0.00,0.00,0.00,0.00,0.00,0.00,204433,358535,689302,213169,371290,702406,0,0,0,0,0,0,0,109902,0,136.98,137.03,137.06
271,1,0,0,0,93622,93622,93622,3657,3657,3657,591,591,591,0.00,0.00,0.00,0.00,0.00,0.00,0.00,0.00,0.00,0.00,0.00,0.00,0.00,0.00,0.00,0.00,0.00,0.00,0.00,0.00,0.00,213167,393832,542533,220156,407285,558258,0,0,0,0,0,0,0,98768,0,123.24,123.29,123.33
271,2,0,0,0,93618,93618,93618,3661,3661,3661,591,591,591,0.00,0.00,0.00,0.00,0.00,0.00,0.00,0.00,0.00,0.00,0.00,0.00,0.00,0.00,0.00,0.00,0.00,0.00,0.00,0.00,0.00,311891,387373,657856,324995,401002,673582,0,0,0,0,0,0,0,100636,0,125.29,125.40,125.50
271,3,0,0,0,93658,93658,93658,3621,3621,3621,591,591,591,0.00,0.00,0.00,0.00,0.00,0.00,0.00,0.00,0.00,0.00,0.00,0.00,0.00,0.00,0.00,0.00,0.00,0.00,0.00,0.00,0.00,400986,429305,482250,414090,443458,495354,0,0,0,0,0,0,0,112549,0,140.09,140.12,140.18
272,0,0,0,0,93654,93654,93654,3625,3625,3625,591,591,591,0.00,0.00,0.00,0.00,0.00,0.00,0.00,0.00,0.00,0.00,0.00,0.00,0.00,0.00,0.00,0.00,0.00,0.00,0.00,0.00,0.00,298783,369021,621159,311888,383174,636885,0,0,0,0,0,0,0,109944,0,137.05,137.09,137.14
272,1,0,0,0,93622,93622,93622,3657,3657,3657,591,591,591,0.00,0.00,0.00,0.00,0.00,0.00,0.00,0.00,0.00,0.00,0.00,0.00,0.00,0.00,0.00,0.00,0.00,0.00,0.00,0.00,0.00,304023,370598,610678,317132,384227,623783,0,0,0,0,0,0,0,98784,0,123.24,123.27,123.29
272,2,0,0,0,93618,93618,93618,3661,3661,3661,591,591,591,0.00,0.00,0.00,0.00,0.00,0.00,0.00,0.00,0.00,0.00,0.00,0.00,0.00,0.00,0.00,0.00,0.00,0.00,0.00,0.00,0.00,311893,600715,1381242,324998,614344,1394346,0,0,0,0,0,0,0,113000,0,125.26,125.41,125.53
272,3,0,0,0,93658,93658,93658,3621,3621,3621,591,591,591,0.00,0.00,0.00,0.00,0.00,0.00,0.00,0.00,0.00,0.00,0.00,0.00,0.00,0.00,0.00,0.00,0.00,0.00,0.00,0.00,0.00,277823,435599,594948,288307,448179,610674,0,0,0,0,0,0,0,126526,0,140.16,140.21,140.25
273,0,0,0,0,93654,93654,93654,3625,3625,3625,591,591,591,0.00,0.00,0.00,0.00,0.00,0.00,0.00,0.00,0.00,0.00,0.00,0.00,0.00,0.00,0.00,0.00,0.00,0.00,0.00,0.00,0.00,293542,331285,466524,309267,345438,477008,0,0,0,0,0,0,0,123673,0,137.06,137.10,137.12
273,1,0,0,0,93622,93622,93622,3657,3657,3657,591,591,591,0.00,0.00,0.00,0.00,0.00,0.00,0.00,0.00,0.00,0.00,0.00,0.00,0.00,0.00,0.00,0.00,0.00,0.00,0.00,0.00,0.00,301403,393137,539907,317128,407290,553012,0,0,0,0,0,0,0,111087,0,123.25,123.27,123.30
273,2,0,0,0,93618,93618,93618,3661,3661,3661,591,591,591,0.00,0.00,0.00,0.00,0.00,0.00,0.00,0.00,0.00,0.00,0.00,0.00,0.00,0.00,0.00,0.00,0.00,0.00,0.00,0.00,0.00,313827,338266,425350,329261,351707,432267,0,0,0,0,0,0,0,100592,0,125.20,125.28,125.38
273,3,0,0,0,93658,93658,93658,3621,3621,3621,591,591,591,0.00,0.00,0.00,0.00,0.00,0.00,0.00,0.00,0.00,0.00,0.00,0.00,0.00,0.00,0.00,0.00,0.00,0.00,0.00,0.00,0.00,416731,751671,1237020,429836,765824,1250124,0,0,0,0,0,0,0,112472,0,140.02,140.08,140.12
274,0,0,0,0,93654,93654,93654,3625,3625,3625,591,591,591,0.00,0.00,0.00,0.00,0.00,0.00,0.00,0.00,0.00,0.00,0.00,0.00,0.00,0.00,0.00,0.00,0.00,0.00,0.00,0.00,0.00,293530,531223,1182044,307596,545340,1195149,0,0,0,0,0,0,0,110037,0,137.20,137.25,137.28
274,1,0,0,0,93622,93622,93622,3657,3657,3657,591,591,591,0.00,0.00,0.00,0.00,0.00,0.00,0.00,0.00,0.00,0.00,0.00,0.00,0.00,0.00,0.00,0.00,0.00,0.00,0.00,0.00,0.00,207926,337745,529427,216663,351024,545152,0,0,0,0,0,0,0,98776,0,123.25,123.28,123.33
274,2,0,0,0,93618,93618,93618,3661,3661,3661,591,591,591,0.00,0.00,0.00,0.00,0.00,0.00,0.00,0.00,0.00,0.00,0.00,0.00,0.00,0.00,0.00,0.00,0.00,0.00,0.00,0.00,0.00,322376,469670,712894,335481,483299,725998,0,0,0,0,0,0,0,100575,0,125.37,125.40,125.42
274,3,0,0,0,93658,93658,93658,3621,3621,3621,591,591,591,0.00,0.00,0.00,0.00,0.00,0.00,0.00,0.00,0.00,0.00,0.00,0.00,0.00,0.00,0.00,0.00,0.00,0.00,0.00,0.00,0.00,419348,480680,707654,432458,494833,720759,0,0,0,0,0,0,0,112726,0,140.16,140.24,140.32
275,0,0,0,0,93654,93654,93654,3625,3625,3625,591,591,591,0.00,0.00,0.00,0.00,0.00,0.00,0.00,0.00,0.00,0.00,0.00,0.00,0.00,0.00,0.00,0.00,0.00,0.00,0.00,0.00,0.00,298781,339143,466509,309265,351724,476992,0,0,0,0,0,0,0,110073,0,137.27,137.29,137.32
275,1,0,0,0,93622,93622,93622,3657,3657,3657,591,591,591,0.00,0.00,0.00,0.00,0.00,0.00,0.00,0.00,0.00,0.00,0.00,0.00,0.00,0.00,0.00,0.00,0.00,0.00,0.00,0.00,0.00,304026,376363,560871,317131,389992,576596,0,0,0,0,0,0,0,98780,0,123.23,123.29,123.31
275,2,0,0,0,93618,93618,93618,3661,3661,3661,591,591,591,0.00,0.00,0.00,0.00,0.00,0.00,0.00,0.00,0.00,0.00,0.00,0.00,0.00,0.00,0.00,0.00,0.00,0.00,0.00,0.00,0.00,314513,382129,623783,327618,396282,636887,0,0,0,0,0,0,0,100457,0,125.31,125.38,125.42
275,3,0,0,0,93658,93658,93658,3621,3621,3621,591,591,591,0.00,0.00,0.00,0.00,0.00,0.00,0.00,0.00,0.00,0.00,0.00,0.00,0.00,0.00,0.00,0.00,0.00,0.00,0.00,0.00,0.00,411493,474616,594920,424598,488205,608024,0,0,0,0,0,0,0,112632,0,140.22,140.28,140.34
276,0,0,0,0,93654,93654,93654,3625,3625,3625,591,591,591,0.00,0.00,0.00,0.00,0.00,0.00,0.00,0.00,0.00,0.00,0.00,0.00,0.00,0.00,0.00,0.00,0.00,0.00,0.00,0.00,0.00,296159,397332,634267,309270,410961,647372,0,0,0,0,0,0,0,109950,0,137.13,137.18,137.24
276,1,0,0,0,93622,93622,93622,3657,3657,3657,591,591,591,0.00,0.00,0.00,0.00,0.00,0.00,0.00,0.00,0.00,0.00,0.00,0.00,0.00,0.00,0.00,0.00,0.00,0.00,0.00,0.00,0.00,301405,367449,613297,317131,381602,623781,0,0,0,0,0,0,0,74129,0,123.28,123.34,123.40
276,2,0,0,0,93618,93618,93618,3661,3661,3661,591,591,591,0.00,0.00,0.00,0.00,0.00,0.00,0.00,0.00,0.00,0.00,0.00,0.00,0.00,0.00,0.00,0.00,0.00,0.00,0.00,0.00,0.00,322375,590236,1318335,335480,603864,1331439,0,0,0,0,0,0,0,113104,0,125.23,125.29,125.35
276,3,0,0,0,93658,93658,93658,3621,3621,3621,591,591,591,0.00,0.00,0.00,0.00,0.00,0.00,0.00,0.00,0.00,0.00,0.00,0.00,0.00,0.00,0.00,0.00,0.00,0.00,0.00,0.00,0.00,277822,637408,1171539,288305,651037,1187264,0,0,0,0,0,0,0,98568,0,140.26,140.30,140.36
277,0,0,0,0,93654,93654,93654,3625,3625,3625,591,591,591,0.00,0.00,0.00,0.00,0.00,0.00,0.00,0.00,0.00,0.00,0.00,0.00,0.00,0.00,0.00,0.00,0.00,0.00,0.00,0.00,0.00,298785,528113,1210854,311890,542528,1226580,0,0,0,0,0,0,0,96240,0,137.12,137.15,137.19
277,1,0,0,0,93622,93622,93622,3657,3657,3657,591,591,591,0.00,0.00,0.00,0.00,0.00,0.00,0.00,0.00,0.00,0.00,0.00,0.00,0.00,0.00,0.00,0.00,0.00,0.00,0.00,0.00,0.00,311889,420656,555634,324994,434416,568739,0,0,0,0,0,0,0,111011,0,123.26,123.33,123.38
277,2,0,0,0,93618,93618,93618,3661,3661,3661,591,591,591,0.00,0.00,0.00,0.00,0.00,0.00,0.00,0.00,0.00,0.00,0.00,0.00,0.00,0.00,0.00,0.00,0.00,0.00,0.00,0.00,0.00,205869,383669,707649,216249,396747,720754,0,0,0,0,0,0,0,75390,0,125.30,125.35,125.39
277,3,0,0,0,93658,93658,93658,3621,3621,3621,591,591,591,0.00,0.00,0.00,0.00,0.00,0.00,0.00,0.00,0.00,0.00,0.00,0.00,0.00,0.00,0.00,0.00,0.00,0.00,0.00,0.00,0.00,419352,537294,880640,432457,551054,893745,0,0,0,0,0,0,0,112768,0,140.36,140.47,140.55
278,0,0,0,0,93654,93654,93654,3625,3625,3625,591,591,591,0.00,0.00,0.00,0.00,0.00,0.00,0.00,0.00,0.00,0.00,0.00,0.00,0.00,0.00,0.00,0.00,0.00,0.00,0.00,0.00,0.00,288255,348823,558260,302492,362940,571365,0,0,0,0,0,0,0,109803,0,136.99,137.02,137.09
278,1,0,0,0,93622,93622,93622,3657,3657,3657,591,591,591,0.00,0.00,0.00,0.00,0.00,0.00,0.00,0.00,0.00,0.00,0.00,0.00,0.00,0.00,0.00,0.00,0.00,0.00,0.00,0.00,0.00,270827,351377,539911,279564,364656,553016,0,0,0,0,0,0,0,98804,0,123.26,123.28,123.30
278,2,0,0,0,93618,93618,93618,3661,3661,3661,591,591,591,0.00,0.00,0.00,0.00,0.00,0.00,0.00,0.00,0.00,0.00,0.00,0.00,0.00,0.00,0.00,0.00,0.00,0.00,0.00,0.00,0.00,314512,382654,623773,327617,396807,642119,0,0,0,0,0,0,0,100434,0,125.15,125.19,125.25
278,3,0,0,0,93658,93658,93658,3621,3621,3621,591,591,591,0.00,0.00,0.00,0.00,0.00,0.00,0.00,0.00,0.00,0.00,0.00,0.00,0.00,0.00,0.00,0.00,0.00,0.00,0.00,0.00,0.00,421948,535190,705023,435052,548819,718127,0,0,0,0,0,0,0,112633,0,140.28,140.39,140.51
279,0,0,0,0,93654,93654,93654,3625,3625,3625,591,591,591,0.00,0.00,0.00,0.00,0.00,0.00,0.00,0.00,0.00,0.00,0.00,0.00,0.00,0.00,0.00,0.00,0.00,0.00,0.00,0.00,0.00,213169,430005,720753,221905,442760,733857,0,0,0,0,0,0,0,110016,0,136.99,137.10,137.16
279,1,0,0,0,93622,93622,93622,3657,3657,3657,591,591,591,0.00,0.00,0.00,0.00,0.00,0.00,0.00,0.00,0.00,0.00,0.00,0.00,0.00,0.00,0.00,0.00,0.00,0.00,0.00,0.00,0.00,306644,367448,555637,319749,381077,571362,0,0,0,0,0,0,0,98956,0,123.25,123.31,123.40
279,2,0,0,0,93618,93618,93618,3661,3661,3661,591,591,591,0.00,0.00,0.00,0.00,0.00,0.00,0.00,0.00,0.00,0.00,0.00,0.00,0.00,0.00,0.00,0.00,0.00,0.00,0.00,0.00,0.00,309265,395758,710267,322370,408863,723372,0,0,0,0,0,0,0,100545,0,125.21,125.27,125.32
279,3,0,0,0,93658,93658,93658,3621,3621,3621,591,591,591,0.00,0.00,0.00,0.00,0.00,0.00,0.00,0.00,0.00,0.00,0.00,0.00,0.00,0.00,0.00,0.00,0.00,0.00,0.00,0.00,0.00,409758,438400,524195,422644,452509,537300,0,0,0,0,0,0,0,112656,0,140.28,140.30,140.31
280,0,0,0,0,93654,93654,93654,3625,3625,3625,591,591,591,0.00,0.00,0.00,0.00,0.00,0.00,0.00,0.00,0.00,0.00,0.00,0.00,0.00,0.00,0.00,0.00,0.00,0.00,0.00,0.00,0.00,293545,331805,466523,306649,345434,479628,0,0,0,0,0,0,0,109807,0,137.01,137.05,137.13
280,1,0,0,0,93622,93622,93622,3657,3657,3657,591,591,591,0.00,0.00,0.00,0.00,0.00,0.00,0.00,0.00,0.00,0.00,0.00,0.00,0.00,0.00,0.00,0.00,0.00,0.00,0.00,0.00,0.00,309269,365809,568742,324617,379958,581846,0,0,0,0,0,0,0,111111,0,123.19,123.30,123.37
280,2,0,0,0,93618,93618,93618,3661,3661,3661,591,591,591,0.00,0.00,0.00,0.00,0.00,0.00,0.00,0.00,0.00,0.00,0.00,0.00,0.00,0.00,0.00,0.00,0.00,0.00,0.00,0.00,0.00,311893,588119,1360174,327617,602795,1373278,0,0,0,0,0,0,0,100504,0,125.37,125.40,125.42
280,3,0,0,0,93658,93658,93658,3621,3621,3621,591,591,591,0.00,0.00,0.00,0.00,0.00,0.00,0.00,0.00,0.00,0.00,0.00,0.00,0.00,0.00,0.00,0.00,0.00,0.00,0.00,0.00,0.00,283062,675148,1436283,291799,687903,1449388,0,0,0,0,0,0,0,126727,0,140.28,140.33,140.37
282,0,0,0,0,93654,93654,93654,3625,3625,3625,591,591,591,0.00,0.00,0.00,0.00,0.00,0.00,0.00,0.00,0.00,0.00,0.00,0.00,0.00,0.00,0.00,0.00,0.00,0.00,0.00,0.00,0.00,211412,445514,1176798,221896,459117,1189902,0,0,0,0,0,0,0,261177,0,137.01,137.10,137.17
282,1,0,0,0,93622,93622,93622,3657,3657,3657,591,591,591,0.00,0.00,0.00,0.00,0.00,0.00,0.00,0.00,0.00,0.00,0.00,0.00,0.00,0.00,0.00,0.00,0.00,0.00,0.00,0.00,0.00,254855,380074,558252,265328,393439,571356,0,0,0,0,0,0,0,222189,0,123.08,123.16,123.28
282,2,0,0,0,93618,93618,93618,3661,3661,3661,591,591,591,0.00,0.00,0.00,0.00,0.00,0.00,0.00,0.00,0.00,0.00,0.00,0.00,0.00,0.00,0.00,0.00,0.00,0.00,0.00,0.00,0.00,211044,380060,759174,219693,393510,772877,0,0,0,0,0,0,0,225943,0,125.13,125.23,125.33
282,3,0,0,0,93658,93658,93658,3621,3621,3621,591,591,591,0.00,0.00,0.00,0.00,0.00,0.00,0.00,0.00,0.00,0.00,0.00,0.00,0.00,0.00,0.00,0.00,0.00,0.00,0.00,0.00,0.00,419347,466266,715523,435072,480157,731248,0,0,0,0,0,0,0,253339,0,140.15,140.23,140.31
283,0,0,0,0,93654,93654,93654,3625,3625,3625,591,591,591,0.00,0.00,0.00,0.00,0.00,0.00,0.00,0.00,0.00,0.00,0.00,0.00,0.00,0.00,0.00,0.00,0.00,0.00,0.00,0.00,0.00,293547,365881,613296,309273,380034,626401,0,0,0,0,0,0,0,109817,0,137.00,137.04,137.08
283,1,0,0,0,93622,93622,93622,3657,3657,3657,591,591,591,0.00,0.00,0.00,0.00,0.00,0.00,0.00,0.00,0.00,0.00,0.00,0.00,0.00,0.00,0.00,0.00,0.00,0.00,0.00,0.00,0.00,298783,315920,348566,314508,330063,361670,0,0,0,0,0,0,0,98933,0,123.32,123.40,123.46
283,2,0,0,0,93618,93618,93618,3661,3661,3661,591,591,591,0.00,0.00,0.00,0.00,0.00,0.00,0.00,0.00,0.00,0.00,0.00,0.00,0.00,0.00,0.00,0.00,0.00,0.00,0.00,0.00,0.00,309270,591283,1310465,322375,604912,1323569,0,0,0,0,0,0,0,112974,0,125.18,125.20,125.23
283,3,0,0,0,93658,93658,93658,3621,3621,3621,591,591,591,0.00,0.00,0.00,0.00,0.00,0.00,0.00,0.00,0.00,0.00,0.00,0.00,0.00,0.00,0.00,0.00,0.00,0.00,0.00,0.00,0.00,284809,423660,567641,293546,436876,583053,0,0,0,0,0,0,0,112468,0,140.12,140.13,140.15
284,0,0,0,0,93654,93654,93654,3625,3625,3625,591,591,591,0.00,0.00,0.00,0.00,0.00,0.00,0.00,0.00,0.00,0.00,0.00,0.00,0.00,0.00,0.00,0.00,0.00,0.00,0.00,0.00,0.00,296166,342031,471770,311887,355135,484875,0,0,0,0,0,0,0,82435,0,137.08,137.12,137.17
284,1,0,0,0,93622,93622,93622,3657,3657,3657,591,591,591,0.00,0.00,0.00,0.00,0.00,0.00,0.00,0.00,0.00,0.00,0.00,0.00,0.00,0.00,0.00,0.00,0.00,0.00,0.00,0.00,0.00,299413,389921,560489,312430,403675,576277,0,0,0,0,0,0,0,86410,0,123.25,123.29,123.35
284,2,0,0,0,93618,93618,93618,3661,3661,3661,591,591,591,0.00,0.00,0.00,0.00,0.00,0.00,0.00,0.00,0.00,0.00,0.00,0.00,0.00,0.00,0.00,0.00,0.00,0.00,0.00,0.00,0.00,319756,411488,678828,332861,425904,694554,0,0,0,0,0,0,0,75242,0,125.16,125.19,125.20
284,3,0,0,0,93658,93658,93658,3621,3621,3621,591,591,591,0.00,0.00,0.00,0.00,0.00,0.00,0.00,0.00,0.00,0.00,0.00,0.00,0.00,0.00,0.00,0.00,0.00,0.00,0.00,0.00,0.00,416731,775146,1449382,432456,788906,1462487,0,0,0,0,0,0,0,84172,0,140.13,140.15,140.17
285,0,0,0,0,93654,93654,93654,3625,3625,3625,591,591,591,0.00,0.00,0.00,0.00,0.00,0.00,0.00,0.00,0.00,0.00,0.00,0.00,0.00,0.00,0.00,0.00,0.00,0.00,0.00,0.00,0.00,296167,536762,1218725,311893,550915,1229209,0,0,0,0,0,0,0,109923,0,137.09,137.11,137.16
285,1,0,0,0,93622,93622,93622,3657,3657,3657,591,591,591,0.00,0.00,0.00,0.00,0.00,0.00,0.00,0.00,0.00,0.00,0.00,0.00,0.00,0.00,0.00,0.00,0.00,0.00,0.00,0.00,0.00,301968,372117,513699,317587,385718,526804,0,0,0,0,0,0,0,98734,0,123.19,123.23,123.25
285,2,0,0,0,93618,93618,93618,3661,3661,3661,591,591,591,0.00,0.00,0.00,0.00,0.00,0.00,0.00,0.00,0.00,0.00,0.00,0.00,0.00,0.00,0.00,0.00,0.00,0.00,0.00,0.00,0.00,211081,365851,676899,219593,379068,692342,0,0,0,0,0,0,0,100305,0,124.97,125.05,125.14
285,3,0,0,0,93658,93658,93658,3621,3621,3621,591,591,591,0.00,0.00,0.00,0.00,0.00,0.00,0.00,0.00,0.00,0.00,0.00,0.00,0.00,0.00,0.00,0.00,0.00,0.00,0.00,0.00,0.00,419343,490634,705036,435068,504787,715520,0,0,0,0,0,0,0,112569,0,140.18,140.19,140.22
286,0,0,0,0,93654,93654,93654,3625,3625,3625,591,591,591,0.00,0.00,0.00,0.00,0.00,0.00,0.00,0.00,0.00,0.00,0.00,0.00,0.00,0.00,0.00,0.00,0.00,0.00,0.00,0.00,0.00,298785,375242,647317,314510,388775,659960,0,0,0,0,0,0,0,109797,0,136.94,137.00,137.09
286,1,0,0,0,93622,93622,93622,3657,3657,3657,591,591,591,0.00,0.00,0.00,0.00,0.00,0.00,0.00,0.00,0.00,0.00,0.00,0.00,0.00,0.00,0.00,0.00,0.00,0.00,0.00,0.00,0.00,213120,360278,566119,221854,373557,579223,0,0,0,0,0,0,0,98837,0,123.19,123.26,123.30
286,2,0,0,0,93618,93618,93618,3661,3661,3661,591,591,591,0.00,0.00,0.00,0.00,0.00,0.00,0.00,0.00,0.00,0.00,0.00,0.00,0.00,0.00,0.00,0.00,0.00,0.00,0.00,0.00,0.00,314506,459711,694547,327617,473340,707651,0,0,0,0,0,0,0,100349,0,125.03,125.09,125.14
286,3,0,0,0,93658,93658,93658,3621,3621,3621,591,591,591,0.00,0.00,0.00,0.00,0.00,0.00,0.00,0.00,0.00,0.00,0.00,0.00,0.00,0.00,0.00,0.00,0.00,0.00,0.00,0.00,0.00,421972,440841,511085,435077,454470,526810,0,0,0,0,0,0,0,112590,0,140.16,140.19,140.20
287,0,0,0,0,93654,93654,93654,3625,3625,3625,591,591,591,0.00,0.00,0.00,0.00,0.00,0.00,0.00,0.00,0.00,0.00,0.00,0.00,0.00,0.00,0.00,0.00,0.00,0.00,0.00,0.00,0.00,209611,348589,629181,220092,361693,639667,0,0,0,0,0,0,0,109824,0,136.96,136.99,137.03
287,1,0,0,0,93622,93622,93622,3657,3657,3657,591,591,591,0.00,0.00,0.00,0.00,0.00,0.00,0.00,0.00,0.00,0.00,0.00,0.00,0.00,0.00,0.00,0.00,0.00,0.00,0.00,0.00,0.00,301407,371083,631449,317131,385760,644550,0,0,0,0,0,0,0,98706,0,123.22,123.26,123.32
287,2,0,0,0,93618,93618,93618,3661,3661,3661,591,591,591,0.00,0.00,0.00,0.00,0.00,0.00,0.00,0.00,0.00,0.00,0.00,0.00,0.00,0.00,0.00,0.00,0.00,0.00,0.00,0.00,0.00,314511,535699,1407344,327615,549852,1423068,0,0,0,0,0,0,0,113041,0,125.12,125.16,125.19
287,3,0,0,0,93658,93658,93658,3621,3621,3621,591,591,591,0.00,0.00,0.00,0.00,0.00,0.00,0.00,0.00,0.00,0.00,0.00,0.00,0.00,0.00,0.00,0.00,0.00,0.00,0.00,0.00,0.00,421013,485905,589706,436510,499313,605432,0,0,0,0,0,0,0,126715,0,140.22,140.33,140.39
288,0,0,0,0,93654,93654,93654,3625,3625,3625,591,591,591,0.00,0.00,0.00,0.00,0.00,0.00,0.00,0.00,0.00,0.00,0.00,0.00,0.00,0.00,0.00,0.00,0.00,0.00,0.00,0.00,0.00,298785,510034,1195150,309269,524187,1210876,0,0,0,0,0,0,0,123693,0,136.95,137.00,137.07
288,1,0,0,0,93622,93622,93622,3657,3657,3657,591,591,591,0.00,0.00,0.00,0.00,0.00,0.00,0.00,0.00,0.00,0.00,0.00,0.00,0.00,0.00,0.00,0.00,0.00,0.00,0.00,0.00,0.00,304028,410830,537290,317133,424455,550395,0,0,0,0,0,0,0,111084,0,123.17,123.22,123.27
288,2,0,0,0,93618,93618,93618,3661,3661,3661,591,591,591,0.00,0.00,0.00,0.00,0.00,0.00,0.00,0.00,0.00,0.00,0.00,0.00,0.00,0.00,0.00,0.00,0.00,0.00,0.00,0.00,0.00,311890,405456,618544,324995,418194,631649,0,0,0,0,0,0,0,100536,0,125.17,125.21,125.29
288,3,0,0,0,93658,93658,93658,3621,3621,3621,591,591,591,0.00,0.00,0.00,0.00,0.00,0.00,0.00,0.00,0.00,0.00,0.00,0.00,0.00,0.00,0.00,0.00,0.00,0.00,0.00,0.00,0.00,419351,668327,1268521,432455,682480,1284247,0,0,0,0,0,0,0,112632,0,140.33,140.35,140.39
289,0,0,0,0,93654,93654,93654,3625,3625,3625,591,591,591,0.00,0.00,0.00,0.00,0.00,0.00,0.00,0.00,0.00,0.00,0.00,0.00,0.00,0.00,0.00,0.00,0.00,0.00,0.00,0.00,0.00,298786,359068,571366,311890,373221,587092,0,0,0,0,0,0,0,109855,0,137.10,137.12,137.15
289,1,0,0,0,93622,93622,93622,3657,3657,3657,591,591,591,0.00,0.00,0.00,0.00,0.00,0.00,0.00,0.00,0.00,0.00,0.00,0.00,0.00,0.00,0.00,0.00,0.00,0.00,0.00,0.00,0.00,301406,363582,501596,317132,377083,516873,0,0,0,0,0,0,0,98789,0,123.21,123.22,123.23
289,2,0,0,0,93618,93618,93618,3661,3661,3661,591,591,591,0.00,0.00,0.00,0.00,0.00,0.00,0.00,0.00,0.00,0.00,0.00,0.00,0.00,0.00,0.00,0.00,0.00,0.00,0.00,0.00,0.00,308752,381621,663088,322377,395766,678814,0,0,0,0,0,0,0,100503,0,125.27,125.30,125.34
289,3,0,0,0,93658,93658,93658,3621,3621,3621,591,591,591,0.00,0.00,0.00,0.00,0.00,0.00,0.00,0.00,0.00,0.00,0.00,0.00,0.00,0.00,0.00,0.00,0.00,0.00,0.00,0.00,0.00,421972,499025,720747,435077,513178,736472,0,0,0,0,0,0,0,112669,0,140.25,140.29,140.33
290,0,0,0,0,93654,93654,93654,3625,3625,3625,591,591,591,0.00,0.00,0.00,0.00,0.00,0.00,0.00,0.00,0.00,0.00,0.00,0.00,0.00,0.00,0.00,0.00,0.00,0.00,0.00,0.00,0.00,301366,401082,663091,317090,413631,676196,0,0,0,0,0,0,0,109845,0,136.97,137.04,137.11
290,1,0,0,0,93622,93622,93622,3657,3657,3657,591,591,591,0.00,0.00,0.00,0.00,0.00,0.00,0.00,0.00,0.00,0.00,0.00,0.00,0.00,0.00,0.00,0.00,0.00,0.00,0.00,0.00,0.00,209673,344912,558258,220157,358017,571363,0,0,0,0,0,0,0,98854,0,123.31,123.36,123.39
290,2,0,0,0,93618,93618,93618,3661,3661,3661,591,591,591,0.00,0.00,0.00,0.00,0.00,0.00,0.00,0.00,0.00,0.00,0.00,0.00,0.00,0.00,0.00,0.00,0.00,0.00,0.00,0.00,0.00,309253,396281,686684,322357,409910,699789,0,0,0,0,0,0,0,100388,0,125.14,125.18,125.21
290,3,0,0,0,93658,93658,93658,3621,3621,3621,591,591,591,0.00,0.00,0.00,0.00,0.00,0.00,0.00,0.00,0.00,0.00,0.00,0.00,0.00,0.00,0.00,0.00,0.00,0.00,0.00,0.00,0.00,419347,451320,550394,432455,464948,563499,0,0,0,0,0,0,0,112521,0,140.15,140.22,140.30
291,0,0,0,0,93654,93654,93654,3625,3625,3625,591,591,591,0.00,0.00,0.00,0.00,0.00,0.00,0.00,0.00,0.00,0.00,0.00,0.00,0.00,0.00,0.00,0.00,0.00,0.00,0.00,0.00,0.00,298788,334955,466521,314513,348584,482247,0,0,0,0,0,0,0,82324,0,136.93,136.96,136.98
291,1,0,0,0,93622,93622,93622,3657,3657,3657,591,591,591,0.00,0.00,0.00,0.00,0.00,0.00,0.00,0.00,0.00,0.00,0.00,0.00,0.00,0.00,0.00,0.00,0.00,0.00,0.00,0.00,0.00,304008,419867,626396,319733,433495,639500,0,0,0,0,0,0,0,74241,0,123.35,123.38,123.41
291,2,0,0,0,93618,93618,93618,3661,3661,3661,591,591,591,0.00,0.00,0.00,0.00,0.00,0.00,0.00,0.00,0.00,0.00,0.00,0.00,0.00,0.00,0.00,0.00,0.00,0.00,0.00,0.00,0.00,309272,584466,1315693,324997,598619,1328798,0,0,0,0,0,0,0,100382,0,125.17,125.19,125.20
291,3,0,0,0,93658,93658,93658,3621,3621,3621,591,591,591,0.00,0.00,0.00,0.00,0.00,0.00,0.00,0.00,0.00,0.00,0.00,0.00,0.00,0.00,0.00,0.00,0.00,0.00,0.00,0.00,0.00,432444,696464,1189896,448169,709918,1203001,0,0,0,0,0,0,0,98443,0,140.08,140.14,140.18
292,0,0,0,0,93654,93654,93654,3625,3625,3625,591,591,591,0.00,0.00,0.00,0.00,0.00,0.00,0.00,0.00,0.00,0.00,0.00,0.00,0.00,0.00,0.00,0.00,0.00,0.00,0.00,0.00,0.00,301407,541879,1250192,314514,555639,1263297,0,0,0,0,0,0,0,123734,0,137.00,137.02,137.06
292,1,0,0,0,93622,93622,93622,3657,3657,3657,591,591,591,0.00,0.00,0.00,0.00,0.00,0.00,0.00,0.00,0.00,0.00,0.00,0.00,0.00,0.00,0.00,0.00,0.00,0.00,0.00,0.00,0.00,301406,378722,511084,317132,393137,526810,0,0,0,0,0,0,0,98654,0,123.29,123.38,123.45
292,2,0,0,0,93618,93618,93618,3661,3661,3661,591,591,591,0.00,0.00,0.00,0.00,0.00,0.00,0.00,0.00,0.00,0.00,0.00,0.00,0.00,0.00,0.00,0.00,0.00,0.00,0.00,0.00,0.00,207678,386089,712896,219793,398946,726000,0,0,0,0,0,0,0,75315,0,125.10,125.12,125.16
292,3,0,0,0,93658,93658,93658,3621,3621,3621,591,591,591,0.00,0.00,0.00,0.00,0.00,0.00,0.00,0.00,0.00,0.00,0.00,0.00,0.00,0.00,0.00,0.00,0.00,0.00,0.00,0.00,0.00,421970,493392,684064,435075,507152,697169,0,0,0,0,0,0,0,112236,0,139.87,139.93,140.00
293,0,0,0,0,93654,93654,93654,3625,3625,3625,591,591,591,0.00,0.00,0.00,0.00,0.00,0.00,0.00,0.00,0.00,0.00,0.00,0.00,0.00,0.00,0.00,0.00,0.00,0.00,0.00,0.00,0.00,296167,421971,681441,309272,436124,694545,0,0,0,0,0,0,0,110047,0,137.05,137.12,137.20
293,1,0,0,0,93622,93622,93622,3657,3657,3657,591,591,591,0.00,0.00,0.00,0.00,0.00,0.00,0.00,0.00,0.00,0.00,0.00,0.00,0.00,0.00,0.00,0.00,0.00,0.00,0.00,0.00,0.00,296165,365432,524181,311890,379534,534664,0,0,0,0,0,0,0,98779,0,123.26,123.30,123.33
293,2,0,0,0,93618,93618,93618,3661,3661,3661,591,591,591,0.00,0.00,0.00,0.00,0.00,0.00,0.00,0.00,0.00,0.00,0.00,0.00,0.00,0.00,0.00,0.00,0.00,0.00,0.00,0.00,0.00,308819,384756,676205,319113,398405,689309,0,0,0,0,0,0,0,100564,0,125.10,125.16,125.24
293,3,0,0,0,93658,93658,93658,3621,3621,3621,591,591,591,0.00,0.00,0.00,0.00,0.00,0.00,0.00,0.00,0.00,0.00,0.00,0.00,0.00,0.00,0.00,0.00,0.00,0.00,0.00,0.00,0.00,416730,447650,508459,429835,461279,521564,0,0,0,0,0,0,0,112307,0,139.88,139.91,139.97
294,0,0,0,0,93654,93654,93654,3625,3625,3625,591,591,591,0.00,0.00,0.00,0.00,0.00,0.00,0.00,0.00,0.00,0.00,0.00,0.00,0.00,0.00,0.00,0.00,0.00,0.00,0.00,0.00,0.00,202686,348418,634266,213169,361485,647370,0,0,0,0,0,0,0,109906,0,137.12,137.20,137.25
294,1,0,0,0,93622,93622,93622,3657,3657,3657,591,591,591,0.00,0.00,0.00,0.00,0.00,0.00,0.00,0.00,0.00,0.00,0.00,0.00,0.00,0.00,0.00,0.00,0.00,0.00,0.00,0.00,0.00,204430,344907,592296,213167,357662,605400,0,0,0,0,0,0,0,98891,0,123.24,123.30,123.32
294,2,0,0,0,93618,93618,93618,3661,3661,3661,591,591,591,0.00,0.00,0.00,0.00,0.00,0.00,0.00,0.00,0.00,0.00,0.00,0.00,0.00,0.00,0.00,0.00,0.00,0.00,0.00,0.00,0.00,314513,398381,718138,324996,412534,733864,0,0,0,0,0,0,0,113016,0,125.22,125.25,125.26
294,3,0,0,0,93658,93658,93658,3621,3621,3621,591,591,591,0.00,0.00,0.00,0.00,0.00,0.00,0.00,0.00,0.00,0.00,0.00,0.00,0.00,0.00,0.00,0.00,0.00,0.00,0.00,0.00,0.00,419344,448278,550396,435070,462402,563500,0,0,0,0,0,0,0,112354,0,139.96,140.03,140.06
295,0,0,0,0,93654,93654,93654,3625,3625,3625,591,591,591,0.00,0.00,0.00,0.00,0.00,0.00,0.00,0.00,0.00,0.00,0.00,0.00,0.00,0.00,0.00,0.00,0.00,0.00,0.00,0.00,0.00,298782,342813,492711,311886,356966,508436,0,0,0,0,0,0,0,110007,0,137.07,137.14,137.20
295,1,0,0,0,93622,93622,93622,3657,3657,3657,591,591,591,0.00,0.00,0.00,0.00,0.00,0.00,0.00,0.00,0.00,0.00,0.00,0.00,0.00,0.00,0.00,0.00,0.00,0.00,0.00,0.00,0.00,311893,371581,518900,327618,385207,532003,0,0,0,0,0,0,0,111124,0,123.29,123.33,123.37
295,2,0,0,0,93618,93618,93618,3661,3661,3661,591,591,591,0.00,0.00,0.00,0.00,0.00,0.00,0.00,0.00,0.00,0.00,0.00,0.00,0.00,0.00,0.00,0.00,0.00,0.00,0.00,0.00,0.00,311874,582368,1362890,324978,596521,1375995,0,0,0,0,0,0,0,100478,0,125.22,125.25,125.29
295,3,0,0,0,93658,93658,93658,3621,3621,3621,591,591,591,0.00,0.00,0.00,0.00,0.00,0.00,0.00,0.00,0.00,0.00,0.00,0.00,0.00,0.00,0.00,0.00,0.00,0.00,0.00,0.00,0.00,284812,665523,1444142,293548,678277,1459868,0,0,0,0,0,0,0,126294,0,139.87,139.92,140.02
296,0,0,0,0,93654,93654,93654,3625,3625,3625,591,591,591,0.00,0.00,0.00,0.00,0.00,0.00,0.00,0.00,0.00,0.00,0.00,0.00,0.00,0.00,0.00,0.00,0.00,0.00,0.00,0.00,0.00,301408,542008,1200387,314513,555637,1213492,0,0,0,0,0,0,0,109990,0,137.17,137.18,137.21
296,1,0,0,0,93622,93622,93622,3657,3657,3657,591,591,591,0.00,0.00,0.00,0.00,0.00,0.00,0.00,0.00,0.00,0.00,0.00,0.00,0.00,0.00,0.00,0.00,0.00,0.00,0.00,0.00,0.00,304105,377408,513704,317213,391560,526809,0,0,0,0,0,0,0,98826,0,123.26,123.29,123.36
296,2,0,0,0,93618,93618,93618,3661,3661,3661,591,591,591,0.00,0.00,0.00,0.00,0.00,0.00,0.00,0.00,0.00,0.00,0.00,0.00,0.00,0.00,0.00,0.00,0.00,0.00,0.00,0.00,0.00,209255,372808,723380,219631,385266,736485,0,0,0,0,0,0,0,100674,0,125.25,125.30,125.38
296,3,0,0,0,93658,93658,93658,3621,3621,3621,591,591,591,0.00,0.00,0.00,0.00,0.00,0.00,0.00,0.00,0.00,0.00,0.00,0.00,0.00,0.00,0.00,0.00,0.00,0.00,0.00,0.00,0.00,421972,479632,699793,437696,493785,712897,0,0,0,0,0,0,0,112439,0,139.90,139.97,140.04
297,0,0,0,0,93654,93654,93654,3625,3625,3625,591,591,591,0.00,0.00,0.00,0.00,0.00,0.00,0.00,0.00,0.00,0.00,0.00,0.00,0.00,0.00,0.00,0.00,0.00,0.00,0.00,0.00,0.00,298787,383178,684064,314511,397330,697168,0,0,0,0,0,0,0,110017,0,137.21,137.24,137.27
297,1,0,0,0,93622,93622,93622,3657,3657,3657,591,591,591,0.00,0.00,0.00,0.00,0.00,0.00,0.00,0.00,0.00,0.00,0.00,0.00,0.00,0.00,0.00,0.00,0.00,0.00,0.00,0.00,0.00,314513,385276,513700,327618,399429,529426,0,0,0,0,0,0,0,98890,0,123.33,123.37,123.42
297,2,0,0,0,93618,93618,93618,3661,3661,3661,591,591,591,0.00,0.00,0.00,0.00,0.00,0.00,0.00,0.00,0.00,0.00,0.00,0.00,0.00,0.00,0.00,0.00,0.00,0.00,0.00,0.00,0.00,309271,468401,693454,324997,482663,707105,0,0,0,0,0,0,0,100563,0,125.33,125.35,125.38
297,3,0,0,0,93658,93658,93658,3621,3621,3621,591,591,591,0.00,0.00,0.00,0.00,0.00,0.00,0.00,0.00,0.00,0.00,0.00,0.00,0.00,0.00,0.00,0.00,0.00,0.00,0.00,0.00,0.00,424589,470196,636888,437693,483825,655235,0,0,0,0,0,0,0,112295,0,139.92,140.02,140.12
298,0,0,0,0,93654,93654,93654,3625,3625,3625,591,591,591,0.00,0.00,0.00,0.00,0.00,0.00,0.00,0.00,0.00,0.00,0.00,0.00,0.00,0.00,0.00,0.00,0.00,0.00,0.00,0.00,0.00,200939,337265,566029,211422,350322,579132,0,0,0,0,0,0,0,109941,0,137.18,137.20,137.22
298,1,0,0,0,93622,93622,93622,3657,3657,3657,591,591,591,0.00,0.00,0.00,0.00,0.00,0.00,0.00,0.00,0.00,0.00,0.00,0.00,0.00,0.00,0.00,0.00,0.00,0.00,0.00,0.00,0.00,204434,353822,634265,213170,366577,644749,0,0,0,0,0,0,0,98713,0,123.27,123.30,123.34
298,2,0,0,0,93618,93618,93618,3661,3661,3661,591,591,591,0.00,0.00,0.00,0.00,0.00,0.00,0.00,0.00,0.00,0.00,0.00,0.00,0.00,0.00,0.00,0.00,0.00,0.00,0.00,0.00,0.00,314514,520518,1323571,324998,534147,1339296,0,0,0,0,0,0,0,113257,0,125.26,125.30,125.35
298,3,0,0,0,93658,93658,93658,3621,3621,3621,591,591,591,0.00,0.00,0.00,0.00,0.00,0.00,0.00,0.00,0.00,0.00,0.00,0.00,0.00,0.00,0.00,0.00,0.00,0.00,0.00,0.00,0.00,419465,520538,757451,432411,534659,770556,0,0,0,0,0,0,0,98325,0,139.81,139.88,139.95
299,0,0,0,0,93654,93654,93654,3625,3625,3625,591,591,591,0.00,0.00,0.00,0.00,0.00,0.00,0.00,0.00,0.00,0.00,0.00,0.00,0.00,0.00,0.00,0.00,0.00,0.00,0.00,0.00,0.00,304028,353171,477011,319754,366931,490115,0,0,0,0,0,0,0,96279,0,137.16,137.17,137.19
299,1,0,0,0,93622,93622,93622,3657,3657,3657,591,591,591,0.00,0.00,0.00,0.00,0.00,0.00,0.00,0.00,0.00,0.00,0.00,0.00,0.00,0.00,0.00,0.00,0.00,0.00,0.00,0.00,0.00,306648,409514,529304,322374,423929,542406,0,0,0,0,0,0,0,86209,0,123.15,123.21,123.30
299,2,0,0,0,93618,93618,93618,3661,3661,3661,591,591,591,0.00,0.00,0.00,0.00,0.00,0.00,0.00,0.00,0.00,0.00,0.00,0.00,0.00,0.00,0.00,0.00,0.00,0.00,0.00,0.00,0.00,306650,399038,655236,322375,412798,668340,0,0,0,0,0,0,0,75447,0,125.29,125.32,125.37
299,3,0,0,0,93658,93658,93658,3621,3621,3621,591,591,591,0.00,0.00,0.00,0.00,0.00,0.00,0.00,0.00,0.00,0.00,0.00,0.00,0.00,0.00,0.00,0.00,0.00,0.00,0.00,0.00,0.00,421973,646717,872771,437698,659385,888497,0,0,0,0,0,0,0,112246,0,139.98,140.00,140.02
300,0,0,0,0,93654,93654,93654,3625,3625,3625,591,591,591,0.00,0.00,0.00,0.00,0.00,0.00,0.00,0.00,0.00,0.00,0.00,0.00,0.00,0.00,0.00,0.00,0.00,0.00,0.00,0.00,0.00,301407,536237,1234461,314511,550390,1247565,0,0,0,0,0,0,0,109963,0,137.20,137.22,137.24
300,1,0,0,0,93622,93622,93622,3657,3657,3657,591,591,591,0.00,0.00,0.00,0.00,0.00,0.00,0.00,0.00,0.00,0.00,0.00,0.00,0.00,0.00,0.00,0.00,0.00,0.00,0.00,0.00,0.00,303435,355329,540153,319130,369477,553264,0,0,0,0,0,0,0,98804,0,123.13,123.19,123.26
300,2,0,0,0,93618,93618,93618,3661,3661,3661,591,591,591,0.00,0.00,0.00,0.00,0.00,0.00,0.00,0.00,0.00,0.00,0.00,0.00,0.00,0.00,0.00,0.00,0.00,0.00,0.00,0.00,0.00,204513,442124,710280,214738,455130,726005,0,0,0,0,0,0,0,100629,0,125.28,125.33,125.36
300,3,0,0,0,93658,93658,93658,3621,3621,3621,591,591,591,0.00,0.00,0.00,0.00,0.00,0.00,0.00,0.00,0.00,0.00,0.00,0.00,0.00,0.00,0.00,0.00,0.00,0.00,0.00,0.00,0.00,419353,478578,686682,432458,492731,699787,0,0,0,0,0,0,0,112432,0,139.96,140.00,140.04
301,0,0,0,0,93654,93654,93654,3625,3625,3625,591,591,591,0.00,0.00,0.00,0.00,0.00,0.00,0.00,0.00,0.00,0.00,0.00,0.00,0.00,0.00,0.00,0.00,0.00,0.00,0.00,0.00,0.00,304029,384754,678825,314513,398382,694550,0,0,0,0,0,0,0,110000,0,137.13,137.17,137.20
301,1,0,0,0,93622,93622,93622,3657,3657,3657,591,591,591,0.00,0.00,0.00,0.00,0.00,0.00,0.00,0.00,0.00,0.00,0.00,0.00,0.00,0.00,0.00,0.00,0.00,0.00,0.00,0.00,0.00,304028,380184,537292,319753,393776,550397,0,0,0,0,0,0,0,98790,0,123.27,123.29,123.32
301,2,0,0,0,93618,93618,93618,3661,3661,3661,591,591,591,0.00,0.00,0.00,0.00,0.00,0.00,0.00,0.00,0.00,0.00,0.00,0.00,0.00,0.00,0.00,0.00,0.00,0.00,0.00,0.00,0.00,307043,385877,678812,320393,399555,694537,0,0,0,0,0,0,0,100560,0,125.25,125.29,125.31
301,3,0,0,0,93658,93658,93658,3621,3621,3621,591,591,591,0.00,0.00,0.00,0.00,0.00,0.00,0.00,0.00,0.00,0.00,0.00,0.00,0.00,0.00,0.00,0.00,0.00,0.00,0.00,0.00,0.00,424592,497978,642125,437698,511607,657851,0,0,0,0,0,0,0,112491,0,139.93,140.00,140.07
302,0,0,0,0,93654,93654,93654,3625,3625,3625,591,591,591,0.00,0.00,0.00,0.00,0.00,0.00,0.00,0.00,0.00,0.00,0.00,0.00,0.00,0.00,0.00,0.00,0.00,0.00,0.00,0.00,0.00,193941,370405,599256,202677,383602,611952,0,0,0,0,0,0,0,109972,0,137.19,137.22,137.25
302,1,0,0,0,93622,93622,93622,3657,3657,3657,591,591,591,0.00,0.00,0.00,0.00,0.00,0.00,0.00,0.00,0.00,0.00,0.00,0.00,0.00,0.00,0.00,0.00,0.00,0.00,0.00,0.00,0.00,204434,349632,621165,214917,362737,631648,0,0,0,0,0,0,0,98928,0,123.35,123.41,123.46
302,2,0,0,0,93618,93618,93618,3661,3661,3661,591,591,591,0.00,0.00,0.00,0.00,0.00,0.00,0.00,0.00,0.00,0.00,0.00,0.00,0.00,0.00,0.00,0.00,0.00,0.00,0.00,0.00,0.00,314513,595473,1423176,327617,610149,1436280,0,0,0,0,0,0,0,113259,0,125.23,125.29,125.34
302,3,0,0,0,93658,93658,93658,3621,3621,3621,591,591,591,0.00,0.00,0.00,0.00,0.00,0.00,0.00,0.00,0.00,0.00,0.00,0.00,0.00,0.00,0.00,0.00,0.00,0.00,0.00,0.00,0.00,83870,427339,752131,99596,441974,765234,0,0,0,0,0,0,0,126416,0,140.03,140.08,140.14
303,0,0,0,0,93654,93654,93654,3625,3625,3625,591,591,591,0.00,0.00,0.00,0.00,0.00,0.00,0.00,0.00,0.00,0.00,0.00,0.00,0.00,0.00,0.00,0.00,0.00,0.00,0.00,0.00,0.00,301407,474913,1161073,311892,488542,1174178,0,0,0,0,0,0,0,123844,0,137.16,137.20,137.22
303,1,0,0,0,93622,93622,93622,3657,3657,3657,591,591,591,0.00,0.00,0.00,0.00,0.00,0.00,0.00,0.00,0.00,0.00,0.00,0.00,0.00,0.00,0.00,0.00,0.00,0.00,0.00,0.00,0.00,319755,453944,566115,332860,467573,579219,0,0,0,0,0,0,0,98734,0,123.29,123.36,123.41
303,2,0,0,0,93618,93618,93618,3661,3661,3661,591,591,591,0.00,0.00,0.00,0.00,0.00,0.00,0.00,0.00,0.00,0.00,0.00,0.00,0.00,0.00,0.00,0.00,0.00,0.00,0.00,0.00,0.00,309270,394710,718120,324996,408339,733846,0,0,0,0,0,0,0,100693,0,125.40,125.43,125.47
303,3,0,0,0,93658,93658,93658,3621,3621,3621,591,591,591,0.00,0.00,0.00,0.00,0.00,0.00,0.00,0.00,0.00,0.00,0.00,0.00,0.00,0.00,0.00,0.00,0.00,0.00,0.00,0.00,0.00,419323,646670,1390852,432456,659425,1399588,0,0,0,0,0,0,0,112309,0,139.94,139.97,139.99
304,0,0,0,0,93654,93654,93654,3625,3625,3625,591,591,591,0.00,0.00,0.00,0.00,0.00,0.00,0.00,0.00,0.00,0.00,0.00,0.00,0.00,0.00,0.00,0.00,0.00,0.00,0.00,0.00,0.00,298784,436646,668339,311889,450799,684064,0,0,0,0,0,0,0,110012,0,137.15,137.17,137.20
304,1,0,0,0,93622,93622,93622,3657,3657,3657,591,591,591,0.00,0.00,0.00,0.00,0.00,0.00,0.00,0.00,0.00,0.00,0.00,0.00,0.00,0.00,0.00,0.00,0.00,0.00,0.00,0.00,0.00,306633,369024,516323,319736,382652,532049,0,0,0,0,0,0,0,98896,0,123.33,123.36,123.41
304,2,0,0,0,93618,93618,93618,3661,3661,3661,591,591,591,0.00,0.00,0.00,0.00,0.00,0.00,0.00,0.00,0.00,0.00,0.00,0.00,0.00,0.00,0.00,0.00,0.00,0.00,0.00,0.00,0.00,311404,337953,429132,322375,350495,439514,0,0,0,0,0,0,0,100633,0,125.30,125.41,125.47
304,3,0,0,0,93658,93658,93658,3621,3621,3621,591,591,591,0.00,0.00,0.00,0.00,0.00,0.00,0.00,0.00,0.00,0.00,0.00,0.00,0.00,0.00,0.00,0.00,0.00,0.00,0.00,0.00,0.00,421972,445558,500601,437696,459711,516327,0,0,0,0,0,0,0,112434,0,140.00,140.03,140.08
305,0,0,0,0,93654,93654,93654,3625,3625,3625,591,591,591,0.00,0.00,0.00,0.00,0.00,0.00,0.00,0.00,0.00,0.00,0.00,0.00,0.00,0.00,0.00,0.00,0.00,0.00,0.00,0.00,0.00,297379,369267,623783,312894,383378,636888,0,0,0,0,0,0,0,109997,0,137.15,137.17,137.19
305,1,0,0,0,93622,93622,93622,3657,3657,3657,591,591,591,0.00,0.00,0.00,0.00,0.00,0.00,0.00,0.00,0.00,0.00,0.00,0.00,0.00,0.00,0.00,0.00,0.00,0.00,0.00,0.00,0.00,304027,377229,534667,317131,390418,549943,0,0,0,0,0,0,0,98768,0,123.24,123.29,123.35
305,2,0,0,0,93618,93618,93618,3661,3661,3661,591,591,591,0.00,0.00,0.00,0.00,0.00,0.00,0.00,0.00,0.00,0.00,0.00,0.00,0.00,0.00,0.00,0.00,0.00,0.00,0.00,0.00,0.00,311874,392614,684069,324997,406766,697174,0,0,0,0,0,0,0,113068,0,125.26,125.30,125.34
305,3,0,0,0,93658,93658,93658,3621,3621,3621,591,591,591,0.00,0.00,0.00,0.00,0.00,0.00,0.00,0.00,0.00,0.00,0.00,0.00,0.00,0.00,0.00,0.00,0.00,0.00,0.00,0.00,0.00,419329,460231,605434,432433,473860,621160,0,0,0,0,0,0,0,112407,0,140.01,140.03,140.06
306,0,0,0,0,93654,93654,93654,3625,3625,3625,591,591,591,0.00,0.00,0.00,0.00,0.00,0.00,0.00,0.00,0.00,0.00,0.00,0.00,0.00,0.00,0.00,0.00,0.00,0.00,0.00,0.00,0.00,193942,319751,477008,202679,328837,492734,0,0,0,0,0,0,0,82328,0,137.04,137.11,137.17
306,1,0,0,0,93622,93622,93622,3657,3657,3657,591,591,591,0.00,0.00,0.00,0.00,0.00,0.00,0.00,0.00,0.00,0.00,0.00,0.00,0.00,0.00,0.00,0.00,0.00,0.00,0.00,0.00,0.00,304025,374130,566116,317129,388545,581842,0,0,0,0,0,0,0,86390,0,123.26,123.28,123.31
306,2,0,0,0,93618,93618,93618,3661,3661,3661,591,591,591,0.00,0.00,0.00,0.00,0.00,0.00,0.00,0.00,0.00,0.00,0.00,0.00,0.00,0.00,0.00,0.00,0.00,0.00,0.00,0.00,0.00,314510,657201,1336684,330236,671617,1352409,0,0,0,0,0,0,0,100464,0,125.15,125.21,125.26
306,3,0,0,0,93658,93658,93658,3621,3621,3621,591,591,591,0.00,0.00,0.00,0.00,0.00,0.00,0.00,0.00,0.00,0.00,0.00,0.00,0.00,0.00,0.00,0.00,0.00,0.00,0.00,0.00,0.00,117925,609169,1150600,131027,623476,1166326,0,0,0,0,0,0,0,84294,0,140.00,140.05,140.11
307,0,0,0,0,93654,93654,93654,3625,3625,3625,591,591,591,0.00,0.00,0.00,0.00,0.00,0.00,0.00,0.00,0.00,0.00,0.00,0.00,0.00,0.00,0.00,0.00,0.00,0.00,0.00,0.00,0.00,301407,534144,1195139,314511,606744,1210865,0,0,0,0,0,0,0,123738,0,137.02,137.08,137.10
307,1,0,0,0,93622,93622,93622,3657,3657,3657,591,591,591,0.00,0.00,0.00,0.00,0.00,0.00,0.00,0.00,0.00,0.00,0.00,0.00,0.00,0.00,0.00,0.00,0.00,0.00,0.00,0.00,0.00,309268,374266,563495,322373,387895,579220,0,0,0,0,0,0,0,98873,0,123.27,123.32,123.39
307,2,0,0,0,93618,93618,93618,3661,3661,3661,591,591,591,0.00,0.00,0.00,0.00,0.00,0.00,0.00,0.00,0.00,0.00,0.00,0.00,0.00,0.00,0.00,0.00,0.00,0.00,0.00,0.00,0.00,314510,399427,736485,327615,413055,749589,0,0,0,0,0,0,0,75406,0,125.19,125.23,125.31
307,3,0,0,0,93658,93658,93658,3621,3621,3621,591,591,591,0.00,0.00,0.00,0.00,0.00,0.00,0.00,0.00,0.00,0.00,0.00,0.00,0.00,0.00,0.00,0.00,0.00,0.00,0.00,0.00,0.00,424593,610854,927817,437698,623260,938301,0,0,0,0,0,0,0,112368,0,140.03,140.10,140.18
308,0,0,0,0,93654,93654,93655,3624,3624,3625,591,591,591,0.00,0.00,0.00,0.00,0.00,0.00,0.00,0.00,0.00,0.00,0.00,0.00,0.00,0.00,0.00,0.00,0.00,0.00,0.00,0.00,0.00,301407,380031,663093,314495,393660,676198,0,0,0,0,0,0,0,109994,0,137.16,137.19,137.22
308,1,0,0,0,93622,93622,93623,3656,3656,3657,591,591,591,0.00,0.00,0.00,0.00,0.00,0.00,0.00,0.00,0.00,0.00,0.00,0.00,0.00,0.00,0.00,0.00,0.00,0.00,0.00,0.00,0.00,309266,419870,542534,324992,434024,555639,0,0,0,0,0,0,0,98878,0,123.32,123.35,123.37
308,2,0,0,0,93618,93618,93619,3660,3660,3661,591,591,591,0.00,0.00,0.00,0.00,0.00,0.00,0.00,0.00,0.00,0.00,0.00,0.00,0.00,0.00,0.00,0.00,0.00,0.00,0.00,0.00,0.00,210935,362514,652616,219579,375768,665721,0,0,0,0,0,0,0,100456,0,125.14,125.28,125.36
308,3,0,0,0,93658,93658,93659,3620,3620,3621,591,591,591,0.00,0.00,0.00,0.00,0.00,0.00,0.00,0.00,0.00,0.00,0.00,0.00,0.00,0.00,0.00,0.00,0.00,0.00,0.00,0.00,0.00,421974,473857,652574,435079,488010,668298,0,0,0,0,0,0,0,112398,0,139.99,140.03,140.06
309,0,0,0,0,93655,93655,93655,3624,3624,3624,591,591,591,0.00,0.00,0.00,0.00,0.00,0.00,0.00,0.00,0.00,0.00,0.00,0.00,0.00,0.00,0.00,0.00,0.00,0.00,0.00,0.00,0.00,289270,361882,600196,304766,375990,613301,0,0,0,0,0,0,0,109874,0,137.05,137.11,137.19
309,1,0,0,0,93623,93623,93623,3656,3656,3656,591,591,591,0.00,0.00,0.00,0.00,0.00,0.00,0.00,0.00,0.00,0.00,0.00,0.00,0.00,0.00,0.00,0.00,0.00,0.00,0.00,0.00,0.00,290888,330262,414104,303992,342792,424587,0,0,0,0,0,0,0,98841,0,123.38,123.43,123.48
309,2,0,0,0,93619,93619,93619,3660,3660,3660,591,591,591,0.00,0.00,0.00,0.00,0.00,0.00,0.00,0.00,0.00,0.00,0.00,0.00,0.00,0.00,0.00,0.00,0.00,0.00,0.00,0.00,0.00,311885,595475,1352401,324989,609628,1368127,0,0,0,0,0,0,0,113191,0,125.07,125.15,125.32
309,3,0,0,0,93659,93659,93659,3620,3620,3620,591,591,591,0.00,0.00,0.00,0.00,0.00,0.00,0.00,0.00,0.00,0.00,0.00,0.00,0.00,0.00,0.00,0.00,0.00,0.00,0.00,0.00,0.00,419342,460236,594958,432447,473865,610684,0,0,0,0,0,0,0,126305,0,139.90,139.98,140.08
310,0,0,0,0,93655,93655,93655,3624,3624,3624,591,591,591,0.00,0.00,0.00,0.00,0.00,0.00,0.00,0.00,0.00,0.00,0.00,0.00,0.00,0.00,0.00,0.00,0.00,0.00,0.00,0.00,0.00,232388,323768,466528,241124,336523,482254,0,0,0,0,0,0,0,123611,0,137.12,137.14,137.17
310,1,0,0,0,93623,93623,93623,3656,3656,3656,591,591,591,0.00,0.00,0.00,0.00,0.00,0.00,0.00,0.00,0.00,0.00,0.00,0.00,0.00,0.00,0.00,0.00,0.00,0.00,0.00,0.00,0.00,306647,417773,537288,319752,431926,550393,0,0,0,0,0,0,0,111093,0,123.30,123.32,123.37
310,2,0,0,0,93619,93619,93619,3660,3660,3660,591,591,591,0.00,0.00,0.00,0.00,0.00,0.00,0.00,0.00,0.00,0.00,0.00,0.00,0.00,0.00,0.00,0.00,0.00,0.00,0.00,0.00,0.00,314512,385269,652574,327617,398897,665678,0,0,0,0,0,0,0,100515,0,125.22,125.32,125.41
310,3,0,0,0,93659,93659,93659,3620,3620,3620,591,591,591,0.00,0.00,0.00,0.00,0.00,0.00,0.00,0.00,0.00,0.00,0.00,0.00,0.00,0.00,0.00,0.00,0.00,0.00,0.00,0.00,0.00,429809,739983,1291390,442913,753963,1308875,0,0,0,0,0,0,0,112125,0,139.90,139.94,139.98
311,0,0,0,0,93655,93655,93655,3624,3624,3624,591,591,591,0.00,0.00,0.00,0.00,0.00,0.00,0.00,0.00,0.00,0.00,0.00,0.00,0.00,0.00,0.00,0.00,0.00,0.00,0.00,0.00,0.00,293543,543579,1187273,306647,557733,1200378,0,0,0,0,0,0,0,109993,0,137.12,137.17,137.23
311,1,0,0,0,93623,93623,93623,3656,3656,3656,591,591,591,0.00,0.00,0.00,0.00,0.00,0.00,0.00,0.00,0.00,0.00,0.00,0.00,0.00,0.00,0.00,0.00,0.00,0.00,0.00,0.00,0.00,301386,352247,511081,319732,366400,521565,0,0,0,0,0,0,0,98969,0,123.24,123.33,123.42
311,2,0,0,0,93619,93619,93619,3660,3660,3660,591,591,591,0.00,0.00,0.00,0.00,0.00,0.00,0.00,0.00,0.00,0.00,0.00,0.00,0.00,0.00,0.00,0.00,0.00,0.00,0.00,0.00,0.00,309263,460236,689307,324988,473865,702412,0,0,0,0,0,0,0,100576,0,125.20,125.28,125.36
311,3,0,0,0,93659,93659,93659,3620,3620,3620,591,591,591,0.00,0.00,0.00,0.00,0.00,0.00,0.00,0.00,0.00,0.00,0.00,0.00,0.00,0.00,0.00,0.00,0.00,0.00,0.00,0.00,0.00,295292,464255,720757,305775,476835,733861,0,0,0,0,0,0,0,112305,0,139.77,139.82,139.90
312,0,0,0,0,93655,93655,93655,3624,3624,3624,591,591,591,0.00,0.00,0.00,0.00,0.00,0.00,0.00,0.00,0.00,0.00,0.00,0.00,0.00,0.00,0.00,0.00,0.00,0.00,0.00,0.00,0.00,301408,432450,901606,314513,446079,917332,0,0,0,0,0,0,0,110010,0,137.13,137.18,137.21
312,1,0,0,0,93623,93623,93623,3656,3656,3656,591,591,591,0.00,0.00,0.00,0.00,0.00,0.00,0.00,0.00,0.00,0.00,0.00,0.00,0.00,0.00,0.00,0.00,0.00,0.00,0.00,0.00,0.00,294541,388090,618544,307459,402205,634270,0,0,0,0,0,0,0,98986,0,123.45,123.50,123.55
312,2,0,0,0,93619,93619,93619,3660,3660,3660,591,591,591,0.00,0.00,0.00,0.00,0.00,0.00,0.00,0.00,0.00,0.00,0.00,0.00,0.00,0.00,0.00,0.00,0.00,0.00,0.00,0.00,0.00,205881,363546,670915,214532,377332,686640,0,0,0,0,0,0,0,100601,0,125.31,125.34,125.39
312,3,0,0,0,93659,93659,93659,3620,3620,3620,591,591,591,0.00,0.00,0.00,0.00,0.00,0.00,0.00,0.00,0.00,0.00,0.00,0.00,0.00,0.00,0.00,0.00,0.00,0.00,0.00,0.00,0.00,419350,473341,581851,432455,487494,594956,0,0,0,0,0,0,0,112441,0,139.89,139.97,140.03
313,0,0,0,0,93655,93655,93655,3624,3624,3624,591,591,591,0.00,0.00,0.00,0.00,0.00,0.00,0.00,0.00,0.00,0.00,0.00,0.00,0.00,0.00,0.00,0.00,0.00,0.00,0.00,0.00,0.00,195691,339804,456039,206174,353424,471765,0,0,0,0,0,0,0,109993,0,137.15,137.18,137.22
313,1,0,0,0,93623,93623,93623,3656,3656,3656,591,591,591,0.00,0.00,0.00,0.00,0.00,0.00,0.00,0.00,0.00,0.00,0.00,0.00,0.00,0.00,0.00,0.00,0.00,0.00,0.00,0.00,0.00,279566,302275,314507,288302,315030,327612,0,0,0,0,0,0,0,74121,0,123.40,123.45,123.54
313,2,0,0,0,93619,93619,93619,3660,3660,3660,591,591,591,0.00,0.00,0.00,0.00,0.00,0.00,0.00,0.00,0.00,0.00,0.00,0.00,0.00,0.00,0.00,0.00,0.00,0.00,0.00,0.00,0.00,309272,600195,1396964,324998,613300,1410069,0,0,0,0,0,0,0,113066,0,125.14,125.24,125.31
313,3,0,0,0,93659,93659,93659,3620,3620,3620,591,591,591,0.00,0.00,0.00,0.00,0.00,0.00,0.00,0.00,0.00,0.00,0.00,0.00,0.00,0.00,0.00,0.00,0.00,0.00,0.00,0.00,0.00,419349,660473,1150603,435075,674626,1163708,0,0,0,0,0,0,0,98288,0,139.93,139.98,140.08
314,0,0,0,0,93655,93655,93655,3624,3624,3624,591,591,591,0.00,0.00,0.00,0.00,0.00,0.00,0.00,0.00,0.00,0.00,0.00,0.00,0.00,0.00,0.00,0.00,0.00,0.00,0.00,0.00,0.00,298784,533355,1231824,311888,546460,1244929,0,0,0,0,0,0,0,96313,0,137.19,137.21,137.22
314,1,0,0,0,93623,93623,93623,3656,3656,3656,591,591,591,0.00,0.00,0.00,0.00,0.00,0.00,0.00,0.00,0.00,0.00,0.00,0.00,0.00,0.00,0.00,0.00,0.00,0.00,0.00,0.00,0.00,317129,448830,568738,330233,462590,581842,0,0,0,0,0,0,0,111228,0,123.48,123.51,123.56
314,2,0,0,0,93619,93619,93619,3660,3660,3660,591,591,591,0.00,0.00,0.00,0.00,0.00,0.00,0.00,0.00,0.00,0.00,0.00,0.00,0.00,0.00,0.00,0.00,0.00,0.00,0.00,0.00,0.00,309271,408211,697172,322376,422627,710277,0,0,0,0,0,0,0,75445,0,125.21,125.23,125.26
314,3,0,0,0,93659,93659,93659,3620,3620,3620,591,591,591,0.00,0.00,0.00,0.00,0.00,0.00,0.00,0.00,0.00,0.00,0.00,0.00,0.00,0.00,0.00,0.00,0.00,0.00,0.00,0.00,0.00,406253,529353,851493,421978,543014,864202,0,0,0,0,0,0,0,112243,0,139.87,139.90,139.92
315,0,0,0,0,93655,93655,93655,3624,3624,3624,591,591,591,0.00,0.00,0.00,0.00,0.00,0.00,0.00,0.00,0.00,0.00,0.00,0.00,0.00,0.00,0.00,0.00,0.00,0.00,0.00,0.00,0.00,301393,353297,550394,314497,367450,563499,0,0,0,0,0,0,0,110244,0,137.17,137.23,137.28
315,1,0,0,0,93623,93623,93623,3656,3656,3656,591,591,591,0.00,0.00,0.00,0.00,0.00,0.00,0.00,0.00,0.00,0.00,0.00,0.00,0.00,0.00,0.00,0.00,0.00,0.00,0.00,0.00,0.00,306644,365354,505836,319749,379508,518941,0,0,0,0,0,0,0,98901,0,123.31,123.37,123.45
315,2,0,0,0,93619,93619,93619,3660,3660,3660,591,591,591,0.00,0.00,0.00,0.00,0.00,0.00,0.00,0.00,0.00,0.00,0.00,0.00,0.00,0.00,0.00,0.00,0.00,0.00,0.00,0.00,0.00,314513,387372,660482,327618,401525,676208,0,0,0,0,0,0,0,100739,0,125.35,125.39,125.47
315,3,0,0,0,93659,93659,93659,3620,3620,3620,591,591,591,0.00,0.00,0.00,0.00,0.00,0.00,0.00,0.00,0.00,0.00,0.00,0.00,0.00,0.00,0.00,0.00,0.00,0.00,0.00,0.00,0.00,283061,463375,665713,295292,476305,678817,0,0,0,0,0,0,0,112341,0,139.85,139.89,139.91
316,0,0,0,0,93655,93655,93655,3624,3624,3624,591,591,591,0.00,0.00,0.00,0.00,0.00,0.00,0.00,0.00,0.00,0.00,0.00,0.00,0.00,0.00,0.00,0.00,0.00,0.00,0.00,0.00,0.00,309269,442937,660476,322374,457090,673580,0,0,0,0,0,0,0,110055,0,137.23,137.26,137.31
316,1,0,0,0,93623,93623,93623,3656,3656,3656,591,591,591,0.00,0.00,0.00,0.00,0.00,0.00,0.00,0.00,0.00,0.00,0.00,0.00,0.00,0.00,0.00,0.00,0.00,0.00,0.00,0.00,0.00,301403,366930,558265,311887,380559,571369,0,0,0,0,0,0,0,98762,0,123.27,123.31,123.34
316,2,0,0,0,93619,93619,93619,3660,3660,3660,591,591,591,0.00,0.00,0.00,0.00,0.00,0.00,0.00,0.00,0.00,0.00,0.00,0.00,0.00,0.00,0.00,0.00,0.00,0.00,0.00,0.00,0.00,199479,362095,643439,209709,375140,656308,0,0,0,0,0,0,0,100584,0,125.33,125.42,125.47
316,3,0,0,0,93659,93659,93659,3620,3620,3620,591,591,591,0.00,0.00,0.00,0.00,0.00,0.00,0.00,0.00,0.00,0.00,0.00,0.00,0.00,0.00,0.00,0.00,0.00,0.00,0.00,0.00,0.00,414109,453420,555636,427214,467573,568741,0,0,0,0,0,0,0,112373,0,139.91,139.96,140.04
317,0,0,0,0,93655,93655,93655,3624,3624,3624,591,591,591,0.00,0.00,0.00,0.00,0.00,0.00,0.00,0.00,0.00,0.00,0.00,0.00,0.00,0.00,0.00,0.00,0.00,0.00,0.00,0.00,0.00,197633,312100,458660,208035,324664,469144,0,0,0,0,0,0,0,110011,0,137.20,137.22,137.25
317,1,0,0,0,93623,93623,93623,3656,3656,3656,591,591,591,0.00,0.00,0.00,0.00,0.00,0.00,0.00,0.00,0.00,0.00,0.00,0.00,0.00,0.00,0.00,0.00,0.00,0.00,0.00,0.00,0.00,200937,337397,539905,209673,350676,555630,0,0,0,0,0,0,0,111257,0,123.34,123.41,123.47
317,2,0,0,0,93619,93619,93619,3660,3660,3660,591,591,591,0.00,0.00,0.00,0.00,0.00,0.00,0.00,0.00,0.00,0.00,0.00,0.00,0.00,0.00,0.00,0.00,0.00,0.00,0.00,0.00,0.00,309270,597565,1444140,322375,611194,1457244,0,0,0,0,0,0,0,100613,0,125.19,125.24,125.28
317,3,0,0,0,93659,93659,93659,3620,3620,3620,591,591,591,0.00,0.00,0.00,0.00,0.00,0.00,0.00,0.00,0.00,0.00,0.00,0.00,0.00,0.00,0.00,0.00,0.00,0.00,0.00,0.00,0.00,421962,703982,1449371,435067,717611,1462475,0,0,0,0,0,0,0,126520,0,140.01,140.07,140.16
318,0,0,0,0,93655,93655,93655,3624,3624,3624,591,591,591,0.00,0.00,0.00,0.00,0.00,0.00,0.00,0.00,0.00,0.00,0.00,0.00,0.00,0.00,0.00,0.00,0.00,0.00,0.00,0.00,0.00,301404,542006,1218727,314509,556159,1234453,0,0,0,0,0,0,0,123809,0,137.15,137.19,137.25
318,1,0,0,0,93623,93623,93623,3656,3656,3656,591,591,591,0.00,0.00,0.00,0.00,0.00,0.00,0.00,0.00,0.00,0.00,0.00,0.00,0.00,0.00,0.00,0.00,0.00,0.00,0.00,0.00,0.00,306646,375314,547770,319751,389467,560875,0,0,0,0,0,0,0,98834,0,123.27,123.31,123.34
318,2,0,0,0,93619,93619,93619,3660,3660,3660,591,591,591,0.00,0.00,0.00,0.00,0.00,0.00,0.00,0.00,0.00,0.00,0.00,0.00,0.00,0.00,0.00,0.00,0.00,0.00,0.00,0.00,0.00,309268,389470,691931,324989,403623,705035,0,0,0,0,0,0,0,100593,0,125.37,125.39,125.43
318,3,0,0,0,93659,93659,93659,3620,3620,3620,591,591,591,0.00,0.00,0.00,0.00,0.00,0.00,0.00,0.00,0.00,0.00,0.00,0.00,0.00,0.00,0.00,0.00,0.00,0.00,0.00,0.00,0.00,406159,479277,705031,419261,493381,718136,0,0,0,0,0,0,0,112287,0,139.97,140.05,140.11
319,0,0,0,0,93655,93655,93655,3624,3624,3624,591,591,591,0.00,0.00,0.00,0.00,0.00,0.00,0.00,0.00,0.00,0.00,0.00,0.00,0.00,0.00,0.00,0.00,0.00,0.00,0.00,0.00,0.00,296166,375840,665710,309270,389993,681436,0,0,0,0,0,0,0,109867,0,137.05,137.13,137.20
319,1,0,0,0,93623,93623,93623,3656,3656,3656,591,591,591,0.00,0.00,0.00,0.00,0.00,0.00,0.00,0.00,0.00,0.00,0.00,0.00,0.00,0.00,0.00,0.00,0.00,0.00,0.00,0.00,0.00,314509,426155,587087,327614,439784,600191,0,0,0,0,0,0,0,98808,0,123.30,123.38,123.44
319,2,0,0,0,93619,93619,93619,3660,3660,3660,591,591,591,0.00,0.00,0.00,0.00,0.00,0.00,0.00,0.00,0.00,0.00,0.00,0.00,0.00,0.00,0.00,0.00,0.00,0.00,0.00,0.00,0.00,311891,389994,676203,324996,403623,689307,0,0,0,0,0,0,0,100507,0,125.26,125.31,125.35
319,3,0,0,0,93659,93659,93659,3620,3620,3620,591,591,591,0.00,0.00,0.00,0.00,0.00,0.00,0.00,0.00,0.00,0.00,0.00,0.00,0.00,0.00,0.00,0.00,0.00,0.00,0.00,0.00,0.00,284808,411313,500599,293544,424592,513703,0,0,0,0,0,0,0,112294,0,139.93,139.96,140.00
320,0,0,0,0,93655,93655,93655,3624,3624,3624,591,591,591,0.00,0.00,0.00,0.00,0.00,0.00,0.00,0.00,0.00,0.00,0.00,0.00,0.00,0.00,0.00,0.00,0.00,0.00,0.00,0.00,0.00,296162,366923,615888,311887,381075,628992,0,0,0,0,0,0,0,109978,0,136.99,137.06,137.13
320,1,0,0,0,93623,93623,93623,3656,3656,3656,591,591,591,0.00,0.00,0.00,0.00,0.00,0.00,0.00,0.00,0.00,0.00,0.00,0.00,0.00,0.00,0.00,0.00,0.00,0.00,0.00,0.00,0.00,221904,290889,330240,230641,304129,345965,0,0,0,0,0,0,0,98894,0,123.20,123.26,123.33
320,2,0,0,0,93619,93619,93619,3660,3660,3660,591,591,591,0.00,0.00,0.00,0.00,0.00,0.00,0.00,0.00,0.00,0.00,0.00,0.00,0.00,0.00,0.00,0.00,0.00,0.00,0.00,0.00,0.00,308436,548593,1336683,323858,561845,1349788,0,0,0,0,0,0,0,113172,0,125.31,125.35,125.40
320,3,0,0,0,93659,93659,93659,3620,3620,3620,591,591,591,0.00,0.00,0.00,0.00,0.00,0.00,0.00,0.00,0.00,0.00,0.00,0.00,0.00,0.00,0.00,0.00,0.00,0.00,0.00,0.00,0.00,419354,448700,545158,435080,462329,558263,0,0,0,0,0,0,0,112148,0,139.82,139.87,139.91
321,0,0,0,0,93655,93655,93655,3624,3624,3624,591,591,591,0.00,0.00,0.00,0.00,0.00,0.00,0.00,0.00,0.00,0.00,0.00,0.00,0.00,0.00,0.00,0.00,0.00,0.00,0.00,0.00,0.00,204433,328926,487495,211422,341812,503220,0,0,0,0,0,0,0,82469,0,137.12,137.15,137.18
321,1,0,0,0,93623,93623,93623,3656,3656,3656,591,591,591,0.00,0.00,0.00,0.00,0.00,0.00,0.00,0.00,0.00,0.00,0.00,0.00,0.00,0.00,0.00,0.00,0.00,0.00,0.00,0.00,0.00,304026,381989,537250,314510,395748,552974,0,0,0,0,0,0,0,86468,0,123.34,123.35,123.37
321,2,0,0,0,93619,93619,93619,3660,3660,3660,591,591,591,0.00,0.00,0.00,0.00,0.00,0.00,0.00,0.00,0.00,0.00,0.00,0.00,0.00,0.00,0.00,0.00,0.00,0.00,0.00,0.00,0.00,314514,399692,649990,330237,413452,663095,0,0,0,0,0,0,0,75471,0,125.32,125.37,125.42
321,3,0,0,0,93659,93659,93659,3620,3620,3620,591,591,591,0.00,0.00,0.00,0.00,0.00,0.00,0.00,0.00,0.00,0.00,0.00,0.00,0.00,0.00,0.00,0.00,0.00,0.00,0.00,0.00,0.00,421975,773176,1420545,435079,786936,1433650,0,0,0,0,0,0,0,84174,0,139.87,139.92,139.97
322,0,0,0,0,93655,93655,93655,3624,3624,3624,591,591,591,0.00,0.00,0.00,0.00,0.00,0.00,0.00,0.00,0.00,0.00,0.00,0.00,0.00,0.00,0.00,0.00,0.00,0.00,0.00,0.00,0.00,301404,536241,1216109,314509,549870,1229213,0,0,0,0,0,0,0,110083,0,137.21,137.28,137.32
322,1,0,0,0,93623,93623,93623,3656,3656,3656,591,591,591,0.00,0.00,0.00,0.00,0.00,0.00,0.00,0.00,0.00,0.00,0.00,0.00,0.00,0.00,0.00,0.00,0.00,0.00,0.00,0.00,0.00,306642,374789,518940,322368,388942,532045,0,0,0,0,0,0,0,98800,0,123.33,123.36,123.38
322,2,0,0,0,93619,93619,93619,3660,3660,3660,591,591,591,0.00,0.00,0.00,0.00,0.00,0.00,0.00,0.00,0.00,0.00,0.00,0.00,0.00,0.00,0.00,0.00,0.00,0.00,0.00,0.00,0.00,309272,393663,715522,322377,407816,728627,0,0,0,0,0,0,0,100665,0,125.37,125.40,125.46
322,3,0,0,0,93659,93659,93659,3620,3620,3620,591,591,591,0.00,0.00,0.00,0.00,0.00,0.00,0.00,0.00,0.00,0.00,0.00,0.00,0.00,0.00,0.00,0.00,0.00,0.00,0.00,0.00,0.00,283065,452659,670957,291801,465892,684062,0,0,0,0,0,0,0,112256,0,139.88,139.91,139.98
323,0,0,0,0,93655,93655,93655,3624,3624,3624,591,591,591,0.00,0.00,0.00,0.00,0.00,0.00,0.00,0.00,0.00,0.00,0.00,0.00,0.00,0.00,0.00,0.00,0.00,0.00,0.00,0.00,0.00,301390,382128,678821,314494,396281,691926,0,0,0,0,0,0,0,110028,0,137.26,137.28,137.33
323,1,0,0,0,93623,93623,93623,3656,3656,3656,591,591,591,0.00,0.00,0.00,0.00,0.00,0.00,0.00,0.00,0.00,0.00,0.00,0.00,0.00,0.00,0.00,0.00,0.00,0.00,0.00,0.00,0.00,314513,387896,566118,327618,401525,584464,0,0,0,0,0,0,0,98879,0,123.28,123.32,123.37
323,2,0,0,0,93619,93619,93619,3660,3660,3660,591,591,591,0.00,0.00,0.00,0.00,0.00,0.00,0.00,0.00,0.00,0.00,0.00,0.00,0.00,0.00,0.00,0.00,0.00,0.00,0.00,0.00,0.00,314513,457092,663102,327618,470721,676207,0,0,0,0,0,0,0,100589,0,125.33,125.36,125.40
323,3,0,0,0,93659,93659,93659,3620,3620,3620,591,591,591,0.00,0.00,0.00,0.00,0.00,0.00,0.00,0.00,0.00,0.00,0.00,0.00,0.00,0.00,0.00,0.00,0.00,0.00,0.00,0.00,0.00,416732,435070,484874,429837,449223,497979,0,0,0,0,0,0,0,112114,0,139.64,139.72,139.82
324,0,0,0,0,93655,93655,93655,3624,3624,3624,591,591,591,0.00,0.00,0.00,0.00,0.00,0.00,0.00,0.00,0.00,0.00,0.00,0.00,0.00,0.00,0.00,0.00,0.00,0.00,0.00,0.00,0.00,199191,343342,610676,209675,356446,623781,0,0,0,0,0,0,0,109968,0,137.19,137.23,137.25
324,1,0,0,0,93623,93623,93623,3656,3656,3656,591,591,591,0.00,0.00,0.00,0.00,0.00,0.00,0.00,0.00,0.00,0.00,0.00,0.00,0.00,0.00,0.00,0.00,0.00,0.00,0.00,0.00,0.00,207926,287604,324963,218409,301195,340687,0,0,0,0,0,0,0,98877,0,123.31,123.33,123.38
324,2,0,0,0,93619,93619,93619,3660,3660,3660,591,591,591,0.00,0.00,0.00,0.00,0.00,0.00,0.00,0.00,0.00,0.00,0.00,0.00,0.00,0.00,0.00,0.00,0.00,0.00,0.00,0.00,0.00,205890,506130,1368107,216271,519214,1381211,0,0,0,0,0,0,0,113273,0,125.34,125.39,125.43
324,3,0,0,0,93659,93659,93659,3620,3620,3620,591,591,591,0.00,0.00,0.00,0.00,0.00,0.00,0.00,0.00,0.00,0.00,0.00,0.00,0.00,0.00,0.00,0.00,0.00,0.00,0.00,0.00,0.00,421972,455517,563490,435077,469146,576595,0,0,0,0,0,0,0,126266,0,139.69,139.75,139.81
325,0,0,0,0,93655,93655,93655,3624,3624,3624,591,591,591,0.00,0.00,0.00,0.00,0.00,0.00,0.00,0.00,0.00,0.00,0.00,0.00,0.00,0.00,0.00,0.00,0.00,0.00,0.00,0.00,0.00,298784,511076,1182035,311888,524705,1197761,0,0,0,0,0,0,0,123744,0,137.08,137.14,137.18
325,1,0,0,0,93623,93623,93623,3656,3656,3656,591,591,591,0.00,0.00,0.00,0.00,0.00,0.00,0.00,0.00,0.00,0.00,0.00,0.00,0.00,0.00,0.00,0.00,0.00,0.00,0.00,0.00,0.00,309267,394708,534666,319751,408337,547771,0,0,0,0,0,0,0,111194,0,123.37,123.45,123.50
325,2,0,0,0,93619,93619,93619,3660,3660,3660,591,591,591,0.00,0.00,0.00,0.00,0.00,0.00,0.00,0.00,0.00,0.00,0.00,0.00,0.00,0.00,0.00,0.00,0.00,0.00,0.00,0.00,0.00,309264,462852,723377,322368,477005,739103,0,0,0,0,0,0,0,100675,0,125.37,125.40,125.42
325,3,0,0,0,93659,93659,93659,3620,3620,3620,591,591,591,0.00,0.00,0.00,0.00,0.00,0.00,0.00,0.00,0.00,0.00,0.00,0.00,0.00,0.00,0.00,0.00,0.00,0.00,0.00,0.00,0.00,403602,699782,1404796,419327,713935,1420522,0,0,0,0,0,0,0,112189,0,139.81,139.85,139.90
326,0,0,0,0,93655,93655,93655,3624,3624,3624,591,591,591,0.00,0.00,0.00,0.00,0.00,0.00,0.00,0.00,0.00,0.00,0.00,0.00,0.00,0.00,0.00,0.00,0.00,0.00,0.00,0.00,0.00,298785,366405,605435,314510,380558,615919,0,0,0,0,0,0,0,109984,0,137.16,137.19,137.24
326,1,0,0,0,93623,93623,93623,3656,3656,3656,591,591,591,0.00,0.00,0.00,0.00,0.00,0.00,0.00,0.00,0.00,0.00,0.00,0.00,0.00,0.00,0.00,0.00,0.00,0.00,0.00,0.00,0.00,306646,372163,511046,319751,386315,526770,0,0,0,0,0,0,0,99002,0,123.47,123.49,123.52
326,2,0,0,0,93619,93619,93619,3660,3660,3660,591,591,591,0.00,0.00,0.00,0.00,0.00,0.00,0.00,0.00,0.00,0.00,0.00,0.00,0.00,0.00,0.00,0.00,0.00,0.00,0.00,0.00,0.00,311892,386323,670944,324997,399952,684048,0,0,0,0,0,0,0,100919,0,125.46,125.57,125.73
326,3,0,0,0,93659,93659,93659,3620,3620,3620,591,591,591,0.00,0.00,0.00,0.00,0.00,0.00,0.00,0.00,0.00,0.00,0.00,0.00,0.00,0.00,0.00,0.00,0.00,0.00,0.00,0.00,0.00,283063,495357,712893,291800,508113,725998,0,0,0,0,0,0,0,112398,0,139.81,139.90,139.97
327,0,0,0,0,93655,93655,93655,3624,3624,3624,591,591,591,0.00,0.00,0.00,0.00,0.00,0.00,0.00,0.00,0.00,0.00,0.00,0.00,0.00,0.00,0.00,0.00,0.00,0.00,0.00,0.00,0.00,304030,467568,888502,317134,481721,901606,0,0,0,0,0,0,0,110151,0,137.13,137.20,137.25
327,1,0,0,0,93623,93623,93623,3656,3656,3656,591,591,591,0.00,0.00,0.00,0.00,0.00,0.00,0.00,0.00,0.00,0.00,0.00,0.00,0.00,0.00,0.00,0.00,0.00,0.00,0.00,0.00,0.00,301409,374267,639506,314514,387896,649990,0,0,0,0,0,0,0,98956,0,123.45,123.50,123.55
327,2,0,0,0,93619,93619,93619,3660,3660,3660,591,591,591,0.00,0.00,0.00,0.00,0.00,0.00,0.00,0.00,0.00,0.00,0.00,0.00,0.00,0.00,0.00,0.00,0.00,0.00,0.00,0.00,0.00,226492,364000,657858,236866,377083,673584,0,0,0,0,0,0,0,100681,0,125.49,125.61,125.72
327,3,0,0,0,93659,93659,93659,3620,3620,3620,591,591,591,0.00,0.00,0.00,0.00,0.00,0.00,0.00,0.00,0.00,0.00,0.00,0.00,0.00,0.00,0.00,0.00,0.00,0.00,0.00,0.00,0.00,419350,457090,573983,432454,471243,589709,0,0,0,0,0,0,0,112212,0,139.93,140.00,140.10
328,0,0,0,0,93655,93655,93655,3624,3624,3624,591,591,591,0.00,0.00,0.00,0.00,0.00,0.00,0.00,0.00,0.00,0.00,0.00,0.00,0.00,0.00,0.00,0.00,0.00,0.00,0.00,0.00,0.00,197444,313113,471763,206180,325344,490109,0,0,0,0,0,0,0,82514,0,137.23,137.26,137.28
328,1,0,0,0,93623,93623,93623,3656,3656,3656,591,591,591,0.00,0.00,0.00,0.00,0.00,0.00,0.00,0.00,0.00,0.00,0.00,0.00,0.00,0.00,0.00,0.00,0.00,0.00,0.00,0.00,0.00,206177,351806,542498,216660,364867,555602,0,0,0,0,0,0,0,74231,0,123.32,123.37,123.47
328,2,0,0,0,93619,93619,93619,3660,3660,3660,591,591,591,0.00,0.00,0.00,0.00,0.00,0.00,0.00,0.00,0.00,0.00,0.00,0.00,0.00,0.00,0.00,0.00,0.00,0.00,0.00,0.00,0.00,314513,592862,1360287,327634,607015,1373392,0,0,0,0,0,0,0,100659,0,125.36,125.40,125.43
328,3,0,0,0,93659,93659,93659,3620,3620,3620,591,591,591,0.00,0.00,0.00,0.00,0.00,0.00,0.00,0.00,0.00,0.00,0.00,0.00,0.00,0.00,0.00,0.00,0.00,0.00,0.00,0.00,0.00,421947,744341,1163704,435051,758494,1176809,0,0,0,0,0,0,0,98329,0,139.79,139.87,139.93
329,0,0,0,0,93655,93655,93655,3624,3624,3624,591,591,591,0.00,0.00,0.00,0.00,0.00,0.00,0.00,0.00,0.00,0.00,0.00,0.00,0.00,0.00,0.00,0.00,0.00,0.00,0.00,0.00,0.00,298786,530738,1210873,311890,545809,1226599,0,0,0,0,0,0,0,123863,0,137.21,137.24,137.30
329,1,0,0,0,93623,93623,93623,3656,3656,3656,591,591,591,0.00,0.00,0.00,0.00,0.00,0.00,0.00,0.00,0.00,0.00,0.00,0.00,0.00,0.00,0.00,0.00,0.00,0.00,0.00,0.00,0.00,311892,399689,581845,327611,413449,594950,0,0,0,0,0,0,0,98832,0,123.44,123.46,123.49
329,2,0,0,0,93619,93619,93619,3660,3660,3660,591,591,591,0.00,0.00,0.00,0.00,0.00,0.00,0.00,0.00,0.00,0.00,0.00,0.00,0.00,0.00,0.00,0.00,0.00,0.00,0.00,0.00,0.00,309271,412798,702416,322375,426558,718142,0,0,0,0,0,0,0,75403,0,125.29,125.34,125.37
329,3,0,0,0,93659,93659,93659,3620,3620,3620,591,591,591,0.00,0.00,0.00,0.00,0.00,0.00,0.00,0.00,0.00,0.00,0.00,0.00,0.00,0.00,0.00,0.00,0.00,0.00,0.00,0.00,0.00,411491,490773,702412,427217,504533,715517,0,0,0,0,0,0,0,112192,0,139.80,139.84,139.90
330,0,0,0,0,93655,93655,93655,3624,3624,3624,591,591,591,0.00,0.00,0.00,0.00,0.00,0.00,0.00,0.00,0.00,0.00,0.00,0.00,0.00,0.00,0.00,0.00,0.00,0.00,0.00,0.00,0.00,298787,429827,686675,309271,443456,702400,0,0,0,0,0,0,0,109986,0,137.17,137.22,137.24
330,1,0,0,0,93623,93623,93623,3656,3656,3656,591,591,591,0.00,0.00,0.00,0.00,0.00,0.00,0.00,0.00,0.00,0.00,0.00,0.00,0.00,0.00,0.00,0.00,0.00,0.00,0.00,0.00,0.00,304024,376363,539912,319749,390516,550396,0,0,0,0,0,0,0,98851,0,123.38,123.45,123.49
330,2,0,0,0,93619,93619,93619,3660,3660,3660,591,591,591,0.00,0.00,0.00,0.00,0.00,0.00,0.00,0.00,0.00,0.00,0.00,0.00,0.00,0.00,0.00,0.00,0.00,0.00,0.00,0.00,0.00,322357,394709,660478,338081,408862,673583,0,0,0,0,0,0,0,100533,0,125.15,125.21,125.26
330,3,0,0,0,93659,93659,93659,3620,3620,3620,591,591,591,0.00,0.00,0.00,0.00,0.00,0.00,0.00,0.00,0.00,0.00,0.00,0.00,0.00,0.00,0.00,0.00,0.00,0.00,0.00,0.00,0.00,286555,441011,626403,297038,454116,642129,0,0,0,0,0,0,0,112390,0,139.79,139.90,139.94
331,0,0,0,0,93655,93655,93655,3624,3624,3624,591,591,591,0.00,0.00,0.00,0.00,0.00,0.00,0.00,0.00,0.00,0.00,0.00,0.00,0.00,0.00,0.00,0.00,0.00,0.00,0.00,0.00,0.00,304028,368504,605438,322374,382657,615922,0,0,0,0,0,0,0,109956,0,137.19,137.21,137.25
331,1,0,0,0,93623,93623,93623,3656,3656,3656,591,591,591,0.00,0.00,0.00,0.00,0.00,0.00,0.00,0.00,0.00,0.00,0.00,0.00,0.00,0.00,0.00,0.00,0.00,0.00,0.00,0.00,0.00,304008,424063,634271,317134,437691,647376,0,0,0,0,0,0,0,98930,0,123.38,123.41,123.47
331,2,0,0,0,93619,93619,93619,3660,3660,3660,591,591,591,0.00,0.00,0.00,0.00,0.00,0.00,0.00,0.00,0.00,0.00,0.00,0.00,0.00,0.00,0.00,0.00,0.00,0.00,0.00,0.00,0.00,322375,403858,626407,335480,416523,639512,0,0,0,0,0,0,0,113060,0,125.28,125.31,125.35
331,3,0,0,0,93659,93659,93659,3620,3620,3620,591,591,591,0.00,0.00,0.00,0.00,0.00,0.00,0.00,0.00,0.00,0.00,0.00,0.00,0.00,0.00,0.00,0.00,0.00,0.00,0.00,0.00,0.00,419353,457090,573985,435078,471243,587089,0,0,0,0,0,0,0,112291,0,139.92,139.98,140.02
332,0,0,0,0,93655,93655,93655,3624,3624,3624,591,591,591,0.00,0.00,0.00,0.00,0.00,0.00,0.00,0.00,0.00,0.00,0.00,0.00,0.00,0.00,0.00,0.00,0.00,0.00,0.00,0.00,0.00,197443,313634,466525,206180,326913,482251,0,0,0,0,0,0,0,110107,0,137.23,137.30,137.34
332,1,0,0,0,93623,93623,93623,3656,3656,3656,591,591,591,0.00,0.00,0.00,0.00,0.00,0.00,0.00,0.00,0.00,0.00,0.00,0.00,0.00,0.00,0.00,0.00,0.00,0.00,0.00,0.00,0.00,207925,348380,555635,216661,361614,571360,0,0,0,0,0,0,0,111087,0,123.29,123.38,123.46
332,2,0,0,0,93619,93619,93619,3660,3660,3660,591,591,591,0.00,0.00,0.00,0.00,0.00,0.00,0.00,0.00,0.00,0.00,0.00,0.00,0.00,0.00,0.00,0.00,0.00,0.00,0.00,0.00,0.00,309624,515053,1024501,322970,529197,1037372,0,0,0,0,0,0,0,100644,0,125.25,125.29,125.32
332,3,0,0,0,93659,93659,93659,3620,3620,3620,591,591,591,0.00,0.00,0.00,0.00,0.00,0.00,0.00,0.00,0.00,0.00,0.00,0.00,0.00,0.00,0.00,0.00,0.00,0.00,0.00,0.00,0.00,424593,757450,1252809,440319,771079,1265914,0,0,0,0,0,0,0,112056,0,139.71,139.79,139.83
333,0,0,0,0,93655,93655,93655,3624,3624,3624,591,591,591,0.00,0.00,0.00,0.00,0.00,0.00,0.00,0.00,0.00,0.00,0.00,0.00,0.00,0.00,0.00,0.00,0.00,0.00,0.00,0.00,0.00,304029,539386,1184664,314513,553015,1197769,0,0,0,0,0,0,0,110096,0,137.20,137.24,137.28
333,1,0,0,0,93623,93623,93623,3656,3656,3656,591,591,591,0.00,0.00,0.00,0.00,0.00,0.00,0.00,0.00,0.00,0.00,0.00,0.00,0.00,0.00,0.00,0.00,0.00,0.00,0.00,0.00,0.00,309267,402047,545149,322372,416200,558253,0,0,0,0,0,0,0,98840,0,123.28,123.33,123.41
333,2,0,0,0,93619,93619,93619,3660,3660,3660,591,591,591,0.00,0.00,0.00,0.00,0.00,0.00,0.00,0.00,0.00,0.00,0.00,0.00,0.00,0.00,0.00,0.00,0.00,0.00,0.00,0.00,0.00,311891,396104,720756,324996,409725,733861,0,0,0,0,0,0,0,100636,0,125.36,125.39,125.41
333,3,0,0,0,93659,93659,93659,3620,3620,3620,591,591,591,0.00,0.00,0.00,0.00,0.00,0.00,0.00,0.00,0.00,0.00,0.00,0.00,0.00,0.00,0.00,0.00,0.00,0.00,0.00,0.00,0.00,414578,478670,705006,430028,492244,718110,0,0,0,0,0,0,0,112230,0,139.74,139.77,139.79
334,0,0,0,0,93655,93655,93655,3624,3624,3624,591,591,591,0.00,0.00,0.00,0.00,0.00,0.00,0.00,0.00,0.00,0.00,0.00,0.00,0.00,0.00,0.00,0.00,0.00,0.00,0.00,0.00,0.00,298787,377937,673575,314512,391566,686679,0,0,0,0,0,0,0,110035,0,137.25,137.30,137.34
334,1,0,0,0,93623,93623,93623,3656,3656,3656,591,591,591,0.00,0.00,0.00,0.00,0.00,0.00,0.00,0.00,0.00,0.00,0.00,0.00,0.00,0.00,0.00,0.00,0.00,0.00,0.00,0.00,0.00,322370,393657,573982,335475,407286,589707,0,0,0,0,0,0,0,98864,0,123.33,123.36,123.38
334,2,0,0,0,93619,93619,93619,3660,3660,3660,591,591,591,0.00,0.00,0.00,0.00,0.00,0.00,0.00,0.00,0.00,0.00,0.00,0.00,0.00,0.00,0.00,0.00,0.00,0.00,0.00,0.00,0.00,313582,447994,694550,327617,462138,707654,0,0,0,0,0,0,0,100448,0,125.14,125.21,125.35
334,3,0,0,0,93659,93659,93659,3620,3620,3620,591,591,591,0.00,0.00,0.00,0.00,0.00,0.00,0.00,0.00,0.00,0.00,0.00,0.00,0.00,0.00,0.00,0.00,0.00,0.00,0.00,0.00,0.00,414106,463381,636886,427211,477534,649990,0,0,0,0,0,0,0,112401,0,139.86,139.95,140.02
335,0,0,0,0,93655,93655,93655,3624,3624,3624,591,591,591,0.00,0.00,0.00,0.00,0.00,0.00,0.00,0.00,0.00,0.00,0.00,0.00,0.00,0.00,0.00,0.00,0.00,0.00,0.00,0.00,0.00,296153,362733,608050,309257,376886,623776,0,0,0,0,0,0,0,109964,0,137.11,137.16,137.19
335,1,0,0,0,93623,93623,93623,3656,3656,3656,591,591,591,0.00,0.00,0.00,0.00,0.00,0.00,0.00,0.00,0.00,0.00,0.00,0.00,0.00,0.00,0.00,0.00,0.00,0.00,0.00,0.00,0.00,306650,384173,652611,322373,397757,668336,0,0,0,0,0,0,0,98873,0,123.37,123.41,123.45
335,2,0,0,0,93619,93619,93619,3660,3660,3660,591,591,591,0.00,0.00,0.00,0.00,0.00,0.00,0.00,0.00,0.00,0.00,0.00,0.00,0.00,0.00,0.00,0.00,0.00,0.00,0.00,0.00,0.00,311892,524500,1340887,324997,538646,1353956,0,0,0,0,0,0,0,113224,0,125.13,125.22,125.28
335,3,0,0,0,93659,93659,93659,3620,3620,3620,591,591,591,0.00,0.00,0.00,0.00,0.00,0.00,0.00,0.00,0.00,0.00,0.00,0.00,0.00,0.00,0.00,0.00,0.00,0.00,0.00,0.00,0.00,411489,504260,704991,427215,517889,715474,0,0,0,0,0,0,0,98282,0,139.96,139.98,140.03
336,0,0,0,0,93655,93655,93655,3624,3624,3624,591,591,591,0.00,0.00,0.00,0.00,0.00,0.00,0.00,0.00,0.00,0.00,0.00,0.00,0.00,0.00,0.00,0.00,0.00,0.00,0.00,0.00,0.00,269954,331161,497395,283058,344719,510149,0,0,0,0,0,0,0,96217,0,137.18,137.20,137.24
336,1,0,0,0,93623,93623,93623,3656,3656,3656,591,591,591,0.00,0.00,0.00,0.00,0.00,0.00,0.00,0.00,0.00,0.00,0.00,0.00,0.00,0.00,0.00,0.00,0.00,0.00,0.00,0.00,0.00,144150,383171,547767,157254,397324,560871,0,0,0,0,0,0,0,86449,0,123.39,123.41,123.44
336,2,0,0,0,93619,93619,93619,3660,3660,3660,591,591,591,0.00,0.00,0.00,0.00,0.00,0.00,0.00,0.00,0.00,0.00,0.00,0.00,0.00,0.00,0.00,0.00,0.00,0.00,0.00,0.00,0.00,314511,462142,699790,327615,475761,712894,0,0,0,0,0,0,0,75566,0,125.24,125.30,125.37
336,3,0,0,0,93659,93659,93659,3620,3620,3620,591,591,591,0.00,0.00,0.00,0.00,0.00,0.00,0.00,0.00,0.00,0.00,0.00,0.00,0.00,0.00,0.00,0.00,0.00,0.00,0.00,0.00,0.00,112702,601243,1182040,128428,615396,1195144,0,0,0,0,0,0,0,112252,0,139.87,139.90,139.92
337,0,0,0,0,93655,93655,93655,3624,3624,3624,591,591,591,0.00,0.00,0.00,0.00,0.00,0.00,0.00,0.00,0.00,0.00,0.00,0.00,0.00,0.00,0.00,0.00,0.00,0.00,0.00,0.00,0.00,301403,493256,1001198,314508,507408,1016924,0,0,0,0,0,0,0,109967,0,137.13,137.18,137.21
337,1,0,0,0,93623,93623,93623,3656,3656,3656,591,591,591,0.00,0.00,0.00,0.00,0.00,0.00,0.00,0.00,0.00,0.00,0.00,0.00,0.00,0.00,0.00,0.00,0.00,0.00,0.00,0.00,0.00,306645,354871,524188,319750,368500,537292,0,0,0,0,0,0,0,98907,0,123.35,123.37,123.40
337,2,0,0,0,93619,93619,93619,3660,3660,3660,591,591,591,0.00,0.00,0.00,0.00,0.00,0.00,0.00,0.00,0.00,0.00,0.00,0.00,0.00,0.00,0.00,0.00,0.00,0.00,0.00,0.00,0.00,311893,382804,653346,327618,396948,669027,0,0,0,0,0,0,0,100582,0,125.31,125.35,125.40
337,3,0,0,0,93659,93659,93659,3620,3620,3620,591,591,591,0.00,0.00,0.00,0.00,0.00,0.00,0.00,0.00,0.00,0.00,0.00,0.00,0.00,0.00,0.00,0.00,0.00,0.00,0.00,0.00,0.00,415218,481430,681457,427954,494985,697183,0,0,0,0,0,0,0,112307,0,139.86,139.90,139.95
338,0,0,0,0,93655,93655,93655,3624,3624,3624,591,591,591,0.00,0.00,0.00,0.00,0.00,0.00,0.00,0.00,0.00,0.00,0.00,0.00,0.00,0.00,0.00,0.00,0.00,0.00,0.00,0.00,0.00,301408,383179,676199,314513,396808,689304,0,0,0,0,0,0,0,109965,0,137.07,137.11,137.14
338,1,0,0,0,93623,93623,93623,3656,3656,3656,591,591,591,0.00,0.00,0.00,0.00,0.00,0.00,0.00,0.00,0.00,0.00,0.00,0.00,0.00,0.00,0.00,0.00,0.00,0.00,0.00,0.00,0.00,301407,384751,560874,314512,398904,576600,0,0,0,0,0,0,0,98868,0,123.36,123.41,123.44
338,2,0,0,0,93619,93619,93619,3660,3660,3660,591,591,591,0.00,0.00,0.00,0.00,0.00,0.00,0.00,0.00,0.00,0.00,0.00,0.00,0.00,0.00,0.00,0.00,0.00,0.00,0.00,0.00,0.00,314513,395582,699794,327617,409204,712899,0,0,0,0,0,0,0,100549,0,125.26,125.28,125.29
338,3,0,0,0,93659,93659,93659,3620,3620,3620,591,591,591,0.00,0.00,0.00,0.00,0.00,0.00,0.00,0.00,0.00,0.00,0.00,0.00,0.00,0.00,0.00,0.00,0.00,0.00,0.00,0.00,0.00,427212,499543,652601,440317,513696,665706,0,0,0,0,0,0,0,112376,0,139.84,139.88,139.95
339,0,0,0,0,93655,93655,93655,3624,3624,3624,591,591,591,0.00,0.00,0.00,0.00,0.00,0.00,0.00,0.00,0.00,0.00,0.00,0.00,0.00,0.00,0.00,0.00,0.00,0.00,0.00,0.00,0.00,293545,397478,613299,306650,411586,626404,0,0,0,0,0,0,0,110018,0,137.20,137.24,137.28
339,1,0,0,0,93623,93623,93623,3656,3656,3656,591,591,591,0.00,0.00,0.00,0.00,0.00,0.00,0.00,0.00,0.00,0.00,0.00,0.00,0.00,0.00,0.00,0.00,0.00,0.00,0.00,0.00,0.00,298784,372692,642132,314510,386846,655237,0,0,0,0,0,0,0,98759,0,123.19,123.30,123.40
339,2,0,0,0,93619,93619,93619,3660,3660,3660,591,591,591,0.00,0.00,0.00,0.00,0.00,0.00,0.00,0.00,0.00,0.00,0.00,0.00,0.00,0.00,0.00,0.00,0.00,0.00,0.00,0.00,0.00,314511,526583,1085076,330237,540664,1098181,0,0,0,0,0,0,0,113296,0,125.25,125.33,125.37
339,3,0,0,0,93659,93659,93659,3620,3620,3620,591,591,591,0.00,0.00,0.00,0.00,0.00,0.00,0.00,0.00,0.00,0.00,0.00,0.00,0.00,0.00,0.00,0.00,0.00,0.00,0.00,0.00,0.00,421961,703459,1365514,435066,717612,1378618,0,0,0,0,0,0,0,126394,0,139.95,139.97,139.99
340,0,0,0,0,93655,93655,93655,3624,3624,3624,591,591,591,0.00,0.00,0.00,0.00,0.00,0.00,0.00,0.00,0.00,0.00,0.00,0.00,0.00,0.00,0.00,0.00,0.00,0.00,0.00,0.00,0.00,291004,485927,1223974,303881,499557,1239699,0,0,0,0,0,0,0,123885,0,137.17,137.21,137.26
340,1,0,0,0,93623,93623,93623,3656,3656,3656,591,591,591,0.00,0.00,0.00,0.00,0.00,0.00,0.00,0.00,0.00,0.00,0.00,0.00,0.00,0.00,0.00,0.00,0.00,0.00,0.00,0.00,0.00,306648,408338,537287,319752,421967,550392,0,0,0,0,0,0,0,98787,0,123.23,123.28,123.33
340,2,0,0,0,93619,93619,93619,3660,3660,3660,591,591,591,0.00,0.00,0.00,0.00,0.00,0.00,0.00,0.00,0.00,0.00,0.00,0.00,0.00,0.00,0.00,0.00,0.00,0.00,0.00,0.00,0.00,304034,388944,697165,317139,402572,715511,0,0,0,0,0,0,0,100600,0,125.29,125.34,125.40
340,3,0,0,0,93659,93659,93659,3620,3620,3620,591,591,591,0.00,0.00,0.00,0.00,0.00,0.00,0.00,0.00,0.00,0.00,0.00,0.00,0.00,0.00,0.00,0.00,0.00,0.00,0.00,0.00,0.00,419352,512646,676187,432456,526275,689292,0,0,0,0,0,0,0,112282,0,139.99,140.01,140.03
341,0,0,0,0,93655,93655,93655,3624,3624,3624,591,591,591,0.00,0.00,0.00,0.00,0.00,0.00,0.00,0.00,0.00,0.00,0.00,0.00,0.00,0.00,0.00,0.00,0.00,0.00,0.00,0.00,0.00,301405,482772,883242,314509,496401,896346,0,0,0,0,0,0,0,109941,0,137.04,137.13,137.21
341,1,0,0,0,93623,93623,93623,3656,3656,3656,591,591,591,0.00,0.00,0.00,0.00,0.00,0.00,0.00,0.00,0.00,0.00,0.00,0.00,0.00,0.00,0.00,0.00,0.00,0.00,0.00,0.00,0.00,298785,410432,605434,314510,424584,621160,0,0,0,0,0,0,0,98796,0,123.29,123.33,123.37
341,2,0,0,0,93619,93619,93619,3660,3660,3660,591,591,591,0.00,0.00,0.00,0.00,0.00,0.00,0.00,0.00,0.00,0.00,0.00,0.00,0.00,0.00,0.00,0.00,0.00,0.00,0.00,0.00,0.00,311886,383703,660480,324990,397856,676205,0,0,0,0,0,0,0,100606,0,125.41,125.45,125.53
341,3,0,0,0,93659,93659,93659,3620,3620,3620,591,591,591,0.00,0.00,0.00,0.00,0.00,0.00,0.00,0.00,0.00,0.00,0.00,0.00,0.00,0.00,0.00,0.00,0.00,0.00,0.00,0.00,0.00,293544,413584,497978,304027,426689,511083,0,0,0,0,0,0,0,112653,0,139.94,140.06,140.14
342,0,0,0,0,93655,93655,93655,3624,3624,3624,591,591,591,0.00,0.00,0.00,0.00,0.00,0.00,0.00,0.00,0.00,0.00,0.00,0.00,0.00,0.00,0.00,0.00,0.00,0.00,0.00,0.00,0.00,298768,346482,497973,311871,360635,513699,0,0,0,0,0,0,0,109895,0,137.09,137.11,137.13
342,1,0,0,0,93623,93623,93623,3656,3656,3656,591,591,591,0.00,0.00,0.00,0.00,0.00,0.00,0.00,0.00,0.00,0.00,0.00,0.00,0.00,0.00,0.00,0.00,0.00,0.00,0.00,0.00,0.00,301404,326567,390519,317129,340196,403624,0,0,0,0,0,0,0,98806,0,123.25,123.28,123.30
342,2,0,0,0,93619,93619,93619,3660,3660,3660,591,591,591,0.00,0.00,0.00,0.00,0.00,0.00,0.00,0.00,0.00,0.00,0.00,0.00,0.00,0.00,0.00,0.00,0.00,0.00,0.00,0.00,0.00,309272,394185,673584,322377,407814,686689,0,0,0,0,0,0,0,113052,0,125.27,125.31,125.38
342,3,0,0,0,93659,93659,93659,3620,3620,3620,591,591,591,0.00,0.00,0.00,0.00,0.00,0.00,0.00,0.00,0.00,0.00,0.00,0.00,0.00,0.00,0.00,0.00,0.00,0.00,0.00,0.00,0.00,416728,455518,579224,432454,469671,594950,0,0,0,0,0,0,0,112438,0,140.08,140.11,140.15
343,0,0,0,0,93655,93655,93655,3624,3624,3624,591,591,591,0.00,0.00,0.00,0.00,0.00,0.00,0.00,0.00,0.00,0.00,0.00,0.00,0.00,0.00,0.00,0.00,0.00,0.00,0.00,0.00,0.00,293542,329919,466529,306647,344028,479634,0,0,0,0,0,0,0,82404,0,137.07,137.09,137.13
343,1,0,0,0,93623,93623,93623,3656,3656,3656,591,591,591,0.00,0.00,0.00,0.00,0.00,0.00,0.00,0.00,0.00,0.00,0.00,0.00,0.00,0.00,0.00,0.00,0.00,0.00,0.00,0.00,0.00,304030,336172,380012,319752,349451,393116,0,0,0,0,0,0,0,86400,0,123.34,123.36,123.37
343,2,0,0,0,93619,93619,93619,3660,3660,3660,591,591,591,0.00,0.00,0.00,0.00,0.00,0.00,0.00,0.00,0.00,0.00,0.00,0.00,0.00,0.00,0.00,0.00,0.00,0.00,0.00,0.00,0.00,309275,542369,1339305,322380,555631,1355031,0,0,0,0,0,0,0,100552,0,125.37,125.42,125.45
343,3,0,0,0,93659,93659,93659,3620,3620,3620,591,591,591,0.00,0.00,0.00,0.00,0.00,0.00,0.00,0.00,0.00,0.00,0.00,0.00,0.00,0.00,0.00,0.00,0.00,0.00,0.00,0.00,0.00,424587,749053,1127009,437692,763207,1137493,0,0,0,0,0,0,0,84294,0,140.10,140.14,140.18
344,0,0,0,0,93655,93655,93655,3624,3624,3624,591,591,591,0.00,0.00,0.00,0.00,0.00,0.00,0.00,0.00,0.00,0.00,0.00,0.00,0.00,0.00,0.00,0.00,0.00,0.00,0.00,0.00,0.00,199159,570698,1221357,207894,583365,1237082,0,0,0,0,0,0,0,123569,0,136.98,137.05,137.10
344,1,0,0,0,93623,93623,93623,3656,3656,3656,591,591,591,0.00,0.00,0.00,0.00,0.00,0.00,0.00,0.00,0.00,0.00,0.00,0.00,0.00,0.00,0.00,0.00,0.00,0.00,0.00,0.00,0.00,304026,340063,421968,317130,353823,437693,0,0,0,0,0,0,0,98898,0,123.36,123.41,123.46
344,2,0,0,0,93619,93619,93619,3660,3660,3660,591,591,591,0.00,0.00,0.00,0.00,0.00,0.00,0.00,0.00,0.00,0.00,0.00,0.00,0.00,0.00,0.00,0.00,0.00,0.00,0.00,0.00,0.00,309263,413451,710275,324988,427211,723380,0,0,0,0,0,0,0,75326,0,125.19,125.23,125.30
344,3,0,0,0,93659,93659,93659,3620,3620,3620,591,591,591,0.00,0.00,0.00,0.00,0.00,0.00,0.00,0.00,0.00,0.00,0.00,0.00,0.00,0.00,0.00,0.00,0.00,0.00,0.00,0.00,0.00,419349,491107,681448,435075,504163,691932,0,0,0,0,0,0,0,112519,0,140.12,140.14,140.16
345,0,0,0,0,93655,93655,93655,3624,3624,3624,591,591,591,0.00,0.00,0.00,0.00,0.00,0.00,0.00,0.00,0.00,0.00,0.00,0.00,0.00,0.00,0.00,0.00,0.00,0.00,0.00,0.00,0.00,298770,376886,678822,311874,391038,691927,0,0,0,0,0,0,0,109942,0,137.00,137.08,137.13
345,1,0,0,0,93623,93623,93623,3656,3656,3656,591,591,591,0.00,0.00,0.00,0.00,0.00,0.00,0.00,0.00,0.00,0.00,0.00,0.00,0.00,0.00,0.00,0.00,0.00,0.00,0.00,0.00,0.00,311885,423540,592332,324990,437693,605437,0,0,0,0,0,0,0,98754,0,123.22,123.30,123.41
345,2,0,0,0,93619,93619,93619,3660,3660,3660,591,591,591,0.00,0.00,0.00,0.00,0.00,0.00,0.00,0.00,0.00,0.00,0.00,0.00,0.00,0.00,0.00,0.00,0.00,0.00,0.00,0.00,0.00,306650,380027,642094,319754,394180,655198,0,0,0,0,0,0,0,100599,0,125.17,125.28,125.38
345,3,0,0,0,93659,93659,93659,3620,3620,3620,591,591,591,0.00,0.00,0.00,0.00,0.00,0.00,0.00,0.00,0.00,0.00,0.00,0.00,0.00,0.00,0.00,0.00,0.00,0.00,0.00,0.00,0.00,421968,448178,542531,437693,462331,555635,0,0,0,0,0,0,0,112458,0,139.98,140.05,140.10
346,0,0,0,0,93655,93655,93655,3624,3624,3624,591,591,591,0.00,0.00,0.00,0.00,0.00,0.00,0.00,0.00,0.00,0.00,0.00,0.00,0.00,0.00,0.00,0.00,0.00,0.00,0.00,0.00,0.00,298783,370076,629027,311891,384229,642131,0,0,0,0,0,0,0,109868,0,137.09,137.11,137.15
346,1,0,0,0,93623,93623,93623,3656,3656,3656,591,591,591,0.00,0.00,0.00,0.00,0.00,0.00,0.00,0.00,0.00,0.00,0.00,0.00,0.00,0.00,0.00,0.00,0.00,0.00,0.00,0.00,0.00,296036,377963,655488,311754,392115,671220,0,0,0,0,0,0,0,98819,0,123.24,123.27,123.33
346,2,0,0,0,93619,93619,93619,3660,3660,3660,591,591,591,0.00,0.00,0.00,0.00,0.00,0.00,0.00,0.00,0.00,0.00,0.00,0.00,0.00,0.00,0.00,0.00,0.00,0.00,0.00,0.00,0.00,309263,605959,1365506,322367,620112,1381232,0,0,0,0,0,0,0,113039,0,125.33,125.42,125.47
346,3,0,0,0,93659,93659,93659,3620,3620,3620,591,591,591,0.00,0.00,0.00,0.00,0.00,0.00,0.00,0.00,0.00,0.00,0.00,0.00,0.00,0.00,0.00,0.00,0.00,0.00,0.00,0.00,0.00,419330,454989,581841,432454,468617,594945,0,0,0,0,0,0,0,126533,0,139.99,140.01,140.04
347,0,0,0,0,93655,93655,93655,3624,3624,3624,591,591,591,0.00,0.00,0.00,0.00,0.00,0.00,0.00,0.00,0.00,0.00,0.00,0.00,0.00,0.00,0.00,0.00,0.00,0.00,0.00,0.00,0.00,298788,342417,503220,311893,355998,516325,0,0,0,0,0,0,0,123453,0,136.94,137.00,137.06
347,1,0,0,0,93623,93623,93623,3656,3656,3656,591,591,591,0.00,0.00,0.00,0.00,0.00,0.00,0.00,0.00,0.00,0.00,0.00,0.00,0.00,0.00,0.00,0.00,0.00,0.00,0.00,0.00,0.00,265585,363519,529338,279563,377796,542440,0,0,0,0,0,0,0,111176,0,123.32,123.35,123.37
347,2,0,0,0,93619,93619,93619,3660,3660,3660,591,591,591,0.00,0.00,0.00,0.00,0.00,0.00,0.00,0.00,0.00,0.00,0.00,0.00,0.00,0.00,0.00,0.00,0.00,0.00,0.00,0.00,0.00,306585,371753,613305,319686,385342,626410,0,0,0,0,0,0,0,100551,0,125.23,125.27,125.33
347,3,0,0,0,93659,93659,93659,3620,3620,3620,591,591,591,0.00,0.00,0.00,0.00,0.00,0.00,0.00,0.00,0.00,0.00,0.00,0.00,0.00,0.00,0.00,0.00,0.00,0.00,0.00,0.00,0.00,107456,664147,1221366,120560,677775,1237091,0,0,0,0,0,0,0,112511,0,140.17,140.25,140.33
348,0,0,0,0,93655,93655,93655,3624,3624,3624,591,591,591,0.00,0.00,0.00,0.00,0.00,0.00,0.00,0.00,0.00,0.00,0.00,0.00,0.00,0.00,0.00,0.00,0.00,0.00,0.00,0.00,0.00,254216,482771,948771,267320,495875,959255,0,0,0,0,0,0,0,109892,0,136.94,137.01,137.10
348,1,0,0,0,93623,93623,93623,3656,3656,3656,591,591,591,0.00,0.00,0.00,0.00,0.00,0.00,0.00,0.00,0.00,0.00,0.00,0.00,0.00,0.00,0.00,0.00,0.00,0.00,0.00,0.00,0.00,309267,357491,511078,324992,371644,524183,0,0,0,0,0,0,0,98827,0,123.36,123.38,123.41
348,2,0,0,0,93619,93619,93619,3660,3660,3660,591,591,591,0.00,0.00,0.00,0.00,0.00,0.00,0.00,0.00,0.00,0.00,0.00,0.00,0.00,0.00,0.00,0.00,0.00,0.00,0.00,0.00,0.00,311892,467051,718139,324997,481204,733865,0,0,0,0,0,0,0,100479,0,125.30,125.34,125.40
348,3,0,0,0,93659,93659,93659,3620,3620,3620,591,591,591,0.00,0.00,0.00,0.00,0.00,0.00,0.00,0.00,0.00,0.00,0.00,0.00,0.00,0.00,0.00,0.00,0.00,0.00,0.00,0.00,0.00,419347,481722,707612,435077,495350,718095,0,0,0,0,0,0,0,112519,0,140.06,140.14,140.23
349,0,0,0,0,93655,93655,93655,3624,3624,3624,591,591,591,0.00,0.00,0.00,0.00,0.00,0.00,0.00,0.00,0.00,0.00,0.00,0.00,0.00,0.00,0.00,0.00,0.00,0.00,0.00,0.00,0.00,298786,385276,697172,314511,399430,710277,0,0,0,0,0,0,0,110014,0,137.06,137.08,137.10
349,1,0,0,0,93623,93623,93623,3656,3656,3656,591,591,591,0.00,0.00,0.00,0.00,0.00,0.00,0.00,0.00,0.00,0.00,0.00,0.00,0.00,0.00,0.00,0.00,0.00,0.00,0.00,0.00,0.00,304025,375834,539906,317129,389463,555631,0,0,0,0,0,0,0,98874,0,123.34,123.35,123.37
349,2,0,0,0,93619,93619,93619,3660,3660,3660,591,591,591,0.00,0.00,0.00,0.00,0.00,0.00,0.00,0.00,0.00,0.00,0.00,0.00,0.00,0.00,0.00,0.00,0.00,0.00,0.00,0.00,0.00,311893,387374,660473,327618,401527,673578,0,0,0,0,0,0,0,100647,0,125.28,125.37,125.47
349,3,0,0,0,93659,93659,93659,3620,3620,3620,591,591,591,0.00,0.00,0.00,0.00,0.00,0.00,0.00,0.00,0.00,0.00,0.00,0.00,0.00,0.00,0.00,0.00,0.00,0.00,0.00,0.00,0.00,419353,437695,492731,432457,451324,505836,0,0,0,0,0,0,0,112442,0,140.02,140.07,140.12
350,0,0,0,0,93655,93655,93655,3624,3624,3624,591,591,591,0.00,0.00,0.00,0.00,0.00,0.00,0.00,0.00,0.00,0.00,0.00,0.00,0.00,0.00,0.00,0.00,0.00,0.00,0.00,0.00,0.00,298769,358539,568748,311887,372168,581852,0,0,0,0,0,0,0,109841,0,137.09,137.14,137.17
350,1,0,0,0,93623,93623,93623,3656,3656,3656,591,591,591,0.00,0.00,0.00,0.00,0.00,0.00,0.00,0.00,0.00,0.00,0.00,0.00,0.00,0.00,0.00,0.00,0.00,0.00,0.00,0.00,0.00,301405,312414,340716,314510,326567,356441,0,0,0,0,0,0,0,74264,0,123.40,123.47,123.50
350,2,0,0,0,93619,93619,93619,3660,3660,3660,591,591,591,0.00,0.00,0.00,0.00,0.00,0.00,0.00,0.00,0.00,0.00,0.00,0.00,0.00,0.00,0.00,0.00,0.00,0.00,0.00,0.00,0.00,314494,459186,977613,327598,471766,988097,0,0,0,0,0,0,0,113049,0,125.34,125.43,125.53
350,3,0,0,0,93659,93659,93659,3620,3620,3620,591,591,591,0.00,0.00,0.00,0.00,0.00,0.00,0.00,0.00,0.00,0.00,0.00,0.00,0.00,0.00,0.00,0.00,0.00,0.00,0.00,0.00,0.00,419351,461809,597575,432456,475962,613301,0,0,0,0,0,0,0,98478,0,139.97,139.99,140.00
351,0,0,0,0,93655,93655,93655,3624,3624,3624,591,591,591,0.00,0.00,0.00,0.00,0.00,0.00,0.00,0.00,0.00,0.00,0.00,0.00,0.00,0.00,0.00,0.00,0.00,0.00,0.00,0.00,0.00,296167,342687,479628,309272,537813,1260657,0,0,0,0,0,0,0,96159,0,136.95,137.01,137.06
351,1,0,0,0,93623,93623,93623,3656,3656,3656,591,591,591,0.00,0.00,0.00,0.00,0.00,0.00,0.00,0.00,0.00,0.00,0.00,0.00,0.00,0.00,0.00,0.00,0.00,0.00,0.00,0.00,0.00,319751,399257,540022,330235,410377,542570,0,0,0,0,0,0,0,111141,0,123.36,123.40,123.47
351,2,0,0,0,93619,93619,93619,3660,3660,3660,591,591,591,0.00,0.00,0.00,0.00,0.00,0.00,0.00,0.00,0.00,0.00,0.00,0.00,0.00,0.00,0.00,0.00,0.00,0.00,0.00,0.00,0.00,291613,398669,681445,306697,412219,694549,0,0,0,0,0,0,0,75318,0,125.26,125.28,125.32
351,3,0,0,0,93659,93659,93659,3620,3620,3620,591,591,591,0.00,0.00,0.00,0.00,0.00,0.00,0.00,0.00,0.00,0.00,0.00,0.00,0.00,0.00,0.00,0.00,0.00,0.00,0.00,0.00,0.00,424590,779708,1386398,437695,794122,1399502,0,0,0,0,0,0,0,112503,0,140.05,140.11,140.16
352,0,0,0,0,93655,93655,93655,3624,3624,3624,591,591,591,0.00,0.00,0.00,0.00,0.00,0.00,0.00,0.00,0.00,0.00,0.00,0.00,0.00,0.00,0.00,0.00,0.00,0.00,0.00,0.00,0.00,301405,547248,1247553,317126,372170,573983,0,0,0,0,0,0,0,109979,0,136.98,137.07,137.16
352,1,0,0,0,93623,93623,93623,3656,3656,3656,591,591,591,0.00,0.00,0.00,0.00,0.00,0.00,0.00,0.00,0.00,0.00,0.00,0.00,0.00,0.00,0.00,0.00,0.00,0.00,0.00,0.00,0.00,309266,376361,511074,324991,390514,524179,0,0,0,0,0,0,0,98880,0,123.36,123.39,123.42
352,2,0,0,0,93619,93619,93619,3660,3660,3660,591,591,591,0.00,0.00,0.00,0.00,0.00,0.00,0.00,0.00,0.00,0.00,0.00,0.00,0.00,0.00,0.00,0.00,0.00,0.00,0.00,0.00,0.00,311893,474863,736236,327618,488608,749921,0,0,0,0,0,0,0,100519,0,125.21,125.26,125.35
352,3,0,0,0,93659,93659,93659,3620,3620,3620,591,591,591,0.00,0.00,0.00,0.00,0.00,0.00,0.00,0.00,0.00,0.00,0.00,0.00,0.00,0.00,0.00,0.00,0.00,0.00,0.00,0.00,0.00,283065,447657,665720,293549,460762,678825,0,0,0,0,0,0,0,112436,0,139.97,140.05,140.11
353,0,0,0,0,93655,93655,93655,3624,3624,3624,591,591,591,0.00,0.00,0.00,0.00,0.00,0.00,0.00,0.00,0.00,0.00,0.00,0.00,0.00,0.00,0.00,0.00,0.00,0.00,0.00,0.00,0.00,301401,382648,660443,322374,460228,673547,0,0,0,0,0,0,0,109940,0,137.12,137.17,137.21
353,1,0,0,0,93623,93623,93623,3656,3656,3656,591,591,591,0.00,0.00,0.00,0.00,0.00,0.00,0.00,0.00,0.00,0.00,0.00,0.00,0.00,0.00,0.00,0.00,0.00,0.00,0.00,0.00,0.00,298786,354871,524179,311890,369024,537283,0,0,0,0,0,0,0,98875,0,123.35,123.37,123.40
353,2,0,0,0,93619,93619,93619,3660,3660,3660,591,591,591,0.00,0.00,0.00,0.00,0.00,0.00,0.00,0.00,0.00,0.00,0.00,0.00,0.00,0.00,0.00,0.00,0.00,0.00,0.00,0.00,0.00,311887,380555,644753,327612,395232,657858,0,0,0,0,0,0,0,100439,0,125.25,125.32,125.35
353,3,0,0,0,93659,93659,93659,3620,3620,3620,591,591,591,0.00,0.00,0.00,0.00,0.00,0.00,0.00,0.00,0.00,0.00,0.00,0.00,0.00,0.00,0.00,0.00,0.00,0.00,0.00,0.00,0.00,419329,495876,636891,432433,509504,649996,0,0,0,0,0,0,0,112441,0,139.88,139.91,139.95
354,0,0,0,0,93655,93655,93655,3624,3624,3624,591,591,591,0.00,0.00,0.00,0.00,0.00,0.00,0.00,0.00,0.00,0.00,0.00,0.00,0.00,0.00,0.00,0.00,0.00,0.00,0.00,0.00,0.00,293548,399428,621155,306649,347535,490111,0,0,0,0,0,0,0,109954,0,137.11,137.16,137.21
354,1,0,0,0,93623,93623,93623,3656,3656,3656,591,591,591,0.00,0.00,0.00,0.00,0.00,0.00,0.00,0.00,0.00,0.00,0.00,0.00,0.00,0.00,0.00,0.00,0.00,0.00,0.00,0.00,0.00,304024,409382,594920,319750,423535,608024,0,0,0,0,0,0,0,111256,0,123.33,123.36,123.42
354,2,0,0,0,93619,93619,93619,3660,3660,3660,591,591,591,0.00,0.00,0.00,0.00,0.00,0.00,0.00,0.00,0.00,0.00,0.00,0.00,0.00,0.00,0.00,0.00,0.00,0.00,0.00,0.00,0.00,317134,594952,1399585,330239,608581,1415311,0,0,0,0,0,0,0,100490,0,125.16,125.19,125.23
354,3,0,0,0,93659,93659,93659,3620,3620,3620,591,591,591,0.00,0.00,0.00,0.00,0.00,0.00,0.00,0.00,0.00,0.00,0.00,0.00,0.00,0.00,0.00,0.00,0.00,0.00,0.00,0.00,0.00,421971,752209,1229227,435076,765838,1244953,0,0,0,0,0,0,0,126308,0,139.79,139.84,139.87
355,0,0,0,0,93655,93655,93655,3624,3624,3624,591,591,591,0.00,0.00,0.00,0.00,0.00,0.00,0.00,0.00,0.00,0.00,0.00,0.00,0.00,0.00,0.00,0.00,0.00,0.00,0.00,0.00,0.00,199191,513164,1176735,207928,526443,1189839,0,0,0,0,0,0,0,123742,0,137.15,137.21,137.25
355,1,0,0,0,93623,93623,93623,3656,3656,3656,591,591,591,0.00,0.00,0.00,0.00,0.00,0.00,0.00,0.00,0.00,0.00,0.00,0.00,0.00,0.00,0.00,0.00,0.00,0.00,0.00,0.00,0.00,152005,329024,478753,167730,342089,489237,0,0,0,0,0,0,0,98828,0,123.35,123.38,123.43
355,2,0,0,0,93619,93619,93619,3660,3660,3660,591,591,591,0.00,0.00,0.00,0.00,0.00,0.00,0.00,0.00,0.00,0.00,0.00,0.00,0.00,0.00,0.00,0.00,0.00,0.00,0.00,0.00,0.00,204257,372246,707661,212768,385492,720528,0,0,0,0,0,0,0,100364,0,125.09,125.17,125.30
355,3,0,0,0,93659,93659,93659,3620,3620,3620,591,591,591,0.00,0.00,0.00,0.00,0.00,0.00,0.00,0.00,0.00,0.00,0.00,0.00,0.00,0.00,0.00,0.00,0.00,0.00,0.00,0.00,0.00,419344,478577,691930,432449,492206,707656,0,0,0,0,0,0,0,112295,0,139.85,139.89,139.92
356,0,0,0,0,93655,93655,93655,3624,3624,3624,591,591,591,0.00,0.00,0.00,0.00,0.00,0.00,0.00,0.00,0.00,0.00,0.00,0.00,0.00,0.00,0.00,0.00,0.00,0.00,0.00,0.00,0.00,298784,380033,686681,311890,394186,699786,0,0,0,0,0,0,0,109873,0,137.07,137.12,137.19
356,1,0,0,0,93623,93623,93623,3656,3656,3656,591,591,591,0.00,0.00,0.00,0.00,0.00,0.00,0.00,0.00,0.00,0.00,0.00,0.00,0.00,0.00,0.00,0.00,0.00,0.00,0.00,0.00,0.00,317130,419343,553017,330238,432447,566122,0,0,0,0,0,0,0,98880,0,123.33,123.36,123.43
356,2,0,0,0,93619,93619,93619,3660,3660,3660,591,591,591,0.00,0.00,0.00,0.00,0.00,0.00,0.00,0.00,0.00,0.00,0.00,0.00,0.00,0.00,0.00,0.00,0.00,0.00,0.00,0.00,0.00,309272,384753,673581,322376,398906,689306,0,0,0,0,0,0,0,100443,0,125.18,125.24,125.27
356,3,0,0,0,93659,93659,93659,3620,3620,3620,591,591,591,0.00,0.00,0.00,0.00,0.00,0.00,0.00,0.00,0.00,0.00,0.00,0.00,0.00,0.00,0.00,0.00,0.00,0.00,0.00,0.00,0.00,284810,424416,503219,293547,437696,516324,0,0,0,0,0,0,0,112473,0,139.83,139.94,140.02
357,0,0,0,0,93655,93655,93655,3624,3624,3624,591,591,591,0.00,0.00,0.00,0.00,0.00,0.00,0.00,0.00,0.00,0.00,0.00,0.00,0.00,0.00,0.00,0.00,0.00,0.00,0.00,0.00,0.00,298785,365354,613301,311889,379507,626406,0,0,0,0,0,0,0,109888,0,137.13,137.17,137.20
357,1,0,0,0,93623,93623,93623,3656,3656,3656,591,591,591,0.00,0.00,0.00,0.00,0.00,0.00,0.00,0.00,0.00,0.00,0.00,0.00,0.00,0.00,0.00,0.00,0.00,0.00,0.00,0.00,0.00,280438,304550,324994,296163,318703,340719,0,0,0,0,0,0,0,98839,0,123.29,123.36,123.39
357,2,0,0,0,93619,93619,93619,3660,3660,3660,591,591,591,0.00,0.00,0.00,0.00,0.00,0.00,0.00,0.00,0.00,0.00,0.00,0.00,0.00,0.00,0.00,0.00,0.00,0.00,0.00,0.00,0.00,309273,601240,1360272,322378,614869,1373377,0,0,0,0,0,0,0,112992,0,125.17,125.20,125.22
357,3,0,0,0,93659,93659,93659,3620,3620,3620,591,591,591,0.00,0.00,0.00,0.00,0.00,0.00,0.00,0.00,0.00,0.00,0.00,0.00,0.00,0.00,0.00,0.00,0.00,0.00,0.00,0.00,0.00,421967,456041,587091,435072,470194,600196,0,0,0,0,0,0,0,112453,0,140.06,140.10,140.16
358,0,0,0,0,93655,93655,93655,3624,3624,3624,591,591,591,0.00,0.00,0.00,0.00,0.00,0.00,0.00,0.00,0.00,0.00,0.00,0.00,0.00,0.00,0.00,0.00,0.00,0.00,0.00,0.00,0.00,298784,339410,456042,311892,352514,469147,0,0,0,0,0,0,0,82464,0,137.10,137.15,137.18
358,1,0,0,0,93623,93623,93623,3656,3656,3656,591,591,591,0.00,0.00,0.00,0.00,0.00,0.00,0.00,0.00,0.00,0.00,0.00,0.00,0.00,0.00,0.00,0.00,0.00,0.00,0.00,0.00,0.00,298783,389864,571367,314509,404279,587093,0,0,0,0,0,0,0,86523,0,123.31,123.35,123.37
358,2,0,0,0,93619,93619,93619,3660,3660,3660,591,591,591,0.00,0.00,0.00,0.00,0.00,0.00,0.00,0.00,0.00,0.00,0.00,0.00,0.00,0.00,0.00,0.00,0.00,0.00,0.00,0.00,0.00,311893,401003,639509,324998,415418,655235,0,0,0,0,0,0,0,75363,0,125.17,125.20,125.27
358,3,0,0,0,93659,93659,93659,3620,3620,3620,591,591,591,0.00,0.00,0.00,0.00,0.00,0.00,0.00,0.00,0.00,0.00,0.00,0.00,0.00,0.00,0.00,0.00,0.00,0.00,0.00,0.00,0.00,421971,781018,1396868,435076,794778,1407351,0,0,0,0,0,0,0,84268,0,139.98,140.01,140.04
359,0,0,0,0,93655,93655,93655,3624,3624,3624,591,591,591,0.00,0.00,0.00,0.00,0.00,0.00,0.00,0.00,0.00,0.00,0.00,0.00,0.00,0.00,0.00,0.00,0.00,0.00,0.00,0.00,0.00,197443,512829,1189905,207927,526458,1203009,0,0,0,0,0,0,0,109899,0,137.09,137.14,137.20
359,1,0,0,0,93623,93623,93623,3656,3656,3656,591,591,591,0.00,0.00,0.00,0.00,0.00,0.00,0.00,0.00,0.00,0.00,0.00,0.00,0.00,0.00,0.00,0.00,0.00,0.00,0.00,0.00,0.00,213168,354296,524182,223651,367344,539908,0,0,0,0,0,0,0,98906,0,123.39,123.44,123.47
359,2,0,0,0,93619,93619,93619,3660,3660,3660,591,591,591,0.00,0.00,0.00,0.00,0.00,0.00,0.00,0.00,0.00,0.00,0.00,0.00,0.00,0.00,0.00,0.00,0.00,0.00,0.00,0.00,0.00,306969,343874,466589,317646,357116,475229,0,0,0,0,0,0,0,100553,0,125.23,125.30,125.34
359,3,0,0,0,93659,93659,93659,3620,3620,3620,591,591,591,0.00,0.00,0.00,0.00,0.00,0.00,0.00,0.00,0.00,0.00,0.00,0.00,0.00,0.00,0.00,0.00,0.00,0.00,0.00,0.00,0.00,420008,486579,712901,435469,500680,726005,0,0,0,0,0,0,0,112502,0,139.94,140.04,140.09
360,0,0,0,0,93655,93655,93655,3624,3624,3624,591,591,591,0.00,0.00,0.00,0.00,0.00,0.00,0.00,0.00,0.00,0.00,0.00,0.00,0.00,0.00,0.00,0.00,0.00,0.00,0.00,0.00,0.00,304027,378454,665681,317131,392083,678785,0,0,0,0,0,0,0,110012,0,137.06,137.11,137.15
360,1,0,0,0,93623,93623,93623,3656,3656,3656,591,591,591,0.00,0.00,0.00,0.00,0.00,0.00,0.00,0.00,0.00,0.00,0.00,0.00,0.00,0.00,0.00,0.00,0.00,0.00,0.00,0.00,0.00,314510,386322,581842,327614,399951,594947,0,0,0,0,0,0,0,98969,0,123.44,123.46,123.49
360,2,0,0,0,93619,93619,93619,3660,3660,3660,591,591,591,0.00,0.00,0.00,0.00,0.00,0.00,0.00,0.00,0.00,0.00,0.00,0.00,0.00,0.00,0.00,0.00,0.00,0.00,0.00,0.00,0.00,311875,456038,673578,324989,469666,689303,0,0,0,0,0,0,0,100288,0,124.98,125.11,125.27
360,3,0,0,0,93659,93659,93659,3620,3620,3620,591,591,591,0.00,0.00,0.00,0.00,0.00,0.00,0.00,0.00,0.00,0.00,0.00,0.00,0.00,0.00,0.00,0.00,0.00,0.00,0.00,0.00,0.00,281306,407448,500590,290043,420203,513694,0,0,0,0,0,0,0,112418,0,139.94,140.01,140.06
361,0,0,0,0,93655,93655,93655,3624,3624,3624,591,591,591,0.00,0.00,0.00,0.00,0.00,0.00,0.00,0.00,0.00,0.00,0.00,0.00,0.00,0.00,0.00,0.00,0.00,0.00,0.00,0.00,0.00,298782,370599,649992,311891,384752,665718,0,0,0,0,0,0,0,109960,0,137.13,137.15,137.17
361,1,0,0,0,93623,93623,93623,3656,3656,3656,591,591,591,0.00,0.00,0.00,0.00,0.00,0.00,0.00,0.00,0.00,0.00,0.00,0.00,0.00,0.00,0.00,0.00,0.00,0.00,0.00,0.00,0.00,301405,371119,618541,314510,384748,631646,0,0,0,0,0,0,0,98958,0,123.51,123.55,123.58
361,2,0,0,0,93619,93619,93619,3660,3660,3660,591,591,591,0.00,0.00,0.00,0.00,0.00,0.00,0.00,0.00,0.00,0.00,0.00,0.00,0.00,0.00,0.00,0.00,0.00,0.00,0.00,0.00,0.00,309270,528376,1368108,324995,542529,1381212,0,0,0,0,0,0,0,113094,0,125.03,125.13,125.23
361,3,0,0,0,93659,93659,93659,3620,3620,3620,591,591,591,0.00,0.00,0.00,0.00,0.00,0.00,0.00,0.00,0.00,0.00,0.00,0.00,0.00,0.00,0.00,0.00,0.00,0.00,0.00,0.00,0.00,424592,539911,817738,437697,554065,833464,0,0,0,0,0,0,0,126296,0,139.88,139.91,139.97
362,0,0,0,0,93655,93655,93655,3624,3624,3624,591,591,591,0.00,0.00,0.00,0.00,0.00,0.00,0.00,0.00,0.00,0.00,0.00,0.00,0.00,0.00,0.00,0.00,0.00,0.00,0.00,0.00,0.00,298786,431574,789740,311891,444678,800223,0,0,0,0,0,0,0,123737,0,137.08,137.11,137.16
362,1,0,0,0,93623,93623,93623,3656,3656,3656,591,591,591,0.00,0.00,0.00,0.00,0.00,0.00,0.00,0.00,0.00,0.00,0.00,0.00,0.00,0.00,0.00,0.00,0.00,0.00,0.00,0.00,0.00,301408,396283,537291,317133,410436,550396,0,0,0,0,0,0,0,111221,0,123.43,123.47,123.49
362,2,0,0,0,93619,93619,93619,3660,3660,3660,591,591,591,0.00,0.00,0.00,0.00,0.00,0.00,0.00,0.00,0.00,0.00,0.00,0.00,0.00,0.00,0.00,0.00,0.00,0.00,0.00,0.00,0.00,311885,461276,710237,324990,474904,725961,0,0,0,0,0,0,0,100515,0,125.17,125.25,125.32
362,3,0,0,0,93659,93659,93659,3620,3620,3620,591,591,591,0.00,0.00,0.00,0.00,0.00,0.00,0.00,0.00,0.00,0.00,0.00,0.00,0.00,0.00,0.00,0.00,0.00,0.00,0.00,0.00,0.00,419350,672004,1310444,432454,686157,1323549,0,0,0,0,0,0,0,112327,0,139.93,139.96,140.01
363,0,0,0,0,93655,93655,93655,3624,3624,3624,591,591,591,0.00,0.00,0.00,0.00,0.00,0.00,0.00,0.00,0.00,0.00,0.00,0.00,0.00,0.00,0.00,0.00,0.00,0.00,0.00,0.00,0.00,301406,366929,587089,314510,380558,600194,0,0,0,0,0,0,0,109901,0,137.07,137.13,137.18
363,1,0,0,0,93623,93623,93623,3656,3656,3656,591,591,591,0.00,0.00,0.00,0.00,0.00,0.00,0.00,0.00,0.00,0.00,0.00,0.00,0.00,0.00,0.00,0.00,0.00,0.00,0.00,0.00,0.00,213168,351376,516316,221904,364655,529420,0,0,0,0,0,0,0,98946,0,123.40,123.44,123.47
363,2,0,0,0,93619,93619,93619,3660,3660,3660,591,591,591,0.00,0.00,0.00,0.00,0.00,0.00,0.00,0.00,0.00,0.00,0.00,0.00,0.00,0.00,0.00,0.00,0.00,0.00,0.00,0.00,0.00,205976,362515,673570,216362,375602,686675,0,0,0,0,0,0,0,100430,0,125.18,125.23,125.31
363,3,0,0,0,93659,93659,93659,3620,3620,3620,591,591,591,0.00,0.00,0.00,0.00,0.00,0.00,0.00,0.00,0.00,0.00,0.00,0.00,0.00,0.00,0.00,0.00,0.00,0.00,0.00,0.00,0.00,416709,533319,720750,432434,546915,731234,0,0,0,0,0,0,0,112352,0,139.95,139.98,140.00
364,0,0,0,0,93655,93655,93655,3624,3624,3624,591,591,591,0.00,0.00,0.00,0.00,0.00,0.00,0.00,0.00,0.00,0.00,0.00,0.00,0.00,0.00,0.00,0.00,0.00,0.00,0.00,0.00,0.00,304028,463903,896358,319753,477532,909463,0,0,0,0,0,0,0,110013,0,137.06,137.08,137.11
364,1,0,0,0,93623,93623,93623,3656,3656,3656,591,591,591,0.00,0.00,0.00,0.00,0.00,0.00,0.00,0.00,0.00,0.00,0.00,0.00,0.00,0.00,0.00,0.00,0.00,0.00,0.00,0.00,0.00,298782,377929,649953,311887,392081,663057,0,0,0,0,0,0,0,98971,0,123.39,123.43,123.48
364,2,0,0,0,93619,93619,93619,3660,3660,3660,591,591,591,0.00,0.00,0.00,0.00,0.00,0.00,0.00,0.00,0.00,0.00,0.00,0.00,0.00,0.00,0.00,0.00,0.00,0.00,0.00,0.00,0.00,314513,392615,673580,327617,406244,686684,0,0,0,0,0,0,0,100318,0,125.11,125.19,125.26
364,3,0,0,0,93659,93659,93659,3620,3620,3620,591,591,591,0.00,0.00,0.00,0.00,0.00,0.00,0.00,0.00,0.00,0.00,0.00,0.00,0.00,0.00,0.00,0.00,0.00,0.00,0.00,0.00,0.00,277822,423018,555640,286559,436298,568745,0,0,0,0,0,0,0,112444,0,139.94,139.96,140.01
365,0,0,0,0,93655,93655,93655,3624,3624,3624,591,591,591,0.00,0.00,0.00,0.00,0.00,0.00,0.00,0.00,0.00,0.00,0.00,0.00,0.00,0.00,0.00,0.00,0.00,0.00,0.00,0.00,0.00,296165,328660,445553,311875,342812,461279,0,0,0,0,0,0,0,82405,0,137.10,137.15,137.17
365,1,0,0,0,93623,93623,93623,3656,3656,3656,591,591,591,0.00,0.00,0.00,0.00,0.00,0.00,0.00,0.00,0.00,0.00,0.00,0.00,0.00,0.00,0.00,0.00,0.00,0.00,0.00,0.00,0.00,301404,371123,542539,317130,385276,558264,0,0,0,0,0,0,0,74214,0,123.50,123.55,123.58
365,2,0,0,0,93619,93619,93619,3660,3660,3660,591,591,591,0.00,0.00,0.00,0.00,0.00,0.00,0.00,0.00,0.00,0.00,0.00,0.00,0.00,0.00,0.00,0.00,0.00,0.00,0.00,0.00,0.00,309271,590744,1349716,324997,604897,1362820,0,0,0,0,0,0,0,100535,0,125.17,125.27,125.38
365,3,0,0,0,93659,93659,93659,3620,3620,3620,591,591,591,0.00,0.00,0.00,0.00,0.00,0.00,0.00,0.00,0.00,0.00,0.00,0.00,0.00,0.00,0.00,0.00,0.00,0.00,0.00,0.00,0.00,421969,753772,1189904,435074,767925,1205629,0,0,0,0,0,0,0,98448,0,140.03,140.07,140.10
366,0,0,0,0,93655,93655,93655,3624,3624,3624,591,591,591,0.00,0.00,0.00,0.00,0.00,0.00,0.00,0.00,0.00,0.00,0.00,0.00,0.00,0.00,0.00,0.00,0.00,0.00,0.00,0.00,0.00,298788,512905,1134352,314513,527099,1146576,0,0,0,0,0,0,0,123850,0,137.09,137.15,137.18
366,1,0,0,0,93623,93623,93623,3656,3656,3656,591,591,591,0.00,0.00,0.00,0.00,0.00,0.00,0.00,0.00,0.00,0.00,0.00,0.00,0.00,0.00,0.00,0.00,0.00,0.00,0.00,0.00,0.00,204431,333508,424593,213167,345520,440319,0,0,0,0,0,0,0,98874,0,123.39,123.44,123.49
366,2,0,0,0,93619,93619,93619,3660,3660,3660,591,591,591,0.00,0.00,0.00,0.00,0.00,0.00,0.00,0.00,0.00,0.00,0.00,0.00,0.00,0.00,0.00,0.00,0.00,0.00,0.00,0.00,0.00,309271,407557,691932,322376,421317,705037,0,0,0,0,0,0,0,75492,0,125.34,125.41,125.48
366,3,0,0,0,93659,93659,93659,3620,3620,3620,591,591,591,0.00,0.00,0.00,0.00,0.00,0.00,0.00,0.00,0.00,0.00,0.00,0.00,0.00,0.00,0.00,0.00,0.00,0.00,0.00,0.00,0.00,442934,507806,689309,456038,520911,702414,0,0,0,0,0,0,0,112439,0,140.06,140.07,140.08
367,0,0,0,0,93655,93655,93655,3624,3624,3624,591,591,591,0.00,0.00,0.00,0.00,0.00,0.00,0.00,0.00,0.00,0.00,0.00,0.00,0.00,0.00,0.00,0.00,0.00,0.00,0.00,0.00,0.00,200938,407639,665706,209674,420394,681431,0,0,0,0,0,0,0,110114,0,137.22,137.25,137.29
367,1,0,0,0,93623,93623,93623,3656,3656,3656,591,591,591,0.00,0.00,0.00,0.00,0.00,0.00,0.00,0.00,0.00,0.00,0.00,0.00,0.00,0.00,0.00,0.00,0.00,0.00,0.00,0.00,0.00,301405,369547,518938,317131,383700,529421,0,0,0,0,0,0,0,98944,0,123.44,123.48,123.52
367,2,0,0,0,93619,93619,93619,3660,3660,3660,591,591,591,0.00,0.00,0.00,0.00,0.00,0.00,0.00,0.00,0.00,0.00,0.00,0.00,0.00,0.00,0.00,0.00,0.00,0.00,0.00,0.00,0.00,207663,364411,690654,218046,377503,704303,0,0,0,0,0,0,0,100390,0,125.18,125.29,125.45
367,3,0,0,0,93659,93659,93659,3620,3620,3620,591,591,591,0.00,0.00,0.00,0.00,0.00,0.00,0.00,0.00,0.00,0.00,0.00,0.00,0.00,0.00,0.00,0.00,0.00,0.00,0.00,0.00,0.00,419349,468625,636894,432454,482778,649999,0,0,0,0,0,0,0,112574,0,140.07,140.15,140.20
368,0,0,0,0,93655,93655,93655,3624,3624,3624,591,591,591,0.00,0.00,0.00,0.00,0.00,0.00,0.00,0.00,0.00,0.00,0.00,0.00,0.00,0.00,0.00,0.00,0.00,0.00,0.00,0.00,0.00,301404,368499,597577,317130,382652,610682,0,0,0,0,0,0,0,109866,0,137.02,137.10,137.18
368,1,0,0,0,93623,93623,93623,3656,3656,3656,591,591,591,0.00,0.00,0.00,0.00,0.00,0.00,0.00,0.00,0.00,0.00,0.00,0.00,0.00,0.00,0.00,0.00,0.00,0.00,0.00,0.00,0.00,304024,360113,555633,317128,373742,568738,0,0,0,0,0,0,0,98961,0,123.37,123.40,123.45
368,2,0,0,0,93619,93619,93619,3660,3660,3660,591,591,591,0.00,0.00,0.00,0.00,0.00,0.00,0.00,0.00,0.00,0.00,0.00,0.00,0.00,0.00,0.00,0.00,0.00,0.00,0.00,0.00,0.00,309271,397334,691931,322375,411487,702415,0,0,0,0,0,0,0,113077,0,125.23,125.34,125.41
368,3,0,0,0,93659,93659,93659,3620,3620,3620,591,591,591,0.00,0.00,0.00,0.00,0.00,0.00,0.00,0.00,0.00,0.00,0.00,0.00,0.00,0.00,0.00,0.00,0.00,0.00,0.00,0.00,0.00,391378,421616,435065,398367,435070,453411,0,0,0,0,0,0,0,112440,0,140.09,140.16,140.23
369,0,0,0,0,93655,93655,93655,3624,3624,3624,591,591,591,0.00,0.00,0.00,0.00,0.00,0.00,0.00,0.00,0.00,0.00,0.00,0.00,0.00,0.00,0.00,0.00,0.00,0.00,0.00,0.00,0.00,296167,336528,482252,311890,350156,495356,0,0,0,0,0,0,0,109879,0,137.03,137.06,137.10
369,1,0,0,0,93623,93623,93623,3656,3656,3656,591,591,591,0.00,0.00,0.00,0.00,0.00,0.00,0.00,0.00,0.00,0.00,0.00,0.00,0.00,0.00,0.00,0.00,0.00,0.00,0.00,0.00,0.00,304027,373216,534667,317131,387369,547772,0,0,0,0,0,0,0,111295,0,123.41,123.47,123.51
369,2,0,0,0,93619,93619,93619,3660,3660,3660,591,591,591,0.00,0.00,0.00,0.00,0.00,0.00,0.00,0.00,0.00,0.00,0.00,0.00,0.00,0.00,0.00,0.00,0.00,0.00,0.00,0.00,0.00,309265,584993,1368136,319748,598622,1381241,0,0,0,0,0,0,0,100456,0,125.19,125.27,125.37
369,3,0,0,0,93659,93659,93659,3620,3620,3620,591,591,591,0.00,0.00,0.00,0.00,0.00,0.00,0.00,0.00,0.00,0.00,0.00,0.00,0.00,0.00,0.00,0.00,0.00,0.00,0.00,0.00,0.00,440309,717612,1396965,453413,731240,1412691,0,0,0,0,0,0,0,126363,0,139.97,140.01,140.04
370,0,0,0,0,93655,93655,93655,3624,3624,3624,591,591,591,0.00,0.00,0.00,0.00,0.00,0.00,0.00,0.00,0.00,0.00,0.00,0.00,0.00,0.00,0.00,0.00,0.00,0.00,0.00,0.00,0.00,199189,517522,1208253,209673,530589,1221357,0,0,0,0,0,0,0,109872,0,137.10,137.12,137.14
370,1,0,0,0,93623,93623,93623,3656,3656,3656,591,591,591,0.00,0.00,0.00,0.00,0.00,0.00,0.00,0.00,0.00,0.00,0.00,0.00,0.00,0.00,0.00,0.00,0.00,0.00,0.00,0.00,0.00,204430,353298,508452,214913,365878,521556,0,0,0,0,0,0,0,98955,0,123.40,123.42,123.45
370,2,0,0,0,93619,93619,93619,3660,3660,3660,591,591,591,0.00,0.00,0.00,0.00,0.00,0.00,0.00,0.00,0.00,0.00,0.00,0.00,0.00,0.00,0.00,0.00,0.00,0.00,0.00,0.00,0.00,206378,374127,723340,214906,387364,736444,0,0,0,0,0,0,0,100411,0,125.16,125.20,125.23
370,3,0,0,0,93659,93659,93659,3620,3620,3620,591,591,591,0.00,0.00,0.00,0.00,0.00,0.00,0.00,0.00,0.00,0.00,0.00,0.00,0.00,0.00,0.00,0.00,0.00,0.00,0.00,0.00,0.00,421948,483296,712900,435052,497449,726005,0,0,0,0,0,0,0,112407,0,139.90,139.94,140.00
371,0,0,0,0,93655,93655,93655,3624,3624,3624,591,591,591,0.00,0.00,0.00,0.00,0.00,0.00,0.00,0.00,0.00,0.00,0.00,0.00,0.00,0.00,0.00,0.00,0.00,0.00,0.00,0.00,0.00,296164,383703,691928,311889,397856,702411,0,0,0,0,0,0,0,110001,0,137.08,137.14,137.18
371,1,0,0,0,93623,93623,93623,3656,3656,3656,591,591,591,0.00,0.00,0.00,0.00,0.00,0.00,0.00,0.00,0.00,0.00,0.00,0.00,0.00,0.00,0.00,0.00,0.00,0.00,0.00,0.00,0.00,317109,387367,584467,330212,400996,600193,0,0,0,0,0,0,0,98945,0,123.48,123.49,123.51
371,2,0,0,0,93619,93619,93619,3660,3660,3660,591,591,591,0.00,0.00,0.00,0.00,0.00,0.00,0.00,0.00,0.00,0.00,0.00,0.00,0.00,0.00,0.00,0.00,0.00,0.00,0.00,0.00,0.00,314513,460586,710276,325714,474197,723381,0,0,0,0,0,0,0,100307,0,125.08,125.11,125.15
371,3,0,0,0,93659,93659,93659,3620,3620,3620,591,591,591,0.00,0.00,0.00,0.00,0.00,0.00,0.00,0.00,0.00,0.00,0.00,0.00,0.00,0.00,0.00,0.00,0.00,0.00,0.00,0.00,0.00,419344,448428,499219,435069,462533,512086,0,0,0,0,0,0,0,112405,0,139.95,139.99,140.03
372,0,0,0,0,93655,93655,93655,3624,3624,3624,591,591,591,0.00,0.00,0.00,0.00,0.00,0.00,0.00,0.00,0.00,0.00,0.00,0.00,0.00,0.00,0.00,0.00,0.00,0.00,0.00,0.00,0.00,296162,365878,597575,314508,379506,610679,0,0,0,0,0,0,0,109977,0,137.13,137.16,137.21
372,1,0,0,0,93623,93623,93623,3656,3656,3656,591,591,591,0.00,0.00,0.00,0.00,0.00,0.00,0.00,0.00,0.00,0.00,0.00,0.00,0.00,0.00,0.00,0.00,0.00,0.00,0.00,0.00,0.00,298786,369517,628859,314509,383669,644580,0,0,0,0,0,0,0,99017,0,123.44,123.48,123.51
372,2,0,0,0,93619,93619,93619,3660,3660,3660,591,591,591,0.00,0.00,0.00,0.00,0.00,0.00,0.00,0.00,0.00,0.00,0.00,0.00,0.00,0.00,0.00,0.00,0.00,0.00,0.00,0.00,0.00,311894,522074,1326113,327612,536226,1341837,0,0,0,0,0,0,0,113388,0,125.10,125.29,125.51
372,3,0,0,0,93659,93659,93659,3620,3620,3620,591,591,591,0.00,0.00,0.00,0.00,0.00,0.00,0.00,0.00,0.00,0.00,0.00,0.00,0.00,0.00,0.00,0.00,0.00,0.00,0.00,0.00,0.00,283061,513179,872770,291797,526458,888496,0,0,0,0,0,0,0,98391,0,139.94,139.98,140.02
373,0,0,0,0,93655,93655,93655,3624,3624,3624,591,591,591,0.00,0.00,0.00,0.00,0.00,0.00,0.00,0.00,0.00,0.00,0.00,0.00,0.00,0.00,0.00,0.00,0.00,0.00,0.00,0.00,0.00,298784,349238,490112,311892,363653,503216,0,0,0,0,0,0,0,96215,0,137.22,137.24,137.26
373,1,0,0,0,93623,93623,93623,3656,3656,3656,591,591,591,0.00,0.00,0.00,0.00,0.00,0.00,0.00,0.00,0.00,0.00,0.00,0.00,0.00,0.00,0.00,0.00,0.00,0.00,0.00,0.00,0.00,304027,432422,524186,317132,446836,539911,0,0,0,0,0,0,0,86508,0,123.49,123.50,123.52
373,2,0,0,0,93619,93619,93619,3660,3660,3660,591,591,591,0.00,0.00,0.00,0.00,0.00,0.00,0.00,0.00,0.00,0.00,0.00,0.00,0.00,0.00,0.00,0.00,0.00,0.00,0.00,0.00,0.00,309271,400349,663104,322376,414109,678830,0,0,0,0,0,0,0,75669,0,125.65,125.72,125.76
373,3,0,0,0,93659,93659,93659,3620,3620,3620,591,591,591,0.00,0.00,0.00,0.00,0.00,0.00,0.00,0.00,0.00,0.00,0.00,0.00,0.00,0.00,0.00,0.00,0.00,0.00,0.00,0.00,0.00,424593,727295,1187272,440316,740399,1200377,0,0,0,0,0,0,0,112139,0,139.78,139.85,139.93
374,0,0,0,0,93655,93655,93655,3624,3624,3624,591,591,591,0.00,0.00,0.00,0.00,0.00,0.00,0.00,0.00,0.00,0.00,0.00,0.00,0.00,0.00,0.00,0.00,0.00,0.00,0.00,0.00,0.00,290884,531346,1208242,301366,544880,1218726,0,0,0,0,0,0,0,109973,0,137.10,137.15,137.19
374,1,0,0,0,93623,93623,93623,3656,3656,3656,591,591,591,0.00,0.00,0.00,0.00,0.00,0.00,0.00,0.00,0.00,0.00,0.00,0.00,0.00,0.00,0.00,0.00,0.00,0.00,0.00,0.00,0.00,201962,336466,544728,208927,349928,560517,0,0,0,0,0,0,0,99039,0,123.48,123.53,123.57
374,2,0,0,0,93619,93619,93619,3660,3660,3660,591,591,591,0.00,0.00,0.00,0.00,0.00,0.00,0.00,0.00,0.00,0.00,0.00,0.00,0.00,0.00,0.00,0.00,0.00,0.00,0.00,0.00,0.00,311890,419621,715515,327616,432882,731241,0,0,0,0,0,0,0,100856,0,125.70,125.72,125.76
374,3,0,0,0,93659,93659,93659,3620,3620,3620,591,591,591,0.00,0.00,0.00,0.00,0.00,0.00,0.00,0.00,0.00,0.00,0.00,0.00,0.00,0.00,0.00,0.00,0.00,0.00,0.00,0.00,0.00,411487,482250,702399,427212,496403,715504,0,0,0,0,0,0,0,112264,0,139.78,139.83,139.90
375,0,0,0,0,93655,93655,93655,3624,3624,3624,591,591,591,0.00,0.00,0.00,0.00,0.00,0.00,0.00,0.00,0.00,0.00,0.00,0.00,0.00,0.00,0.00,0.00,0.00,0.00,0.00,0.00,0.00,197442,368148,710266,207926,381253,720750,0,0,0,0,0,0,0,109960,0,137.17,137.20,137.23
375,1,0,0,0,93623,93623,93623,3656,3656,3656,591,591,591,0.00,0.00,0.00,0.00,0.00,0.00,0.00,0.00,0.00,0.00,0.00,0.00,0.00,0.00,0.00,0.00,0.00,0.00,0.00,0.00,0.00,301405,384772,554320,314509,398395,567332,0,0,0,0,0,0,0,98970,0,123.48,123.55,123.60
375,2,0,0,0,93619,93619,93619,3660,3660,3660,591,591,591,0.00,0.00,0.00,0.00,0.00,0.00,0.00,0.00,0.00,0.00,0.00,0.00,0.00,0.00,0.00,0.00,0.00,0.00,0.00,0.00,0.00,308569,387962,676187,323997,401583,689291,0,0,0,0,0,0,0,100884,0,125.72,125.76,125.80
375,3,0,0,0,93659,93659,93659,3620,3620,3620,591,591,591,0.00,0.00,0.00,0.00,0.00,0.00,0.00,0.00,0.00,0.00,0.00,0.00,0.00,0.00,0.00,0.00,0.00,0.00,0.00,0.00,0.00,411409,498535,634511,427132,512678,647566,0,0,0,0,0,0,0,112365,0,139.84,139.88,139.91
376,0,0,0,0,93655,93655,93655,3624,3624,3624,591,591,591,0.00,0.00,0.00,0.00,0.00,0.00,0.00,0.00,0.00,0.00,0.00,0.00,0.00,0.00,0.00,0.00,0.00,0.00,0.00,0.00,0.00,296166,393662,600192,311892,407290,613296,0,0,0,0,0,0,0,109950,0,137.14,137.16,137.18
376,1,0,0,0,93623,93623,93623,3656,3656,3656,591,591,591,0.00,0.00,0.00,0.00,0.00,0.00,0.00,0.00,0.00,0.00,0.00,0.00,0.00,0.00,0.00,0.00,0.00,0.00,0.00,0.00,0.00,298785,306462,318425,314511,320608,331583,0,0,0,0,0,0,0,99015,0,123.44,123.47,123.49
376,2,0,0,0,93619,93619,93619,3660,3660,3660,591,591,591,0.00,0.00,0.00,0.00,0.00,0.00,0.00,0.00,0.00,0.00,0.00,0.00,0.00,0.00,0.00,0.00,0.00,0.00,0.00,0.00,0.00,314515,592856,1391721,327620,607009,1404826,0,0,0,0,0,0,0,113559,0,125.76,125.81,125.87
376,3,0,0,0,93659,93659,93659,3620,3620,3620,591,591,591,0.00,0.00,0.00,0.00,0.00,0.00,0.00,0.00,0.00,0.00,0.00,0.00,0.00,0.00,0.00,0.00,0.00,0.00,0.00,0.00,0.00,297027,597221,1420544,305763,610501,1433649,0,0,0,0,0,0,0,126564,0,139.94,139.96,140.00
377,0,0,0,0,93655,93655,93655,3624,3624,3624,591,591,591,0.00,0.00,0.00,0.00,0.00,0.00,0.00,0.00,0.00,0.00,0.00,0.00,0.00,0.00,0.00,0.00,0.00,0.00,0.00,0.00,0.00,293544,479630,1192521,306649,493783,1205626,0,0,0,0,0,0,0,123789,0,137.13,137.17,137.21
377,1,0,0,0,93623,93623,93623,3656,3656,3656,591,591,591,0.00,0.00,0.00,0.00,0.00,0.00,0.00,0.00,0.00,0.00,0.00,0.00,0.00,0.00,0.00,0.00,0.00,0.00,0.00,0.00,0.00,306646,436295,545155,319751,449919,558260,0,0,0,0,0,0,0,98815,0,123.35,123.36,123.39
377,2,0,0,0,93619,93619,93619,3660,3660,3660,591,591,591,0.00,0.00,0.00,0.00,0.00,0.00,0.00,0.00,0.00,0.00,0.00,0.00,0.00,0.00,0.00,0.00,0.00,0.00,0.00,0.00,0.00,306650,394707,705020,322376,408336,720746,0,0,0,0,0,0,0,100907,0,125.78,125.81,125.83
377,3,0,0,0,93659,93659,93659,3620,3620,3620,591,591,591,0.00,0.00,0.00,0.00,0.00,0.00,0.00,0.00,0.00,0.00,0.00,0.00,0.00,0.00,0.00,0.00,0.00,0.00,0.00,0.00,0.00,421971,541484,849170,432457,555113,859654,0,0,0,0,0,0,0,112401,0,139.90,139.94,140.02
378,0,0,0,0,93655,93655,93655,3624,3624,3624,591,591,591,0.00,0.00,0.00,0.00,0.00,0.00,0.00,0.00,0.00,0.00,0.00,0.00,0.00,0.00,0.00,0.00,0.00,0.00,0.00,0.00,0.00,290900,387530,594919,304004,400589,608023,0,0,0,0,0,0,0,110011,0,137.15,137.19,137.24
378,1,0,0,0,93623,93623,93623,3656,3656,3656,591,591,591,0.00,0.00,0.00,0.00,0.00,0.00,0.00,0.00,0.00,0.00,0.00,0.00,0.00,0.00,0.00,0.00,0.00,0.00,0.00,0.00,0.00,306645,341763,408861,322371,355208,421965,0,0,0,0,0,0,0,98875,0,123.34,123.38,123.41
378,2,0,0,0,93619,93619,93619,3660,3660,3660,591,591,591,0.00,0.00,0.00,0.00,0.00,0.00,0.00,0.00,0.00,0.00,0.00,0.00,0.00,0.00,0.00,0.00,0.00,0.00,0.00,0.00,0.00,207438,363774,673588,219538,376640,684072,0,0,0,0,0,0,0,100769,0,125.66,125.71,125.76
378,3,0,0,0,93659,93659,93659,3620,3620,3620,591,591,591,0.00,0.00,0.00,0.00,0.00,0.00,0.00,0.00,0.00,0.00,0.00,0.00,0.00,0.00,0.00,0.00,0.00,0.00,0.00,0.00,0.00,415821,464243,623790,431317,478350,636895,0,0,0,0,0,0,0,112412,0,140.05,140.09,140.13
379,0,0,0,0,93655,93655,93655,3624,3624,3624,591,591,591,0.00,0.00,0.00,0.00,0.00,0.00,0.00,0.00,0.00,0.00,0.00,0.00,0.00,0.00,0.00,0.00,0.00,0.00,0.00,0.00,0.00,298787,374268,639499,311892,387897,652604,0,0,0,0,0,0,0,109929,0,137.08,137.12,137.15
379,1,0,0,0,93623,93623,93623,3656,3656,3656,591,591,591,0.00,0.00,0.00,0.00,0.00,0.00,0.00,0.00,0.00,0.00,0.00,0.00,0.00,0.00,0.00,0.00,0.00,0.00,0.00,0.00,0.00,303113,423876,629021,317133,438019,644747,0,0,0,0,0,0,0,98961,0,123.38,123.46,123.54
379,2,0,0,0,93619,93619,93619,3660,3660,3660,591,591,591,0.00,0.00,0.00,0.00,0.00,0.00,0.00,0.00,0.00,0.00,0.00,0.00,0.00,0.00,0.00,0.00,0.00,0.00,0.00,0.00,0.00,311892,393757,689307,324996,407959,705033,0,0,0,0,0,0,0,113371,0,125.56,125.58,125.61
379,3,0,0,0,93659,93659,93659,3620,3620,3620,591,591,591,0.00,0.00,0.00,0.00,0.00,0.00,0.00,0.00,0.00,0.00,0.00,0.00,0.00,0.00,0.00,0.00,0.00,0.00,0.00,0.00,0.00,279568,432279,589712,288305,445034,602816,0,0,0,0,0,0,0,112491,0,140.01,140.04,140.10
380,0,0,0,0,93655,93655,93655,3624,3624,3624,591,591,591,0.00,0.00,0.00,0.00,0.00,0.00,0.00,0.00,0.00,0.00,0.00,0.00,0.00,0.00,0.00,0.00,0.00,0.00,0.00,0.00,0.00,296163,339142,487467,309271,353295,500571,0,0,0,0,0,0,0,82525,0,137.19,137.26,137.31
380,1,0,0,0,93623,93623,93623,3656,3656,3656,591,591,591,0.00,0.00,0.00,0.00,0.00,0.00,0.00,0.00,0.00,0.00,0.00,0.00,0.00,0.00,0.00,0.00,0.00,0.00,0.00,0.00,0.00,304024,367794,526804,317129,381414,539909,0,0,0,0,0,0,0,86476,0,123.38,123.45,123.51
380,2,0,0,0,93619,93619,93619,3660,3660,3660,591,591,591,0.00,0.00,0.00,0.00,0.00,0.00,0.00,0.00,0.00,0.00,0.00,0.00,0.00,0.00,0.00,0.00,0.00,0.00,0.00,0.00,0.00,311891,586037,1310467,327616,600190,1326193,0,0,0,0,0,0,0,100784,0,125.61,125.63,125.65
380,3,0,0,0,93659,93659,93659,3620,3620,3620,591,591,591,0.00,0.00,0.00,0.00,0.00,0.00,0.00,0.00,0.00,0.00,0.00,0.00,0.00,0.00,0.00,0.00,0.00,0.00,0.00,0.00,0.00,427189,754825,1127012,440293,768977,1140116,0,0,0,0,0,0,0,84336,0,140.14,140.19,140.24
381,0,0,0,0,93655,93655,93655,3624,3624,3624,591,591,591,0.00,0.00,0.00,0.00,0.00,0.00,0.00,0.00,0.00,0.00,0.00,0.00,0.00,0.00,0.00,0.00,0.00,0.00,0.00,0.00,0.00,296164,592986,1205633,309269,606745,1221358,0,0,0,0,0,0,0,123798,0,137.21,137.28,137.32
381,1,0,0,0,93623,93623,93623,3656,3656,3656,591,591,591,0.00,0.00,0.00,0.00,0.00,0.00,0.00,0.00,0.00,0.00,0.00,0.00,0.00,0.00,0.00,0.00,0.00,0.00,0.00,0.00,0.00,306647,378476,576603,319751,392225,589707,0,0,0,0,0,0,0,99028,0,123.38,123.46,123.51
381,2,0,0,0,93619,93619,93619,3660,3660,3660,591,591,591,0.00,0.00,0.00,0.00,0.00,0.00,0.00,0.00,0.00,0.00,0.00,0.00,0.00,0.00,0.00,0.00,0.00,0.00,0.00,0.00,0.00,311892,421316,731242,324996,435731,744347,0,0,0,0,0,0,0,75688,0,125.71,125.79,125.86
381,3,0,0,0,93659,93659,93659,3620,3620,3620,591,591,591,0.00,0.00,0.00,0.00,0.00,0.00,0.00,0.00,0.00,0.00,0.00,0.00,0.00,0.00,0.00,0.00,0.00,0.00,0.00,0.00,0.00,419351,492081,689308,432455,506495,702413,0,0,0,0,0,0,0,112525,0,140.16,140.19,140.20
382,0,0,0,0,93655,93655,93655,3624,3624,3624,591,591,591,0.00,0.00,0.00,0.00,0.00,0.00,0.00,0.00,0.00,0.00,0.00,0.00,0.00,0.00,0.00,0.00,0.00,0.00,0.00,0.00,0.00,204431,361282,694537,214915,374346,707642,0,0,0,0,0,0,0,110083,0,137.14,137.22,137.26
382,1,0,0,0,93623,93623,93623,3656,3656,3656,591,591,591,0.00,0.00,0.00,0.00,0.00,0.00,0.00,0.00,0.00,0.00,0.00,0.00,0.00,0.00,0.00,0.00,0.00,0.00,0.00,0.00,0.00,317132,381171,542530,330236,394271,555635,0,0,0,0,0,0,0,99004,0,123.52,123.54,123.56
382,2,0,0,0,93619,93619,93619,3660,3660,3660,591,591,591,0.00,0.00,0.00,0.00,0.00,0.00,0.00,0.00,0.00,0.00,0.00,0.00,0.00,0.00,0.00,0.00,0.00,0.00,0.00,0.00,0.00,209331,354984,631650,217981,367600,647375,0,0,0,0,0,0,0,100917,0,125.76,125.79,125.84
382,3,0,0,0,93659,93659,93659,3620,3620,3620,591,591,591,0.00,0.00,0.00,0.00,0.00,0.00,0.00,0.00,0.00,0.00,0.00,0.00,0.00,0.00,0.00,0.00,0.00,0.00,0.00,0.00,0.00,421971,448182,503222,435076,461811,518947,0,0,0,0,0,0,0,112543,0,140.18,140.20,140.23
383,0,0,0,0,93655,93655,93655,3624,3624,3624,591,591,591,0.00,0.00,0.00,0.00,0.00,0.00,0.00,0.00,0.00,0.00,0.00,0.00,0.00,0.00,0.00,0.00,0.00,0.00,0.00,0.00,0.00,296165,366403,594955,309269,380556,608060,0,0,0,0,0,0,0,109930,0,137.09,137.14,137.25
383,1,0,0,0,93623,93623,93623,3656,3656,3656,591,591,591,0.00,0.00,0.00,0.00,0.00,0.00,0.00,0.00,0.00,0.00,0.00,0.00,0.00,0.00,0.00,0.00,0.00,0.00,0.00,0.00,0.00,301831,370670,615851,312239,384299,634274,0,0,0,0,0,0,0,99018,0,123.51,123.54,123.56
383,2,0,0,0,93619,93619,93619,3660,3660,3660,591,591,591,0.00,0.00,0.00,0.00,0.00,0.00,0.00,0.00,0.00,0.00,0.00,0.00,0.00,0.00,0.00,0.00,0.00,0.00,0.00,0.00,0.00,311885,603693,1355021,327611,617432,1368125,0,0,0,0,0,0,0,113477,0,125.73,125.77,125.81
383,3,0,0,0,93659,93659,93659,3620,3620,3620,591,591,591,0.00,0.00,0.00,0.00,0.00,0.00,0.00,0.00,0.00,0.00,0.00,0.00,0.00,0.00,0.00,0.00,0.00,0.00,0.00,0.00,0.00,284812,432797,600186,291801,446251,615912,0,0,0,0,0,0,0,126461,0,140.04,140.11,140.16
384,0,0,0,0,93655,93655,93655,3624,3624,3624,591,591,591,0.00,0.00,0.00,0.00,0.00,0.00,0.00,0.00,0.00,0.00,0.00,0.00,0.00,0.00,0.00,0.00,0.00,0.00,0.00,0.00,0.00,298784,335478,466525,311888,349107,479630,0,0,0,0,0,0,0,123686,0,137.09,137.14,137.18
384,1,0,0,0,93623,93623,93623,3656,3656,3656,591,591,591,0.00,0.00,0.00,0.00,0.00,0.00,0.00,0.00,0.00,0.00,0.00,0.00,0.00,0.00,0.00,0.00,0.00,0.00,0.00,0.00,0.00,298788,408932,549236,311892,423074,564854,0,0,0,0,0,0,0,111260,0,123.45,123.51,123.55
384,2,0,0,0,93619,93619,93619,3660,3660,3660,591,591,591,0.00,0.00,0.00,0.00,0.00,0.00,0.00,0.00,0.00,0.00,0.00,0.00,0.00,0.00,0.00,0.00,0.00,0.00,0.00,0.00,0.00,311891,381607,649994,324996,395760,663098,0,0,0,0,0,0,0,100946,0,125.82,125.90,125.93
384,3,0,0,0,93659,93659,93659,3620,3620,3620,591,591,591,0.00,0.00,0.00,0.00,0.00,0.00,0.00,0.00,0.00,0.00,0.00,0.00,0.00,0.00,0.00,0.00,0.00,0.00,0.00,0.00,0.00,424592,752731,1250181,437697,766360,1265907,0,0,0,0,0,0,0,112346,0,139.92,139.97,140.01
385,0,0,0,0,93655,93655,93655,3624,3624,3624,591,591,591,0.00,0.00,0.00,0.00,0.00,0.00,0.00,0.00,0.00,0.00,0.00,0.00,0.00,0.00,0.00,0.00,0.00,0.00,0.00,0.00,0.00,298786,530996,1161078,314511,544625,1176804,0,0,0,0,0,0,0,109862,0,137.00,137.05,137.15
385,1,0,0,0,93623,93623,93623,3656,3656,3656,591,591,591,0.00,0.00,0.00,0.00,0.00,0.00,0.00,0.00,0.00,0.00,0.00,0.00,0.00,0.00,0.00,0.00,0.00,0.00,0.00,0.00,0.00,306117,320912,346063,321815,333995,356550,0,0,0,0,0,0,0,98903,0,123.43,123.45,123.46
385,2,0,0,0,93619,93619,93619,3660,3660,3660,591,591,591,0.00,0.00,0.00,0.00,0.00,0.00,0.00,0.00,0.00,0.00,0.00,0.00,0.00,0.00,0.00,0.00,0.00,0.00,0.00,0.00,0.00,319736,467571,746970,332840,481725,760075,0,0,0,0,0,0,0,100838,0,125.72,125.78,125.83
385,3,0,0,0,93659,93659,93659,3620,3620,3620,591,591,591,0.00,0.00,0.00,0.00,0.00,0.00,0.00,0.00,0.00,0.00,0.00,0.00,0.00,0.00,0.00,0.00,0.00,0.00,0.00,0.00,0.00,419343,488536,723372,432448,502689,739098,0,0,0,0,0,0,0,112435,0,139.97,140.01,140.04
386,0,0,0,0,93655,93655,93655,3624,3624,3624,591,591,591,0.00,0.00,0.00,0.00,0.00,0.00,0.00,0.00,0.00,0.00,0.00,0.00,0.00,0.00,0.00,0.00,0.00,0.00,0.00,0.00,0.00,214916,370311,694425,223653,383542,704907,0,0,0,0,0,0,0,109919,0,136.99,137.06,137.11
386,1,0,0,0,93623,93623,93623,3656,3656,3656,591,591,591,0.00,0.00,0.00,0.00,0.00,0.00,0.00,0.00,0.00,0.00,0.00,0.00,0.00,0.00,0.00,0.00,0.00,0.00,0.00,0.00,0.00,298786,376280,544737,311891,390431,560450,0,0,0,0,0,0,0,98991,0,123.41,123.47,123.51
386,2,0,0,0,93619,93619,93619,3660,3660,3660,591,591,591,0.00,0.00,0.00,0.00,0.00,0.00,0.00,0.00,0.00,0.00,0.00,0.00,0.00,0.00,0.00,0.00,0.00,0.00,0.00,0.00,0.00,204558,363291,657868,213082,376003,673594,0,0,0,0,0,0,0,100962,0,125.67,125.71,125.81
386,3,0,0,0,93659,93659,93659,3620,3620,3620,591,591,591,0.00,0.00,0.00,0.00,0.00,0.00,0.00,0.00,0.00,0.00,0.00,0.00,0.00,0.00,0.00,0.00,0.00,0.00,0.00,0.00,0.00,416727,475438,581850,429832,489591,597576,0,0,0,0,0,0,0,112438,0,139.94,140.01,140.06
387,0,0,0,0,93655,93655,93655,3624,3624,3624,591,591,591,0.00,0.00,0.00,0.00,0.00,0.00,0.00,0.00,0.00,0.00,0.00,0.00,0.00,0.00,0.00,0.00,0.00,0.00,0.00,0.00,0.00,296162,389988,566122,309267,404141,581847,0,0,0,0,0,0,0,109826,0,137.09,137.15,137.22
387,1,0,0,0,93623,93623,93623,3656,3656,3656,591,591,591,0.00,0.00,0.00,0.00,0.00,0.00,0.00,0.00,0.00,0.00,0.00,0.00,0.00,0.00,0.00,0.00,0.00,0.00,0.00,0.00,0.00,301406,317021,342784,314510,330645,355867,0,0,0,0,0,0,0,74206,0,123.35,123.40,123.46
387,2,0,0,0,93619,93619,93619,3660,3660,3660,591,591,591,0.00,0.00,0.00,0.00,0.00,0.00,0.00,0.00,0.00,0.00,0.00,0.00,0.00,0.00,0.00,0.00,0.00,0.00,0.00,0.00,0.00,314513,587087,1341925,327618,601239,1355030,0,0,0,0,0,0,0,113578,0,125.79,125.82,125.85
387,3,0,0,0,93659,93659,93659,3620,3620,3620,591,591,591,0.00,0.00,0.00,0.00,0.00,0.00,0.00,0.00,0.00,0.00,0.00,0.00,0.00,0.00,0.00,0.00,0.00,0.00,0.00,0.00,0.00,283062,590761,1402209,293545,603341,1415314,0,0,0,0,0,0,0,98340,0,139.88,139.96,140.03
388,0,0,0,0,93655,93655,93655,3624,3624,3624,591,591,591,0.00,0.00,0.00,0.00,0.00,0.00,0.00,0.00,0.00,0.00,0.00,0.00,0.00,0.00,0.00,0.00,0.00,0.00,0.00,0.00,0.00,296165,529425,1221342,311890,543185,1234447,0,0,0,0,0,0,0,96278,0,137.00,137.04,137.07
388,1,0,0,0,93623,93623,93623,3656,3656,3656,591,591,591,0.00,0.00,0.00,0.00,0.00,0.00,0.00,0.00,0.00,0.00,0.00,0.00,0.00,0.00,0.00,0.00,0.00,0.00,0.00,0.00,0.00,309270,439930,547774,322375,454331,560878,0,0,0,0,0,0,0,111225,0,123.46,123.50,123.53
388,2,0,0,0,93619,93619,93619,3660,3660,3660,591,591,591,0.00,0.00,0.00,0.00,0.00,0.00,0.00,0.00,0.00,0.00,0.00,0.00,0.00,0.00,0.00,0.00,0.00,0.00,0.00,0.00,0.00,314513,416726,702400,330239,430487,715505,0,0,0,0,0,0,0,75621,0,125.73,125.81,125.86
388,3,0,0,0,93659,93659,93659,3620,3620,3620,591,591,591,0.00,0.00,0.00,0.00,0.00,0.00,0.00,0.00,0.00,0.00,0.00,0.00,0.00,0.00,0.00,0.00,0.00,0.00,0.00,0.00,0.00,414108,532698,872765,427213,546458,885870,0,0,0,0,0,0,0,112451,0,139.93,139.98,140.08
389,0,0,0,0,93655,93655,93655,3624,3624,3624,591,591,591,0.00,0.00,0.00,0.00,0.00,0.00,0.00,0.00,0.00,0.00,0.00,0.00,0.00,0.00,0.00,0.00,0.00,0.00,0.00,0.00,0.00,298785,353301,555638,311890,367454,568743,0,0,0,0,0,0,0,109900,0,137.07,137.10,137.12
389,1,0,0,0,93623,93623,93623,3656,3656,3656,591,591,591,0.00,0.00,0.00,0.00,0.00,0.00,0.00,0.00,0.00,0.00,0.00,0.00,0.00,0.00,0.00,0.00,0.00,0.00,0.00,0.00,0.00,225399,367872,542536,234135,380601,555641,0,0,0,0,0,0,0,99011,0,123.40,123.44,123.51
389,2,0,0,0,93619,93619,93619,3660,3660,3660,591,591,591,0.00,0.00,0.00,0.00,0.00,0.00,0.00,0.00,0.00,0.00,0.00,0.00,0.00,0.00,0.00,0.00,0.00,0.00,0.00,0.00,0.00,314513,383181,642132,327620,397335,657858,0,0,0,0,0,0,0,100971,0,125.72,125.82,125.88
389,3,0,0,0,93659,93659,93659,3620,3620,3620,591,591,591,0.00,0.00,0.00,0.00,0.00,0.00,0.00,0.00,0.00,0.00,0.00,0.00,0.00,0.00,0.00,0.00,0.00,0.00,0.00,0.00,0.00,419349,513179,699789,432454,527332,712893,0,0,0,0,0,0,0,112606,0,140.07,140.17,140.25
390,0,0,0,0,93655,93655,93655,3624,3624,3624,591,591,591,0.00,0.00,0.00,0.00,0.00,0.00,0.00,0.00,0.00,0.00,0.00,0.00,0.00,0.00,0.00,0.00,0.00,0.00,0.00,0.00,0.00,206041,420036,649247,214771,433219,661879,0,0,0,0,0,0,0,109891,0,137.05,137.08,137.10
390,1,0,0,0,93623,93623,93623,3656,3656,3656,591,591,591,0.00,0.00,0.00,0.00,0.00,0.00,0.00,0.00,0.00,0.00,0.00,0.00,0.00,0.00,0.00,0.00,0.00,0.00,0.00,0.00,0.00,301407,361164,529430,317132,375317,539913,0,0,0,0,0,0,0,98938,0,123.45,123.53,123.60
390,2,0,0,0,93619,93619,93619,3660,3660,3660,591,591,591,0.00,0.00,0.00,0.00,0.00,0.00,0.00,0.00,0.00,0.00,0.00,0.00,0.00,0.00,0.00,0.00,0.00,0.00,0.00,0.00,0.00,308531,342183,444623,321386,354745,455004,0,0,0,0,0,0,0,100930,0,125.83,125.87,125.92
390,3,0,0,0,93659,93659,93659,3620,3620,3620,591,591,591,0.00,0.00,0.00,0.00,0.00,0.00,0.00,0.00,0.00,0.00,0.00,0.00,0.00,0.00,0.00,0.00,0.00,0.00,0.00,0.00,0.00,417225,448805,511082,432677,462903,524187,0,0,0,0,0,0,0,112665,0,140.22,140.25,140.28
391,0,0,0,0,93655,93655,93655,3624,3624,3624,591,591,591,0.00,0.00,0.00,0.00,0.00,0.00,0.00,0.00,0.00,0.00,0.00,0.00,0.00,0.00,0.00,0.00,0.00,0.00,0.00,0.00,0.00,293617,329697,453421,306725,343326,466526,0,0,0,0,0,0,0,109845,0,137.04,137.07,137.10
391,1,0,0,0,93623,93623,93623,3656,3656,3656,591,591,591,0.00,0.00,0.00,0.00,0.00,0.00,0.00,0.00,0.00,0.00,0.00,0.00,0.00,0.00,0.00,0.00,0.00,0.00,0.00,0.00,0.00,301408,356966,547773,314513,370596,560877,0,0,0,0,0,0,0,111317,0,123.33,123.39,123.44
391,2,0,0,0,93619,93619,93619,3660,3660,3660,591,591,591,0.00,0.00,0.00,0.00,0.00,0.00,0.00,0.00,0.00,0.00,0.00,0.00,0.00,0.00,0.00,0.00,0.00,0.00,0.00,0.00,0.00,314513,594952,1389104,327618,609105,1404830,0,0,0,0,0,0,0,100908,0,125.86,125.88,125.90
391,3,0,0,0,93659,93659,93659,3620,3620,3620,591,591,591,0.00,0.00,0.00,0.00,0.00,0.00,0.00,0.00,0.00,0.00,0.00,0.00,0.00,0.00,0.00,0.00,0.00,0.00,0.00,0.00,0.00,283051,676724,1407451,291787,689480,1420556,0,0,0,0,0,0,0,126593,0,140.10,140.15,140.21
392,0,0,0,0,93655,93655,93655,3624,3624,3624,591,591,591,0.00,0.00,0.00,0.00,0.00,0.00,0.00,0.00,0.00,0.00,0.00,0.00,0.00,0.00,0.00,0.00,0.00,0.00,0.00,0.00,0.00,298787,538337,1174163,311890,552490,1189888,0,0,0,0,0,0,0,123589,0,136.93,136.97,136.99
392,1,0,0,0,93623,93623,93623,3656,3656,3656,591,591,591,0.00,0.00,0.00,0.00,0.00,0.00,0.00,0.00,0.00,0.00,0.00,0.00,0.00,0.00,0.00,0.00,0.00,0.00,0.00,0.00,0.00,304025,373666,521567,317130,387291,537293,0,0,0,0,0,0,0,98838,0,123.39,123.45,123.51
392,2,0,0,0,93619,93619,93619,3660,3660,3660,591,591,591,0.00,0.00,0.00,0.00,0.00,0.00,0.00,0.00,0.00,0.00,0.00,0.00,0.00,0.00,0.00,0.00,0.00,0.00,0.00,0.00,0.00,309274,392090,702417,322379,406242,718142,0,0,0,0,0,0,0,100883,0,125.73,125.76,125.81
392,3,0,0,0,93659,93659,93659,3620,3620,3620,591,591,591,0.00,0.00,0.00,0.00,0.00,0.00,0.00,0.00,0.00,0.00,0.00,0.00,0.00,0.00,0.00,0.00,0.00,0.00,0.00,0.00,0.00,419347,484872,715513,432452,498501,731239,0,0,0,0,0,0,0,112430,0,140.05,140.07,140.11
393,0,0,0,0,93655,93655,93655,3624,3624,3624,591,591,591,0.00,0.00,0.00,0.00,0.00,0.00,0.00,0.00,0.00,0.00,0.00,0.00,0.00,0.00,0.00,0.00,0.00,0.00,0.00,0.00,0.00,298787,373900,642134,309271,387486,655238,0,0,0,0,0,0,0,109931,0,136.99,137.03,137.08
393,1,0,0,0,93623,93623,93623,3656,3656,3656,591,591,591,0.00,0.00,0.00,0.00,0.00,0.00,0.00,0.00,0.00,0.00,0.00,0.00,0.00,0.00,0.00,0.00,0.00,0.00,0.00,0.00,0.00,259824,397926,581849,270287,411551,597574,0,0,0,0,0,0,0,98917,0,123.40,123.45,123.49
393,2,0,0,0,93619,93619,93619,3660,3660,3660,591,591,591,0.00,0.00,0.00,0.00,0.00,0.00,0.00,0.00,0.00,0.00,0.00,0.00,0.00,0.00,0.00,0.00,0.00,0.00,0.00,0.00,0.00,314507,383181,652619,327618,397334,665724,0,0,0,0,0,0,0,100838,0,125.78,125.82,125.86
393,3,0,0,0,93659,93659,93659,3620,3620,3620,591,591,591,0.00,0.00,0.00,0.00,0.00,0.00,0.00,0.00,0.00,0.00,0.00,0.00,0.00,0.00,0.00,0.00,0.00,0.00,0.00,0.00,0.00,419343,438215,497953,435069,452368,513678,0,0,0,0,0,0,0,112663,0,140.00,140.10,140.21
394,0,0,0,0,93655,93655,93655,3624,3624,3624,591,591,591,0.00,0.00,0.00,0.00,0.00,0.00,0.00,0.00,0.00,0.00,0.00,0.00,0.00,0.00,0.00,0.00,0.00,0.00,0.00,0.00,0.00,301394,327963,421098,311888,341068,431582,0,0,0,0,0,0,0,109895,0,137.09,137.11,137.13
394,1,0,0,0,93623,93623,93623,3656,3656,3656,591,591,591,0.00,0.00,0.00,0.00,0.00,0.00,0.00,0.00,0.00,0.00,0.00,0.00,0.00,0.00,0.00,0.00,0.00,0.00,0.00,0.00,0.00,297870,313800,327614,310934,327420,340718,0,0,0,0,0,0,0,98999,0,123.39,123.43,123.48
394,2,0,0,0,93619,93619,93619,3660,3660,3660,591,591,591,0.00,0.00,0.00,0.00,0.00,0.00,0.00,0.00,0.00,0.00,0.00,0.00,0.00,0.00,0.00,0.00,0.00,0.00,0.00,0.00,0.00,205416,578379,1334060,215773,590410,1344544,0,0,0,0,0,0,0,113625,0,125.71,125.81,125.90
394,3,0,0,0,93659,93659,93659,3620,3620,3620,591,591,591,0.00,0.00,0.00,0.00,0.00,0.00,0.00,0.00,0.00,0.00,0.00,0.00,0.00,0.00,0.00,0.00,0.00,0.00,0.00,0.00,0.00,281314,421909,563507,290051,435139,579233,0,0,0,0,0,0,0,112333,0,139.98,140.18,140.30
395,0,0,0,0,93655,93655,93655,3624,3624,3624,591,591,591,0.00,0.00,0.00,0.00,0.00,0.00,0.00,0.00,0.00,0.00,0.00,0.00,0.00,0.00,0.00,0.00,0.00,0.00,0.00,0.00,0.00,298785,352512,471772,311890,366272,484876,0,0,0,0,0,0,0,82375,0,137.13,137.15,137.17
395,1,0,0,0,93623,93623,93623,3656,3656,3656,591,591,591,0.00,0.00,0.00,0.00,0.00,0.00,0.00,0.00,0.00,0.00,0.00,0.00,0.00,0.00,0.00,0.00,0.00,0.00,0.00,0.00,0.00,301409,384227,538332,317135,398633,551398,0,0,0,0,0,0,0,86493,0,123.45,123.49,123.52
395,2,0,0,0,93619,93619,93619,3660,3660,3660,591,591,591,0.00,0.00,0.00,0.00,0.00,0.00,0.00,0.00,0.00,0.00,0.00,0.00,0.00,0.00,0.00,0.00,0.00,0.00,0.00,0.00,0.00,311894,400995,657824,327620,416065,670928,0,0,0,0,0,0,0,75687,0,125.84,125.87,125.91
395,3,0,0,0,93659,93659,93659,3620,3620,3620,591,591,591,0.00,0.00,0.00,0.00,0.00,0.00,0.00,0.00,0.00,0.00,0.00,0.00,0.00,0.00,0.00,0.00,0.00,0.00,0.00,0.00,0.00,421967,775797,1423169,437692,790212,1436274,0,0,0,0,0,0,0,84178,0,139.89,139.92,139.95
396,0,0,0,0,93655,93655,93655,3624,3624,3624,591,591,591,0.00,0.00,0.00,0.00,0.00,0.00,0.00,0.00,0.00,0.00,0.00,0.00,0.00,0.00,0.00,0.00,0.00,0.00,0.00,0.00,0.00,301408,540962,1258057,314511,554591,1271162,0,0,0,0,0,0,0,109906,0,137.08,137.12,137.15
396,1,0,0,0,93623,93623,93623,3656,3656,3656,591,591,591,0.00,0.00,0.00,0.00,0.00,0.00,0.00,0.00,0.00,0.00,0.00,0.00,0.00,0.00,0.00,0.00,0.00,0.00,0.00,0.00,0.00,303243,384465,505837,317135,397962,516320,0,0,0,0,0,0,0,98923,0,123.33,123.37,123.40
396,2,0,0,0,93619,93619,93619,3660,3660,3660,591,591,591,0.00,0.00,0.00,0.00,0.00,0.00,0.00,0.00,0.00,0.00,0.00,0.00,0.00,0.00,0.00,0.00,0.00,0.00,0.00,0.00,0.00,314513,392616,702413,324997,405721,715518,0,0,0,0,0,0,0,100900,0,125.84,125.86,125.88
396,3,0,0,0,93659,93659,93659,3620,3620,3620,591,591,591,0.00,0.00,0.00,0.00,0.00,0.00,0.00,0.00,0.00,0.00,0.00,0.00,0.00,0.00,0.00,0.00,0.00,0.00,0.00,0.00,0.00,427191,472811,652606,437674,486440,665711,0,0,0,0,0,0,0,112423,0,139.98,140.02,140.09
397,0,0,0,0,93655,93655,93655,3624,3624,3624,591,591,591,0.00,0.00,0.00,0.00,0.00,0.00,0.00,0.00,0.00,0.00,0.00,0.00,0.00,0.00,0.00,0.00,0.00,0.00,0.00,0.00,0.00,298788,380599,684063,311893,394710,699789,0,0,0,0,0,0,0,109924,0,137.03,137.06,137.09
397,1,0,0,0,93623,93623,93623,3656,3656,3656,591,591,591,0.00,0.00,0.00,0.00,0.00,0.00,0.00,0.00,0.00,0.00,0.00,0.00,0.00,0.00,0.00,0.00,0.00,0.00,0.00,0.00,0.00,301371,338440,379159,314474,351545,389643,0,0,0,0,0,0,0,99036,0,123.41,123.48,123.54
397,2,0,0,0,93619,93619,93619,3660,3660,3660,591,591,591,0.00,0.00,0.00,0.00,0.00,0.00,0.00,0.00,0.00,0.00,0.00,0.00,0.00,0.00,0.00,0.00,0.00,0.00,0.00,0.00,0.00,314514,458658,697137,327618,473335,715483,0,0,0,0,0,0,0,100897,0,125.77,125.81,125.83
397,3,0,0,0,93659,93659,93659,3620,3620,3620,591,591,591,0.00,0.00,0.00,0.00,0.00,0.00,0.00,0.00,0.00,0.00,0.00,0.00,0.00,0.00,0.00,0.00,0.00,0.00,0.00,0.00,0.00,421974,454470,560872,437698,468623,573977,0,0,0,0,0,0,0,112645,0,140.06,140.12,140.16
398,0,0,0,0,93655,93655,93655,3624,3624,3624,591,591,591,0.00,0.00,0.00,0.00,0.00,0.00,0.00,0.00,0.00,0.00,0.00,0.00,0.00,0.00,0.00,0.00,0.00,0.00,0.00,0.00,0.00,200938,345256,608054,209675,358535,621158,0,0,0,0,0,0,0,109910,0,137.01,137.06,137.11
398,1,0,0,0,93623,93623,93623,3656,3656,3656,591,591,591,0.00,0.00,0.00,0.00,0.00,0.00,0.00,0.00,0.00,0.00,0.00,0.00,0.00,0.00,0.00,0.00,0.00,0.00,0.00,0.00,0.00,301406,309792,322373,317131,323946,335478,0,0,0,0,0,0,0,98987,0,123.50,123.53,123.58
398,2,0,0,0,93619,93619,93619,3660,3660,3660,591,591,591,0.00,0.00,0.00,0.00,0.00,0.00,0.00,0.00,0.00,0.00,0.00,0.00,0.00,0.00,0.00,0.00,0.00,0.00,0.00,0.00,0.00,219788,502622,1349773,226711,515539,1365498,0,0,0,0,0,0,0,113597,0,125.77,125.82,125.87
398,3,0,0,0,93659,93659,93659,3620,3620,3620,591,591,591,0.00,0.00,0.00,0.00,0.00,0.00,0.00,0.00,0.00,0.00,0.00,0.00,0.00,0.00,0.00,0.00,0.00,0.00,0.00,0.00,0.00,286560,416151,541465,295297,428852,554296,0,0,0,0,0,0,0,126543,0,140.07,140.10,140.16
399,0,0,0,0,93655,93655,93655,3624,3624,3624,591,591,591,0.00,0.00,0.00,0.00,0.00,0.00,0.00,0.00,0.00,0.00,0.00,0.00,0.00,0.00,0.00,0.00,0.00,0.00,0.00,0.00,0.00,296167,510558,1176800,309271,524711,1192525,0,0,0,0,0,0,0,123623,0,137.01,137.08,137.12
399,1,0,0,0,93623,93623,93623,3656,3656,3656,591,591,591,0.00,0.00,0.00,0.00,0.00,0.00,0.00,0.00,0.00,0.00,0.00,0.00,0.00,0.00,0.00,0.00,0.00,0.00,0.00,0.00,0.00,306633,395755,532048,317116,409384,547773,0,0,0,0,0,0,0,111191,0,123.41,123.48,123.56
399,2,0,0,0,93619,93619,93619,3660,3660,3660,591,591,591,0.00,0.00,0.00,0.00,0.00,0.00,0.00,0.00,0.00,0.00,0.00,0.00,0.00,0.00,0.00,0.00,0.00,0.00,0.00,0.00,0.00,314506,459187,710276,327611,473340,726002,0,0,0,0,0,0,0,100970,0,125.80,125.84,125.87
399,3,0,0,0,93659,93659,93659,3620,3620,3620,591,591,591,0.00,0.00,0.00,0.00,0.00,0.00,0.00,0.00,0.00,0.00,0.00,0.00,0.00,0.00,0.00,0.00,0.00,0.00,0.00,0.00,0.00,421969,703453,1486039,432459,717082,1499143,0,0,0,0,0,0,0,112443,0,140.01,140.02,140.05
400,0,0,0,0,93655,93655,93655,3624,3624,3624,591,591,591,0.00,0.00,0.00,0.00,0.00,0.00,0.00,0.00,0.00,0.00,0.00,0.00,0.00,0.00,0.00,0.00,0.00,0.00,0.00,0.00,0.00,301390,366403,602814,314516,380032,615918,0,0,0,0,0,0,0,109922,0,137.03,137.05,137.09
400,1,0,0,0,93623,93623,93623,3656,3656,3656,591,591,591,0.00,0.00,0.00,0.00,0.00,0.00,0.00,0.00,0.00,0.00,0.00,0.00,0.00,0.00,0.00,0.00,0.00,0.00,0.00,0.00,0.00,301405,365411,505843,314509,379515,518948,0,0,0,0,0,0,0,99013,0,123.36,123.41,123.49
400,2,0,0,0,93619,93619,93619,3660,3660,3660,591,591,591,0.00,0.00,0.00,0.00,0.00,0.00,0.00,0.00,0.00,0.00,0.00,0.00,0.00,0.00,0.00,0.00,0.00,0.00,0.00,0.00,0.00,311874,382127,660462,324978,395755,673566,0,0,0,0,0,0,0,100913,0,125.80,125.84,125.89
400,3,0,0,0,93659,93659,93659,3620,3620,3620,591,591,591,0.00,0.00,0.00,0.00,0.00,0.00,0.00,0.00,0.00,0.00,0.00,0.00,0.00,0.00,0.00,0.00,0.00,0.00,0.00,0.00,0.00,416729,500067,710263,432455,514220,725988,0,0,0,0,0,0,0,112552,0,140.11,140.15,140.19
401,0,0,0,0,93655,93655,93655,3624,3624,3624,591,591,591,0.00,0.00,0.00,0.00,0.00,0.00,0.00,0.00,0.00,0.00,0.00,0.00,0.00,0.00,0.00,0.00,0.00,0.00,0.00,0.00,0.00,302020,438846,657856,314926,452959,670960,0,0,0,0,0,0,0,109926,0,137.00,137.03,137.06
401,1,0,0,0,93623,93623,93623,3656,3656,3656,591,591,591,0.00,0.00,0.00,0.00,0.00,0.00,0.00,0.00,0.00,0.00,0.00,0.00,0.00,0.00,0.00,0.00,0.00,0.00,0.00,0.00,0.00,216654,336874,542537,227137,349454,555641,0,0,0,0,0,0,0,98912,0,123.46,123.49,123.53
401,2,0,0,0,93619,93619,93619,3660,3660,3660,591,591,591,0.00,0.00,0.00,0.00,0.00,0.00,0.00,0.00,0.00,0.00,0.00,0.00,0.00,0.00,0.00,0.00,0.00,0.00,0.00,0.00,0.00,311886,393664,663101,324991,407818,676206,0,0,0,0,0,0,0,100856,0,125.69,125.72,125.75
401,3,0,0,0,93659,93659,93659,3620,3620,3620,591,591,591,0.00,0.00,0.00,0.00,0.00,0.00,0.00,0.00,0.00,0.00,0.00,0.00,0.00,0.00,0.00,0.00,0.00,0.00,0.00,0.00,0.00,419354,459906,594958,435080,474018,608063,0,0,0,0,0,0,0,112646,0,140.10,140.14,140.21
402,0,0,0,0,93655,93655,93655,3624,3624,3624,591,591,591,0.00,0.00,0.00,0.00,0.00,0.00,0.00,0.00,0.00,0.00,0.00,0.00,0.00,0.00,0.00,0.00,0.00,0.00,0.00,0.00,0.00,197444,312587,461284,206180,325342,477010,0,0,0,0,0,0,0,109830,0,137.03,137.09,137.14
402,1,0,0,0,93623,93623,93623,3656,3656,3656,591,591,591,0.00,0.00,0.00,0.00,0.00,0.00,0.00,0.00,0.00,0.00,0.00,0.00,0.00,0.00,0.00,0.00,0.00,0.00,0.00,0.00,0.00,296163,359066,545156,311889,373219,558261,0,0,0,0,0,0,0,74183,0,123.34,123.44,123.49
402,2,0,0,0,93619,93619,93619,3660,3660,3660,591,591,591,0.00,0.00,0.00,0.00,0.00,0.00,0.00,0.00,0.00,0.00,0.00,0.00,0.00,0.00,0.00,0.00,0.00,0.00,0.00,0.00,0.00,309778,539423,985593,325801,552445,995886,0,0,0,0,0,0,0,100768,0,125.63,125.67,125.74
402,3,0,0,0,93659,93659,93659,3620,3620,3620,591,591,591,0.00,0.00,0.00,0.00,0.00,0.00,0.00,0.00,0.00,0.00,0.00,0.00,0.00,0.00,0.00,0.00,0.00,0.00,0.00,0.00,0.00,281316,677948,1375997,290052,691228,1389102,0,0,0,0,0,0,0,98508,0,140.05,140.16,140.22
403,0,0,0,0,93655,93655,93655,3624,3624,3624,591,591,591,0.00,0.00,0.00,0.00,0.00,0.00,0.00,0.00,0.00,0.00,0.00,0.00,0.00,0.00,0.00,0.00,0.00,0.00,0.00,0.00,0.00,296166,532049,1213489,311891,545808,1229215,0,0,0,0,0,0,0,96429,0,137.07,137.13,137.20
403,1,0,0,0,93623,93623,93623,3656,3656,3656,591,591,591,0.00,0.00,0.00,0.00,0.00,0.00,0.00,0.00,0.00,0.00,0.00,0.00,0.00,0.00,0.00,0.00,0.00,0.00,0.00,0.00,0.00,311893,381344,513705,324998,395104,529430,0,0,0,0,0,0,0,98854,0,123.36,123.39,123.42
403,2,0,0,0,93619,93619,93619,3660,3660,3660,591,591,591,0.00,0.00,0.00,0.00,0.00,0.00,0.00,0.00,0.00,0.00,0.00,0.00,0.00,0.00,0.00,0.00,0.00,0.00,0.00,0.00,0.00,309270,412796,707654,322375,426556,720759,0,0,0,0,0,0,0,75699,0,125.63,125.71,125.80
403,3,0,0,0,93659,93659,93659,3620,3620,3620,591,591,591,0.00,0.00,0.00,0.00,0.00,0.00,0.00,0.00,0.00,0.00,0.00,0.00,0.00,0.00,0.00,0.00,0.00,0.00,0.00,0.00,0.00,419326,495348,712891,432457,509108,725995,0,0,0,0,0,0,0,112353,0,139.96,139.98,139.99
404,0,0,0,0,93655,93655,93655,3624,3624,3624,591,591,591,0.00,0.00,0.00,0.00,0.00,0.00,0.00,0.00,0.00,0.00,0.00,0.00,0.00,0.00,0.00,0.00,0.00,0.00,0.00,0.00,0.00,301407,428785,678822,314512,443462,694547,0,0,0,0,0,0,0,109866,0,137.06,137.19,137.28
404,1,0,0,0,93623,93623,93623,3656,3656,3656,591,591,591,0.00,0.00,0.00,0.00,0.00,0.00,0.00,0.00,0.00,0.00,0.00,0.00,0.00,0.00,0.00,0.00,0.00,0.00,0.00,0.00,0.00,304028,386275,555605,319700,400352,568709,0,0,0,0,0,0,0,98916,0,123.47,123.49,123.50
404,2,0,0,0,93619,93619,93619,3660,3660,3660,591,591,591,0.00,0.00,0.00,0.00,0.00,0.00,0.00,0.00,0.00,0.00,0.00,0.00,0.00,0.00,0.00,0.00,0.00,0.00,0.00,0.00,0.00,309271,387372,676198,322376,401001,691924,0,0,0,0,0,0,0,100875,0,125.79,125.83,125.86
404,3,0,0,0,93659,93659,93659,3620,3620,3620,591,591,591,0.00,0.00,0.00,0.00,0.00,0.00,0.00,0.00,0.00,0.00,0.00,0.00,0.00,0.00,0.00,0.00,0.00,0.00,0.00,0.00,0.00,414108,453420,563506,429833,467574,576611,0,0,0,0,0,0,0,112577,0,139.99,140.09,140.17
405,0,0,0,0,93655,93655,93655,3624,3624,3624,591,591,591,0.00,0.00,0.00,0.00,0.00,0.00,0.00,0.00,0.00,0.00,0.00,0.00,0.00,0.00,0.00,0.00,0.00,0.00,0.00,0.00,0.00,202657,350313,602751,211392,362962,617946,0,0,0,0,0,0,0,109893,0,137.06,137.09,137.12
405,1,0,0,0,93623,93623,93623,3656,3656,3656,591,591,591,0.00,0.00,0.00,0.00,0.00,0.00,0.00,0.00,0.00,0.00,0.00,0.00,0.00,0.00,0.00,0.00,0.00,0.00,0.00,0.00,0.00,204433,400478,615923,214917,413583,629028,0,0,0,0,0,0,0,98807,0,123.31,123.39,123.45
405,2,0,0,0,93619,93619,93619,3660,3660,3660,591,591,591,0.00,0.00,0.00,0.00,0.00,0.00,0.00,0.00,0.00,0.00,0.00,0.00,0.00,0.00,0.00,0.00,0.00,0.00,0.00,0.00,0.00,309253,387895,673583,322357,402048,686688,0,0,0,0,0,0,0,113376,0,125.67,125.70,125.77
405,3,0,0,0,93659,93659,93659,3620,3620,3620,591,591,591,0.00,0.00,0.00,0.00,0.00,0.00,0.00,0.00,0.00,0.00,0.00,0.00,0.00,0.00,0.00,0.00,0.00,0.00,0.00,0.00,0.00,419350,456566,584469,435075,470194,600194,0,0,0,0,0,0,0,112436,0,139.96,140.03,140.11
406,0,0,0,0,93655,93655,93655,3624,3624,3624,591,591,591,0.00,0.00,0.00,0.00,0.00,0.00,0.00,0.00,0.00,0.00,0.00,0.00,0.00,0.00,0.00,0.00,0.00,0.00,0.00,0.00,0.00,301405,340196,492735,314512,354349,505839,0,0,0,0,0,0,0,109845,0,136.91,137.00,137.07
406,1,0,0,0,93623,93623,93623,3656,3656,3656,591,591,591,0.00,0.00,0.00,0.00,0.00,0.00,0.00,0.00,0.00,0.00,0.00,0.00,0.00,0.00,0.00,0.00,0.00,0.00,0.00,0.00,0.00,306651,369551,547770,319755,383180,560874,0,0,0,0,0,0,0,111229,0,123.33,123.38,123.44
406,2,0,0,0,93619,93619,93619,3660,3660,3660,591,591,591,0.00,0.00,0.00,0.00,0.00,0.00,0.00,0.00,0.00,0.00,0.00,0.00,0.00,0.00,0.00,0.00,0.00,0.00,0.00,0.00,0.00,309272,493552,918549,324997,506799,927181,0,0,0,0,0,0,0,100978,0,125.69,125.81,125.89
406,3,0,0,0,93659,93659,93659,3620,3620,3620,591,591,591,0.00,0.00,0.00,0.00,0.00,0.00,0.00,0.00,0.00,0.00,0.00,0.00,0.00,0.00,0.00,0.00,0.00,0.00,0.00,0.00,0.00,424592,698561,1231842,440294,711666,1244946,0,0,0,0,0,0,0,112299,0,139.97,139.99,140.03
407,0,0,0,0,93655,93655,93655,3624,3624,3624,591,591,591,0.00,0.00,0.00,0.00,0.00,0.00,0.00,0.00,0.00,0.00,0.00,0.00,0.00,0.00,0.00,0.00,0.00,0.00,0.00,0.00,0.00,298785,542533,1205631,311890,556162,1221357,0,0,0,0,0,0,0,109814,0,137.02,137.04,137.05
407,1,0,0,0,93623,93623,93623,3656,3656,3656,591,591,591,0.00,0.00,0.00,0.00,0.00,0.00,0.00,0.00,0.00,0.00,0.00,0.00,0.00,0.00,0.00,0.00,0.00,0.00,0.00,0.00,0.00,306647,400480,539916,319751,414632,553021,0,0,0,0,0,0,0,98846,0,123.37,123.41,123.45
407,2,0,0,0,93619,93619,93619,3660,3660,3660,591,591,591,0.00,0.00,0.00,0.00,0.00,0.00,0.00,0.00,0.00,0.00,0.00,0.00,0.00,0.00,0.00,0.00,0.00,0.00,0.00,0.00,0.00,314513,399426,718136,324997,413054,733861,0,0,0,0,0,0,0,100874,0,125.73,125.81,125.88
407,3,0,0,0,93659,93659,93659,3620,3620,3620,591,591,591,0.00,0.00,0.00,0.00,0.00,0.00,0.00,0.00,0.00,0.00,0.00,0.00,0.00,0.00,0.00,0.00,0.00,0.00,0.00,0.00,0.00,416721,473864,681446,429825,487493,697172,0,0,0,0,0,0,0,112468,0,140.00,140.04,140.06
408,0,0,0,0,93655,93655,93655,3624,3624,3624,591,591,591,0.00,0.00,0.00,0.00,0.00,0.00,0.00,0.00,0.00,0.00,0.00,0.00,0.00,0.00,0.00,0.00,0.00,0.00,0.00,0.00,0.00,301391,377409,668333,311889,391562,684058,0,0,0,0,0,0,0,109897,0,137.00,137.04,137.09
408,1,0,0,0,93623,93623,93623,3656,3656,3656,591,591,591,0.00,0.00,0.00,0.00,0.00,0.00,0.00,0.00,0.00,0.00,0.00,0.00,0.00,0.00,0.00,0.00,0.00,0.00,0.00,0.00,0.00,309271,377506,550304,322376,391096,566027,0,0,0,0,0,0,0,98945,0,123.38,123.40,123.44
408,2,0,0,0,93619,93619,93619,3660,3660,3660,591,591,591,0.00,0.00,0.00,0.00,0.00,0.00,0.00,0.00,0.00,0.00,0.00,0.00,0.00,0.00,0.00,0.00,0.00,0.00,0.00,0.00,0.00,314513,460236,681444,327618,474390,697170,0,0,0,0,0,0,0,100806,0,125.70,125.73,125.75
408,3,0,0,0,93659,93659,93659,3620,3620,3620,591,591,591,0.00,0.00,0.00,0.00,0.00,0.00,0.00,0.00,0.00,0.00,0.00,0.00,0.00,0.00,0.00,0.00,0.00,0.00,0.00,0.00,0.00,416728,441883,508460,429832,456560,521565,0,0,0,0,0,0,0,112320,0,139.87,139.96,140.04
409,0,0,0,0,93655,93655,93655,3624,3624,3624,591,591,591,0.00,0.00,0.00,0.00,0.00,0.00,0.00,0.00,0.00,0.00,0.00,0.00,0.00,0.00,0.00,0.00,0.00,0.00,0.00,0.00,0.00,190431,341876,608058,200914,354954,623784,0,0,0,0,0,0,0,110021,0,137.08,137.17,137.26
409,1,0,0,0,93623,93623,93623,3656,3656,3656,591,591,591,0.00,0.00,0.00,0.00,0.00,0.00,0.00,0.00,0.00,0.00,0.00,0.00,0.00,0.00,0.00,0.00,0.00,0.00,0.00,0.00,0.00,200939,291794,330237,211423,304898,343341,0,0,0,0,0,0,0,98985,0,123.44,123.47,123.49
409,2,0,0,0,93619,93619,93619,3660,3660,3660,591,591,591,0.00,0.00,0.00,0.00,0.00,0.00,0.00,0.00,0.00,0.00,0.00,0.00,0.00,0.00,0.00,0.00,0.00,0.00,0.00,0.00,0.00,208552,499847,1326175,218808,512906,1341900,0,0,0,0,0,0,0,113536,0,125.64,125.67,125.70
409,3,0,0,0,93659,93659,93659,3620,3620,3620,591,591,591,0.00,0.00,0.00,0.00,0.00,0.00,0.00,0.00,0.00,0.00,0.00,0.00,0.00,0.00,0.00,0.00,0.00,0.00,0.00,0.00,0.00,290053,426719,587087,298789,438924,597570,0,0,0,0,0,0,0,84324,0,139.88,139.95,140.02
410,0,0,0,0,93655,93655,93655,3624,3624,3624,591,591,591,0.00,0.00,0.00,0.00,0.00,0.00,0.00,0.00,0.00,0.00,0.00,0.00,0.00,0.00,0.00,0.00,0.00,0.00,0.00,0.00,0.00,301404,347923,471767,317130,361683,484871,0,0,0,0,0,0,0,96241,0,137.22,137.26,137.31
410,1,0,0,0,93623,93623,93623,3656,3656,3656,591,591,591,0.00,0.00,0.00,0.00,0.00,0.00,0.00,0.00,0.00,0.00,0.00,0.00,0.00,0.00,0.00,0.00,0.00,0.00,0.00,0.00,0.00,306650,437696,553017,319755,451456,566122,0,0,0,0,0,0,0,86451,0,123.47,123.48,123.50
410,2,0,0,0,93619,93619,93619,3660,3660,3660,591,591,591,0.00,0.00,0.00,0.00,0.00,0.00,0.00,0.00,0.00,0.00,0.00,0.00,0.00,0.00,0.00,0.00,0.00,0.00,0.00,0.00,0.00,309645,396174,646031,322991,409935,658900,0,0,0,0,0,0,0,75757,0,125.79,125.83,125.86
410,3,0,0,0,93659,93659,93659,3620,3620,3620,591,591,591,0.00,0.00,0.00,0.00,0.00,0.00,0.00,0.00,0.00,0.00,0.00,0.00,0.00,0.00,0.00,0.00,0.00,0.00,0.00,0.00,0.00,393140,769898,1394326,408866,784313,1412672,0,0,0,0,0,0,0,112352,0,139.99,140.01,140.04
411,0,0,0,0,93655,93655,93655,3624,3624,3624,591,591,591,0.00,0.00,0.00,0.00,0.00,0.00,0.00,0.00,0.00,0.00,0.00,0.00,0.00,0.00,0.00,0.00,0.00,0.00,0.00,0.00,0.00,304027,537814,1210866,317132,551443,1223971,0,0,0,0,0,0,0,109854,0,137.02,137.08,137.16
411,1,0,0,0,93623,93623,93623,3656,3656,3656,591,591,591,0.00,0.00,0.00,0.00,0.00,0.00,0.00,0.00,0.00,0.00,0.00,0.00,0.00,0.00,0.00,0.00,0.00,0.00,0.00,0.00,0.00,306653,353296,518916,322372,367449,534640,0,0,0,0,0,0,0,98881,0,123.40,123.41,123.45
411,2,0,0,0,93619,93619,93619,3660,3660,3660,591,591,591,0.00,0.00,0.00,0.00,0.00,0.00,0.00,0.00,0.00,0.00,0.00,0.00,0.00,0.00,0.00,0.00,0.00,0.00,0.00,0.00,0.00,311892,464428,739104,324998,478582,752209,0,0,0,0,0,0,0,100937,0,125.83,125.85,125.89
411,3,0,0,0,93659,93659,93659,3620,3620,3620,591,591,591,0.00,0.00,0.00,0.00,0.00,0.00,0.00,0.00,0.00,0.00,0.00,0.00,0.00,0.00,0.00,0.00,0.00,0.00,0.00,0.00,0.00,419327,478578,689303,435052,492207,702408,0,0,0,0,0,0,0,112443,0,139.95,139.98,140.02
412,0,0,0,0,93655,93655,93655,3624,3624,3624,591,591,591,0.00,0.00,0.00,0.00,0.00,0.00,0.00,0.00,0.00,0.00,0.00,0.00,0.00,0.00,0.00,0.00,0.00,0.00,0.00,0.00,0.00,304026,380559,673582,319752,394712,686687,0,0,0,0,0,0,0,109928,0,136.94,137.00,137.07
412,1,0,0,0,93623,93623,93623,3656,3656,3656,591,591,591,0.00,0.00,0.00,0.00,0.00,0.00,0.00,0.00,0.00,0.00,0.00,0.00,0.00,0.00,0.00,0.00,0.00,0.00,0.00,0.00,0.00,285679,373650,539442,298784,387203,552165,0,0,0,0,0,0,0,98860,0,123.33,123.36,123.38
412,2,0,0,0,93619,93619,93619,3660,3660,3660,591,591,591,0.00,0.00,0.00,0.00,0.00,0.00,0.00,0.00,0.00,0.00,0.00,0.00,0.00,0.00,0.00,0.00,0.00,0.00,0.00,0.00,0.00,309271,388944,689308,322375,402572,705034,0,0,0,0,0,0,0,101030,0,125.83,125.90,125.94
412,3,0,0,0,93659,93659,93659,3620,3620,3620,591,591,591,0.00,0.00,0.00,0.00,0.00,0.00,0.00,0.00,0.00,0.00,0.00,0.00,0.00,0.00,0.00,0.00,0.00,0.00,0.00,0.00,0.00,416726,496930,655236,429831,511084,670962,0,0,0,0,0,0,0,112437,0,139.94,139.95,139.98
413,0,0,0,0,93655,93655,93655,3624,3624,3624,591,591,591,0.00,0.00,0.00,0.00,0.00,0.00,0.00,0.00,0.00,0.00,0.00,0.00,0.00,0.00,0.00,0.00,0.00,0.00,0.00,0.00,0.00,193448,366824,602785,203811,379904,615889,0,0,0,0,0,0,0,109910,0,137.14,137.17,137.20
413,1,0,0,0,93623,93623,93623,3656,3656,3656,591,591,591,0.00,0.00,0.00,0.00,0.00,0.00,0.00,0.00,0.00,0.00,0.00,0.00,0.00,0.00,0.00,0.00,0.00,0.00,0.00,0.00,0.00,204433,305074,406242,211422,318528,421968,0,0,0,0,0,0,0,98973,0,123.40,123.43,123.46
413,2,0,0,0,93619,93619,93619,3660,3660,3660,591,591,591,0.00,0.00,0.00,0.00,0.00,0.00,0.00,0.00,0.00,0.00,0.00,0.00,0.00,0.00,0.00,0.00,0.00,0.00,0.00,0.00,0.00,311896,556001,1417927,325001,569083,1431032,0,0,0,0,0,0,0,113803,0,125.94,126.01,126.10
413,3,0,0,0,93659,93659,93659,3620,3620,3620,591,591,591,0.00,0.00,0.00,0.00,0.00,0.00,0.00,0.00,0.00,0.00,0.00,0.00,0.00,0.00,0.00,0.00,0.00,0.00,0.00,0.00,0.00,412964,623032,975001,425869,635747,983738,0,0,0,0,0,0,0,126404,0,139.97,140.00,140.02
414,0,0,0,0,93655,93655,93655,3624,3624,3624,591,591,591,0.00,0.00,0.00,0.00,0.00,0.00,0.00,0.00,0.00,0.00,0.00,0.00,0.00,0.00,0.00,0.00,0.00,0.00,0.00,0.00,0.00,298786,478057,1174179,311891,491686,1187284,0,0,0,0,0,0,0,123925,0,137.11,137.15,137.19
414,1,0,0,0,93623,93623,93623,3656,3656,3656,591,591,591,0.00,0.00,0.00,0.00,0.00,0.00,0.00,0.00,0.00,0.00,0.00,0.00,0.00,0.00,0.00,0.00,0.00,0.00,0.00,0.00,0.00,301406,429824,537252,314511,443976,550356,0,0,0,0,0,0,0,98848,0,123.40,123.42,123.44
414,2,0,0,0,93619,93619,93619,3660,3660,3660,591,591,591,0.00,0.00,0.00,0.00,0.00,0.00,0.00,0.00,0.00,0.00,0.00,0.00,0.00,0.00,0.00,0.00,0.00,0.00,0.00,0.00,0.00,308658,390027,684050,321519,403658,699775,0,0,0,0,0,0,0,100780,0,125.69,125.88,126.10
414,3,0,0,0,93659,93659,93659,3620,3620,3620,591,591,591,0.00,0.00,0.00,0.00,0.00,0.00,0.00,0.00,0.00,0.00,0.00,0.00,0.00,0.00,0.00,0.00,0.00,0.00,0.00,0.00,0.00,419349,520516,712883,432456,534669,728608,0,0,0,0,0,0,0,112383,0,139.90,139.95,139.97
415,0,0,0,0,93655,93655,93655,3624,3624,3624,591,591,591,0.00,0.00,0.00,0.00,0.00,0.00,0.00,0.00,0.00,0.00,0.00,0.00,0.00,0.00,0.00,0.00,0.00,0.00,0.00,0.00,0.00,298786,433498,655231,314512,447651,668336,0,0,0,0,0,0,0,109897,0,137.10,137.17,137.25
415,1,0,0,0,93623,93623,93623,3656,3656,3656,591,591,591,0.00,0.00,0.00,0.00,0.00,0.00,0.00,0.00,0.00,0.00,0.00,0.00,0.00,0.00,0.00,0.00,0.00,0.00,0.00,0.00,0.00,304024,366929,516324,317129,380557,529428,0,0,0,0,0,0,0,98945,0,123.48,123.49,123.52
415,2,0,0,0,93619,93619,93619,3660,3660,3660,591,591,591,0.00,0.00,0.00,0.00,0.00,0.00,0.00,0.00,0.00,0.00,0.00,0.00,0.00,0.00,0.00,0.00,0.00,0.00,0.00,0.00,0.00,311874,385273,663099,324978,399427,676204,0,0,0,0,0,0,0,100934,0,125.63,125.71,125.81
415,3,0,0,0,93659,93659,93659,3620,3620,3620,591,591,591,0.00,0.00,0.00,0.00,0.00,0.00,0.00,0.00,0.00,0.00,0.00,0.00,0.00,0.00,0.00,0.00,0.00,0.00,0.00,0.00,0.00,419328,448700,505843,432432,462853,521568,0,0,0,0,0,0,0,112493,0,139.97,140.00,140.04
416,0,0,0,0,93655,93655,93655,3624,3624,3624,591,591,591,0.00,0.00,0.00,0.00,0.00,0.00,0.00,0.00,0.00,0.00,0.00,0.00,0.00,0.00,0.00,0.00,0.00,0.00,0.00,0.00,0.00,301408,367455,600198,314513,381084,613303,0,0,0,0,0,0,0,110008,0,137.09,137.15,137.20
416,1,0,0,0,93623,93623,93623,3656,3656,3656,591,591,591,0.00,0.00,0.00,0.00,0.00,0.00,0.00,0.00,0.00,0.00,0.00,0.00,0.00,0.00,0.00,0.00,0.00,0.00,0.00,0.00,0.00,202684,340339,576606,211421,353566,589711,0,0,0,0,0,0,0,98950,0,123.38,123.41,123.46
416,2,0,0,0,93619,93619,93619,3660,3660,3660,591,591,591,0.00,0.00,0.00,0.00,0.00,0.00,0.00,0.00,0.00,0.00,0.00,0.00,0.00,0.00,0.00,0.00,0.00,0.00,0.00,0.00,0.00,311892,389994,670958,324996,403622,684063,0,0,0,0,0,0,0,113564,0,125.83,125.86,125.90
416,3,0,0,0,93659,93659,93659,3620,3620,3620,591,591,591,0.00,0.00,0.00,0.00,0.00,0.00,0.00,0.00,0.00,0.00,0.00,0.00,0.00,0.00,0.00,0.00,0.00,0.00,0.00,0.00,0.00,419343,451850,553021,435068,466003,568746,0,0,0,0,0,0,0,112548,0,140.03,140.10,140.18
417,0,0,0,0,93655,93655,93655,3624,3624,3624,591,591,591,0.00,0.00,0.00,0.00,0.00,0.00,0.00,0.00,0.00,0.00,0.00,0.00,0.00,0.00,0.00,0.00,0.00,0.00,0.00,0.00,0.00,197333,309943,448179,207719,323028,463905,0,0,0,0,0,0,0,82462,0,137.19,137.22,137.25
417,1,0,0,0,93623,93623,93623,3656,3656,3656,591,591,591,0.00,0.00,0.00,0.00,0.00,0.00,0.00,0.00,0.00,0.00,0.00,0.00,0.00,0.00,0.00,0.00,0.00,0.00,0.00,0.00,0.00,309266,383178,547773,324992,396807,563499,0,0,0,0,0,0,0,86569,0,123.44,123.48,123.54
417,2,0,0,0,93619,93619,93619,3660,3660,3660,591,591,591,0.00,0.00,0.00,0.00,0.00,0.00,0.00,0.00,0.00,0.00,0.00,0.00,0.00,0.00,0.00,0.00,0.00,0.00,0.00,0.00,0.00,205915,565308,1357644,216297,578346,1373370,0,0,0,0,0,0,0,101092,0,125.89,125.94,125.98
417,3,0,0,0,93659,93659,93659,3620,3620,3620,591,591,591,0.00,0.00,0.00,0.00,0.00,0.00,0.00,0.00,0.00,0.00,0.00,0.00,0.00,0.00,0.00,0.00,0.00,0.00,0.00,0.00,0.00,78628,562348,1465995,94354,575063,1474731,0,0,0,0,0,0,0,98397,0,140.12,140.16,140.19
418,0,0,0,0,93655,93655,93655,3624,3624,3624,591,591,591,0.00,0.00,0.00,0.00,0.00,0.00,0.00,0.00,0.00,0.00,0.00,0.00,0.00,0.00,0.00,0.00,0.00,0.00,0.00,0.00,0.00,301407,596917,1208254,314511,610677,1223980,0,0,0,0,0,0,0,123767,0,137.15,137.16,137.18
418,1,0,0,0,93623,93623,93623,3656,3656,3656,591,591,591,0.00,0.00,0.00,0.00,0.00,0.00,0.00,0.00,0.00,0.00,0.00,0.00,0.00,0.00,0.00,0.00,0.00,0.00,0.00,0.00,0.00,306649,434417,788899,319753,448832,804625,0,0,0,0,0,0,0,98903,0,123.40,123.42,123.44
418,2,0,0,0,93619,93619,93619,3660,3660,3660,591,591,591,0.00,0.00,0.00,0.00,0.00,0.00,0.00,0.00,0.00,0.00,0.00,0.00,0.00,0.00,0.00,0.00,0.00,0.00,0.00,0.00,0.00,306926,415487,728624,322939,429319,741728,0,0,0,0,0,0,0,75728,0,125.98,126.00,126.02
418,3,0,0,0,93659,93659,93659,3620,3620,3620,591,591,591,0.00,0.00,0.00,0.00,0.00,0.00,0.00,0.00,0.00,0.00,0.00,0.00,0.00,0.00,0.00,0.00,0.00,0.00,0.00,0.00,0.00,414108,484867,668348,429833,499282,678832,0,0,0,0,0,0,0,112461,0,140.09,140.11,140.14
419,0,0,0,0,93655,93655,93655,3624,3624,3624,591,591,591,0.00,0.00,0.00,0.00,0.00,0.00,0.00,0.00,0.00,0.00,0.00,0.00,0.00,0.00,0.00,0.00,0.00,0.00,0.00,0.00,0.00,301404,377938,657860,314509,391567,673586,0,0,0,0,0,0,0,109867,0,137.00,137.07,137.11
419,1,0,0,0,93623,93623,93623,3656,3656,3656,591,591,591,0.00,0.00,0.00,0.00,0.00,0.00,0.00,0.00,0.00,0.00,0.00,0.00,0.00,0.00,0.00,0.00,0.00,0.00,0.00,0.00,0.00,314511,436118,571367,327616,450271,587093,0,0,0,0,0,0,0,98980,0,123.37,123.44,123.48
419,2,0,0,0,93619,93619,93619,3660,3660,3660,591,591,591,0.00,0.00,0.00,0.00,0.00,0.00,0.00,0.00,0.00,0.00,0.00,0.00,0.00,0.00,0.00,0.00,0.00,0.00,0.00,0.00,0.00,311892,381084,647373,327617,395237,663099,0,0,0,0,0,0,0,100990,0,125.91,125.93,125.97
419,3,0,0,0,93659,93659,93659,3620,3620,3620,591,591,591,0.00,0.00,0.00,0.00,0.00,0.00,0.00,0.00,0.00,0.00,0.00,0.00,0.00,0.00,0.00,0.00,0.00,0.00,0.00,0.00,0.00,416731,447131,553018,432456,460760,563502,0,0,0,0,0,0,0,112536,0,140.08,140.12,140.14
420,0,0,0,0,93655,93655,93655,3624,3624,3624,591,591,591,0.00,0.00,0.00,0.00,0.00,0.00,0.00,0.00,0.00,0.00,0.00,0.00,0.00,0.00,0.00,0.00,0.00,0.00,0.00,0.00,0.00,293544,365878,618537,306648,380031,631642,0,0,0,0,0,0,0,109995,0,136.99,137.08,137.16
420,1,0,0,0,93623,93623,93623,3656,3656,3656,591,591,591,0.00,0.00,0.00,0.00,0.00,0.00,0.00,0.00,0.00,0.00,0.00,0.00,0.00,0.00,0.00,0.00,0.00,0.00,0.00,0.00,0.00,312212,341658,400126,325114,354372,408862,0,0,0,0,0,0,0,98917,0,123.39,123.44,123.50
420,2,0,0,0,93619,93619,93619,3660,3660,3660,591,591,591,0.00,0.00,0.00,0.00,0.00,0.00,0.00,0.00,0.00,0.00,0.00,0.00,0.00,0.00,0.00,0.00,0.00,0.00,0.00,0.00,0.00,314512,601239,1349783,327617,614868,1362887,0,0,0,0,0,0,0,113761,0,125.87,125.93,125.97
420,3,0,0,0,93659,93659,93659,3620,3620,3620,591,591,591,0.00,0.00,0.00,0.00,0.00,0.00,0.00,0.00,0.00,0.00,0.00,0.00,0.00,0.00,0.00,0.00,0.00,0.00,0.00,0.00,0.00,421969,450276,539909,435073,464429,555635,0,0,0,0,0,0,0,126356,0,139.95,140.05,140.12
421,0,0,0,0,93655,93655,93655,3624,3624,3624,591,591,591,0.00,0.00,0.00,0.00,0.00,0.00,0.00,0.00,0.00,0.00,0.00,0.00,0.00,0.00,0.00,0.00,0.00,0.00,0.00,0.00,0.00,200939,317482,474389,211422,330586,487494,0,0,0,0,0,0,0,123667,0,137.13,137.18,137.22
421,1,0,0,0,93623,93623,93623,3656,3656,3656,591,591,591,0.00,0.00,0.00,0.00,0.00,0.00,0.00,0.00,0.00,0.00,0.00,0.00,0.00,0.00,0.00,0.00,0.00,0.00,0.00,0.00,0.00,306648,393132,532043,319752,407285,542527,0,0,0,0,0,0,0,111247,0,123.36,123.39,123.41
421,2,0,0,0,93619,93619,93619,3660,3660,3660,591,591,591,0.00,0.00,0.00,0.00,0.00,0.00,0.00,0.00,0.00,0.00,0.00,0.00,0.00,0.00,0.00,0.00,0.00,0.00,0.00,0.00,0.00,205910,352074,626408,216292,365050,639513,0,0,0,0,0,0,0,101141,0,126.01,126.03,126.04
421,3,0,0,0,93659,93659,93659,3620,3620,3620,591,591,591,0.00,0.00,0.00,0.00,0.00,0.00,0.00,0.00,0.00,0.00,0.00,0.00,0.00,0.00,0.00,0.00,0.00,0.00,0.00,0.00,0.00,104800,702968,1247563,120521,715640,1260668,0,0,0,0,0,0,0,112381,0,139.94,140.04,140.09
422,0,0,0,0,93655,93655,93655,3624,3624,3624,591,591,591,0.00,0.00,0.00,0.00,0.00,0.00,0.00,0.00,0.00,0.00,0.00,0.00,0.00,0.00,0.00,0.00,0.00,0.00,0.00,0.00,0.00,301407,538338,1205627,314513,552492,1221353,0,0,0,0,0,0,0,109970,0,137.10,137.14,137.17
422,1,0,0,0,93623,93623,93623,3656,3656,3656,591,591,591,0.00,0.00,0.00,0.00,0.00,0.00,0.00,0.00,0.00,0.00,0.00,0.00,0.00,0.00,0.00,0.00,0.00,0.00,0.00,0.00,0.00,306649,355920,526799,322374,369549,539904,0,0,0,0,0,0,0,98898,0,123.37,123.40,123.44
422,2,0,0,0,93619,93619,93619,3660,3660,3660,591,591,591,0.00,0.00,0.00,0.00,0.00,0.00,0.00,0.00,0.00,0.00,0.00,0.00,0.00,0.00,0.00,0.00,0.00,0.00,0.00,0.00,0.00,314506,462405,742122,327616,476699,758552,0,0,0,0,0,0,0,100886,0,125.79,125.93,126.08
422,3,0,0,0,93659,93659,93659,3620,3620,3620,591,591,591,0.00,0.00,0.00,0.00,0.00,0.00,0.00,0.00,0.00,0.00,0.00,0.00,0.00,0.00,0.00,0.00,0.00,0.00,0.00,0.00,0.00,421972,493259,723379,437698,507412,741725,0,0,0,0,0,0,0,112408,0,140.03,140.06,140.11
423,0,0,0,0,93655,93655,93655,3624,3624,3624,591,591,591,0.00,0.00,0.00,0.00,0.00,0.00,0.00,0.00,0.00,0.00,0.00,0.00,0.00,0.00,0.00,0.00,0.00,0.00,0.00,0.00,0.00,306632,385274,665719,319736,399427,681445,0,0,0,0,0,0,0,110009,0,137.22,137.29,137.32
423,1,0,0,0,93623,93623,93623,3656,3656,3656,591,591,591,0.00,0.00,0.00,0.00,0.00,0.00,0.00,0.00,0.00,0.00,0.00,0.00,0.00,0.00,0.00,0.00,0.00,0.00,0.00,0.00,0.00,301409,380558,573983,317135,394711,587088,0,0,0,0,0,0,0,98979,0,123.46,123.50,123.54
423,2,0,0,0,93619,93619,93619,3660,3660,3660,591,591,591,0.00,0.00,0.00,0.00,0.00,0.00,0.00,0.00,0.00,0.00,0.00,0.00,0.00,0.00,0.00,0.00,0.00,0.00,0.00,0.00,0.00,314511,392613,702397,327616,406766,718122,0,0,0,0,0,0,0,100979,0,125.83,125.92,125.95
423,3,0,0,0,93659,93659,93659,3620,3620,3620,591,591,591,0.00,0.00,0.00,0.00,0.00,0.00,0.00,0.00,0.00,0.00,0.00,0.00,0.00,0.00,0.00,0.00,0.00,0.00,0.00,0.00,0.00,419351,474382,563502,435077,488011,573985,0,0,0,0,0,0,0,112497,0,140.01,140.05,140.09
424,0,0,0,0,93655,93655,93655,3624,3624,3624,591,591,591,0.00,0.00,0.00,0.00,0.00,0.00,0.00,0.00,0.00,0.00,0.00,0.00,0.00,0.00,0.00,0.00,0.00,0.00,0.00,0.00,0.00,296164,405195,597577,311891,418824,608061,0,0,0,0,0,0,0,109887,0,137.10,137.17,137.25
424,1,0,0,0,93623,93623,93623,3656,3656,3656,591,591,591,0.00,0.00,0.00,0.00,0.00,0.00,0.00,0.00,0.00,0.00,0.00,0.00,0.00,0.00,0.00,0.00,0.00,0.00,0.00,0.00,0.00,296152,309886,330235,309256,323473,345960,0,0,0,0,0,0,0,74189,0,123.35,123.37,123.41
424,2,0,0,0,93619,93619,93619,3660,3660,3660,591,591,591,0.00,0.00,0.00,0.00,0.00,0.00,0.00,0.00,0.00,0.00,0.00,0.00,0.00,0.00,0.00,0.00,0.00,0.00,0.00,0.00,0.00,306650,589712,1302615,322376,603341,1318340,0,0,0,0,0,0,0,113579,0,125.83,125.85,125.91
424,3,0,0,0,93659,93659,93659,3620,3620,3620,591,591,591,0.00,0.00,0.00,0.00,0.00,0.00,0.00,0.00,0.00,0.00,0.00,0.00,0.00,0.00,0.00,0.00,0.00,0.00,0.00,0.00,0.00,424593,623011,1382624,440318,637039,1395102,0,0,0,0,0,0,0,98529,0,140.05,140.07,140.10
425,0,0,0,0,93655,93655,93655,3624,3624,3624,591,591,591,0.00,0.00,0.00,0.00,0.00,0.00,0.00,0.00,0.00,0.00,0.00,0.00,0.00,0.00,0.00,0.00,0.00,0.00,0.00,0.00,0.00,264713,434548,998577,277818,448701,1014303,0,0,0,0,0,0,0,96285,0,137.06,137.13,137.19
425,1,0,0,0,93623,93623,93623,3656,3656,3656,591,591,591,0.00,0.00,0.00,0.00,0.00,0.00,0.00,0.00,0.00,0.00,0.00,0.00,0.00,0.00,0.00,0.00,0.00,0.00,0.00,0.00,0.00,152013,335477,532047,165118,349630,545152,0,0,0,0,0,0,0,111254,0,123.47,123.52,123.55
425,2,0,0,0,93619,93619,93619,3660,3660,3660,591,591,591,0.00,0.00,0.00,0.00,0.00,0.00,0.00,0.00,0.00,0.00,0.00,0.00,0.00,0.00,0.00,0.00,0.00,0.00,0.00,0.00,0.00,303962,386643,685730,317064,400676,700857,0,0,0,0,0,0,0,75724,0,125.78,125.84,125.89
425,3,0,0,0,93659,93659,93659,3620,3620,3620,591,591,591,0.00,0.00,0.00,0.00,0.00,0.00,0.00,0.00,0.00,0.00,0.00,0.00,0.00,0.00,0.00,0.00,0.00,0.00,0.00,0.00,0.00,421972,547749,786187,437698,561377,801911,0,0,0,0,0,0,0,112382,0,140.04,140.06,140.07
426,0,0,0,0,93655,93655,93655,3624,3624,3624,591,591,591,0.00,0.00,0.00,0.00,0.00,0.00,0.00,0.00,0.00,0.00,0.00,0.00,0.00,0.00,0.00,0.00,0.00,0.00,0.00,0.00,0.00,298784,352252,545152,311889,365881,558256,0,0,0,0,0,0,0,109931,0,137.10,137.17,137.22
426,1,0,0,0,93623,93623,93623,3656,3656,3656,591,591,591,0.00,0.00,0.00,0.00,0.00,0.00,0.00,0.00,0.00,0.00,0.00,0.00,0.00,0.00,0.00,0.00,0.00,0.00,0.00,0.00,0.00,306649,371642,521565,319753,385795,537290,0,0,0,0,0,0,0,98973,0,123.44,123.47,123.48
426,2,0,0,0,93619,93619,93619,3660,3660,3660,591,591,591,0.00,0.00,0.00,0.00,0.00,0.00,0.00,0.00,0.00,0.00,0.00,0.00,0.00,0.00,0.00,0.00,0.00,0.00,0.00,0.00,0.00,314511,390518,663095,327616,404147,676199,0,0,0,0,0,0,0,100888,0,125.81,125.84,125.87
426,3,0,0,0,93659,93659,93659,3620,3620,3620,591,591,591,0.00,0.00,0.00,0.00,0.00,0.00,0.00,0.00,0.00,0.00,0.00,0.00,0.00,0.00,0.00,0.00,0.00,0.00,0.00,0.00,0.00,416725,444510,518949,432450,459187,532053,0,0,0,0,0,0,0,112474,0,140.00,140.03,140.09
427,0,0,0,0,93655,93655,93655,3624,3624,3624,591,591,591,0.00,0.00,0.00,0.00,0.00,0.00,0.00,0.00,0.00,0.00,0.00,0.00,0.00,0.00,0.00,0.00,0.00,0.00,0.00,0.00,0.00,309271,445034,676200,322376,459187,689305,0,0,0,0,0,0,0,110068,0,137.16,137.20,137.26
427,1,0,0,0,93623,93623,93623,3656,3656,3656,591,591,591,0.00,0.00,0.00,0.00,0.00,0.00,0.00,0.00,0.00,0.00,0.00,0.00,0.00,0.00,0.00,0.00,0.00,0.00,0.00,0.00,0.00,293901,359663,560878,306569,373205,573983,0,0,0,0,0,0,0,99082,0,123.46,123.55,123.62
427,2,0,0,0,93619,93619,93619,3660,3660,3660,591,591,591,0.00,0.00,0.00,0.00,0.00,0.00,0.00,0.00,0.00,0.00,0.00,0.00,0.00,0.00,0.00,0.00,0.00,0.00,0.00,0.00,0.00,309271,386846,657852,324996,400999,670957,0,0,0,0,0,0,0,100930,0,125.76,125.81,125.88
427,3,0,0,0,93659,93659,93659,3620,3620,3620,591,591,591,0.00,0.00,0.00,0.00,0.00,0.00,0.00,0.00,0.00,0.00,0.00,0.00,0.00,0.00,0.00,0.00,0.00,0.00,0.00,0.00,0.00,421972,459187,581855,435077,472816,592339,0,0,0,0,0,0,0,112345,0,139.88,139.97,140.05
428,0,0,0,0,93655,93655,93655,3624,3624,3624,591,591,591,0.00,0.00,0.00,0.00,0.00,0.00,0.00,0.00,0.00,0.00,0.00,0.00,0.00,0.00,0.00,0.00,0.00,0.00,0.00,0.00,0.00,290925,340194,503223,306651,354347,518949,0,0,0,0,0,0,0,110040,0,137.14,137.19,137.22
428,1,0,0,0,93623,93623,93623,3656,3656,3656,591,591,591,0.00,0.00,0.00,0.00,0.00,0.00,0.00,0.00,0.00,0.00,0.00,0.00,0.00,0.00,0.00,0.00,0.00,0.00,0.00,0.00,0.00,304210,415064,620531,319749,428703,633405,0,0,0,0,0,0,0,111331,0,123.53,123.61,123.70
428,2,0,0,0,93619,93619,93619,3660,3660,3660,591,591,591,0.00,0.00,0.00,0.00,0.00,0.00,0.00,0.00,0.00,0.00,0.00,0.00,0.00,0.00,0.00,0.00,0.00,0.00,0.00,0.00,0.00,314512,527856,1011683,327616,541485,1027408,0,0,0,0,0,0,0,100914,0,125.83,125.88,125.90
428,3,0,0,0,93659,93659,93659,3620,3620,3620,591,591,591,0.00,0.00,0.00,0.00,0.00,0.00,0.00,0.00,0.00,0.00,0.00,0.00,0.00,0.00,0.00,0.00,0.00,0.00,0.00,0.00,0.00,65520,666714,1240655,78624,680218,1253367,0,0,0,0,0,0,0,126531,0,139.86,140.00,140.10
429,0,0,0,0,93655,93655,93655,3624,3624,3624,591,591,591,0.00,0.00,0.00,0.00,0.00,0.00,0.00,0.00,0.00,0.00,0.00,0.00,0.00,0.00,0.00,0.00,0.00,0.00,0.00,0.00,0.00,298787,544104,1200381,311892,557209,1213486,0,0,0,0,0,0,0,123692,0,137.14,137.20,137.26
429,1,0,0,0,93624,93624,93624,3655,3655,3655,591,591,591,0.00,0.00,0.00,0.00,0.00,0.00,0.00,0.00,0.00,0.00,0.00,0.00,0.00,0.00,0.00,0.00,0.00,0.00,0.00,0.00,0.00,304027,375310,524184,317131,389463,537289,0,0,0,0,0,0,0,98929,0,123.39,123.43,123.51
429,2,0,0,0,93619,93619,93619,3660,3660,3660,591,591,591,0.00,0.00,0.00,0.00,0.00,0.00,0.00,0.00,0.00,0.00,0.00,0.00,0.00,0.00,0.00,0.00,0.00,0.00,0.00,0.00,0.00,304032,392452,709441,319758,406556,724920,0,0,0,0,0,0,0,101011,0,125.83,125.87,125.97
429,3,0,0,0,93659,93659,93659,3620,3620,3620,591,591,591,0.00,0.00,0.00,0.00,0.00,0.00,0.00,0.00,0.00,0.00,0.00,0.00,0.00,0.00,0.00,0.00,0.00,0.00,0.00,0.00,0.00,414110,473228,676203,429836,487438,686687,0,0,0,0,0,0,0,112449,0,140.09,140.12,140.14
430,0,0,0,0,93655,93655,93655,3624,3624,3624,591,591,591,0.00,0.00,0.00,0.00,0.00,0.00,0.00,0.00,0.00,0.00,0.00,0.00,0.00,0.00,0.00,0.00,0.00,0.00,0.00,0.00,0.00,293528,381604,702411,309252,395757,715516,0,0,0,0,0,0,0,109997,0,137.13,137.17,137.21
430,1,0,0,0,93624,93624,93624,3655,3655,3655,591,591,591,0.00,0.00,0.00,0.00,0.00,0.00,0.00,0.00,0.00,0.00,0.00,0.00,0.00,0.00,0.00,0.00,0.00,0.00,0.00,0.00,0.00,314511,406766,500593,327615,420918,516319,0,0,0,0,0,0,0,99028,0,123.45,123.51,123.54
430,2,0,0,0,93619,93619,93619,3660,3660,3660,591,591,591,0.00,0.00,0.00,0.00,0.00,0.00,0.00,0.00,0.00,0.00,0.00,0.00,0.00,0.00,0.00,0.00,0.00,0.00,0.00,0.00,0.00,311883,387365,681403,324998,401518,697128,0,0,0,0,0,0,0,100934,0,125.88,125.98,126.02
430,3,0,0,0,93659,93659,93659,3620,3620,3620,591,591,591,0.00,0.00,0.00,0.00,0.00,0.00,0.00,0.00,0.00,0.00,0.00,0.00,0.00,0.00,0.00,0.00,0.00,0.00,0.00,0.00,0.00,419327,467568,644753,432431,481721,660479,0,0,0,0,0,0,0,112438,0,140.03,140.05,140.08
431,0,0,0,0,93655,93655,93655,3624,3624,3624,591,591,591,0.00,0.00,0.00,0.00,0.00,0.00,0.00,0.00,0.00,0.00,0.00,0.00,0.00,0.00,0.00,0.00,0.00,0.00,0.00,0.00,0.00,298787,364835,610682,311892,379513,623787,0,0,0,0,0,0,0,110046,0,137.19,137.27,137.32
431,1,0,0,0,93624,93624,93624,3655,3655,3655,591,591,591,0.00,0.00,0.00,0.00,0.00,0.00,0.00,0.00,0.00,0.00,0.00,0.00,0.00,0.00,0.00,0.00,0.00,0.00,0.00,0.00,0.00,302091,364439,584435,314510,378029,600160,0,0,0,0,0,0,0,98937,0,123.42,123.45,123.48
431,2,0,0,0,93619,93619,93619,3660,3660,3660,591,591,591,0.00,0.00,0.00,0.00,0.00,0.00,0.00,0.00,0.00,0.00,0.00,0.00,0.00,0.00,0.00,0.00,0.00,0.00,0.00,0.00,0.00,314512,583945,1286885,327617,597574,1299990,0,0,0,0,0,0,0,113667,0,125.80,125.85,125.90
431,3,0,0,0,93659,93659,93659,3620,3620,3620,591,591,591,0.00,0.00,0.00,0.00,0.00,0.00,0.00,0.00,0.00,0.00,0.00,0.00,0.00,0.00,0.00,0.00,0.00,0.00,0.00,0.00,0.00,419352,458139,568744,432457,471767,581848,0,0,0,0,0,0,0,126475,0,139.99,140.03,140.09
432,0,0,0,0,93655,93655,93655,3624,3624,3624,591,591,591,0.00,0.00,0.00,0.00,0.00,0.00,0.00,0.00,0.00,0.00,0.00,0.00,0.00,0.00,0.00,0.00,0.00,0.00,0.00,0.00,0.00,200938,314947,463905,207928,327834,479631,0,0,0,0,0,0,0,82368,0,137.14,137.21,137.28
432,1,0,0,0,93624,93624,93624,3655,3655,3655,591,591,591,0.00,0.00,0.00,0.00,0.00,0.00,0.00,0.00,0.00,0.00,0.00,0.00,0.00,0.00,0.00,0.00,0.00,0.00,0.00,0.00,0.00,200938,358841,553007,209674,372164,568733,0,0,0,0,0,0,0,86529,0,123.47,123.49,123.54
432,2,0,0,0,93619,93619,93619,3660,3660,3660,591,591,591,0.00,0.00,0.00,0.00,0.00,0.00,0.00,0.00,0.00,0.00,0.00,0.00,0.00,0.00,0.00,0.00,0.00,0.00,0.00,0.00,0.00,317126,409521,686688,330239,423936,699792,0,0,0,0,0,0,0,75545,0,125.80,125.89,125.97
432,3,0,0,0,93659,93659,93659,3620,3620,3620,591,591,591,0.00,0.00,0.00,0.00,0.00,0.00,0.00,0.00,0.00,0.00,0.00,0.00,0.00,0.00,0.00,0.00,0.00,0.00,0.00,0.00,0.00,418474,832581,1155830,431390,846949,1171556,0,0,0,0,0,0,0,84201,0,139.97,140.01,140.04
433,0,0,0,0,93655,93655,93655,3624,3624,3624,591,591,591,0.00,0.00,0.00,0.00,0.00,0.00,0.00,0.00,0.00,0.00,0.00,0.00,0.00,0.00,0.00,0.00,0.00,0.00,0.00,0.00,0.00,301405,536765,1203024,314510,549870,1218750,0,0,0,0,0,0,0,109921,0,137.07,137.10,137.15
433,1,0,0,0,93624,93624,93624,3655,3655,3655,591,591,591,0.00,0.00,0.00,0.00,0.00,0.00,0.00,0.00,0.00,0.00,0.00,0.00,0.00,0.00,0.00,0.00,0.00,0.00,0.00,0.00,0.00,306645,399426,537281,322370,413578,550386,0,0,0,0,0,0,0,98966,0,123.44,123.48,123.50
433,2,0,0,0,93619,93619,93619,3660,3660,3660,591,591,591,0.00,0.00,0.00,0.00,0.00,0.00,0.00,0.00,0.00,0.00,0.00,0.00,0.00,0.00,0.00,0.00,0.00,0.00,0.00,0.00,0.00,203922,377778,736485,212562,390506,749590,0,0,0,0,0,0,0,100872,0,125.67,125.71,125.74
433,3,0,0,0,93659,93659,93659,3620,3620,3620,591,591,591,0.00,0.00,0.00,0.00,0.00,0.00,0.00,0.00,0.00,0.00,0.00,0.00,0.00,0.00,0.00,0.00,0.00,0.00,0.00,0.00,0.00,279569,451652,699782,290053,464756,712886,0,0,0,0,0,0,0,112365,0,139.97,140.02,140.04
434,0,0,0,0,93655,93655,93655,3624,3624,3624,591,591,591,0.00,0.00,0.00,0.00,0.00,0.00,0.00,0.00,0.00,0.00,0.00,0.00,0.00,0.00,0.00,0.00,0.00,0.00,0.00,0.00,0.00,301406,388421,694546,314510,402573,707651,0,0,0,0,0,0,0,109869,0,137.02,137.06,137.11
434,1,0,0,0,93624,93624,93624,3655,3655,3655,591,591,591,0.00,0.00,0.00,0.00,0.00,0.00,0.00,0.00,0.00,0.00,0.00,0.00,0.00,0.00,0.00,0.00,0.00,0.00,0.00,0.00,0.00,317128,378980,545145,327612,392608,560870,0,0,0,0,0,0,0,99003,0,123.51,123.54,123.57
434,2,0,0,0,93619,93619,93619,3660,3660,3660,591,591,591,0.00,0.00,0.00,0.00,0.00,0.00,0.00,0.00,0.00,0.00,0.00,0.00,0.00,0.00,0.00,0.00,0.00,0.00,0.00,0.00,0.00,309272,453945,689297,324997,468098,705022,0,0,0,0,0,0,0,100874,0,125.68,125.70,125.73
434,3,0,0,0,93659,93659,93659,3620,3620,3620,591,591,591,0.00,0.00,0.00,0.00,0.00,0.00,0.00,0.00,0.00,0.00,0.00,0.00,0.00,0.00,0.00,0.00,0.00,0.00,0.00,0.00,0.00,411487,441364,508457,427212,454993,524182,0,0,0,0,0,0,0,112420,0,139.90,139.95,140.00
435,0,0,0,0,93655,93655,93655,3624,3624,3624,591,591,591,0.00,0.00,0.00,0.00,0.00,0.00,0.00,0.00,0.00,0.00,0.00,0.00,0.00,0.00,0.00,0.00,0.00,0.00,0.00,0.00,0.00,293543,360113,597576,306648,374266,610681,0,0,0,0,0,0,0,109898,0,137.03,137.09,137.15
435,1,0,0,0,93624,93624,93624,3655,3655,3655,591,591,591,0.00,0.00,0.00,0.00,0.00,0.00,0.00,0.00,0.00,0.00,0.00,0.00,0.00,0.00,0.00,0.00,0.00,0.00,0.00,0.00,0.00,296894,369697,626407,312384,383804,642133,0,0,0,0,0,0,0,99002,0,123.49,123.54,123.57
435,2,0,0,0,93619,93619,93619,3660,3660,3660,591,591,591,0.00,0.00,0.00,0.00,0.00,0.00,0.00,0.00,0.00,0.00,0.00,0.00,0.00,0.00,0.00,0.00,0.00,0.00,0.00,0.00,0.00,314496,533621,1386484,327600,547774,1399589,0,0,0,0,0,0,0,113627,0,125.74,125.77,125.78
435,3,0,0,0,93659,93659,93659,3620,3620,3620,591,591,591,0.00,0.00,0.00,0.00,0.00,0.00,0.00,0.00,0.00,0.00,0.00,0.00,0.00,0.00,0.00,0.00,0.00,0.00,0.00,0.00,0.00,421969,543582,851806,435077,557735,867531,0,0,0,0,0,0,0,126389,0,139.96,139.98,140.00
436,0,0,0,0,93655,93655,93655,3624,3624,3624,591,591,591,0.00,0.00,0.00,0.00,0.00,0.00,0.00,0.00,0.00,0.00,0.00,0.00,0.00,0.00,0.00,0.00,0.00,0.00,0.00,0.00,0.00,301403,481724,1182026,314508,494828,1197751,0,0,0,0,0,0,0,123672,0,137.07,137.13,137.16
436,1,0,0,0,93624,93624,93624,3655,3655,3655,591,591,591,0.00,0.00,0.00,0.00,0.00,0.00,0.00,0.00,0.00,0.00,0.00,0.00,0.00,0.00,0.00,0.00,0.00,0.00,0.00,0.00,0.00,304026,359234,435044,317130,371989,448148,0,0,0,0,0,0,0,111281,0,123.52,123.53,123.54
436,2,0,0,0,93619,93619,93619,3660,3660,3660,591,591,591,0.00,0.00,0.00,0.00,0.00,0.00,0.00,0.00,0.00,0.00,0.00,0.00,0.00,0.00,0.00,0.00,0.00,0.00,0.00,0.00,0.00,309271,457093,746971,322376,470722,762697,0,0,0,0,0,0,0,100892,0,125.78,125.79,125.82
436,3,0,0,0,93659,93659,93659,3620,3620,3620,591,591,591,0.00,0.00,0.00,0.00,0.00,0.00,0.00,0.00,0.00,0.00,0.00,0.00,0.00,0.00,0.00,0.00,0.00,0.00,0.00,0.00,0.00,416726,664530,1237018,429831,678115,1247501,0,0,0,0,0,0,0,112381,0,140.04,140.07,140.10
437,0,0,0,0,93655,93655,93655,3624,3624,3624,591,591,591,0.00,0.00,0.00,0.00,0.00,0.00,0.00,0.00,0.00,0.00,0.00,0.00,0.00,0.00,0.00,0.00,0.00,0.00,0.00,0.00,0.00,301409,366405,581845,314514,380558,594949,0,0,0,0,0,0,0,109913,0,137.02,137.06,137.10
437,1,0,0,0,93624,93624,93624,3655,3655,3655,591,591,591,0.00,0.00,0.00,0.00,0.00,0.00,0.00,0.00,0.00,0.00,0.00,0.00,0.00,0.00,0.00,0.00,0.00,0.00,0.00,0.00,0.00,306647,365879,500592,319752,380031,516317,0,0,0,0,0,0,0,99003,0,123.52,123.54,123.56
437,2,0,0,0,93619,93619,93619,3660,3660,3660,591,591,591,0.00,0.00,0.00,0.00,0.00,0.00,0.00,0.00,0.00,0.00,0.00,0.00,0.00,0.00,0.00,0.00,0.00,0.00,0.00,0.00,0.00,209298,357943,634263,217947,370680,647367,0,0,0,0,0,0,0,100869,0,125.70,125.75,125.77
437,3,0,0,0,93659,93659,93659,3620,3620,3620,591,591,591,0.00,0.00,0.00,0.00,0.00,0.00,0.00,0.00,0.00,0.00,0.00,0.00,0.00,0.00,0.00,0.00,0.00,0.00,0.00,0.00,0.00,286558,466176,705034,295295,479456,720760,0,0,0,0,0,0,0,112540,0,140.08,140.17,140.21
438,0,0,0,0,93655,93655,93655,3624,3624,3624,591,591,591,0.00,0.00,0.00,0.00,0.00,0.00,0.00,0.00,0.00,0.00,0.00,0.00,0.00,0.00,0.00,0.00,0.00,0.00,0.00,0.00,0.00,304029,496921,917286,317134,510549,930390,0,0,0,0,0,0,0,109937,0,137.05,137.07,137.15
438,1,0,0,0,93624,93624,93624,3655,3655,3655,591,591,591,0.00,0.00,0.00,0.00,0.00,0.00,0.00,0.00,0.00,0.00,0.00,0.00,0.00,0.00,0.00,0.00,0.00,0.00,0.00,0.00,0.00,298787,365357,594952,311892,378986,608057,0,0,0,0,0,0,0,98996,0,123.51,123.52,123.54
438,2,0,0,0,93619,93619,93619,3660,3660,3660,591,591,591,0.00,0.00,0.00,0.00,0.00,0.00,0.00,0.00,0.00,0.00,0.00,0.00,0.00,0.00,0.00,0.00,0.00,0.00,0.00,0.00,0.00,306651,393140,694552,322377,407293,707657,0,0,0,0,0,0,0,100845,0,125.68,125.70,125.72
438,3,0,0,0,93659,93659,93659,3620,3620,3620,591,591,591,0.00,0.00,0.00,0.00,0.00,0.00,0.00,0.00,0.00,0.00,0.00,0.00,0.00,0.00,0.00,0.00,0.00,0.00,0.00,0.00,0.00,416732,454988,587066,429837,469140,602791,0,0,0,0,0,0,0,112427,0,140.07,140.09,140.12
439,0,0,0,0,93655,93655,93655,3624,3624,3624,591,591,591,0.00,0.00,0.00,0.00,0.00,0.00,0.00,0.00,0.00,0.00,0.00,0.00,0.00,0.00,0.00,0.00,0.00,0.00,0.00,0.00,0.00,290856,330296,469509,306578,344380,482268,0,0,0,0,0,0,0,110001,0,137.14,137.20,137.23
439,1,0,0,0,93624,93624,93624,3655,3655,3655,591,591,591,0.00,0.00,0.00,0.00,0.00,0.00,0.00,0.00,0.00,0.00,0.00,0.00,0.00,0.00,0.00,0.00,0.00,0.00,0.00,0.00,0.00,304022,362207,539911,317126,376360,555637,0,0,0,0,0,0,0,74261,0,123.45,123.49,123.52
439,2,0,0,0,93619,93619,93619,3660,3660,3660,591,591,591,0.00,0.00,0.00,0.00,0.00,0.00,0.00,0.00,0.00,0.00,0.00,0.00,0.00,0.00,0.00,0.00,0.00,0.00,0.00,0.00,0.00,311891,588136,1331440,327616,602289,1344545,0,0,0,0,0,0,0,100926,0,125.72,125.76,125.80
439,3,0,0,0,93659,93659,93659,3620,3620,3620,591,591,591,0.00,0.00,0.00,0.00,0.00,0.00,0.00,0.00,0.00,0.00,0.00,0.00,0.00,0.00,0.00,0.00,0.00,0.00,0.00,0.00,0.00,421973,749065,1182052,435067,762693,1192536,0,0,0,0,0,0,0,98455,0,139.99,140.03,140.05
440,0,0,0,0,93655,93655,93655,3624,3624,3624,591,591,591,0.00,0.00,0.00,0.00,0.00,0.00,0.00,0.00,0.00,0.00,0.00,0.00,0.00,0.00,0.00,0.00,0.00,0.00,0.00,0.00,0.00,235869,428255,977607,248973,441884,990712,0,0,0,0,0,0,0,96219,0,137.10,137.12,137.13
440,1,0,0,0,93624,93624,93624,3655,3655,3655,591,591,591,0.00,0.00,0.00,0.00,0.00,0.00,0.00,0.00,0.00,0.00,0.00,0.00,0.00,0.00,0.00,0.00,0.00,0.00,0.00,0.00,0.00,159875,289348,390518,175600,302977,403623,0,0,0,0,0,0,0,98804,0,123.36,123.40,123.46
440,2,0,0,0,93619,93619,93619,3660,3660,3660,591,591,591,0.00,0.00,0.00,0.00,0.00,0.00,0.00,0.00,0.00,0.00,0.00,0.00,0.00,0.00,0.00,0.00,0.00,0.00,0.00,0.00,0.00,309253,397855,702418,324978,411484,712902,0,0,0,0,0,0,0,75631,0,125.74,125.77,125.80
440,3,0,0,0,93659,93659,93659,3620,3620,3620,591,591,591,0.00,0.00,0.00,0.00,0.00,0.00,0.00,0.00,0.00,0.00,0.00,0.00,0.00,0.00,0.00,0.00,0.00,0.00,0.00,0.00,0.00,416725,486964,705036,432450,500593,720762,0,0,0,0,0,0,0,112433,0,140.11,140.12,140.13
441,0,0,0,0,93655,93655,93655,3624,3624,3624,591,591,591,0.00,0.00,0.00,0.00,0.00,0.00,0.00,0.00,0.00,0.00,0.00,0.00,0.00,0.00,0.00,0.00,0.00,0.00,0.00,0.00,0.00,301407,431405,657849,314512,445558,673574,0,0,0,0,0,0,0,109903,0,137.12,137.13,137.15
441,1,0,0,0,93624,93624,93624,3655,3655,3655,591,591,591,0.00,0.00,0.00,0.00,0.00,0.00,0.00,0.00,0.00,0.00,0.00,0.00,0.00,0.00,0.00,0.00,0.00,0.00,0.00,0.00,0.00,306645,369020,524182,322371,383173,537287,0,0,0,0,0,0,0,98891,0,123.35,123.36,123.37
441,2,0,0,0,93619,93619,93619,3660,3660,3660,591,591,591,0.00,0.00,0.00,0.00,0.00,0.00,0.00,0.00,0.00,0.00,0.00,0.00,0.00,0.00,0.00,0.00,0.00,0.00,0.00,0.00,0.00,311891,372630,599856,324995,386693,612512,0,0,0,0,0,0,0,100832,0,125.70,125.73,125.76
441,3,0,0,0,93659,93659,93659,3620,3620,3620,591,591,591,0.00,0.00,0.00,0.00,0.00,0.00,0.00,0.00,0.00,0.00,0.00,0.00,0.00,0.00,0.00,0.00,0.00,0.00,0.00,0.00,0.00,419349,443985,529431,432453,458138,545157,0,0,0,0,0,0,0,112547,0,140.09,140.10,140.12
442,0,0,0,0,93655,93655,93655,3624,3624,3624,591,591,591,0.00,0.00,0.00,0.00,0.00,0.00,0.00,0.00,0.00,0.00,0.00,0.00,0.00,0.00,0.00,0.00,0.00,0.00,0.00,0.00,0.00,298783,366929,592332,317129,381082,605437,0,0,0,0,0,0,0,109957,0,137.10,137.12,137.14
442,1,0,0,0,93624,93624,93624,3655,3655,3655,591,591,591,0.00,0.00,0.00,0.00,0.00,0.00,0.00,0.00,0.00,0.00,0.00,0.00,0.00,0.00,0.00,0.00,0.00,0.00,0.00,0.00,0.00,301404,354873,547773,314513,368502,560878,0,0,0,0,0,0,0,98953,0,123.33,123.40,123.45
442,2,0,0,0,93619,93619,93619,3660,3660,3660,591,591,591,0.00,0.00,0.00,0.00,0.00,0.00,0.00,0.00,0.00,0.00,0.00,0.00,0.00,0.00,0.00,0.00,0.00,0.00,0.00,0.00,0.00,317131,398901,676205,330236,412530,689310,0,0,0,0,0,0,0,113468,0,125.67,125.72,125.78
442,3,0,0,0,93659,93659,93659,3620,3620,3620,591,591,591,0.00,0.00,0.00,0.00,0.00,0.00,0.00,0.00,0.00,0.00,0.00,0.00,0.00,0.00,0.00,0.00,0.00,0.00,0.00,0.00,0.00,419351,457091,597563,432455,470719,610667,0,0,0,0,0,0,0,112437,0,139.97,140.06,140.13
443,0,0,0,0,93655,93655,93655,3624,3624,3624,591,591,591,0.00,0.00,0.00,0.00,0.00,0.00,0.00,0.00,0.00,0.00,0.00,0.00,0.00,0.00,0.00,0.00,0.00,0.00,0.00,0.00,0.00,288466,334178,486092,301344,347782,499020,0,0,0,0,0,0,0,109897,0,137.11,137.13,137.18
443,1,0,0,0,93624,93624,93624,3655,3655,3655,591,591,591,0.00,0.00,0.00,0.00,0.00,0.00,0.00,0.00,0.00,0.00,0.00,0.00,0.00,0.00,0.00,0.00,0.00,0.00,0.00,0.00,0.00,311889,373742,537285,324996,387895,550389,0,0,0,0,0,0,0,111321,0,123.50,123.52,123.55
443,2,0,0,0,93619,93619,93619,3660,3660,3660,591,591,591,0.00,0.00,0.00,0.00,0.00,0.00,0.00,0.00,0.00,0.00,0.00,0.00,0.00,0.00,0.00,0.00,0.00,0.00,0.00,0.00,0.00,314512,521043,1043137,327617,535196,1058863,0,0,0,0,0,0,0,100829,0,125.66,125.70,125.73
443,3,0,0,0,93659,93659,93659,3620,3620,3620,591,591,591,0.00,0.00,0.00,0.00,0.00,0.00,0.00,0.00,0.00,0.00,0.00,0.00,0.00,0.00,0.00,0.00,0.00,0.00,0.00,0.00,0.00,81248,620624,1375928,94353,634777,1389032,0,0,0,0,0,0,0,126525,0,139.94,140.00,140.10
445,0,0,0,0,93655,93655,93655,3624,3624,3624,591,591,591,0.00,0.00,0.00,0.00,0.00,0.00,0.00,0.00,0.00,0.00,0.00,0.00,0.00,0.00,0.00,0.00,0.00,0.00,0.00,0.00,0.00,298786,487226,1229215,314511,501116,1242320,0,0,0,0,0,0,0,247290,0,137.05,137.08,137.11
445,1,0,0,0,93624,93624,93624,3655,3655,3655,591,591,591,0.00,0.00,0.00,0.00,0.00,0.00,0.00,0.00,0.00,0.00,0.00,0.00,0.00,0.00,0.00,0.00,0.00,0.00,0.00,0.00,0.00,304028,393659,634265,319754,407811,649990,0,0,0,0,0,0,0,222452,0,123.38,123.42,123.48
445,2,0,0,0,93619,93619,93619,3660,3660,3660,591,591,591,0.00,0.00,0.00,0.00,0.00,0.00,0.00,0.00,0.00,0.00,0.00,0.00,0.00,0.00,0.00,0.00,0.00,0.00,0.00,0.00,0.00,308849,422817,699792,321718,436685,712897,0,0,0,0,0,0,0,226814,0,125.58,125.67,125.78
445,3,0,0,0,93659,93659,93659,3620,3620,3620,591,591,591,0.00,0.00,0.00,0.00,0.00,0.00,0.00,0.00,0.00,0.00,0.00,0.00,0.00,0.00,0.00,0.00,0.00,0.00,0.00,0.00,0.00,421971,493781,705037,435075,507672,718142,0,0,0,0,0,0,0,253475,0,140.13,140.22,140.30
446,0,0,0,0,93655,93655,93655,3624,3624,3624,591,591,591,0.00,0.00,0.00,0.00,0.00,0.00,0.00,0.00,0.00,0.00,0.00,0.00,0.00,0.00,0.00,0.00,0.00,0.00,0.00,0.00,0.00,195696,322155,482251,204432,334823,495356,0,0,0,0,0,0,0,110011,0,137.05,137.17,137.25
446,1,0,0,0,93624,93624,93624,3655,3655,3655,591,591,591,0.00,0.00,0.00,0.00,0.00,0.00,0.00,0.00,0.00,0.00,0.00,0.00,0.00,0.00,0.00,0.00,0.00,0.00,0.00,0.00,0.00,211412,303151,387898,221895,315601,401003,0,0,0,0,0,0,0,98955,0,123.37,123.39,123.42
446,2,0,0,0,93619,93619,93619,3660,3660,3660,591,591,591,0.00,0.00,0.00,0.00,0.00,0.00,0.00,0.00,0.00,0.00,0.00,0.00,0.00,0.00,0.00,0.00,0.00,0.00,0.00,0.00,0.00,309271,580532,1344518,322376,594292,1357622,0,0,0,0,0,0,0,113585,0,125.68,125.70,125.72
446,3,0,0,0,93659,93659,93659,3620,3620,3620,591,591,591,0.00,0.00,0.00,0.00,0.00,0.00,0.00,0.00,0.00,0.00,0.00,0.00,0.00,0.00,0.00,0.00,0.00,0.00,0.00,0.00,0.00,419348,422625,427215,435067,437040,440320,0,0,0,0,0,0,0,98554,0,140.16,140.19,140.21
447,0,0,0,0,93655,93655,93655,3624,3624,3624,591,591,591,0.00,0.00,0.00,0.00,0.00,0.00,0.00,0.00,0.00,0.00,0.00,0.00,0.00,0.00,0.00,0.00,0.00,0.00,0.00,0.00,0.00,296152,345378,508466,309243,359497,524192,0,0,0,0,0,0,0,96327,0,137.22,137.27,137.30
447,1,0,0,0,93624,93624,93624,3655,3655,3655,591,591,591,0.00,0.00,0.00,0.00,0.00,0.00,0.00,0.00,0.00,0.00,0.00,0.00,0.00,0.00,0.00,0.00,0.00,0.00,0.00,0.00,0.00,295960,445083,670956,308828,458714,684061,0,0,0,0,0,0,0,86454,0,123.43,123.44,123.45
447,2,0,0,0,93619,93619,93619,3660,3660,3660,591,591,591,0.00,0.00,0.00,0.00,0.00,0.00,0.00,0.00,0.00,0.00,0.00,0.00,0.00,0.00,0.00,0.00,0.00,0.00,0.00,0.00,0.00,306649,377413,634269,319754,391566,647374,0,0,0,0,0,0,0,75601,0,125.73,125.75,125.78
447,3,0,0,0,93659,93659,93659,3620,3620,3620,591,591,591,0.00,0.00,0.00,0.00,0.00,0.00,0.00,0.00,0.00,0.00,0.00,0.00,0.00,0.00,0.00,0.00,0.00,0.00,0.00,0.00,0.00,295295,727919,1213476,305779,741024,1226581,0,0,0,0,0,0,0,112488,0,140.16,140.19,140.22
448,0,0,0,0,93655,93655,93655,3624,3624,3624,591,591,591,0.00,0.00,0.00,0.00,0.00,0.00,0.00,0.00,0.00,0.00,0.00,0.00,0.00,0.00,0.00,0.00,0.00,0.00,0.00,0.00,0.00,298786,541993,1265835,314511,556146,1281560,0,0,0,0,0,0,0,109953,0,137.13,137.24,137.33
448,1,0,0,0,93624,93624,93624,3655,3655,3655,591,591,591,0.00,0.00,0.00,0.00,0.00,0.00,0.00,0.00,0.00,0.00,0.00,0.00,0.00,0.00,0.00,0.00,0.00,0.00,0.00,0.00,0.00,304028,347009,490108,317133,361161,505833,0,0,0,0,0,0,0,98930,0,123.42,123.44,123.45
448,2,0,0,0,93619,93619,93619,3660,3660,3660,591,591,591,0.00,0.00,0.00,0.00,0.00,0.00,0.00,0.00,0.00,0.00,0.00,0.00,0.00,0.00,0.00,0.00,0.00,0.00,0.00,0.00,0.00,209673,444501,731203,218409,457780,744307,0,0,0,0,0,0,0,100905,0,125.69,125.74,125.80
448,3,0,0,0,93659,93659,93659,3620,3620,3620,591,591,591,0.00,0.00,0.00,0.00,0.00,0.00,0.00,0.00,0.00,0.00,0.00,0.00,0.00,0.00,0.00,0.00,0.00,0.00,0.00,0.00,0.00,414110,463902,608050,427215,477531,621155,0,0,0,0,0,0,0,112723,0,140.14,140.19,140.29
449,0,0,0,0,93655,93655,93655,3624,3624,3624,591,591,591,0.00,0.00,0.00,0.00,0.00,0.00,0.00,0.00,0.00,0.00,0.00,0.00,0.00,0.00,0.00,0.00,0.00,0.00,0.00,0.00,0.00,304026,381606,681441,317130,395235,694546,0,0,0,0,0,0,0,110157,0,137.17,137.26,137.35
449,1,0,0,0,93624,93624,93624,3655,3655,3655,591,591,591,0.00,0.00,0.00,0.00,0.00,0.00,0.00,0.00,0.00,0.00,0.00,0.00,0.00,0.00,0.00,0.00,0.00,0.00,0.00,0.00,0.00,301403,376360,539916,317128,390512,555641,0,0,0,0,0,0,0,98956,0,123.42,123.43,123.45
449,2,0,0,0,93619,93619,93619,3660,3660,3660,591,591,591,0.00,0.00,0.00,0.00,0.00,0.00,0.00,0.00,0.00,0.00,0.00,0.00,0.00,0.00,0.00,0.00,0.00,0.00,0.00,0.00,0.00,308808,391654,712898,321675,405254,723382,0,0,0,0,0,0,0,100960,0,125.84,125.87,125.91
449,3,0,0,0,93659,93659,93659,3620,3620,3620,591,591,591,0.00,0.00,0.00,0.00,0.00,0.00,0.00,0.00,0.00,0.00,0.00,0.00,0.00,0.00,0.00,0.00,0.00,0.00,0.00,0.00,0.00,421968,467050,550399,435073,480679,563503,0,0,0,0,0,0,0,112637,0,140.21,140.27,140.31
450,0,0,0,0,93655,93655,93655,3624,3624,3624,591,591,591,0.00,0.00,0.00,0.00,0.00,0.00,0.00,0.00,0.00,0.00,0.00,0.00,0.00,0.00,0.00,0.00,0.00,0.00,0.00,0.00,0.00,298785,400475,613299,311893,414103,626404,0,0,0,0,0,0,0,109944,0,137.15,137.22,137.30
450,1,0,0,0,93624,93624,93624,3655,3655,3655,591,591,591,0.00,0.00,0.00,0.00,0.00,0.00,0.00,0.00,0.00,0.00,0.00,0.00,0.00,0.00,0.00,0.00,0.00,0.00,0.00,0.00,0.00,299358,364949,602815,314842,379053,615920,0,0,0,0,0,0,0,98863,0,123.36,123.38,123.41
450,2,0,0,0,93619,93619,93619,3660,3660,3660,591,591,591,0.00,0.00,0.00,0.00,0.00,0.00,0.00,0.00,0.00,0.00,0.00,0.00,0.00,0.00,0.00,0.00,0.00,0.00,0.00,0.00,0.00,309273,588651,1389030,322378,602280,1402135,0,0,0,0,0,0,0,113721,0,125.92,126.00,126.05
450,3,0,0,0,93659,93659,93659,3620,3620,3620,591,591,591,0.00,0.00,0.00,0.00,0.00,0.00,0.00,0.00,0.00,0.00,0.00,0.00,0.00,0.00,0.00,0.00,0.00,0.00,0.00,0.00,0.00,424591,718137,1378619,437695,732290,1391724,0,0,0,0,0,0,0,126705,0,140.15,140.17,140.19
451,0,0,0,0,93655,93655,93655,3624,3624,3624,591,591,591,0.00,0.00,0.00,0.00,0.00,0.00,0.00,0.00,0.00,0.00,0.00,0.00,0.00,0.00,0.00,0.00,0.00,0.00,0.00,0.00,0.00,206040,461081,1184665,212966,474522,1197769,0,0,0,0,0,0,0,123823,0,137.17,137.19,137.23
451,1,0,0,0,93624,93624,93624,3655,3655,3655,591,591,591,0.00,0.00,0.00,0.00,0.00,0.00,0.00,0.00,0.00,0.00,0.00,0.00,0.00,0.00,0.00,0.00,0.00,0.00,0.00,0.00,0.00,270829,404821,537288,279565,417052,553014,0,0,0,0,0,0,0,98760,0,123.35,123.40,123.43
451,2,0,0,0,93619,93619,93619,3660,3660,3660,591,591,591,0.00,0.00,0.00,0.00,0.00,0.00,0.00,0.00,0.00,0.00,0.00,0.00,0.00,0.00,0.00,0.00,0.00,0.00,0.00,0.00,0.00,314512,393665,702414,327617,407819,715519,0,0,0,0,0,0,0,101043,0,125.80,125.87,125.95
451,3,0,0,0,93659,93659,93659,3620,3620,3620,591,591,591,0.00,0.00,0.00,0.00,0.00,0.00,0.00,0.00,0.00,0.00,0.00,0.00,0.00,0.00,0.00,0.00,0.00,0.00,0.00,0.00,0.00,419352,506360,628993,432456,519988,644718,0,0,0,0,0,0,0,112659,0,140.27,140.37,140.44
452,0,0,0,0,93655,93655,93655,3624,3624,3624,591,591,591,0.00,0.00,0.00,0.00,0.00,0.00,0.00,0.00,0.00,0.00,0.00,0.00,0.00,0.00,0.00,0.00,0.00,0.00,0.00,0.00,0.00,298784,431403,663086,311888,445556,676190,0,0,0,0,0,0,0,109915,0,137.14,137.17,137.22
452,1,0,0,0,93624,93624,93624,3655,3655,3655,591,591,591,0.00,0.00,0.00,0.00,0.00,0.00,0.00,0.00,0.00,0.00,0.00,0.00,0.00,0.00,0.00,0.00,0.00,0.00,0.00,0.00,0.00,304029,371122,511080,319755,385275,524185,0,0,0,0,0,0,0,98966,0,123.33,123.37,123.43
452,2,0,0,0,93619,93619,93619,3660,3660,3660,591,591,591,0.00,0.00,0.00,0.00,0.00,0.00,0.00,0.00,0.00,0.00,0.00,0.00,0.00,0.00,0.00,0.00,0.00,0.00,0.00,0.00,0.00,219499,366800,673586,228141,380060,686691,0,0,0,0,0,0,0,100998,0,125.92,125.95,125.98
452,3,0,0,0,93659,93659,93659,3620,3620,3620,591,591,591,0.00,0.00,0.00,0.00,0.00,0.00,0.00,0.00,0.00,0.00,0.00,0.00,0.00,0.00,0.00,0.00,0.00,0.00,0.00,0.00,0.00,290049,409216,490122,298785,422496,503227,0,0,0,0,0,0,0,112487,0,140.09,140.19,140.35
453,0,0,0,0,93655,93655,93655,3624,3624,3624,591,591,591,0.00,0.00,0.00,0.00,0.00,0.00,0.00,0.00,0.00,0.00,0.00,0.00,0.00,0.00,0.00,0.00,0.00,0.00,0.00,0.00,0.00,304027,370597,623786,319736,384750,636890,0,0,0,0,0,0,0,110009,0,137.10,137.14,137.23
453,1,0,0,0,93624,93624,93624,3655,3655,3655,591,591,591,0.00,0.00,0.00,0.00,0.00,0.00,0.00,0.00,0.00,0.00,0.00,0.00,0.00,0.00,0.00,0.00,0.00,0.00,0.00,0.00,0.00,304026,425116,629027,317133,439269,642132,0,0,0,0,0,0,0,98906,0,123.46,123.49,123.51
453,2,0,0,0,93619,93619,93619,3660,3660,3660,591,591,591,0.00,0.00,0.00,0.00,0.00,0.00,0.00,0.00,0.00,0.00,0.00,0.00,0.00,0.00,0.00,0.00,0.00,0.00,0.00,0.00,0.00,302255,392646,696476,314849,406807,710132,0,0,0,0,0,0,0,113566,0,125.87,125.89,125.92
453,3,0,0,0,93659,93659,93659,3620,3620,3620,591,591,591,0.00,0.00,0.00,0.00,0.00,0.00,0.00,0.00,0.00,0.00,0.00,0.00,0.00,0.00,0.00,0.00,0.00,0.00,0.00,0.00,0.00,419350,460753,594924,435076,474906,608028,0,0,0,0,0,0,0,112697,0,140.11,140.19,140.24
454,0,0,0,0,93655,93655,93655,3624,3624,3624,591,591,591,0.00,0.00,0.00,0.00,0.00,0.00,0.00,0.00,0.00,0.00,0.00,0.00,0.00,0.00,0.00,0.00,0.00,0.00,0.00,0.00,0.00,298786,332334,458662,311891,345963,474388,0,0,0,0,0,0,0,82426,0,137.19,137.24,137.30
454,1,0,0,0,93624,93624,93624,3655,3655,3655,591,591,591,0.00,0.00,0.00,0.00,0.00,0.00,0.00,0.00,0.00,0.00,0.00,0.00,0.00,0.00,0.00,0.00,0.00,0.00,0.00,0.00,0.00,306650,366580,527757,317134,380136,540505,0,0,0,0,0,0,0,86509,0,123.40,123.43,123.46
454,2,0,0,0,93619,93619,93619,3660,3660,3660,591,591,591,0.00,0.00,0.00,0.00,0.00,0.00,0.00,0.00,0.00,0.00,0.00,0.00,0.00,0.00,0.00,0.00,0.00,0.00,0.00,0.00,0.00,314506,588137,1349779,327610,602290,1362884,0,0,0,0,0,0,0,100965,0,125.80,125.83,125.86
454,3,0,0,0,93659,93659,93659,3620,3620,3620,591,591,591,0.00,0.00,0.00,0.00,0.00,0.00,0.00,0.00,0.00,0.00,0.00,0.00,0.00,0.00,0.00,0.00,0.00,0.00,0.00,0.00,0.00,427214,755879,1140120,437698,769508,1155845,0,0,0,0,0,0,0,84414,0,140.29,140.33,140.38
455,0,0,0,0,93655,93655,93655,3624,3624,3624,591,591,591,0.00,0.00,0.00,0.00,0.00,0.00,0.00,0.00,0.00,0.00,0.00,0.00,0.00,0.00,0.00,0.00,0.00,0.00,0.00,0.00,0.00,195697,566552,1197760,206180,579001,1210864,0,0,0,0,0,0,0,123792,0,137.25,137.28,137.31
455,1,0,0,0,93624,93624,93624,3655,3655,3655,591,591,591,0.00,0.00,0.00,0.00,0.00,0.00,0.00,0.00,0.00,0.00,0.00,0.00,0.00,0.00,0.00,0.00,0.00,0.00,0.00,0.00,0.00,309270,319970,344213,322375,333074,354696,0,0,0,0,0,0,0,98782,0,123.28,123.34,123.41
455,2,0,0,0,93619,93619,93619,3660,3660,3660,591,591,591,0.00,0.00,0.00,0.00,0.00,0.00,0.00,0.00,0.00,0.00,0.00,0.00,0.00,0.00,0.00,0.00,0.00,0.00,0.00,0.00,0.00,314508,412788,704996,327612,425892,720720,0,0,0,0,0,0,0,75567,0,125.77,125.82,125.85
455,3,0,0,0,93659,93659,93659,3620,3620,3620,591,591,591,0.00,0.00,0.00,0.00,0.00,0.00,0.00,0.00,0.00,0.00,0.00,0.00,0.00,0.00,0.00,0.00,0.00,0.00,0.00,0.00,0.00,419071,497908,705039,432005,512280,718144,0,0,0,0,0,0,0,112571,0,140.20,140.24,140.31
456,0,0,0,0,93655,93655,93655,3624,3624,3624,591,591,591,0.00,0.00,0.00,0.00,0.00,0.00,0.00,0.00,0.00,0.00,0.00,0.00,0.00,0.00,0.00,0.00,0.00,0.00,0.00,0.00,0.00,301406,381082,676201,314511,395235,689306,0,0,0,0,0,0,0,110055,0,137.15,137.18,137.22
456,1,0,0,0,93624,93624,93624,3655,3655,3655,591,591,591,0.00,0.00,0.00,0.00,0.00,0.00,0.00,0.00,0.00,0.00,0.00,0.00,0.00,0.00,0.00,0.00,0.00,0.00,0.00,0.00,0.00,311890,427206,558260,324994,440834,571365,0,0,0,0,0,0,0,98889,0,123.28,123.35,123.40
456,2,0,0,0,93619,93619,93619,3660,3660,3660,591,591,591,0.00,0.00,0.00,0.00,0.00,0.00,0.00,0.00,0.00,0.00,0.00,0.00,0.00,0.00,0.00,0.00,0.00,0.00,0.00,0.00,0.00,202983,364545,670964,213218,377600,684068,0,0,0,0,0,0,0,100921,0,125.77,125.81,125.87
456,3,0,0,0,93659,93659,93659,3620,3620,3620,591,591,591,0.00,0.00,0.00,0.00,0.00,0.00,0.00,0.00,0.00,0.00,0.00,0.00,0.00,0.00,0.00,0.00,0.00,0.00,0.00,0.00,0.00,286558,435247,621163,295295,448003,636889,0,0,0,0,0,0,0,112590,0,140.23,140.28,140.32
457,0,0,0,0,93655,93655,93655,3624,3624,3624,591,591,591,0.00,0.00,0.00,0.00,0.00,0.00,0.00,0.00,0.00,0.00,0.00,0.00,0.00,0.00,0.00,0.00,0.00,0.00,0.00,0.00,0.00,290921,365882,618548,306647,380035,631653,0,0,0,0,0,0,0,110112,0,137.20,137.26,137.33
457,1,0,0,0,93624,93624,93624,3655,3655,3655,591,591,591,0.00,0.00,0.00,0.00,0.00,0.00,0.00,0.00,0.00,0.00,0.00,0.00,0.00,0.00,0.00,0.00,0.00,0.00,0.00,0.00,0.00,304025,371122,615913,317134,385275,629018,0,0,0,0,0,0,0,98746,0,123.20,123.29,123.36
457,2,0,0,0,93619,93619,93619,3660,3660,3660,591,591,591,0.00,0.00,0.00,0.00,0.00,0.00,0.00,0.00,0.00,0.00,0.00,0.00,0.00,0.00,0.00,0.00,0.00,0.00,0.00,0.00,0.00,304236,594718,1370662,320248,608882,1386386,0,0,0,0,0,0,0,113607,0,125.82,125.84,125.88
457,3,0,0,0,93659,93659,93659,3620,3620,3620,591,591,591,0.00,0.00,0.00,0.00,0.00,0.00,0.00,0.00,0.00,0.00,0.00,0.00,0.00,0.00,0.00,0.00,0.00,0.00,0.00,0.00,0.00,419349,459187,589704,432456,473340,602809,0,0,0,0,0,0,0,126639,0,140.23,140.27,140.30
458,0,0,0,0,93655,93655,93655,3624,3624,3624,591,591,591,0.00,0.00,0.00,0.00,0.00,0.00,0.00,0.00,0.00,0.00,0.00,0.00,0.00,0.00,0.00,0.00,0.00,0.00,0.00,0.00,0.00,200937,312237,461282,211421,324817,477008,0,0,0,0,0,0,0,123662,0,137.18,137.28,137.33
458,1,0,0,0,93624,93624,93624,3655,3655,3655,591,591,591,0.00,0.00,0.00,0.00,0.00,0.00,0.00,0.00,0.00,0.00,0.00,0.00,0.00,0.00,0.00,0.00,0.00,0.00,0.00,0.00,0.00,165081,340234,542537,178182,354326,555642,0,0,0,0,0,0,0,111161,0,123.17,123.26,123.39
458,2,0,0,0,93619,93619,93619,3660,3660,3660,591,591,591,0.00,0.00,0.00,0.00,0.00,0.00,0.00,0.00,0.00,0.00,0.00,0.00,0.00,0.00,0.00,0.00,0.00,0.00,0.00,0.00,0.00,309269,383181,652615,324995,396810,668340,0,0,0,0,0,0,0,100994,0,125.87,125.90,125.94
458,3,0,0,0,93659,93659,93659,3620,3620,3620,591,591,591,0.00,0.00,0.00,0.00,0.00,0.00,0.00,0.00,0.00,0.00,0.00,0.00,0.00,0.00,0.00,0.00,0.00,0.00,0.00,0.00,0.00,424595,755344,1255420,437699,768973,1268524,0,0,0,0,0,0,0,112439,0,140.15,140.18,140.24
459,0,0,0,0,93655,93655,93655,3624,3624,3624,591,591,591,0.00,0.00,0.00,0.00,0.00,0.00,0.00,0.00,0.00,0.00,0.00,0.00,0.00,0.00,0.00,0.00,0.00,0.00,0.00,0.00,0.00,298782,538339,1200391,314507,552492,1216117,0,0,0,0,0,0,0,110074,0,137.20,137.25,137.31
459,1,0,0,0,93624,93624,93624,3655,3655,3655,591,591,591,0.00,0.00,0.00,0.00,0.00,0.00,0.00,0.00,0.00,0.00,0.00,0.00,0.00,0.00,0.00,0.00,0.00,0.00,0.00,0.00,0.00,301404,380552,508454,314508,393307,524180,0,0,0,0,0,0,0,98812,0,123.29,123.35,123.41
459,2,0,0,0,93619,93619,93619,3660,3660,3660,591,591,591,0.00,0.00,0.00,0.00,0.00,0.00,0.00,0.00,0.00,0.00,0.00,0.00,0.00,0.00,0.00,0.00,0.00,0.00,0.00,0.00,0.00,309273,463905,720756,322378,478057,733860,0,0,0,0,0,0,0,101039,0,125.94,125.98,126.01
459,3,0,0,0,93659,93659,93659,3620,3620,3620,591,591,591,0.00,0.00,0.00,0.00,0.00,0.00,0.00,0.00,0.00,0.00,0.00,0.00,0.00,0.00,0.00,0.00,0.00,0.00,0.00,0.00,0.00,421974,475948,678741,437697,490031,691499,0,0,0,0,0,0,0,112564,0,140.16,140.18,140.21
460,0,0,0,0,93655,93655,93655,3624,3624,3624,591,591,591,0.00,0.00,0.00,0.00,0.00,0.00,0.00,0.00,0.00,0.00,0.00,0.00,0.00,0.00,0.00,0.00,0.00,0.00,0.00,0.00,0.00,301407,385272,686679,317133,399425,697163,0,0,0,0,0,0,0,109880,0,137.12,137.20,137.27
460,1,0,0,0,93624,93624,93624,3655,3655,3655,591,591,591,0.00,0.00,0.00,0.00,0.00,0.00,0.00,0.00,0.00,0.00,0.00,0.00,0.00,0.00,0.00,0.00,0.00,0.00,0.00,0.00,0.00,304028,376888,560881,319754,391566,573985,0,0,0,0,0,0,0,98971,0,123.33,123.42,123.50
460,2,0,0,0,93619,93619,93619,3660,3660,3660,591,591,591,0.00,0.00,0.00,0.00,0.00,0.00,0.00,0.00,0.00,0.00,0.00,0.00,0.00,0.00,0.00,0.00,0.00,0.00,0.00,0.00,0.00,311876,343215,458105,324980,355951,466748,0,0,0,0,0,0,0,101071,0,125.92,125.95,126.00
460,3,0,0,0,93659,93659,93659,3620,3620,3620,591,591,591,0.00,0.00,0.00,0.00,0.00,0.00,0.00,0.00,0.00,0.00,0.00,0.00,0.00,0.00,0.00,0.00,0.00,0.00,0.00,0.00,0.00,298784,449747,581814,307520,463026,597539,0,0,0,0,0,0,0,112536,0,140.13,140.16,140.19
461,0,0,0,0,93655,93655,93655,3624,3624,3624,591,591,591,0.00,0.00,0.00,0.00,0.00,0.00,0.00,0.00,0.00,0.00,0.00,0.00,0.00,0.00,0.00,0.00,0.00,0.00,0.00,0.00,0.00,296165,394712,608059,309270,408341,621164,0,0,0,0,0,0,0,109889,0,137.11,137.15,137.18
461,1,0,0,0,93624,93624,93624,3655,3655,3655,591,591,591,0.00,0.00,0.00,0.00,0.00,0.00,0.00,0.00,0.00,0.00,0.00,0.00,0.00,0.00,0.00,0.00,0.00,0.00,0.00,0.00,0.00,298785,369022,629019,314510,382650,642123,0,0,0,0,0,0,0,74133,0,123.30,123.37,123.44
461,2,0,0,0,93619,93619,93619,3660,3660,3660,591,591,591,0.00,0.00,0.00,0.00,0.00,0.00,0.00,0.00,0.00,0.00,0.00,0.00,0.00,0.00,0.00,0.00,0.00,0.00,0.00,0.00,0.00,311893,590776,1336683,324997,604930,1352409,0,0,0,0,0,0,0,113546,0,125.83,125.94,126.03
461,3,0,0,0,93659,93659,93659,3620,3620,3620,591,591,591,0.00,0.00,0.00,0.00,0.00,0.00,0.00,0.00,0.00,0.00,0.00,0.00,0.00,0.00,0.00,0.00,0.00,0.00,0.00,0.00,0.00,424586,666243,1153220,437691,679872,1166325,0,0,0,0,0,0,0,98376,0,140.09,140.11,140.12
462,0,0,0,0,93655,93655,93655,3624,3624,3624,591,591,591,0.00,0.00,0.00,0.00,0.00,0.00,0.00,0.00,0.00,0.00,0.00,0.00,0.00,0.00,0.00,0.00,0.00,0.00,0.00,0.00,0.00,195697,491205,1174171,206181,503654,1187275,0,0,0,0,0,0,0,96278,0,137.13,137.15,137.17
462,1,0,0,0,93624,93624,93624,3655,3655,3655,591,591,591,0.00,0.00,0.00,0.00,0.00,0.00,0.00,0.00,0.00,0.00,0.00,0.00,0.00,0.00,0.00,0.00,0.00,0.00,0.00,0.00,0.00,317126,419629,566123,330231,433305,579228,0,0,0,0,0,0,0,111225,0,123.35,123.37,123.40
462,2,0,0,0,93619,93619,93619,3660,3660,3660,591,591,591,0.00,0.00,0.00,0.00,0.00,0.00,0.00,0.00,0.00,0.00,0.00,0.00,0.00,0.00,0.00,0.00,0.00,0.00,0.00,0.00,0.00,309272,420003,741713,322377,434418,757438,0,0,0,0,0,0,0,75812,0,125.75,125.82,125.89
462,3,0,0,0,93659,93659,93659,3620,3620,3620,591,591,591,0.00,0.00,0.00,0.00,0.00,0.00,0.00,0.00,0.00,0.00,0.00,0.00,0.00,0.00,0.00,0.00,0.00,0.00,0.00,0.00,0.00,421975,547773,898966,437701,562188,912071,0,0,0,0,0,0,0,112495,0,140.03,140.06,140.08
463,0,0,0,0,93655,93655,93655,3624,3624,3624,591,591,591,0.00,0.00,0.00,0.00,0.00,0.00,0.00,0.00,0.00,0.00,0.00,0.00,0.00,0.00,0.00,0.00,0.00,0.00,0.00,0.00,0.00,301407,359587,576605,314507,373216,589710,0,0,0,0,0,0,0,110041,0,137.15,137.19,137.27
463,1,0,0,0,93624,93624,93624,3655,3655,3655,591,591,591,0.00,0.00,0.00,0.00,0.00,0.00,0.00,0.00,0.00,0.00,0.00,0.00,0.00,0.00,0.00,0.00,0.00,0.00,0.00,0.00,0.00,211421,348407,521564,220157,361686,532048,0,0,0,0,0,0,0,99107,0,123.52,123.60,123.65
463,2,0,0,0,93619,93619,93619,3660,3660,3660,591,591,591,0.00,0.00,0.00,0.00,0.00,0.00,0.00,0.00,0.00,0.00,0.00,0.00,0.00,0.00,0.00,0.00,0.00,0.00,0.00,0.00,0.00,309271,378983,623785,324996,392611,636889,0,0,0,0,0,0,0,100910,0,125.86,125.90,125.93
463,3,0,0,0,93659,93659,93659,3620,3620,3620,591,591,591,0.00,0.00,0.00,0.00,0.00,0.00,0.00,0.00,0.00,0.00,0.00,0.00,0.00,0.00,0.00,0.00,0.00,0.00,0.00,0.00,0.00,419329,503738,705038,432433,517367,718143,0,0,0,0,0,0,0,112523,0,140.10,140.13,140.16
464,0,0,0,0,93655,93655,93655,3624,3624,3624,591,591,591,0.00,0.00,0.00,0.00,0.00,0.00,0.00,0.00,0.00,0.00,0.00,0.00,0.00,0.00,0.00,0.00,0.00,0.00,0.00,0.00,0.00,311891,443985,665718,324996,458662,684065,0,0,0,0,0,0,0,109973,0,137.19,137.24,137.27
464,1,0,0,0,93624,93624,93624,3655,3655,3655,591,591,591,0.00,0.00,0.00,0.00,0.00,0.00,0.00,0.00,0.00,0.00,0.00,0.00,0.00,0.00,0.00,0.00,0.00,0.00,0.00,0.00,0.00,301406,360633,558230,317127,374786,571334,0,0,0,0,0,0,0,98893,0,123.36,123.42,123.54
464,2,0,0,0,93619,93619,93619,3660,3660,3660,591,591,591,0.00,0.00,0.00,0.00,0.00,0.00,0.00,0.00,0.00,0.00,0.00,0.00,0.00,0.00,0.00,0.00,0.00,0.00,0.00,0.00,0.00,207334,372014,676206,217701,385049,689311,0,0,0,0,0,0,0,100946,0,125.80,125.83,125.85
464,3,0,0,0,93659,93659,93659,3620,3620,3620,591,591,591,0.00,0.00,0.00,0.00,0.00,0.00,0.00,0.00,0.00,0.00,0.00,0.00,0.00,0.00,0.00,0.00,0.00,0.00,0.00,0.00,0.00,283065,426688,592334,291802,439968,605439,0,0,0,0,0,0,0,112583,0,140.16,140.19,140.21
465,0,0,0,0,93655,93655,93655,3624,3624,3624,591,591,591,0.00,0.00,0.00,0.00,0.00,0.00,0.00,0.00,0.00,0.00,0.00,0.00,0.00,0.00,0.00,0.00,0.00,0.00,0.00,0.00,0.00,296166,333901,479602,309271,347530,490086,0,0,0,0,0,0,0,109964,0,137.20,137.22,137.24
465,1,0,0,0,93624,93624,93624,3655,3655,3655,591,591,591,0.00,0.00,0.00,0.00,0.00,0.00,0.00,0.00,0.00,0.00,0.00,0.00,0.00,0.00,0.00,0.00,0.00,0.00,0.00,0.00,0.00,298785,358018,532051,309268,371647,547776,0,0,0,0,0,0,0,111082,0,123.18,123.29,123.37
465,2,0,0,0,93619,93619,93619,3660,3660,3660,591,591,591,0.00,0.00,0.00,0.00,0.00,0.00,0.00,0.00,0.00,0.00,0.00,0.00,0.00,0.00,0.00,0.00,0.00,0.00,0.00,0.00,0.00,312317,588745,1365513,325664,602423,1378618,0,0,0,0,0,0,0,100939,0,125.77,125.82,125.86
465,3,0,0,0,93659,93659,93659,3620,3620,3620,591,591,591,0.00,0.00,0.00,0.00,0.00,0.00,0.00,0.00,0.00,0.00,0.00,0.00,0.00,0.00,0.00,0.00,0.00,0.00,0.00,0.00,0.00,421969,701362,1404828,435074,714991,1417933,0,0,0,0,0,0,0,126713,0,140.19,140.22,140.29
466,0,0,0,0,93655,93655,93655,3624,3624,3624,591,591,591,0.00,0.00,0.00,0.00,0.00,0.00,0.00,0.00,0.00,0.00,0.00,0.00,0.00,0.00,0.00,0.00,0.00,0.00,0.00,0.00,0.00,298785,454294,803757,311889,467573,812493,0,0,0,0,0,0,0,123608,0,137.01,137.08,137.18
466,1,0,0,0,93624,93624,93624,3655,3655,3655,591,591,591,0.00,0.00,0.00,0.00,0.00,0.00,0.00,0.00,0.00,0.00,0.00,0.00,0.00,0.00,0.00,0.00,0.00,0.00,0.00,0.00,0.00,209664,329711,424595,220148,342816,437700,0,0,0,0,0,0,0,98771,0,123.20,123.26,123.30
466,2,0,0,0,93619,93619,93619,3660,3660,3660,591,591,591,0.00,0.00,0.00,0.00,0.00,0.00,0.00,0.00,0.00,0.00,0.00,0.00,0.00,0.00,0.00,0.00,0.00,0.00,0.00,0.00,0.00,314511,395762,707656,327616,409915,723382,0,0,0,0,0,0,0,100893,0,125.79,125.84,125.88
466,3,0,0,0,93659,93659,93659,3620,3620,3620,591,591,591,0.00,0.00,0.00,0.00,0.00,0.00,0.00,0.00,0.00,0.00,0.00,0.00,0.00,0.00,0.00,0.00,0.00,0.00,0.00,0.00,0.00,406225,485334,699794,421949,499442,712899,0,0,0,0,0,0,0,112502,0,140.13,140.17,140.19
467,0,0,0,0,93655,93655,93655,3624,3624,3624,591,591,591,0.00,0.00,0.00,0.00,0.00,0.00,0.00,0.00,0.00,0.00,0.00,0.00,0.00,0.00,0.00,0.00,0.00,0.00,0.00,0.00,0.00,296166,381606,689305,309270,395759,702409,0,0,0,0,0,0,0,109996,0,137.05,137.11,137.18
467,1,0,0,0,93624,93624,93624,3655,3655,3655,591,591,591,0.00,0.00,0.00,0.00,0.00,0.00,0.00,0.00,0.00,0.00,0.00,0.00,0.00,0.00,0.00,0.00,0.00,0.00,0.00,0.00,0.00,314508,424064,558259,327613,437693,573985,0,0,0,0,0,0,0,98841,0,123.31,123.32,123.36
467,2,0,0,0,93619,93619,93619,3660,3660,3660,591,591,591,0.00,0.00,0.00,0.00,0.00,0.00,0.00,0.00,0.00,0.00,0.00,0.00,0.00,0.00,0.00,0.00,0.00,0.00,0.00,0.00,0.00,311893,383702,655236,324997,397331,670962,0,0,0,0,0,0,0,101117,0,125.78,125.88,126.00
467,3,0,0,0,93659,93659,93659,3620,3620,3620,591,591,591,0.00,0.00,0.00,0.00,0.00,0.00,0.00,0.00,0.00,0.00,0.00,0.00,0.00,0.00,0.00,0.00,0.00,0.00,0.00,0.00,0.00,279568,443287,652622,288305,456566,665727,0,0,0,0,0,0,0,112514,0,140.12,140.15,140.20
468,0,0,0,0,93655,93655,93655,3624,3624,3624,591,591,591,0.00,0.00,0.00,0.00,0.00,0.00,0.00,0.00,0.00,0.00,0.00,0.00,0.00,0.00,0.00,0.00,0.00,0.00,0.00,0.00,0.00,298783,364303,610670,311892,378456,623775,0,0,0,0,0,0,0,109824,0,137.07,137.15,137.23
468,1,0,0,0,93624,93624,93624,3655,3655,3655,591,591,591,0.00,0.00,0.00,0.00,0.00,0.00,0.00,0.00,0.00,0.00,0.00,0.00,0.00,0.00,0.00,0.00,0.00,0.00,0.00,0.00,0.00,301406,378984,644741,314511,392613,660467,0,0,0,0,0,0,0,98794,0,123.33,123.39,123.42
468,2,0,0,0,93619,93619,93619,3660,3660,3660,591,591,591,0.00,0.00,0.00,0.00,0.00,0.00,0.00,0.00,0.00,0.00,0.00,0.00,0.00,0.00,0.00,0.00,0.00,0.00,0.00,0.00,0.00,221581,581664,1397301,230237,595451,1415652,0,0,0,0,0,0,0,113639,0,125.93,126.00,126.08
468,3,0,0,0,93659,93659,93659,3620,3620,3620,591,591,591,0.00,0.00,0.00,0.00,0.00,0.00,0.00,0.00,0.00,0.00,0.00,0.00,0.00,0.00,0.00,0.00,0.00,0.00,0.00,0.00,0.00,416724,456037,576604,429829,470190,592330,0,0,0,0,0,0,0,126586,0,140.16,140.17,140.18
469,0,0,0,0,93655,93655,93655,3624,3624,3624,591,591,591,0.00,0.00,0.00,0.00,0.00,0.00,0.00,0.00,0.00,0.00,0.00,0.00,0.00,0.00,0.00,0.00,0.00,0.00,0.00,0.00,0.00,296165,336134,453421,309270,342818,469147,0,0,0,0,0,0,0,82412,0,137.02,137.05,137.06
469,1,0,0,0,93624,93624,93624,3655,3655,3655,591,591,591,0.00,0.00,0.00,0.00,0.00,0.00,0.00,0.00,0.00,0.00,0.00,0.00,0.00,0.00,0.00,0.00,0.00,0.00,0.00,0.00,0.00,298787,382651,550397,311892,397066,563502,0,0,0,0,0,0,0,86524,0,123.26,123.29,123.33
469,2,0,0,0,93619,93619,93619,3660,3660,3660,591,591,591,0.00,0.00,0.00,0.00,0.00,0.00,0.00,0.00,0.00,0.00,0.00,0.00,0.00,0.00,0.00,0.00,0.00,0.00,0.00,0.00,0.00,317126,395760,608058,330230,408864,621162,0,0,0,0,0,0,0,75653,0,125.89,125.91,125.93
469,3,0,0,0,93659,93659,93659,3620,3620,3620,591,591,591,0.00,0.00,0.00,0.00,0.00,0.00,0.00,0.00,0.00,0.00,0.00,0.00,0.00,0.00,0.00,0.00,0.00,0.00,0.00,0.00,0.00,427213,836732,1140113,437696,849836,1153217,0,0,0,0,0,0,0,84308,0,140.18,140.19,140.21
470,0,0,0,0,93655,93655,93655,3624,3624,3624,591,591,591,0.00,0.00,0.00,0.00,0.00,0.00,0.00,0.00,0.00,0.00,0.00,0.00,0.00,0.00,0.00,0.00,0.00,0.00,0.00,0.00,0.00,301374,522620,1129717,314477,536072,1141943,0,0,0,0,0,0,0,110052,0,137.04,137.13,137.24
470,1,0,0,0,93624,93624,93624,3655,3655,3655,591,591,591,0.00,0.00,0.00,0.00,0.00,0.00,0.00,0.00,0.00,0.00,0.00,0.00,0.00,0.00,0.00,0.00,0.00,0.00,0.00,0.00,0.00,211422,371470,516328,223653,384400,529432,0,0,0,0,0,0,0,98871,0,123.37,123.42,123.45
470,2,0,0,0,93619,93619,93619,3660,3660,3660,591,591,591,0.00,0.00,0.00,0.00,0.00,0.00,0.00,0.00,0.00,0.00,0.00,0.00,0.00,0.00,0.00,0.00,0.00,0.00,0.00,0.00,0.00,314494,395232,702413,327619,409385,715518,0,0,0,0,0,0,0,100872,0,125.75,125.78,125.82
470,3,0,0,0,93659,93659,93659,3620,3620,3620,591,591,591,0.00,0.00,0.00,0.00,0.00,0.00,0.00,0.00,0.00,0.00,0.00,0.00,0.00,0.00,0.00,0.00,0.00,0.00,0.00,0.00,0.00,421967,477008,670957,437692,491685,686683,0,0,0,0,0,0,0,112679,0,140.10,140.17,140.23
471,0,0,0,0,93655,93655,93655,3624,3624,3624,591,591,591,0.00,0.00,0.00,0.00,0.00,0.00,0.00,0.00,0.00,0.00,0.00,0.00,0.00,0.00,0.00,0.00,0.00,0.00,0.00,0.00,0.00,298782,381607,684065,314511,396283,697169,0,0,0,0,0,0,0,110008,0,137.11,137.19,137.24
471,1,0,0,0,93624,93624,93624,3655,3655,3655,591,591,591,0.00,0.00,0.00,0.00,0.00,0.00,0.00,0.00,0.00,0.00,0.00,0.00,0.00,0.00,0.00,0.00,0.00,0.00,0.00,0.00,0.00,311888,372163,542497,327614,386840,558222,0,0,0,0,0,0,0,98848,0,123.23,123.27,123.32
471,2,0,0,0,93619,93619,93619,3660,3660,3660,591,591,591,0.00,0.00,0.00,0.00,0.00,0.00,0.00,0.00,0.00,0.00,0.00,0.00,0.00,0.00,0.00,0.00,0.00,0.00,0.00,0.00,0.00,311892,456041,681433,322376,469670,694538,0,0,0,0,0,0,0,101043,0,125.77,125.86,125.95
471,3,0,0,0,93659,93659,93659,3620,3620,3620,591,591,591,0.00,0.00,0.00,0.00,0.00,0.00,0.00,0.00,0.00,0.00,0.00,0.00,0.00,0.00,0.00,0.00,0.00,0.00,0.00,0.00,0.00,281318,411133,511080,291802,423714,521564,0,0,0,0,0,0,0,112604,0,140.16,140.20,140.24
472,0,0,0,0,93655,93655,93655,3624,3624,3624,591,591,591,0.00,0.00,0.00,0.00,0.00,0.00,0.00,0.00,0.00,0.00,0.00,0.00,0.00,0.00,0.00,0.00,0.00,0.00,0.00,0.00,0.00,296165,358018,592337,309270,405195,605442,0,0,0,0,0,0,0,109966,0,137.09,137.12,137.17
472,1,0,0,0,93624,93624,93624,3655,3655,3655,591,591,591,0.00,0.00,0.00,0.00,0.00,0.00,0.00,0.00,0.00,0.00,0.00,0.00,0.00,0.00,0.00,0.00,0.00,0.00,0.00,0.00,0.00,298785,312414,332858,311890,326043,345963,0,0,0,0,0,0,0,98924,0,123.29,123.33,123.35
472,2,0,0,0,93619,93619,93619,3660,3660,3660,591,591,591,0.00,0.00,0.00,0.00,0.00,0.00,0.00,0.00,0.00,0.00,0.00,0.00,0.00,0.00,0.00,0.00,0.00,0.00,0.00,0.00,0.00,311893,477806,1016562,327618,491863,1029430,0,0,0,0,0,0,0,113684,0,125.88,125.91,125.93
472,3,0,0,0,93659,93659,93659,3620,3620,3620,591,591,591,0.00,0.00,0.00,0.00,0.00,0.00,0.00,0.00,0.00,0.00,0.00,0.00,0.00,0.00,0.00,0.00,0.00,0.00,0.00,0.00,0.00,411488,452898,581849,424593,467051,597575,0,0,0,0,0,0,0,126575,0,140.07,140.12,140.18
473,0,0,0,0,93655,93655,93655,3624,3624,3624,591,591,591,0.00,0.00,0.00,0.00,0.00,0.00,0.00,0.00,0.00,0.00,0.00,0.00,0.00,0.00,0.00,0.00,0.00,0.00,0.00,0.00,0.00,235883,318177,471760,251609,431822,982327,0,0,0,0,0,0,0,123762,0,137.21,137.23,137.26
473,1,0,0,0,93624,93624,93624,3655,3655,3655,591,591,591,0.00,0.00,0.00,0.00,0.00,0.00,0.00,0.00,0.00,0.00,0.00,0.00,0.00,0.00,0.00,0.00,0.00,0.00,0.00,0.00,0.00,306649,414631,539912,319753,428260,555638,0,0,0,0,0,0,0,111177,0,123.37,123.41,123.46
473,2,0,0,0,93619,93619,93619,3660,3660,3660,591,591,591,0.00,0.00,0.00,0.00,0.00,0.00,0.00,0.00,0.00,0.00,0.00,0.00,0.00,0.00,0.00,0.00,0.00,0.00,0.00,0.00,0.00,309272,454995,712896,322376,468624,728622,0,0,0,0,0,0,0,101225,0,125.94,126.05,126.19
473,3,0,0,0,93659,93659,93659,3620,3620,3620,591,591,591,0.00,0.00,0.00,0.00,0.00,0.00,0.00,0.00,0.00,0.00,0.00,0.00,0.00,0.00,0.00,0.00,0.00,0.00,0.00,0.00,0.00,421970,709219,1410067,435074,723372,1425792,0,0,0,0,0,0,0,112506,0,140.08,140.16,140.21
474,0,0,0,0,93655,93655,93655,3624,3624,3624,591,591,591,0.00,0.00,0.00,0.00,0.00,0.00,0.00,0.00,0.00,0.00,0.00,0.00,0.00,0.00,0.00,0.00,0.00,0.00,0.00,0.00,0.00,293806,492603,977157,306470,371611,605435,0,0,0,0,0,0,0,109956,0,137.20,137.24,137.28
474,1,0,0,0,93624,93624,93624,3655,3655,3655,591,591,591,0.00,0.00,0.00,0.00,0.00,0.00,0.00,0.00,0.00,0.00,0.00,0.00,0.00,0.00,0.00,0.00,0.00,0.00,0.00,0.00,0.00,204424,347007,516321,213160,360286,529426,0,0,0,0,0,0,0,98756,0,123.21,123.27,123.35
474,2,0,0,0,93619,93619,93619,3660,3660,3660,591,591,591,0.00,0.00,0.00,0.00,0.00,0.00,0.00,0.00,0.00,0.00,0.00,0.00,0.00,0.00,0.00,0.00,0.00,0.00,0.00,0.00,0.00,311891,383181,660477,324996,397335,673582,0,0,0,0,0,0,0,101080,0,125.98,126.07,126.14
474,3,0,0,0,93659,93659,93659,3620,3620,3620,591,591,591,0.00,0.00,0.00,0.00,0.00,0.00,0.00,0.00,0.00,0.00,0.00,0.00,0.00,0.00,0.00,0.00,0.00,0.00,0.00,0.00,0.00,424591,495358,676205,440317,509512,689310,0,0,0,0,0,0,0,112567,0,140.09,140.15,140.21
475,0,0,0,0,93655,93655,93655,3624,3624,3624,591,591,591,0.00,0.00,0.00,0.00,0.00,0.00,0.00,0.00,0.00,0.00,0.00,0.00,0.00,0.00,0.00,0.00,0.00,0.00,0.00,0.00,0.00,304025,378982,660472,322376,458658,673577,0,0,0,0,0,0,0,109918,0,137.12,137.15,137.21
475,1,0,0,0,93624,93624,93624,3655,3655,3655,591,591,591,0.00,0.00,0.00,0.00,0.00,0.00,0.00,0.00,0.00,0.00,0.00,0.00,0.00,0.00,0.00,0.00,0.00,0.00,0.00,0.00,0.00,301402,368502,594953,314506,382654,610679,0,0,0,0,0,0,0,98809,0,123.22,123.25,123.32
475,2,0,0,0,93619,93619,93619,3660,3660,3660,591,591,591,0.00,0.00,0.00,0.00,0.00,0.00,0.00,0.00,0.00,0.00,0.00,0.00,0.00,0.00,0.00,0.00,0.00,0.00,0.00,0.00,0.00,314512,394707,694521,327617,408860,710246,0,0,0,0,0,0,0,101055,0,126.00,126.05,126.09
475,3,0,0,0,93659,93659,93659,3620,3620,3620,591,591,591,0.00,0.00,0.00,0.00,0.00,0.00,0.00,0.00,0.00,0.00,0.00,0.00,0.00,0.00,0.00,0.00,0.00,0.00,0.00,0.00,0.00,284808,420219,545158,293544,432974,558263,0,0,0,0,0,0,0,112501,0,140.07,140.11,140.15
476,0,0,0,0,93655,93655,93655,3624,3624,3624,591,591,591,0.00,0.00,0.00,0.00,0.00,0.00,0.00,0.00,0.00,0.00,0.00,0.00,0.00,0.00,0.00,0.00,0.00,0.00,0.00,0.00,0.00,298783,408338,631636,309271,354873,511079,0,0,0,0,0,0,0,109948,0,137.01,137.09,137.15
476,1,0,0,0,93624,93624,93624,3655,3655,3655,591,591,591,0.00,0.00,0.00,0.00,0.00,0.00,0.00,0.00,0.00,0.00,0.00,0.00,0.00,0.00,0.00,0.00,0.00,0.00,0.00,0.00,0.00,301387,420393,636890,314490,434546,649995,0,0,0,0,0,0,0,74248,0,123.34,123.41,123.46
476,2,0,0,0,93619,93619,93619,3660,3660,3660,591,591,591,0.00,0.00,0.00,0.00,0.00,0.00,0.00,0.00,0.00,0.00,0.00,0.00,0.00,0.00,0.00,0.00,0.00,0.00,0.00,0.00,0.00,314513,495558,868525,327617,508299,877193,0,0,0,0,0,0,0,100924,0,125.85,125.88,125.94
476,3,0,0,0,93659,93659,93659,3620,3620,3620,591,591,591,0.00,0.00,0.00,0.00,0.00,0.00,0.00,0.00,0.00,0.00,0.00,0.00,0.00,0.00,0.00,0.00,0.00,0.00,0.00,0.00,0.00,424587,757973,1168935,437691,772126,1182040,0,0,0,0,0,0,0,98434,0,140.00,140.05,140.08
477,0,0,0,0,93655,93655,93655,3624,3624,3624,591,591,591,0.00,0.00,0.00,0.00,0.00,0.00,0.00,0.00,0.00,0.00,0.00,0.00,0.00,0.00,0.00,0.00,0.00,0.00,0.00,0.00,0.00,293547,534669,1231832,306652,548429,1244937,0,0,0,0,0,0,0,96262,0,137.10,137.15,137.20
477,1,0,0,0,93624,93624,93624,3655,3655,3655,591,591,591,0.00,0.00,0.00,0.00,0.00,0.00,0.00,0.00,0.00,0.00,0.00,0.00,0.00,0.00,0.00,0.00,0.00,0.00,0.00,0.00,0.00,306645,376757,508465,319750,389862,518949,0,0,0,0,0,0,0,98854,0,123.36,123.40,123.43
477,2,0,0,0,93619,93619,93619,3660,3660,3660,591,591,591,0.00,0.00,0.00,0.00,0.00,0.00,0.00,0.00,0.00,0.00,0.00,0.00,0.00,0.00,0.00,0.00,0.00,0.00,0.00,0.00,0.00,311891,420003,726002,324995,434419,741728,0,0,0,0,0,0,0,75763,0,125.82,125.84,125.89
477,3,0,0,0,93659,93659,93659,3620,3620,3620,591,591,591,0.00,0.00,0.00,0.00,0.00,0.00,0.00,0.00,0.00,0.00,0.00,0.00,0.00,0.00,0.00,0.00,0.00,0.00,0.00,0.00,0.00,435067,501252,694547,448171,515011,707652,0,0,0,0,0,0,0,112446,0,140.03,140.05,140.06
478,0,0,0,0,93655,93655,93655,3624,3624,3624,591,591,591,0.00,0.00,0.00,0.00,0.00,0.00,0.00,0.00,0.00,0.00,0.00,0.00,0.00,0.00,0.00,0.00,0.00,0.00,0.00,0.00,0.00,200937,404113,684060,211421,417119,697164,0,0,0,0,0,0,0,109957,0,137.10,137.11,137.12
478,1,0,0,0,93624,93624,93624,3655,3655,3655,591,591,591,0.00,0.00,0.00,0.00,0.00,0.00,0.00,0.00,0.00,0.00,0.00,0.00,0.00,0.00,0.00,0.00,0.00,0.00,0.00,0.00,0.00,202685,346136,508461,213169,359240,521565,0,0,0,0,0,0,0,98961,0,123.37,123.39,123.41
478,2,0,0,0,93619,93619,93619,3660,3660,3660,591,591,591,0.00,0.00,0.00,0.00,0.00,0.00,0.00,0.00,0.00,0.00,0.00,0.00,0.00,0.00,0.00,0.00,0.00,0.00,0.00,0.00,0.00,311893,384225,647373,327600,397854,660477,0,0,0,0,0,0,0,100917,0,125.82,125.88,125.92
478,3,0,0,0,93659,93659,93659,3620,3620,3620,591,591,591,0.00,0.00,0.00,0.00,0.00,0.00,0.00,0.00,0.00,0.00,0.00,0.00,0.00,0.00,0.00,0.00,0.00,0.00,0.00,0.00,0.00,432355,452349,513680,445457,466502,526784,0,0,0,0,0,0,0,112514,0,140.03,140.05,140.07
479,0,0,0,0,93655,93655,93655,3624,3624,3624,591,591,591,0.00,0.00,0.00,0.00,0.00,0.00,0.00,0.00,0.00,0.00,0.00,0.00,0.00,0.00,0.00,0.00,0.00,0.00,0.00,0.00,0.00,298784,367979,610682,314509,382132,623787,0,0,0,0,0,0,0,109928,0,137.11,137.14,137.16
479,1,0,0,0,93624,93624,93624,3655,3655,3655,591,591,591,0.00,0.00,0.00,0.00,0.00,0.00,0.00,0.00,0.00,0.00,0.00,0.00,0.00,0.00,0.00,0.00,0.00,0.00,0.00,0.00,0.00,298789,357490,553018,314514,371643,566122,0,0,0,0,0,0,0,99011,0,123.45,123.46,123.47
479,2,0,0,0,93619,93619,93619,3660,3660,3660,591,591,591,0.00,0.00,0.00,0.00,0.00,0.00,0.00,0.00,0.00,0.00,0.00,0.00,0.00,0.00,0.00,0.00,0.00,0.00,0.00,0.00,0.00,311884,389470,660476,324989,403099,676202,0,0,0,0,0,0,0,113620,0,125.82,125.88,125.92
479,3,0,0,0,93659,93659,93659,3620,3620,3620,591,591,591,0.00,0.00,0.00,0.00,0.00,0.00,0.00,0.00,0.00,0.00,0.00,0.00,0.00,0.00,0.00,0.00,0.00,0.00,0.00,0.00,0.00,279569,439619,605440,288305,452374,618545,0,0,0,0,0,0,0,112561,0,140.07,140.10,140.14
480,0,0,0,0,93655,93655,93655,3624,3624,3624,591,591,591,0.00,0.00,0.00,0.00,0.00,0.00,0.00,0.00,0.00,0.00,0.00,0.00,0.00,0.00,0.00,0.00,0.00,0.00,0.00,0.00,0.00,296149,332329,471763,309253,345957,487488,0,0,0,0,0,0,0,109964,0,137.09,137.16,137.21
480,1,0,0,0,93624,93624,93624,3655,3655,3655,591,591,591,0.00,0.00,0.00,0.00,0.00,0.00,0.00,0.00,0.00,0.00,0.00,0.00,0.00,0.00,0.00,0.00,0.00,0.00,0.00,0.00,0.00,304030,374791,542525,317135,388944,558250,0,0,0,0,0,0,0,111225,0,123.45,123.51,123.54
480,2,0,0,0,93619,93619,93619,3660,3660,3660,591,591,591,0.00,0.00,0.00,0.00,0.00,0.00,0.00,0.00,0.00,0.00,0.00,0.00,0.00,0.00,0.00,0.00,0.00,0.00,0.00,0.00,0.00,305880,489897,906843,318520,502919,917326,0,0,0,0,0,0,0,100862,0,125.81,125.89,125.96
480,3,0,0,0,93659,93659,93659,3620,3620,3620,591,591,591,0.00,0.00,0.00,0.00,0.00,0.00,0.00,0.00,0.00,0.00,0.00,0.00,0.00,0.00,0.00,0.00,0.00,0.00,0.00,0.00,0.00,421972,707128,1417929,435077,721282,1431034,0,0,0,0,0,0,0,126506,0,140.04,140.10,140.13
481,0,0,0,0,93655,93655,93655,3624,3624,3624,591,591,591,0.00,0.00,0.00,0.00,0.00,0.00,0.00,0.00,0.00,0.00,0.00,0.00,0.00,0.00,0.00,0.00,0.00,0.00,0.00,0.00,0.00,297359,540152,1200395,310288,554270,1216121,0,0,0,0,0,0,0,110015,0,137.15,137.20,137.24
481,1,0,0,0,93624,93624,93624,3655,3655,3655,591,591,591,0.00,0.00,0.00,0.00,0.00,0.00,0.00,0.00,0.00,0.00,0.00,0.00,0.00,0.00,0.00,0.00,0.00,0.00,0.00,0.00,0.00,204423,382652,542529,214906,395756,555633,0,0,0,0,0,0,0,98798,0,123.29,123.33,123.39
481,2,0,0,0,93619,93619,93619,3660,3660,3660,591,591,591,0.00,0.00,0.00,0.00,0.00,0.00,0.00,0.00,0.00,0.00,0.00,0.00,0.00,0.00,0.00,0.00,0.00,0.00,0.00,0.00,0.00,304030,394189,718138,317135,407818,733863,0,0,0,0,0,0,0,100861,0,125.75,125.78,125.80
481,3,0,0,0,93659,93659,93659,3620,3620,3620,591,591,591,0.00,0.00,0.00,0.00,0.00,0.00,0.00,0.00,0.00,0.00,0.00,0.00,0.00,0.00,0.00,0.00,0.00,0.00,0.00,0.00,0.00,417961,481445,707656,433441,495549,720761,0,0,0,0,0,0,0,112568,0,140.12,140.13,140.16
482,0,0,0,0,93655,93655,93655,3624,3624,3624,591,591,591,0.00,0.00,0.00,0.00,0.00,0.00,0.00,0.00,0.00,0.00,0.00,0.00,0.00,0.00,0.00,0.00,0.00,0.00,0.00,0.00,0.00,288251,386314,715511,301353,400467,731237,0,0,0,0,0,0,0,109989,0,137.13,137.16,137.19
482,1,0,0,0,93624,93624,93624,3655,3655,3655,591,591,591,0.00,0.00,0.00,0.00,0.00,0.00,0.00,0.00,0.00,0.00,0.00,0.00,0.00,0.00,0.00,0.00,0.00,0.00,0.00,0.00,0.00,317133,384226,539910,330237,398378,555635,0,0,0,0,0,0,0,98923,0,123.32,123.36,123.42
482,2,0,0,0,93619,93619,93619,3660,3660,3660,591,591,591,0.00,0.00,0.00,0.00,0.00,0.00,0.00,0.00,0.00,0.00,0.00,0.00,0.00,0.00,0.00,0.00,0.00,0.00,0.00,0.00,0.00,309269,460752,694547,324995,474905,710273,0,0,0,0,0,0,0,100855,0,125.78,125.80,125.83
482,3,0,0,0,93659,93659,93659,3620,3620,3620,591,591,591,0.00,0.00,0.00,0.00,0.00,0.00,0.00,0.00,0.00,0.00,0.00,0.00,0.00,0.00,0.00,0.00,0.00,0.00,0.00,0.00,0.00,281317,446257,597565,290054,459013,613291,0,0,0,0,0,0,0,112454,0,140.09,140.16,140.21
483,0,0,0,0,93655,93655,93655,3624,3624,3624,591,591,591,0.00,0.00,0.00,0.00,0.00,0.00,0.00,0.00,0.00,0.00,0.00,0.00,0.00,0.00,0.00,0.00,0.00,0.00,0.00,0.00,0.00,296164,360109,600179,309272,374261,613283,0,0,0,0,0,0,0,109887,0,137.06,137.13,137.18
483,1,0,0,0,93624,93624,93624,3655,3655,3655,591,591,591,0.00,0.00,0.00,0.00,0.00,0.00,0.00,0.00,0.00,0.00,0.00,0.00,0.00,0.00,0.00,0.00,0.00,0.00,0.00,0.00,0.00,301405,371122,636883,314510,384751,652609,0,0,0,0,0,0,0,98846,0,123.31,123.39,123.43
483,2,0,0,0,93619,93619,93619,3660,3660,3660,591,591,591,0.00,0.00,0.00,0.00,0.00,0.00,0.00,0.00,0.00,0.00,0.00,0.00,0.00,0.00,0.00,0.00,0.00,0.00,0.00,0.00,0.00,314511,519995,1313095,327616,534149,1328821,0,0,0,0,0,0,0,113505,0,125.64,125.70,125.74
483,3,0,0,0,93659,93659,93659,3620,3620,3620,591,591,591,0.00,0.00,0.00,0.00,0.00,0.00,0.00,0.00,0.00,0.00,0.00,0.00,0.00,0.00,0.00,0.00,0.00,0.00,0.00,0.00,0.00,421947,550389,864906,435051,564543,878011,0,0,0,0,0,0,0,98560,0,140.08,140.20,140.27
484,0,0,0,0,93655,93655,93655,3624,3624,3624,591,591,591,0.00,0.00,0.00,0.00,0.00,0.00,0.00,0.00,0.00,0.00,0.00,0.00,0.00,0.00,0.00,0.00,0.00,0.00,0.00,0.00,0.00,298786,342032,471767,243745,332858,484872,0,0,0,0,0,0,0,96104,0,137.03,137.04,137.08
484,1,0,0,0,93624,93624,93624,3655,3655,3655,591,591,591,0.00,0.00,0.00,0.00,0.00,0.00,0.00,0.00,0.00,0.00,0.00,0.00,0.00,0.00,0.00,0.00,0.00,0.00,0.00,0.00,0.00,304010,443588,547782,317114,457348,563508,0,0,0,0,0,0,0,86463,0,123.30,123.35,123.38
484,2,0,0,0,93619,93619,93619,3660,3660,3660,591,591,591,0.00,0.00,0.00,0.00,0.00,0.00,0.00,0.00,0.00,0.00,0.00,0.00,0.00,0.00,0.00,0.00,0.00,0.00,0.00,0.00,0.00,309741,347378,446043,323092,360446,456416,0,0,0,0,0,0,0,75715,0,125.74,125.81,125.87
484,3,0,0,0,93659,93659,93659,3620,3620,3620,591,591,591,0.00,0.00,0.00,0.00,0.00,0.00,0.00,0.00,0.00,0.00,0.00,0.00,0.00,0.00,0.00,0.00,0.00,0.00,0.00,0.00,0.00,419353,724031,1187272,435079,738446,1200377,0,0,0,0,0,0,0,112359,0,140.03,140.09,140.18
485,0,0,0,0,93655,93655,93655,3624,3624,3624,591,591,591,0.00,0.00,0.00,0.00,0.00,0.00,0.00,0.00,0.00,0.00,0.00,0.00,0.00,0.00,0.00,0.00,0.00,0.00,0.00,0.00,0.00,228019,475669,988102,307586,501269,993344,0,0,0,0,0,0,0,109966,0,137.05,137.11,137.21
485,1,0,0,0,93624,93624,93624,3655,3655,3655,591,591,591,0.00,0.00,0.00,0.00,0.00,0.00,0.00,0.00,0.00,0.00,0.00,0.00,0.00,0.00,0.00,0.00,0.00,0.00,0.00,0.00,0.00,202686,334078,524180,211422,347358,539906,0,0,0,0,0,0,0,98954,0,123.42,123.45,123.49
485,2,0,0,0,93619,93619,93619,3660,3660,3660,591,591,591,0.00,0.00,0.00,0.00,0.00,0.00,0.00,0.00,0.00,0.00,0.00,0.00,0.00,0.00,0.00,0.00,0.00,0.00,0.00,0.00,0.00,314514,464423,720763,327618,478576,736489,0,0,0,0,0,0,0,100936,0,125.84,125.85,125.86
485,3,0,0,0,93659,93659,93659,3620,3620,3620,591,591,591,0.00,0.00,0.00,0.00,0.00,0.00,0.00,0.00,0.00,0.00,0.00,0.00,0.00,0.00,0.00,0.00,0.00,0.00,0.00,0.00,0.00,416154,482137,699783,429079,495730,710266,0,0,0,0,0,0,0,112529,0,140.02,140.07,140.11
486,0,0,0,0,93655,93655,93655,3624,3624,3624,591,591,591,0.00,0.00,0.00,0.00,0.00,0.00,0.00,0.00,0.00,0.00,0.00,0.00,0.00,0.00,0.00,0.00,0.00,0.00,0.00,0.00,0.00,296095,381072,691925,309433,398937,705030,0,0,0,0,0,0,0,109982,0,137.16,137.21,137.26
486,1,0,0,0,93624,93624,93624,3655,3655,3655,591,591,591,0.00,0.00,0.00,0.00,0.00,0.00,0.00,0.00,0.00,0.00,0.00,0.00,0.00,0.00,0.00,0.00,0.00,0.00,0.00,0.00,0.00,304027,385271,558257,317132,398900,573983,0,0,0,0,0,0,0,98936,0,123.46,123.47,123.49
486,2,0,0,0,93619,93619,93619,3660,3660,3660,591,591,591,0.00,0.00,0.00,0.00,0.00,0.00,0.00,0.00,0.00,0.00,0.00,0.00,0.00,0.00,0.00,0.00,0.00,0.00,0.00,0.00,0.00,311886,386326,663098,327612,400478,676202,0,0,0,0,0,0,0,100834,0,125.70,125.75,125.82
486,3,0,0,0,93659,93659,93659,3620,3620,3620,591,591,591,0.00,0.00,0.00,0.00,0.00,0.00,0.00,0.00,0.00,0.00,0.00,0.00,0.00,0.00,0.00,0.00,0.00,0.00,0.00,0.00,0.00,394893,465297,668308,405377,478402,681412,0,0,0,0,0,0,0,112544,0,140.06,140.09,140.13
487,0,0,0,0,93655,93655,93655,3624,3624,3624,591,591,591,0.00,0.00,0.00,0.00,0.00,0.00,0.00,0.00,0.00,0.00,0.00,0.00,0.00,0.00,0.00,0.00,0.00,0.00,0.00,0.00,0.00,298785,367453,626402,311889,412010,639507,0,0,0,0,0,0,0,109826,0,137.13,137.14,137.16
487,1,0,0,0,93624,93624,93624,3655,3655,3655,591,591,591,0.00,0.00,0.00,0.00,0.00,0.00,0.00,0.00,0.00,0.00,0.00,0.00,0.00,0.00,0.00,0.00,0.00,0.00,0.00,0.00,0.00,301406,308743,327609,314511,323421,340714,0,0,0,0,0,0,0,99088,0,123.49,123.50,123.52
487,2,0,0,0,93619,93619,93619,3660,3660,3660,591,591,591,0.00,0.00,0.00,0.00,0.00,0.00,0.00,0.00,0.00,0.00,0.00,0.00,0.00,0.00,0.00,0.00,0.00,0.00,0.00,0.00,0.00,311892,594428,1425796,324997,608581,1438901,0,0,0,0,0,0,0,113627,0,125.68,125.77,125.86
487,3,0,0,0,93659,93659,93659,3620,3620,3620,591,591,591,0.00,0.00,0.00,0.00,0.00,0.00,0.00,0.00,0.00,0.00,0.00,0.00,0.00,0.00,0.00,0.00,0.00,0.00,0.00,0.00,0.00,416727,622737,1412697,429837,636890,1428423,0,0,0,0,0,0,0,126844,0,140.16,140.20,140.24
488,0,0,0,0,93655,93655,93655,3624,3624,3624,591,591,591,0.00,0.00,0.00,0.00,0.00,0.00,0.00,0.00,0.00,0.00,0.00,0.00,0.00,0.00,0.00,0.00,0.00,0.00,0.00,0.00,0.00,293526,507409,1182043,309251,490111,1195148,0,0,0,0,0,0,0,123734,0,137.00,137.05,137.07
488,1,0,0,0,93624,93624,93624,3655,3655,3655,591,591,591,0.00,0.00,0.00,0.00,0.00,0.00,0.00,0.00,0.00,0.00,0.00,0.00,0.00,0.00,0.00,0.00,0.00,0.00,0.00,0.00,0.00,304027,441364,563505,317132,454993,573989,0,0,0,0,0,0,0,98874,0,123.48,123.50,123.53
488,2,0,0,0,93619,93619,93619,3660,3660,3660,591,591,591,0.00,0.00,0.00,0.00,0.00,0.00,0.00,0.00,0.00,0.00,0.00,0.00,0.00,0.00,0.00,0.00,0.00,0.00,0.00,0.00,0.00,207614,376461,746970,216265,389200,760075,0,0,0,0,0,0,0,100929,0,125.79,125.82,125.89
488,3,0,0,0,93659,93659,93659,3620,3620,3620,591,591,591,0.00,0.00,0.00,0.00,0.00,0.00,0.00,0.00,0.00,0.00,0.00,0.00,0.00,0.00,0.00,0.00,0.00,0.00,0.00,0.00,0.00,424597,542006,843943,437702,556159,859669,0,0,0,0,0,0,0,112486,0,140.12,140.19,140.25
489,0,0,0,0,93655,93655,93655,3624,3624,3624,591,591,591,0.00,0.00,0.00,0.00,0.00,0.00,0.00,0.00,0.00,0.00,0.00,0.00,0.00,0.00,0.00,0.00,0.00,0.00,0.00,0.00,0.00,197216,336850,594946,207596,434862,752794,0,0,0,0,0,0,0,110040,0,137.10,137.19,137.25
489,1,0,0,0,93624,93624,93624,3655,3655,3655,591,591,591,0.00,0.00,0.00,0.00,0.00,0.00,0.00,0.00,0.00,0.00,0.00,0.00,0.00,0.00,0.00,0.00,0.00,0.00,0.00,0.00,0.00,204424,347532,505841,213160,360811,521566,0,0,0,0,0,0,0,98970,0,123.41,123.42,123.46
489,2,0,0,0,93619,93619,93619,3660,3660,3660,591,591,591,0.00,0.00,0.00,0.00,0.00,0.00,0.00,0.00,0.00,0.00,0.00,0.00,0.00,0.00,0.00,0.00,0.00,0.00,0.00,0.00,0.00,311892,379512,642130,327617,393665,652614,0,0,0,0,0,0,0,100857,0,125.77,125.81,125.84
489,3,0,0,0,93659,93659,93659,3620,3620,3620,591,591,591,0.00,0.00,0.00,0.00,0.00,0.00,0.00,0.00,0.00,0.00,0.00,0.00,0.00,0.00,0.00,0.00,0.00,0.00,0.00,0.00,0.00,416730,468626,647375,429834,482254,660480,0,0,0,0,0,0,0,112596,0,140.14,140.22,140.27
490,0,0,0,0,93655,93655,93655,3624,3624,3624,591,591,591,0.00,0.00,0.00,0.00,0.00,0.00,0.00,0.00,0.00,0.00,0.00,0.00,0.00,0.00,0.00,0.00,0.00,0.00,0.00,0.00,0.00,306650,452370,739107,317130,378982,608055,0,0,0,0,0,0,0,109945,0,137.10,137.17,137.22
490,1,0,0,0,93624,93624,93624,3655,3655,3655,591,591,591,0.00,0.00,0.00,0.00,0.00,0.00,0.00,0.00,0.00,0.00,0.00,0.00,0.00,0.00,0.00,0.00,0.00,0.00,0.00,0.00,0.00,301406,418300,623785,317129,431929,636890,0,0,0,0,0,0,0,99009,0,123.50,123.55,123.58
490,2,0,0,0,93619,93619,93619,3660,3660,3660,591,591,591,0.00,0.00,0.00,0.00,0.00,0.00,0.00,0.00,0.00,0.00,0.00,0.00,0.00,0.00,0.00,0.00,0.00,0.00,0.00,0.00,0.00,311875,393138,689310,322377,406766,702415,0,0,0,0,0,0,0,113614,0,125.76,125.86,125.94
490,3,0,0,0,93659,93659,93659,3620,3620,3620,591,591,591,0.00,0.00,0.00,0.00,0.00,0.00,0.00,0.00,0.00,0.00,0.00,0.00,0.00,0.00,0.00,0.00,0.00,0.00,0.00,0.00,0.00,394892,421267,440295,403629,434547,456020,0,0,0,0,0,0,0,112592,0,140.13,140.16,140.21
491,0,0,0,0,93655,93655,93655,3624,3624,3624,591,591,591,0.00,0.00,0.00,0.00,0.00,0.00,0.00,0.00,0.00,0.00,0.00,0.00,0.00,0.00,0.00,0.00,0.00,0.00,0.00,0.00,0.00,293545,333382,471769,306650,346487,487495,0,0,0,0,0,0,0,82454,0,137.11,137.17,137.20
491,1,0,0,0,93624,93624,93624,3655,3655,3655,591,591,591,0.00,0.00,0.00,0.00,0.00,0.00,0.00,0.00,0.00,0.00,0.00,0.00,0.00,0.00,0.00,0.00,0.00,0.00,0.00,0.00,0.00,304029,374261,566087,317133,388414,581812,0,0,0,0,0,0,0,86593,0,123.50,123.52,123.55
491,2,0,0,0,93619,93619,93619,3660,3660,3660,591,591,591,0.00,0.00,0.00,0.00,0.00,0.00,0.00,0.00,0.00,0.00,0.00,0.00,0.00,0.00,0.00,0.00,0.00,0.00,0.00,0.00,0.00,221205,570002,1331433,231574,583083,1344538,0,0,0,0,0,0,0,100949,0,125.86,125.90,125.97
491,3,0,0,0,93659,93659,93659,3620,3620,3620,591,591,591,0.00,0.00,0.00,0.00,0.00,0.00,0.00,0.00,0.00,0.00,0.00,0.00,0.00,0.00,0.00,0.00,0.00,0.00,0.00,0.00,0.00,416728,755355,1116528,429833,768984,1129633,0,0,0,0,0,0,0,84194,0,140.02,140.07,140.13
492,0,0,0,0,93655,93655,93655,3624,3624,3624,591,591,591,0.00,0.00,0.00,0.00,0.00,0.00,0.00,0.00,0.00,0.00,0.00,0.00,0.00,0.00,0.00,0.00,0.00,0.00,0.00,0.00,0.00,298787,600851,1234463,311892,613956,1244947,0,0,0,0,0,0,0,123685,0,137.15,137.19,137.22
492,1,0,0,0,93624,93624,93624,3655,3655,3655,591,591,591,0.00,0.00,0.00,0.00,0.00,0.00,0.00,0.00,0.00,0.00,0.00,0.00,0.00,0.00,0.00,0.00,0.00,0.00,0.00,0.00,0.00,304166,341918,429835,317277,355673,445561,0,0,0,0,0,0,0,99007,0,123.54,123.57,123.61
492,2,0,0,0,93619,93619,93619,3660,3660,3660,591,591,591,0.00,0.00,0.00,0.00,0.00,0.00,0.00,0.00,0.00,0.00,0.00,0.00,0.00,0.00,0.00,0.00,0.00,0.00,0.00,0.00,0.00,296831,412677,722239,306893,426504,738654,0,0,0,0,0,0,0,75604,0,125.81,125.83,125.85
492,3,0,0,0,93659,93659,93659,3620,3620,3620,591,591,591,0.00,0.00,0.00,0.00,0.00,0.00,0.00,0.00,0.00,0.00,0.00,0.00,0.00,0.00,0.00,0.00,0.00,0.00,0.00,0.00,0.00,421970,492736,660480,437696,507151,676206,0,0,0,0,0,0,0,112540,0,140.10,140.20,140.26
493,0,0,0,0,93655,93655,93655,3624,3624,3624,591,591,591,0.00,0.00,0.00,0.00,0.00,0.00,0.00,0.00,0.00,0.00,0.00,0.00,0.00,0.00,0.00,0.00,0.00,0.00,0.00,0.00,0.00,298748,418423,855087,311851,432440,867515,0,0,0,0,0,0,0,109934,0,136.99,137.03,137.08
493,1,0,0,0,93624,93624,93624,3655,3655,3655,591,591,591,0.00,0.00,0.00,0.00,0.00,0.00,0.00,0.00,0.00,0.00,0.00,0.00,0.00,0.00,0.00,0.00,0.00,0.00,0.00,0.00,0.00,314511,398096,610132,327616,411373,623225,0,0,0,0,0,0,0,99019,0,123.55,123.58,123.64
493,2,0,0,0,93619,93619,93619,3660,3660,3660,591,591,591,0.00,0.00,0.00,0.00,0.00,0.00,0.00,0.00,0.00,0.00,0.00,0.00,0.00,0.00,0.00,0.00,0.00,0.00,0.00,0.00,0.00,314507,383700,655235,327611,397328,668340,0,0,0,0,0,0,0,101089,0,125.83,125.98,126.04
493,3,0,0,0,93659,93659,93659,3620,3620,3620,591,591,591,0.00,0.00,0.00,0.00,0.00,0.00,0.00,0.00,0.00,0.00,0.00,0.00,0.00,0.00,0.00,0.00,0.00,0.00,0.00,0.00,0.00,419324,435789,485853,432428,449882,501277,0,0,0,0,0,0,0,112655,0,140.04,140.11,140.20
494,0,0,0,0,93655,93655,93655,3624,3624,3624,591,591,591,0.00,0.00,0.00,0.00,0.00,0.00,0.00,0.00,0.00,0.00,0.00,0.00,0.00,0.00,0.00,0.00,0.00,0.00,0.00,0.00,0.00,298788,312939,324995,311892,326218,338100,0,0,0,0,0,0,0,109896,0,137.06,137.09,137.11
494,1,0,0,0,93624,93624,93624,3655,3655,3655,591,591,591,0.00,0.00,0.00,0.00,0.00,0.00,0.00,0.00,0.00,0.00,0.00,0.00,0.00,0.00,0.00,0.00,0.00,0.00,0.00,0.00,0.00,293543,326987,416224,309269,340612,431930,0,0,0,0,0,0,0,98931,0,123.34,123.44,123.56
494,2,0,0,0,93619,93619,93619,3660,3660,3660,591,591,591,0.00,0.00,0.00,0.00,0.00,0.00,0.00,0.00,0.00,0.00,0.00,0.00,0.00,0.00,0.00,0.00,0.00,0.00,0.00,0.00,0.00,309271,605430,1389069,322376,619583,1402174,0,0,0,0,0,0,0,113661,0,125.90,125.94,126.01
494,3,0,0,0,93659,93659,93659,3620,3620,3620,591,591,591,0.00,0.00,0.00,0.00,0.00,0.00,0.00,0.00,0.00,0.00,0.00,0.00,0.00,0.00,0.00,0.00,0.00,0.00,0.00,0.00,0.00,283064,423545,566123,293548,436649,579228,0,0,0,0,0,0,0,126608,0,140.12,140.15,140.17
495,0,0,0,0,93655,93655,93655,3624,3624,3624,591,591,591,0.00,0.00,0.00,0.00,0.00,0.00,0.00,0.00,0.00,0.00,0.00,0.00,0.00,0.00,0.00,0.00,0.00,0.00,0.00,0.00,0.00,298787,340721,466525,314512,354874,479629,0,0,0,0,0,0,0,123576,0,137.09,137.11,137.14
495,1,0,0,0,93624,93624,93624,3655,3655,3655,591,591,591,0.00,0.00,0.00,0.00,0.00,0.00,0.00,0.00,0.00,0.00,0.00,0.00,0.00,0.00,0.00,0.00,0.00,0.00,0.00,0.00,0.00,301406,407070,524189,317130,421738,537294,0,0,0,0,0,0,0,111195,0,123.45,123.50,123.55
495,2,0,0,0,93619,93619,93619,3660,3660,3660,591,591,591,0.00,0.00,0.00,0.00,0.00,0.00,0.00,0.00,0.00,0.00,0.00,0.00,0.00,0.00,0.00,0.00,0.00,0.00,0.00,0.00,0.00,206183,353649,621162,214703,366361,636888,0,0,0,0,0,0,0,101159,0,126.02,126.05,126.13
495,3,0,0,0,93659,93659,93659,3620,3620,3620,591,591,591,0.00,0.00,0.00,0.00,0.00,0.00,0.00,0.00,0.00,0.00,0.00,0.00,0.00,0.00,0.00,0.00,0.00,0.00,0.00,0.00,0.00,424594,750635,1247560,440318,764264,1263286,0,0,0,0,0,0,0,112488,0,140.14,140.18,140.22
496,0,0,0,0,93655,93655,93655,3624,3624,3624,591,591,591,0.00,0.00,0.00,0.00,0.00,0.00,0.00,0.00,0.00,0.00,0.00,0.00,0.00,0.00,0.00,0.00,0.00,0.00,0.00,0.00,0.00,298789,538862,1218736,314510,552492,1231841,0,0,0,0,0,0,0,109812,0,137.00,137.02,137.04
496,1,0,0,0,93624,93624,93624,3655,3655,3655,591,591,591,0.00,0.00,0.00,0.00,0.00,0.00,0.00,0.00,0.00,0.00,0.00,0.00,0.00,0.00,0.00,0.00,0.00,0.00,0.00,0.00,0.00,306645,320318,338314,319750,332894,348778,0,0,0,0,0,0,0,98942,0,123.44,123.47,123.51
496,2,0,0,0,93619,93619,93619,3660,3660,3660,591,591,591,0.00,0.00,0.00,0.00,0.00,0.00,0.00,0.00,0.00,0.00,0.00,0.00,0.00,0.00,0.00,0.00,0.00,0.00,0.00,0.00,0.00,306903,459967,694551,317577,474102,710277,0,0,0,0,0,0,0,101185,0,126.13,126.17,126.21
496,3,0,0,0,93659,93659,93659,3620,3620,3620,591,591,591,0.00,0.00,0.00,0.00,0.00,0.00,0.00,0.00,0.00,0.00,0.00,0.00,0.00,0.00,0.00,0.00,0.00,0.00,0.00,0.00,0.00,414113,479627,699784,427217,493255,712889,0,0,0,0,0,0,0,112628,0,140.21,140.26,140.28
497,0,0,0,0,93655,93655,93655,3624,3624,3624,591,591,591,0.00,0.00,0.00,0.00,0.00,0.00,0.00,0.00,0.00,0.00,0.00,0.00,0.00,0.00,0.00,0.00,0.00,0.00,0.00,0.00,0.00,298786,380512,691932,314512,394609,705037,0,0,0,0,0,0,0,109885,0,137.01,137.03,137.04
497,1,0,0,0,93624,93624,93624,3655,3655,3655,591,591,591,0.00,0.00,0.00,0.00,0.00,0.00,0.00,0.00,0.00,0.00,0.00,0.00,0.00,0.00,0.00,0.00,0.00,0.00,0.00,0.00,0.00,309268,377939,554286,322373,391563,567298,0,0,0,0,0,0,0,98970,0,123.49,123.51,123.55
497,2,0,0,0,93619,93619,93619,3660,3660,3660,591,591,591,0.00,0.00,0.00,0.00,0.00,0.00,0.00,0.00,0.00,0.00,0.00,0.00,0.00,0.00,0.00,0.00,0.00,0.00,0.00,0.00,0.00,309271,387371,676206,324997,401525,689311,0,0,0,0,0,0,0,101111,0,126.08,126.11,126.14
497,3,0,0,0,93659,93659,93659,3620,3620,3620,591,591,591,0.00,0.00,0.00,0.00,0.00,0.00,0.00,0.00,0.00,0.00,0.00,0.00,0.00,0.00,0.00,0.00,0.00,0.00,0.00,0.00,0.00,419727,469223,566123,435076,483322,581849,0,0,0,0,0,0,0,112644,0,140.23,140.28,140.34
498,0,0,0,0,93655,93655,93655,3624,3624,3624,591,591,591,0.00,0.00,0.00,0.00,0.00,0.00,0.00,0.00,0.00,0.00,0.00,0.00,0.00,0.00,0.00,0.00,0.00,0.00,0.00,0.00,0.00,200938,379861,615923,209675,392616,629028,0,0,0,0,0,0,0,109754,0,136.99,137.02,137.06
498,1,0,0,0,93624,93624,93624,3655,3655,3655,591,591,591,0.00,0.00,0.00,0.00,0.00,0.00,0.00,0.00,0.00,0.00,0.00,0.00,0.00,0.00,0.00,0.00,0.00,0.00,0.00,0.00,0.00,301404,308038,317581,314513,322186,330597,0,0,0,0,0,0,0,99047,0,123.45,123.48,123.50
498,2,0,0,0,93619,93619,93619,3660,3660,3660,591,591,591,0.00,0.00,0.00,0.00,0.00,0.00,0.00,0.00,0.00,0.00,0.00,0.00,0.00,0.00,0.00,0.00,0.00,0.00,0.00,0.00,0.00,311892,592856,1355026,324997,606485,1368131,0,0,0,0,0,0,0,113708,0,126.05,126.11,126.16
498,3,0,0,0,93659,93659,93659,3620,3620,3620,591,591,591,0.00,0.00,0.00,0.00,0.00,0.00,0.00,0.00,0.00,0.00,0.00,0.00,0.00,0.00,0.00,0.00,0.00,0.00,0.00,0.00,0.00,281313,592503,1423172,291796,605608,1438898,0,0,0,0,0,0,0,98618,0,140.19,140.23,140.29
499,0,0,0,0,93655,93655,93655,3624,3624,3624,591,591,591,0.00,0.00,0.00,0.00,0.00,0.00,0.00,0.00,0.00,0.00,0.00,0.00,0.00,0.00,0.00,0.00,0.00,0.00,0.00,0.00,0.00,298786,535327,1239709,311890,549742,1255435,0,0,0,0,0,0,0,96313,0,137.02,137.10,137.18
499,1,0,0,0,93624,93624,93624,3655,3655,3655,591,591,591,0.00,0.00,0.00,0.00,0.00,0.00,0.00,0.00,0.00,0.00,0.00,0.00,0.00,0.00,0.00,0.00,0.00,0.00,0.00,0.00,0.00,310137,414221,566086,325774,427935,579190,0,0,0,0,0,0,0,74238,0,123.47,123.49,123.52
499,2,0,0,0,93619,93619,93619,3660,3660,3660,591,591,591,0.00,0.00,0.00,0.00,0.00,0.00,0.00,0.00,0.00,0.00,0.00,0.00,0.00,0.00,0.00,0.00,0.00,0.00,0.00,0.00,0.00,311892,354744,475438,324996,367821,485812,0,0,0,0,0,0,0,75839,0,125.89,125.93,125.97
499,3,0,0,0,93659,93659,93659,3620,3620,3620,591,591,591,0.00,0.00,0.00,0.00,0.00,0.00,0.00,0.00,0.00,0.00,0.00,0.00,0.00,0.00,0.00,0.00,0.00,0.00,0.00,0.00,0.00,421977,533360,838689,435081,547120,851794,0,0,0,0,0,0,0,112685,0,140.27,140.31,140.34
500,0,0,0,0,93655,93655,93655,3624,3624,3624,591,591,591,0.00,0.00,0.00,0.00,0.00,0.00,0.00,0.00,0.00,0.00,0.00,0.00,0.00,0.00,0.00,0.00,0.00,0.00,0.00,0.00,0.00,298788,349105,529431,311892,362734,542535,0,0,0,0,0,0,0,109828,0,137.04,137.13,137.23
500,1,0,0,0,93624,93624,93624,3655,3655,3655,591,591,591,0.00,0.00,0.00,0.00,0.00,0.00,0.00,0.00,0.00,0.00,0.00,0.00,0.00,0.00,0.00,0.00,0.00,0.00,0.00,0.00,0.00,304029,333206,382655,319753,346486,395759,0,0,0,0,0,0,0,98936,0,123.42,123.48,123.55
500,2,0,0,0,93619,93619,93619,3660,3660,3660,591,591,591,0.00,0.00,0.00,0.00,0.00,0.00,0.00,0.00,0.00,0.00,0.00,0.00,0.00,0.00,0.00,0.00,0.00,0.00,0.00,0.00,0.00,304329,381592,657859,317677,395222,670963,0,0,0,0,0,0,0,100968,0,125.93,126.00,126.05
500,3,0,0,0,93659,93659,93659,3620,3620,3620,591,591,591,0.00,0.00,0.00,0.00,0.00,0.00,0.00,0.00,0.00,0.00,0.00,0.00,0.00,0.00,0.00,0.00,0.00,0.00,0.00,0.00,0.00,424590,503219,684065,437700,516848,697169,0,0,0,0,0,0,0,112582,0,140.25,140.33,140.44
501,0,0,0,0,93655,93655,93655,3624,3624,3624,591,591,591,0.00,0.00,0.00,0.00,0.00,0.00,0.00,0.00,0.00,0.00,0.00,0.00,0.00,0.00,0.00,0.00,0.00,0.00,0.00,0.00,0.00,299883,445773,657856,312809,459366,670960,0,0,0,0,0,0,0,109768,0,136.88,136.92,137.00
501,1,0,0,0,93624,93624,93624,3655,3655,3655,591,591,591,0.00,0.00,0.00,0.00,0.00,0.00,0.00,0.00,0.00,0.00,0.00,0.00,0.00,0.00,0.00,0.00,0.00,0.00,0.00,0.00,0.00,301372,376356,605425,311891,389985,618530,0,0,0,0,0,0,0,98938,0,123.37,123.41,123.43
501,2,0,0,0,93619,93619,93619,3660,3660,3660,591,591,591,0.00,0.00,0.00,0.00,0.00,0.00,0.00,0.00,0.00,0.00,0.00,0.00,0.00,0.00,0.00,0.00,0.00,0.00,0.00,0.00,0.00,309271,397856,715517,322375,412009,731243,0,0,0,0,0,0,0,100957,0,125.83,125.85,125.89
501,3,0,0,0,93659,93659,93659,3620,3620,3620,591,591,591,0.00,0.00,0.00,0.00,0.00,0.00,0.00,0.00,0.00,0.00,0.00,0.00,0.00,0.00,0.00,0.00,0.00,0.00,0.00,0.00,0.00,421948,447651,539917,437672,461804,553022,0,0,0,0,0,0,0,112618,0,140.20,140.24,140.27
502,0,0,0,0,93655,93655,93655,3624,3624,3624,591,591,591,0.00,0.00,0.00,0.00,0.00,0.00,0.00,0.00,0.00,0.00,0.00,0.00,0.00,0.00,0.00,0.00,0.00,0.00,0.00,0.00,0.00,202684,322025,487500,213168,335654,503226,0,0,0,0,0,0,0,109904,0,136.92,137.01,137.07
502,1,0,0,0,93624,93624,93624,3655,3655,3655,591,591,591,0.00,0.00,0.00,0.00,0.00,0.00,0.00,0.00,0.00,0.00,0.00,0.00,0.00,0.00,0.00,0.00,0.00,0.00,0.00,0.00,0.00,301408,352741,529429,317134,366893,542534,0,0,0,0,0,0,0,111366,0,123.47,123.50,123.54
502,2,0,0,0,93619,93619,93619,3660,3660,3660,591,591,591,0.00,0.00,0.00,0.00,0.00,0.00,0.00,0.00,0.00,0.00,0.00,0.00,0.00,0.00,0.00,0.00,0.00,0.00,0.00,0.00,0.00,314508,586041,1360268,327619,600195,1373373,0,0,0,0,0,0,0,101013,0,125.88,125.90,125.91
502,3,0,0,0,93659,93659,93659,3620,3620,3620,591,591,591,0.00,0.00,0.00,0.00,0.00,0.00,0.00,0.00,0.00,0.00,0.00,0.00,0.00,0.00,0.00,0.00,0.00,0.00,0.00,0.00,0.00,281317,669562,1465106,290053,682841,1480831,0,0,0,0,0,0,0,126768,0,140.15,140.22,140.27
503,0,0,0,0,93655,93655,93655,3624,3624,3624,591,591,591,0.00,0.00,0.00,0.00,0.00,0.00,0.00,0.00,0.00,0.00,0.00,0.00,0.00,0.00,0.00,0.00,0.00,0.00,0.00,0.00,0.00,296167,532571,1161074,311878,546200,1171558,0,0,0,0,0,0,0,123619,0,137.03,137.06,137.07
503,1,0,0,0,93624,93624,93624,3655,3655,3655,591,591,591,0.00,0.00,0.00,0.00,0.00,0.00,0.00,0.00,0.00,0.00,0.00,0.00,0.00,0.00,0.00,0.00,0.00,0.00,0.00,0.00,0.00,306644,381497,558262,322369,395604,568746,0,0,0,0,0,0,0,98926,0,123.48,123.51,123.53
503,2,0,0,0,93619,93619,93619,3660,3660,3660,591,591,591,0.00,0.00,0.00,0.00,0.00,0.00,0.00,0.00,0.00,0.00,0.00,0.00,0.00,0.00,0.00,0.00,0.00,0.00,0.00,0.00,0.00,209132,375208,728631,219502,387766,741736,0,0,0,0,0,0,0,100986,0,125.92,125.95,125.96
503,3,0,0,0,93659,93659,93659,3620,3620,3620,591,591,591,0.00,0.00,0.00,0.00,0.00,0.00,0.00,0.00,0.00,0.00,0.00,0.00,0.00,0.00,0.00,0.00,0.00,0.00,0.00,0.00,0.00,416729,478053,699794,432431,491682,712899,0,0,0,0,0,0,0,112645,0,140.24,140.27,140.32
504,0,0,0,0,93655,93655,93655,3624,3624,3624,591,591,591,0.00,0.00,0.00,0.00,0.00,0.00,0.00,0.00,0.00,0.00,0.00,0.00,0.00,0.00,0.00,0.00,0.00,0.00,0.00,0.00,0.00,298786,375842,673585,311891,389995,689311,0,0,0,0,0,0,0,109882,0,137.01,137.05,137.10
504,1,0,0,0,93624,93624,93624,3655,3655,3655,591,591,591,0.00,0.00,0.00,0.00,0.00,0.00,0.00,0.00,0.00,0.00,0.00,0.00,0.00,0.00,0.00,0.00,0.00,0.00,0.00,0.00,0.00,257433,391933,550393,264391,405396,563498,0,0,0,0,0,0,0,98927,0,123.43,123.47,123.50
504,2,0,0,0,93619,93619,93619,3660,3660,3660,591,591,591,0.00,0.00,0.00,0.00,0.00,0.00,0.00,0.00,0.00,0.00,0.00,0.00,0.00,0.00,0.00,0.00,0.00,0.00,0.00,0.00,0.00,301412,384230,657858,314517,397860,673584,0,0,0,0,0,0,0,100906,0,125.83,125.86,125.89
504,3,0,0,0,93659,93659,93659,3620,3620,3620,591,591,591,0.00,0.00,0.00,0.00,0.00,0.00,0.00,0.00,0.00,0.00,0.00,0.00,0.00,0.00,0.00,0.00,0.00,0.00,0.00,0.00,0.00,419346,440840,500599,435072,454994,516325,0,0,0,0,0,0,0,112697,0,140.34,140.38,140.44
505,0,0,0,0,93655,93655,93655,3624,3624,3624,591,591,591,0.00,0.00,0.00,0.00,0.00,0.00,0.00,0.00,0.00,0.00,0.00,0.00,0.00,0.00,0.00,0.00,0.00,0.00,0.00,0.00,0.00,195672,342172,589997,206154,354681,600126,0,0,0,0,0,0,0,109871,0,137.02,137.06,137.09
505,1,0,0,0,93624,93624,93624,3655,3655,3655,591,591,591,0.00,0.00,0.00,0.00,0.00,0.00,0.00,0.00,0.00,0.00,0.00,0.00,0.00,0.00,0.00,0.00,0.00,0.00,0.00,0.00,0.00,301408,316955,351204,314975,330578,364308,0,0,0,0,0,0,0,98931,0,123.47,123.49,123.51
505,2,0,0,0,93619,93619,93619,3660,3660,3660,591,591,591,0.00,0.00,0.00,0.00,0.00,0.00,0.00,0.00,0.00,0.00,0.00,0.00,0.00,0.00,0.00,0.00,0.00,0.00,0.00,0.00,0.00,309272,590756,1336677,322378,604909,1349782,0,0,0,0,0,0,0,113477,0,125.75,125.79,125.83
505,3,0,0,0,93659,93659,93659,3620,3620,3620,591,591,591,0.00,0.00,0.00,0.00,0.00,0.00,0.00,0.00,0.00,0.00,0.00,0.00,0.00,0.00,0.00,0.00,0.00,0.00,0.00,0.00,0.00,283064,428255,558257,293548,441360,571362,0,0,0,0,0,0,0,112530,0,140.28,140.31,140.40
506,0,0,0,0,93655,93655,93655,3624,3624,3624,591,591,591,0.00,0.00,0.00,0.00,0.00,0.00,0.00,0.00,0.00,0.00,0.00,0.00,0.00,0.00,0.00,0.00,0.00,0.00,0.00,0.00,0.00,298784,344652,477012,311888,359067,490116,0,0,0,0,0,0,0,82399,0,137.07,137.14,137.21
506,1,0,0,0,93624,93624,93624,3655,3655,3655,591,591,591,0.00,0.00,0.00,0.00,0.00,0.00,0.00,0.00,0.00,0.00,0.00,0.00,0.00,0.00,0.00,0.00,0.00,0.00,0.00,0.00,0.00,298785,386673,543928,314511,400423,556941,0,0,0,0,0,0,0,86573,0,123.40,123.42,123.45
506,2,0,0,0,93619,93619,93619,3660,3660,3660,591,591,591,0.00,0.00,0.00,0.00,0.00,0.00,0.00,0.00,0.00,0.00,0.00,0.00,0.00,0.00,0.00,0.00,0.00,0.00,0.00,0.00,0.00,306651,402314,670963,324996,416729,686689,0,0,0,0,0,0,0,75659,0,125.73,125.74,125.75
506,3,0,0,0,93659,93659,93659,3620,3620,3620,591,591,591,0.00,0.00,0.00,0.00,0.00,0.00,0.00,0.00,0.00,0.00,0.00,0.00,0.00,0.00,0.00,0.00,0.00,0.00,0.00,0.00,0.00,419345,779728,1433647,432450,793488,1449373,0,0,0,0,0,0,0,84311,0,140.16,140.19,140.22
507,0,0,0,0,93655,93655,93655,3624,3624,3624,591,591,591,0.00,0.00,0.00,0.00,0.00,0.00,0.00,0.00,0.00,0.00,0.00,0.00,0.00,0.00,0.00,0.00,0.00,0.00,0.00,0.00,0.00,301406,537813,1213487,314511,551442,1226592,0,0,0,0,0,0,0,109993,0,137.17,137.19,137.21
507,1,0,0,0,93624,93624,93624,3655,3655,3655,591,591,591,0.00,0.00,0.00,0.00,0.00,0.00,0.00,0.00,0.00,0.00,0.00,0.00,0.00,0.00,0.00,0.00,0.00,0.00,0.00,0.00,0.00,298763,393657,542524,314217,407756,555628,0,0,0,0,0,0,0,98922,0,123.39,123.43,123.47
507,2,0,0,0,93619,93619,93619,3660,3660,3660,591,591,591,0.00,0.00,0.00,0.00,0.00,0.00,0.00,0.00,0.00,0.00,0.00,0.00,0.00,0.00,0.00,0.00,0.00,0.00,0.00,0.00,0.00,205928,371519,712899,214581,384153,728625,0,0,0,0,0,0,0,101068,0,125.80,125.89,125.96
507,3,0,0,0,93659,93659,93659,3620,3620,3620,591,591,591,0.00,0.00,0.00,0.00,0.00,0.00,0.00,0.00,0.00,0.00,0.00,0.00,0.00,0.00,0.00,0.00,0.00,0.00,0.00,0.00,0.00,419345,484872,715516,432449,499026,733863,0,0,0,0,0,0,0,112633,0,140.13,140.20,140.24
508,0,0,0,0,93655,93655,93655,3624,3624,3624,591,591,591,0.00,0.00,0.00,0.00,0.00,0.00,0.00,0.00,0.00,0.00,0.00,0.00,0.00,0.00,0.00,0.00,0.00,0.00,0.00,0.00,0.00,304012,377411,660475,314495,391564,676201,0,0,0,0,0,0,0,109884,0,137.02,137.09,137.13
508,1,0,0,0,93624,93624,93624,3655,3655,3655,591,591,591,0.00,0.00,0.00,0.00,0.00,0.00,0.00,0.00,0.00,0.00,0.00,0.00,0.00,0.00,0.00,0.00,0.00,0.00,0.00,0.00,0.00,216664,361511,571352,227147,374091,587077,0,0,0,0,0,0,0,98911,0,123.44,123.48,123.52
508,2,0,0,0,93619,93619,93619,3660,3660,3660,591,591,591,0.00,0.00,0.00,0.00,0.00,0.00,0.00,0.00,0.00,0.00,0.00,0.00,0.00,0.00,0.00,0.00,0.00,0.00,0.00,0.00,0.00,309710,455247,670955,320390,469383,686680,0,0,0,0,0,0,0,100918,0,125.82,125.87,125.97
508,3,0,0,0,93659,93659,93659,3620,3620,3620,591,591,591,0.00,0.00,0.00,0.00,0.00,0.00,0.00,0.00,0.00,0.00,0.00,0.00,0.00,0.00,0.00,0.00,0.00,0.00,0.00,0.00,0.00,421971,471763,655228,432455,485392,670953,0,0,0,0,0,0,0,112674,0,140.21,140.24,140.30
509,0,0,0,0,93655,93655,93655,3624,3624,3624,591,591,591,0.00,0.00,0.00,0.00,0.00,0.00,0.00,0.00,0.00,0.00,0.00,0.00,0.00,0.00,0.00,0.00,0.00,0.00,0.00,0.00,0.00,192187,348869,642134,200923,361575,655239,0,0,0,0,0,0,0,109855,0,137.06,137.07,137.08
509,1,0,0,0,93624,93624,93624,3655,3655,3655,591,591,591,0.00,0.00,0.00,0.00,0.00,0.00,0.00,0.00,0.00,0.00,0.00,0.00,0.00,0.00,0.00,0.00,0.00,0.00,0.00,0.00,0.00,298770,365876,613293,311874,380553,626397,0,0,0,0,0,0,0,98899,0,123.41,123.44,123.46
509,2,0,0,0,93619,93619,93619,3660,3660,3660,591,591,591,0.00,0.00,0.00,0.00,0.00,0.00,0.00,0.00,0.00,0.00,0.00,0.00,0.00,0.00,0.00,0.00,0.00,0.00,0.00,0.00,0.00,314514,526807,1355022,330239,540436,1368127,0,0,0,0,0,0,0,113675,0,125.81,125.86,125.91
509,3,0,0,0,93659,93659,93659,3620,3620,3620,591,591,591,0.00,0.00,0.00,0.00,0.00,0.00,0.00,0.00,0.00,0.00,0.00,0.00,0.00,0.00,0.00,0.00,0.00,0.00,0.00,0.00,0.00,284810,513005,841321,293546,526284,857047,0,0,0,0,0,0,0,126692,0,140.27,140.32,140.35
510,0,0,0,0,93655,93655,93655,3624,3624,3624,591,591,591,0.00,0.00,0.00,0.00,0.00,0.00,0.00,0.00,0.00,0.00,0.00,0.00,0.00,0.00,0.00,0.00,0.00,0.00,0.00,0.00,0.00,301393,511601,1142722,317118,525754,1155826,0,0,0,0,0,0,0,123729,0,137.09,137.11,137.14
510,1,0,0,0,93624,93624,93624,3655,3655,3655,591,591,591,0.00,0.00,0.00,0.00,0.00,0.00,0.00,0.00,0.00,0.00,0.00,0.00,0.00,0.00,0.00,0.00,0.00,0.00,0.00,0.00,0.00,304028,423016,537285,317132,436121,550390,0,0,0,0,0,0,0,111280,0,123.46,123.52,123.60
510,2,0,0,0,93619,93619,93619,3660,3660,3660,591,591,591,0.00,0.00,0.00,0.00,0.00,0.00,0.00,0.00,0.00,0.00,0.00,0.00,0.00,0.00,0.00,0.00,0.00,0.00,0.00,0.00,0.00,314495,463903,725997,327599,478056,739102,0,0,0,0,0,0,0,100921,0,125.85,125.92,126.00
510,3,0,0,0,93659,93659,93659,3620,3620,3620,591,591,591,0.00,0.00,0.00,0.00,0.00,0.00,0.00,0.00,0.00,0.00,0.00,0.00,0.00,0.00,0.00,0.00,0.00,0.00,0.00,0.00,0.00,414110,668339,1260674,429836,682492,1273779,0,0,0,0,0,0,0,112582,0,140.26,140.29,140.33
511,0,0,0,0,93655,93655,93655,3624,3624,3624,591,591,591,0.00,0.00,0.00,0.00,0.00,0.00,0.00,0.00,0.00,0.00,0.00,0.00,0.00,0.00,0.00,0.00,0.00,0.00,0.00,0.00,0.00,298784,365882,594953,314510,380035,610679,0,0,0,0,0,0,0,110091,0,137.06,137.08,137.13
511,1,0,0,0,93624,93624,93624,3655,3655,3655,591,591,591,0.00,0.00,0.00,0.00,0.00,0.00,0.00,0.00,0.00,0.00,0.00,0.00,0.00,0.00,0.00,0.00,0.00,0.00,0.00,0.00,0.00,301409,359460,494785,317135,373542,507537,0,0,0,0,0,0,0,99016,0,123.47,123.56,123.61
511,2,0,0,0,93619,93619,93619,3660,3660,3660,591,591,591,0.00,0.00,0.00,0.00,0.00,0.00,0.00,0.00,0.00,0.00,0.00,0.00,0.00,0.00,0.00,0.00,0.00,0.00,0.00,0.00,0.00,314512,338001,413596,324996,351086,423980,0,0,0,0,0,0,0,101092,0,125.80,125.86,125.94
511,3,0,0,0,93659,93659,93659,3620,3620,3620,591,591,591,0.00,0.00,0.00,0.00,0.00,0.00,0.00,0.00,0.00,0.00,0.00,0.00,0.00,0.00,0.00,0.00,0.00,0.00,0.00,0.00,0.00,424590,510551,707614,440315,524179,718097,0,0,0,0,0,0,0,112665,0,140.16,140.20,140.25
512,0,0,0,0,93655,93655,93655,3624,3624,3624,591,591,591,0.00,0.00,0.00,0.00,0.00,0.00,0.00,0.00,0.00,0.00,0.00,0.00,0.00,0.00,0.00,0.00,0.00,0.00,0.00,0.00,0.00,304030,449227,673582,319756,462856,686687,0,0,0,0,0,0,0,110065,0,137.07,137.17,137.24
512,1,0,0,0,93624,93624,93624,3655,3655,3655,591,591,591,0.00,0.00,0.00,0.00,0.00,0.00,0.00,0.00,0.00,0.00,0.00,0.00,0.00,0.00,0.00,0.00,0.00,0.00,0.00,0.00,0.00,304028,325169,375668,319750,338448,384404,0,0,0,0,0,0,0,99019,0,123.53,123.58,123.64
512,2,0,0,0,93619,93619,93619,3660,3660,3660,591,591,591,0.00,0.00,0.00,0.00,0.00,0.00,0.00,0.00,0.00,0.00,0.00,0.00,0.00,0.00,0.00,0.00,0.00,0.00,0.00,0.00,0.00,304033,393136,689306,317138,406765,702411,0,0,0,0,0,0,0,101005,0,125.96,126.06,126.10
512,3,0,0,0,93659,93659,93659,3620,3620,3620,591,591,591,0.00,0.00,0.00,0.00,0.00,0.00,0.00,0.00,0.00,0.00,0.00,0.00,0.00,0.00,0.00,0.00,0.00,0.00,0.00,0.00,0.00,411394,455500,589713,427116,469128,602818,0,0,0,0,0,0,0,112606,0,140.33,140.38,140.43
513,0,0,0,0,93655,93655,93655,3624,3624,3624,591,591,591,0.00,0.00,0.00,0.00,0.00,0.00,0.00,0.00,0.00,0.00,0.00,0.00,0.00,0.00,0.00,0.00,0.00,0.00,0.00,0.00,0.00,192180,314840,469146,200915,328080,484872,0,0,0,0,0,0,0,109869,0,137.07,137.17,137.26
513,1,0,0,0,93624,93624,93624,3655,3655,3655,591,591,591,0.00,0.00,0.00,0.00,0.00,0.00,0.00,0.00,0.00,0.00,0.00,0.00,0.00,0.00,0.00,0.00,0.00,0.00,0.00,0.00,0.00,304026,417775,610674,314509,431928,626399,0,0,0,0,0,0,0,74249,0,123.53,123.56,123.60
513,2,0,0,0,93619,93619,93619,3660,3660,3660,591,591,591,0.00,0.00,0.00,0.00,0.00,0.00,0.00,0.00,0.00,0.00,0.00,0.00,0.00,0.00,0.00,0.00,0.00,0.00,0.00,0.00,0.00,306650,586041,1331445,322376,600194,1341929,0,0,0,0,0,0,0,101024,0,125.84,125.88,125.93
513,3,0,0,0,93659,93659,93659,3620,3620,3620,591,591,591,0.00,0.00,0.00,0.00,0.00,0.00,0.00,0.00,0.00,0.00,0.00,0.00,0.00,0.00,0.00,0.00,0.00,0.00,0.00,0.00,0.00,276071,725118,1203016,286554,738223,1216121,0,0,0,0,0,0,0,98579,0,140.21,140.26,140.33
514,0,0,0,0,93655,93655,93655,3624,3624,3624,591,591,591,0.00,0.00,0.00,0.00,0.00,0.00,0.00,0.00,0.00,0.00,0.00,0.00,0.00,0.00,0.00,0.00,0.00,0.00,0.00,0.00,0.00,301406,532705,1208250,314511,545809,1223975,0,0,0,0,0,0,0,96254,0,137.05,137.07,137.13
514,1,0,0,0,93624,93624,93624,3655,3655,3655,591,591,591,0.00,0.00,0.00,0.00,0.00,0.00,0.00,0.00,0.00,0.00,0.00,0.00,0.00,0.00,0.00,0.00,0.00,0.00,0.00,0.00,0.00,309268,357751,440318,322373,371511,453422,0,0,0,0,0,0,0,98880,0,123.42,123.45,123.48
514,2,0,0,0,93619,93619,93619,3660,3660,3660,591,591,591,0.00,0.00,0.00,0.00,0.00,0.00,0.00,0.00,0.00,0.00,0.00,0.00,0.00,0.00,0.00,0.00,0.00,0.00,0.00,0.00,0.00,311886,415416,723376,324990,429176,739101,0,0,0,0,0,0,0,75735,0,125.91,125.94,125.96
514,3,0,0,0,93659,93659,93659,3620,3620,3620,591,591,591,0.00,0.00,0.00,0.00,0.00,0.00,0.00,0.00,0.00,0.00,0.00,0.00,0.00,0.00,0.00,0.00,0.00,0.00,0.00,0.00,0.00,424585,499943,718142,437690,514358,733868,0,0,0,0,0,0,0,112684,0,140.37,140.38,140.41
515,0,0,0,0,93655,93655,93655,3624,3624,3624,591,591,591,0.00,0.00,0.00,0.00,0.00,0.00,0.00,0.00,0.00,0.00,0.00,0.00,0.00,0.00,0.00,0.00,0.00,0.00,0.00,0.00,0.00,296149,430878,684066,309253,445031,697170,0,0,0,0,0,0,0,109988,0,137.12,137.14,137.16
515,1,0,0,0,93624,93624,93624,3655,3655,3655,591,591,591,0.00,0.00,0.00,0.00,0.00,0.00,0.00,0.00,0.00,0.00,0.00,0.00,0.00,0.00,0.00,0.00,0.00,0.00,0.00,0.00,0.00,304025,365457,518946,317130,379038,532051,0,0,0,0,0,0,0,98899,0,123.45,123.48,123.51
515,2,0,0,0,93619,93619,93619,3660,3660,3660,591,591,591,0.00,0.00,0.00,0.00,0.00,0.00,0.00,0.00,0.00,0.00,0.00,0.00,0.00,0.00,0.00,0.00,0.00,0.00,0.00,0.00,0.00,209258,359440,649998,217905,372644,663102,0,0,0,0,0,0,0,100893,0,125.83,125.92,125.97
515,3,0,0,0,93659,93659,93659,3620,3620,3620,591,591,591,0.00,0.00,0.00,0.00,0.00,0.00,0.00,0.00,0.00,0.00,0.00,0.00,0.00,0.00,0.00,0.00,0.00,0.00,0.00,0.00,0.00,424596,450801,539913,437701,464430,553018,0,0,0,0,0,0,0,112529,0,140.10,140.24,140.42
516,0,0,0,0,93655,93655,93655,3624,3624,3624,591,591,591,0.00,0.00,0.00,0.00,0.00,0.00,0.00,0.00,0.00,0.00,0.00,0.00,0.00,0.00,0.00,0.00,0.00,0.00,0.00,0.00,0.00,298786,366931,610680,314512,381084,623785,0,0,0,0,0,0,0,109929,0,137.09,137.12,137.15
516,1,0,0,0,93624,93624,93624,3655,3655,3655,591,591,591,0.00,0.00,0.00,0.00,0.00,0.00,0.00,0.00,0.00,0.00,0.00,0.00,0.00,0.00,0.00,0.00,0.00,0.00,0.00,0.00,0.00,216665,340017,573981,227149,353122,587086,0,0,0,0,0,0,0,99062,0,123.38,123.45,123.53
516,2,0,0,0,93619,93619,93619,3660,3660,3660,591,591,591,0.00,0.00,0.00,0.00,0.00,0.00,0.00,0.00,0.00,0.00,0.00,0.00,0.00,0.00,0.00,0.00,0.00,0.00,0.00,0.00,0.00,312420,392721,694550,325771,406923,707655,0,0,0,0,0,0,0,113409,0,125.66,125.69,125.73
516,3,0,0,0,93659,93659,93659,3620,3620,3620,591,591,591,0.00,0.00,0.00,0.00,0.00,0.00,0.00,0.00,0.00,0.00,0.00,0.00,0.00,0.00,0.00,0.00,0.00,0.00,0.00,0.00,0.00,279569,421539,505833,288305,434254,521559,0,0,0,0,0,0,0,112563,0,140.12,140.17,140.21
517,0,0,0,0,93655,93655,93655,3624,3624,3624,591,591,591,0.00,0.00,0.00,0.00,0.00,0.00,0.00,0.00,0.00,0.00,0.00,0.00,0.00,0.00,0.00,0.00,0.00,0.00,0.00,0.00,0.00,197218,312545,469148,207598,325105,482253,0,0,0,0,0,0,0,109779,0,136.99,137.05,137.11
517,1,0,0,0,93624,93624,93624,3655,3655,3655,591,591,591,0.00,0.00,0.00,0.00,0.00,0.00,0.00,0.00,0.00,0.00,0.00,0.00,0.00,0.00,0.00,0.00,0.00,0.00,0.00,0.00,0.00,301405,381081,537286,314510,394710,550390,0,0,0,0,0,0,0,111293,0,123.53,123.55,123.56
517,2,0,0,0,93619,93619,93619,3660,3660,3660,591,591,591,0.00,0.00,0.00,0.00,0.00,0.00,0.00,0.00,0.00,0.00,0.00,0.00,0.00,0.00,0.00,0.00,0.00,0.00,0.00,0.00,0.00,309269,593379,1381236,322374,607008,1394340,0,0,0,0,0,0,0,100951,0,125.73,125.79,125.84
517,3,0,0,0,93659,93659,93659,3620,3620,3620,591,591,591,0.00,0.00,0.00,0.00,0.00,0.00,0.00,0.00,0.00,0.00,0.00,0.00,0.00,0.00,0.00,0.00,0.00,0.00,0.00,0.00,0.00,416725,700839,1407454,432451,715516,1420559,0,0,0,0,0,0,0,126646,0,140.23,140.27,140.30
518,0,0,0,0,93655,93655,93655,3624,3624,3624,591,591,591,0.00,0.00,0.00,0.00,0.00,0.00,0.00,0.00,0.00,0.00,0.00,0.00,0.00,0.00,0.00,0.00,0.00,0.00,0.00,0.00,0.00,301406,538336,1197761,314510,552488,1213487,0,0,0,0,0,0,0,109898,0,137.03,137.08,137.12
518,1,0,0,0,93624,93624,93624,3655,3655,3655,591,591,591,0.00,0.00,0.00,0.00,0.00,0.00,0.00,0.00,0.00,0.00,0.00,0.00,0.00,0.00,0.00,0.00,0.00,0.00,0.00,0.00,0.00,306647,377937,518945,319751,392090,532050,0,0,0,0,0,0,0,98888,0,123.43,123.48,123.52
518,2,0,0,0,93619,93619,93619,3660,3660,3660,591,591,591,0.00,0.00,0.00,0.00,0.00,0.00,0.00,0.00,0.00,0.00,0.00,0.00,0.00,0.00,0.00,0.00,0.00,0.00,0.00,0.00,0.00,309252,391563,705033,324977,405716,715517,0,0,0,0,0,0,0,100899,0,125.76,125.80,125.84
518,3,0,0,0,93659,93659,93659,3620,3620,3620,591,591,591,0.00,0.00,0.00,0.00,0.00,0.00,0.00,0.00,0.00,0.00,0.00,0.00,0.00,0.00,0.00,0.00,0.00,0.00,0.00,0.00,0.00,424594,491680,710235,437699,505309,725960,0,0,0,0,0,0,0,112493,0,140.12,140.20,140.24
519,0,0,0,0,93655,93655,93655,3624,3624,3624,591,591,591,0.00,0.00,0.00,0.00,0.00,0.00,0.00,0.00,0.00,0.00,0.00,0.00,0.00,0.00,0.00,0.00,0.00,0.00,0.00,0.00,0.00,301409,385802,689311,317130,399955,702416,0,0,0,0,0,0,0,109867,0,137.00,137.04,137.10
519,1,0,0,0,93624,93624,93624,3655,3655,3655,591,591,591,0.00,0.00,0.00,0.00,0.00,0.00,0.00,0.00,0.00,0.00,0.00,0.00,0.00,0.00,0.00,0.00,0.00,0.00,0.00,0.00,0.00,311892,373450,560872,327618,387556,573977,0,0,0,0,0,0,0,98903,0,123.42,123.44,123.48
519,2,0,0,0,93619,93619,93619,3660,3660,3660,591,591,591,0.00,0.00,0.00,0.00,0.00,0.00,0.00,0.00,0.00,0.00,0.00,0.00,0.00,0.00,0.00,0.00,0.00,0.00,0.00,0.00,0.00,207450,436749,699358,217822,449905,718481,0,0,0,0,0,0,0,100969,0,125.75,125.82,125.90
519,3,0,0,0,93659,93659,93659,3620,3620,3620,591,591,591,0.00,0.00,0.00,0.00,0.00,0.00,0.00,0.00,0.00,0.00,0.00,0.00,0.00,0.00,0.00,0.00,0.00,0.00,0.00,0.00,0.00,415807,441706,539910,428720,455296,555635,0,0,0,0,0,0,0,112485,0,140.07,140.08,140.09
520,0,0,0,0,93655,93655,93655,3624,3624,3624,591,591,591,0.00,0.00,0.00,0.00,0.00,0.00,0.00,0.00,0.00,0.00,0.00,0.00,0.00,0.00,0.00,0.00,0.00,0.00,0.00,0.00,0.00,199190,339146,592331,209674,352251,605436,0,0,0,0,0,0,0,110024,0,137.00,137.10,137.16
520,1,0,0,0,93624,93624,93624,3655,3655,3655,591,591,591,0.00,0.00,0.00,0.00,0.00,0.00,0.00,0.00,0.00,0.00,0.00,0.00,0.00,0.00,0.00,0.00,0.00,0.00,0.00,0.00,0.00,200938,289700,330235,211422,302280,345961,0,0,0,0,0,0,0,98996,0,123.38,123.42,123.46
520,2,0,0,0,93619,93619,93619,3660,3660,3660,591,591,591,0.00,0.00,0.00,0.00,0.00,0.00,0.00,0.00,0.00,0.00,0.00,0.00,0.00,0.00,0.00,0.00,0.00,0.00,0.00,0.00,0.00,314494,528373,1352385,327598,542002,1368111,0,0,0,0,0,0,0,113712,0,125.93,125.96,126.01
520,3,0,0,0,93659,93659,93659,3620,3620,3620,591,591,591,0.00,0.00,0.00,0.00,0.00,0.00,0.00,0.00,0.00,0.00,0.00,0.00,0.00,0.00,0.00,0.00,0.00,0.00,0.00,0.00,0.00,284810,431733,579144,293547,445012,594867,0,0,0,0,0,0,0,84341,0,140.09,140.12,140.15
521,0,0,0,0,93655,93655,93655,3624,3624,3624,591,591,591,0.00,0.00,0.00,0.00,0.00,0.00,0.00,0.00,0.00,0.00,0.00,0.00,0.00,0.00,0.00,0.00,0.00,0.00,0.00,0.00,0.00,298787,338101,450801,309270,351860,466526,0,0,0,0,0,0,0,96084,0,137.08,137.14,137.19
521,1,0,0,0,93624,93624,93624,3655,3655,3655,591,591,591,0.00,0.00,0.00,0.00,0.00,0.00,0.00,0.00,0.00,0.00,0.00,0.00,0.00,0.00,0.00,0.00,0.00,0.00,0.00,0.00,0.00,304027,438998,555641,319752,453413,568746,0,0,0,0,0,0,0,86542,0,123.46,123.48,123.50
521,2,0,0,0,93619,93619,93619,3660,3660,3660,591,591,591,0.00,0.00,0.00,0.00,0.00,0.00,0.00,0.00,0.00,0.00,0.00,0.00,0.00,0.00,0.00,0.00,0.00,0.00,0.00,0.00,0.00,314507,401657,663097,327618,415417,676202,0,0,0,0,0,0,0,75684,0,125.76,125.84,125.91
521,3,0,0,0,93659,93659,93659,3620,3620,3620,591,591,591,0.00,0.00,0.00,0.00,0.00,0.00,0.00,0.00,0.00,0.00,0.00,0.00,0.00,0.00,0.00,0.00,0.00,0.00,0.00,0.00,0.00,424593,777758,1402178,440318,791518,1415282,0,0,0,0,0,0,0,112515,0,140.06,140.12,140.18
522,0,0,0,0,93655,93655,93655,3624,3624,3624,591,591,591,0.00,0.00,0.00,0.00,0.00,0.00,0.00,0.00,0.00,0.00,0.00,0.00,0.00,0.00,0.00,0.00,0.00,0.00,0.00,0.00,0.00,301407,544629,1244939,317133,558782,1260665,0,0,0,0,0,0,0,109933,0,137.04,137.07,137.10
522,1,0,0,0,93624,93624,93624,3655,3655,3655,591,591,591,0.00,0.00,0.00,0.00,0.00,0.00,0.00,0.00,0.00,0.00,0.00,0.00,0.00,0.00,0.00,0.00,0.00,0.00,0.00,0.00,0.00,303745,346368,492439,316837,360516,505536,0,0,0,0,0,0,0,98922,0,123.43,123.47,123.49
522,2,0,0,0,93619,93619,93619,3660,3660,3660,591,591,591,0.00,0.00,0.00,0.00,0.00,0.00,0.00,0.00,0.00,0.00,0.00,0.00,0.00,0.00,0.00,0.00,0.00,0.00,0.00,0.00,0.00,306649,459187,691932,319755,472816,705036,0,0,0,0,0,0,0,100939,0,125.74,125.81,125.86
522,3,0,0,0,93659,93659,93659,3620,3620,3620,591,591,591,0.00,0.00,0.00,0.00,0.00,0.00,0.00,0.00,0.00,0.00,0.00,0.00,0.00,0.00,0.00,0.00,0.00,0.00,0.00,0.00,0.00,419353,475436,655226,432458,489589,670951,0,0,0,0,0,0,0,112493,0,140.03,140.11,140.21
523,0,0,0,0,93655,93655,93655,3624,3624,3624,591,591,591,0.00,0.00,0.00,0.00,0.00,0.00,0.00,0.00,0.00,0.00,0.00,0.00,0.00,0.00,0.00,0.00,0.00,0.00,0.00,0.00,0.00,304028,421960,872721,319753,435589,885825,0,0,0,0,0,0,0,109920,0,137.04,137.08,137.12
523,1,0,0,0,93624,93624,93624,3655,3655,3655,591,591,591,0.00,0.00,0.00,0.00,0.00,0.00,0.00,0.00,0.00,0.00,0.00,0.00,0.00,0.00,0.00,0.00,0.00,0.00,0.00,0.00,0.00,209676,317134,382659,220160,330238,395763,0,0,0,0,0,0,0,99103,0,123.46,123.55,123.60
523,2,0,0,0,93619,93619,93619,3660,3660,3660,591,591,591,0.00,0.00,0.00,0.00,0.00,0.00,0.00,0.00,0.00,0.00,0.00,0.00,0.00,0.00,0.00,0.00,0.00,0.00,0.00,0.00,0.00,204499,364029,674311,214724,377083,687180,0,0,0,0,0,0,0,101020,0,125.78,125.82,125.92
523,3,0,0,0,93659,93659,93659,3620,3620,3620,591,591,591,0.00,0.00,0.00,0.00,0.00,0.00,0.00,0.00,0.00,0.00,0.00,0.00,0.00,0.00,0.00,0.00,0.00,0.00,0.00,0.00,0.00,416721,463078,546271,429826,476651,559094,0,0,0,0,0,0,0,112652,0,140.06,140.16,140.27
524,0,0,0,0,93655,93655,93655,3624,3624,3624,591,591,591,0.00,0.00,0.00,0.00,0.00,0.00,0.00,0.00,0.00,0.00,0.00,0.00,0.00,0.00,0.00,0.00,0.00,0.00,0.00,0.00,0.00,197443,348234,508461,207927,361338,521565,0,0,0,0,0,0,0,109975,0,137.13,137.20,137.25
524,1,0,0,0,93624,93624,93624,3655,3655,3655,591,591,591,0.00,0.00,0.00,0.00,0.00,0.00,0.00,0.00,0.00,0.00,0.00,0.00,0.00,0.00,0.00,0.00,0.00,0.00,0.00,0.00,0.00,306649,349633,513705,319753,362737,526809,0,0,0,0,0,0,0,98895,0,123.42,123.48,123.57
524,2,0,0,0,93619,93619,93619,3660,3660,3660,591,591,591,0.00,0.00,0.00,0.00,0.00,0.00,0.00,0.00,0.00,0.00,0.00,0.00,0.00,0.00,0.00,0.00,0.00,0.00,0.00,0.00,0.00,314511,599143,1404819,327616,613297,1420545,0,0,0,0,0,0,0,113483,0,125.73,125.83,125.94
524,3,0,0,0,93659,93659,93659,3620,3620,3620,591,591,591,0.00,0.00,0.00,0.00,0.00,0.00,0.00,0.00,0.00,0.00,0.00,0.00,0.00,0.00,0.00,0.00,0.00,0.00,0.00,0.00,0.00,290052,684938,1428407,298788,698217,1444133,0,0,0,0,0,0,0,126496,0,139.96,140.11,140.24
525,0,0,0,0,93655,93655,93655,3624,3624,3624,591,591,591,0.00,0.00,0.00,0.00,0.00,0.00,0.00,0.00,0.00,0.00,0.00,0.00,0.00,0.00,0.00,0.00,0.00,0.00,0.00,0.00,0.00,296166,484336,1205571,311892,498489,1221296,0,0,0,0,0,0,0,123815,0,137.10,137.13,137.16
525,1,0,0,0,93624,93624,93624,3655,3655,3655,591,591,591,0.00,0.00,0.00,0.00,0.00,0.00,0.00,0.00,0.00,0.00,0.00,0.00,0.00,0.00,0.00,0.00,0.00,0.00,0.00,0.00,0.00,309271,407817,547775,319755,421970,563500,0,0,0,0,0,0,0,98953,0,123.42,123.49,123.55
525,2,0,0,0,93619,93619,93619,3660,3660,3660,591,591,591,0.00,0.00,0.00,0.00,0.00,0.00,0.00,0.00,0.00,0.00,0.00,0.00,0.00,0.00,0.00,0.00,0.00,0.00,0.00,0.00,0.00,314514,389990,663099,330239,404143,676204,0,0,0,0,0,0,0,100915,0,125.72,125.76,125.80
525,3,0,0,0,93659,93659,93659,3620,3620,3620,591,591,591,0.00,0.00,0.00,0.00,0.00,0.00,0.00,0.00,0.00,0.00,0.00,0.00,0.00,0.00,0.00,0.00,0.00,0.00,0.00,0.00,0.00,416728,510558,647369,432454,524187,660474,0,0,0,0,0,0,0,112380,0,139.90,139.94,139.97
526,0,0,0,0,93655,93655,93655,3624,3624,3624,591,591,591,0.00,0.00,0.00,0.00,0.00,0.00,0.00,0.00,0.00,0.00,0.00,0.00,0.00,0.00,0.00,0.00,0.00,0.00,0.00,0.00,0.00,298785,426685,660468,311890,440314,673573,0,0,0,0,0,0,0,109955,0,137.11,137.15,137.20
526,1,0,0,0,93624,93624,93624,3655,3655,3655,591,591,591,0.00,0.00,0.00,0.00,0.00,0.00,0.00,0.00,0.00,0.00,0.00,0.00,0.00,0.00,0.00,0.00,0.00,0.00,0.00,0.00,0.00,304028,374739,524189,319754,388849,537294,0,0,0,0,0,0,0,98981,0,123.44,123.48,123.53
526,2,0,0,0,93619,93619,93619,3660,3660,3660,591,591,591,0.00,0.00,0.00,0.00,0.00,0.00,0.00,0.00,0.00,0.00,0.00,0.00,0.00,0.00,0.00,0.00,0.00,0.00,0.00,0.00,0.00,314512,385801,665716,324996,399430,681441,0,0,0,0,0,0,0,100540,0,125.44,125.65,125.78
526,3,0,0,0,93659,93659,93659,3620,3620,3620,591,591,591,0.00,0.00,0.00,0.00,0.00,0.00,0.00,0.00,0.00,0.00,0.00,0.00,0.00,0.00,0.00,0.00,0.00,0.00,0.00,0.00,0.00,419348,473336,663100,432453,487489,678826,0,0,0,0,0,0,0,112366,0,139.95,140.01,140.04
527,0,0,0,0,93655,93655,93655,3624,3624,3624,591,591,591,0.00,0.00,0.00,0.00,0.00,0.00,0.00,0.00,0.00,0.00,0.00,0.00,0.00,0.00,0.00,0.00,0.00,0.00,0.00,0.00,0.00,296165,371126,623786,309270,384755,634270,0,0,0,0,0,0,0,109909,0,137.11,137.13,137.16
527,1,0,0,0,93624,93624,93624,3655,3655,3655,591,591,591,0.00,0.00,0.00,0.00,0.00,0.00,0.00,0.00,0.00,0.00,0.00,0.00,0.00,0.00,0.00,0.00,0.00,0.00,0.00,0.00,0.00,204432,408838,631646,213169,422117,647372,0,0,0,0,0,0,0,98754,0,123.26,123.42,123.52
527,2,0,0,0,93619,93619,93619,3660,3660,3660,591,591,591,0.00,0.00,0.00,0.00,0.00,0.00,0.00,0.00,0.00,0.00,0.00,0.00,0.00,0.00,0.00,0.00,0.00,0.00,0.00,0.00,0.00,314522,346174,449240,327628,359255,459607,0,0,0,0,0,0,0,112987,0,125.25,125.30,125.39
527,3,0,0,0,93659,93659,93659,3620,3620,3620,591,591,591,0.00,0.00,0.00,0.00,0.00,0.00,0.00,0.00,0.00,0.00,0.00,0.00,0.00,0.00,0.00,0.00,0.00,0.00,0.00,0.00,0.00,410581,446426,555642,423492,460541,568747,0,0,0,0,0,0,0,112549,0,139.97,140.06,140.16
528,0,0,0,0,93655,93655,93655,3624,3624,3624,591,591,591,0.00,0.00,0.00,0.00,0.00,0.00,0.00,0.00,0.00,0.00,0.00,0.00,0.00,0.00,0.00,0.00,0.00,0.00,0.00,0.00,0.00,206180,315906,469147,214917,329186,484873,0,0,0,0,0,0,0,110010,0,137.08,137.15,137.23
528,1,0,0,0,93624,93624,93624,3655,3655,3655,591,591,591,0.00,0.00,0.00,0.00,0.00,0.00,0.00,0.00,0.00,0.00,0.00,0.00,0.00,0.00,0.00,0.00,0.00,0.00,0.00,0.00,0.00,306649,369550,537285,319753,383179,553010,0,0,0,0,0,0,0,86516,0,123.19,123.26,123.34
528,2,0,0,0,93619,93619,93619,3660,3660,3660,591,591,591,0.00,0.00,0.00,0.00,0.00,0.00,0.00,0.00,0.00,0.00,0.00,0.00,0.00,0.00,0.00,0.00,0.00,0.00,0.00,0.00,0.00,311891,587090,1320958,327611,601242,1334063,0,0,0,0,0,0,0,100425,0,125.11,125.16,125.18
528,3,0,0,0,93659,93659,93659,3620,3620,3620,591,591,591,0.00,0.00,0.00,0.00,0.00,0.00,0.00,0.00,0.00,0.00,0.00,0.00,0.00,0.00,0.00,0.00,0.00,0.00,0.00,0.00,0.00,416730,692266,1181988,432455,705545,1195092,0,0,0,0,0,0,0,84201,0,140.05,140.12,140.18
529,0,0,0,0,93655,93655,93655,3624,3624,3624,591,591,591,0.00,0.00,0.00,0.00,0.00,0.00,0.00,0.00,0.00,0.00,0.00,0.00,0.00,0.00,0.00,0.00,0.00,0.00,0.00,0.00,0.00,301407,598883,1208252,317132,612643,1221357,0,0,0,0,0,0,0,82630,0,137.26,137.32,137.37
529,1,0,0,0,93624,93624,93624,3655,3655,3655,591,591,591,0.00,0.00,0.00,0.00,0.00,0.00,0.00,0.00,0.00,0.00,0.00,0.00,0.00,0.00,0.00,0.00,0.00,0.00,0.00,0.00,0.00,317130,368233,513674,330240,382648,526778,0,0,0,0,0,0,0,98958,0,123.37,123.40,123.45
529,2,0,0,0,93619,93619,93619,3660,3660,3660,591,591,591,0.00,0.00,0.00,0.00,0.00,0.00,0.00,0.00,0.00,0.00,0.00,0.00,0.00,0.00,0.00,0.00,0.00,0.00,0.00,0.00,0.00,309271,410830,705032,322376,423935,718137,0,0,0,0,0,0,0,75393,0,125.20,125.27,125.30
529,3,0,0,0,93659,93659,93659,3620,3620,3620,591,591,591,0.00,0.00,0.00,0.00,0.00,0.00,0.00,0.00,0.00,0.00,0.00,0.00,0.00,0.00,0.00,0.00,0.00,0.00,0.00,0.00,0.00,421972,488803,678822,437690,502563,691927,0,0,0,0,0,0,0,112452,0,139.94,140.02,140.11
530,0,0,0,0,93655,93655,93655,3624,3624,3624,591,591,591,0.00,0.00,0.00,0.00,0.00,0.00,0.00,0.00,0.00,0.00,0.00,0.00,0.00,0.00,0.00,0.00,0.00,0.00,0.00,0.00,0.00,301406,377407,670924,314511,391560,686649,0,0,0,0,0,0,0,110049,0,137.26,137.31,137.38
530,1,0,0,0,93624,93624,93624,3655,3655,3655,591,591,591,0.00,0.00,0.00,0.00,0.00,0.00,0.00,0.00,0.00,0.00,0.00,0.00,0.00,0.00,0.00,0.00,0.00,0.00,0.00,0.00,0.00,319755,423494,534426,332859,437031,549695,0,0,0,0,0,0,0,98955,0,123.43,123.45,123.46
530,2,0,0,0,93619,93619,93619,3660,3660,3660,591,591,591,0.00,0.00,0.00,0.00,0.00,0.00,0.00,0.00,0.00,0.00,0.00,0.00,0.00,0.00,0.00,0.00,0.00,0.00,0.00,0.00,0.00,311890,385273,649996,324995,399426,660480,0,0,0,0,0,0,0,100488,0,125.32,125.37,125.43
530,3,0,0,0,93659,93659,93659,3620,3620,3620,591,591,591,0.00,0.00,0.00,0.00,0.00,0.00,0.00,0.00,0.00,0.00,0.00,0.00,0.00,0.00,0.00,0.00,0.00,0.00,0.00,0.00,0.00,419342,456566,592328,432447,470719,608053,0,0,0,0,0,0,0,112422,0,139.97,140.03,140.08
531,0,0,0,0,93655,93655,93655,3624,3624,3624,591,591,591,0.00,0.00,0.00,0.00,0.00,0.00,0.00,0.00,0.00,0.00,0.00,0.00,0.00,0.00,0.00,0.00,0.00,0.00,0.00,0.00,0.00,298786,366407,608059,309269,380035,621163,0,0,0,0,0,0,0,109891,0,137.10,137.22,137.28
531,1,0,0,0,93624,93624,93624,3655,3655,3655,591,591,591,0.00,0.00,0.00,0.00,0.00,0.00,0.00,0.00,0.00,0.00,0.00,0.00,0.00,0.00,0.00,0.00,0.00,0.00,0.00,0.00,0.00,311887,334416,419331,324998,347694,428067,0,0,0,0,0,0,0,99003,0,123.51,123.55,123.60
531,2,0,0,0,93619,93619,93619,3660,3660,3660,591,591,591,0.00,0.00,0.00,0.00,0.00,0.00,0.00,0.00,0.00,0.00,0.00,0.00,0.00,0.00,0.00,0.00,0.00,0.00,0.00,0.00,0.00,205954,571593,1357627,214607,585381,1375973,0,0,0,0,0,0,0,113001,0,125.20,125.23,125.27
531,3,0,0,0,93659,93659,93659,3620,3620,3620,591,591,591,0.00,0.00,0.00,0.00,0.00,0.00,0.00,0.00,0.00,0.00,0.00,0.00,0.00,0.00,0.00,0.00,0.00,0.00,0.00,0.00,0.00,419350,459183,576601,435053,472812,592326,0,0,0,0,0,0,0,126537,0,139.99,140.05,140.09
532,0,0,0,0,93655,93655,93655,3624,3624,3624,591,591,591,0.00,0.00,0.00,0.00,0.00,0.00,0.00,0.00,0.00,0.00,0.00,0.00,0.00,0.00,0.00,0.00,0.00,0.00,0.00,0.00,0.00,200940,310143,448182,211423,323772,463907,0,0,0,0,0,0,0,123664,0,137.10,137.15,137.18
532,1,0,0,0,93624,93624,93624,3655,3655,3655,591,591,591,0.00,0.00,0.00,0.00,0.00,0.00,0.00,0.00,0.00,0.00,0.00,0.00,0.00,0.00,0.00,0.00,0.00,0.00,0.00,0.00,0.00,304027,412007,558257,317132,425636,571361,0,0,0,0,0,0,0,111209,0,123.45,123.53,123.58
532,2,0,0,0,93619,93619,93619,3660,3660,3660,591,591,591,0.00,0.00,0.00,0.00,0.00,0.00,0.00,0.00,0.00,0.00,0.00,0.00,0.00,0.00,0.00,0.00,0.00,0.00,0.00,0.00,0.00,309267,387898,681445,324993,401003,697171,0,0,0,0,0,0,0,100635,0,125.28,125.33,125.43
532,3,0,0,0,93659,93659,93659,3620,3620,3620,591,591,591,0.00,0.00,0.00,0.00,0.00,0.00,0.00,0.00,0.00,0.00,0.00,0.00,0.00,0.00,0.00,0.00,0.00,0.00,0.00,0.00,0.00,419353,697169,1252801,435078,710448,1268527,0,0,0,0,0,0,0,112511,0,140.10,140.14,140.22
533,0,0,0,0,93655,93655,93655,3624,3624,3624,591,591,591,0.00,0.00,0.00,0.00,0.00,0.00,0.00,0.00,0.00,0.00,0.00,0.00,0.00,0.00,0.00,0.00,0.00,0.00,0.00,0.00,0.00,301405,540423,1189836,314510,554051,1202940,0,0,0,0,0,0,0,109910,0,137.02,137.06,137.10
533,1,0,0,0,93624,93624,93624,3655,3655,3655,591,591,591,0.00,0.00,0.00,0.00,0.00,0.00,0.00,0.00,0.00,0.00,0.00,0.00,0.00,0.00,0.00,0.00,0.00,0.00,0.00,0.00,0.00,309266,363258,532043,322371,377411,547768,0,0,0,0,0,0,0,99047,0,123.41,123.46,123.53
533,2,0,0,0,93619,93619,93619,3660,3660,3660,591,591,591,0.00,0.00,0.00,0.00,0.00,0.00,0.00,0.00,0.00,0.00,0.00,0.00,0.00,0.00,0.00,0.00,0.00,0.00,0.00,0.00,0.00,311893,463372,686677,324998,477525,702402,0,0,0,0,0,0,0,100538,0,125.35,125.41,125.45
533,3,0,0,0,93659,93659,93659,3620,3620,3620,591,591,591,0.00,0.00,0.00,0.00,0.00,0.00,0.00,0.00,0.00,0.00,0.00,0.00,0.00,0.00,0.00,0.00,0.00,0.00,0.00,0.00,0.00,427213,499544,746964,440317,513173,762689,0,0,0,0,0,0,0,112552,0,140.17,140.25,140.29
534,0,0,0,0,93655,93655,93655,3624,3624,3624,591,591,591,0.00,0.00,0.00,0.00,0.00,0.00,0.00,0.00,0.00,0.00,0.00,0.00,0.00,0.00,0.00,0.00,0.00,0.00,0.00,0.00,0.00,304027,377937,660473,319751,391566,670957,0,0,0,0,0,0,0,110073,0,137.13,137.26,137.35
534,1,0,0,0,93624,93624,93624,3655,3655,3655,591,591,591,0.00,0.00,0.00,0.00,0.00,0.00,0.00,0.00,0.00,0.00,0.00,0.00,0.00,0.00,0.00,0.00,0.00,0.00,0.00,0.00,0.00,298741,383159,581847,309223,396736,594952,0,0,0,0,0,0,0,98874,0,123.46,123.56,123.61
534,2,0,0,0,93619,93619,93619,3660,3660,3660,591,591,591,0.00,0.00,0.00,0.00,0.00,0.00,0.00,0.00,0.00,0.00,0.00,0.00,0.00,0.00,0.00,0.00,0.00,0.00,0.00,0.00,0.00,311890,383706,663102,324995,397858,676206,0,0,0,0,0,0,0,100444,0,125.24,125.32,125.37
534,3,0,0,0,93659,93659,93659,3620,3620,3620,591,591,591,0.00,0.00,0.00,0.00,0.00,0.00,0.00,0.00,0.00,0.00,0.00,0.00,0.00,0.00,0.00,0.00,0.00,0.00,0.00,0.00,0.00,435073,507938,668342,448184,522091,681447,0,0,0,0,0,0,0,112465,0,140.00,140.05,140.15
535,0,0,0,0,93655,93655,93655,3624,3624,3624,591,591,591,0.00,0.00,0.00,0.00,0.00,0.00,0.00,0.00,0.00,0.00,0.00,0.00,0.00,0.00,0.00,0.00,0.00,0.00,0.00,0.00,0.00,293529,368500,647372,309253,382128,663097,0,0,0,0,0,0,0,109890,0,137.15,137.21,137.28
535,1,0,0,0,93624,93624,93624,3655,3655,3655,591,591,591,0.00,0.00,0.00,0.00,0.00,0.00,0.00,0.00,0.00,0.00,0.00,0.00,0.00,0.00,0.00,0.00,0.00,0.00,0.00,0.00,0.00,304026,329711,414107,319752,343514,422843,0,0,0,0,0,0,0,98933,0,123.35,123.39,123.43
535,2,0,0,0,93619,93619,93619,3660,3660,3660,591,591,591,0.00,0.00,0.00,0.00,0.00,0.00,0.00,0.00,0.00,0.00,0.00,0.00,0.00,0.00,0.00,0.00,0.00,0.00,0.00,0.00,0.00,219574,575745,1062804,228218,589001,1077050,0,0,0,0,0,0,0,113074,0,125.15,125.19,125.23
535,3,0,0,0,93659,93659,93659,3620,3620,3620,591,591,591,0.00,0.00,0.00,0.00,0.00,0.00,0.00,0.00,0.00,0.00,0.00,0.00,0.00,0.00,0.00,0.00,0.00,0.00,0.00,0.00,0.00,419336,602802,1113843,432440,615558,1126947,0,0,0,0,0,0,0,98316,0,139.91,139.94,139.99
536,0,0,0,0,93655,93655,93655,3624,3624,3624,591,591,591,0.00,0.00,0.00,0.00,0.00,0.00,0.00,0.00,0.00,0.00,0.00,0.00,0.00,0.00,0.00,0.00,0.00,0.00,0.00,0.00,0.00,301403,526806,1203009,314508,540566,1218735,0,0,0,0,0,0,0,96223,0,137.15,137.18,137.21
536,1,0,0,0,93624,93624,93624,3655,3655,3655,591,591,591,0.00,0.00,0.00,0.00,0.00,0.00,0.00,0.00,0.00,0.00,0.00,0.00,0.00,0.00,0.00,0.00,0.00,0.00,0.00,0.00,0.00,322354,463898,581842,335457,477002,597568,0,0,0,0,0,0,0,74146,0,123.38,123.39,123.41
536,2,0,0,0,93619,93619,93619,3660,3660,3660,591,591,591,0.00,0.00,0.00,0.00,0.00,0.00,0.00,0.00,0.00,0.00,0.00,0.00,0.00,0.00,0.00,0.00,0.00,0.00,0.00,0.00,0.00,311891,414761,720746,324996,428520,733850,0,0,0,0,0,0,0,75249,0,125.14,125.20,125.27
536,3,0,0,0,93659,93659,93659,3620,3620,3620,591,591,591,0.00,0.00,0.00,0.00,0.00,0.00,0.00,0.00,0.00,0.00,0.00,0.00,0.00,0.00,0.00,0.00,0.00,0.00,0.00,0.00,0.00,416725,533356,870133,429836,547770,883237,0,0,0,0,0,0,0,112454,0,139.97,140.04,140.07
537,0,0,0,0,93655,93655,93655,3624,3624,3624,591,591,591,0.00,0.00,0.00,0.00,0.00,0.00,0.00,0.00,0.00,0.00,0.00,0.00,0.00,0.00,0.00,0.00,0.00,0.00,0.00,0.00,0.00,301406,356446,563504,314510,370075,576608,0,0,0,0,0,0,0,110014,0,137.13,137.16,137.21
537,1,0,0,0,93624,93624,93624,3655,3655,3655,591,591,591,0.00,0.00,0.00,0.00,0.00,0.00,0.00,0.00,0.00,0.00,0.00,0.00,0.00,0.00,0.00,0.00,0.00,0.00,0.00,0.00,0.00,306648,367452,524187,319753,381605,537291,0,0,0,0,0,0,0,98950,0,123.44,123.48,123.52
537,2,0,0,0,93619,93619,93619,3660,3660,3660,591,591,591,0.00,0.00,0.00,0.00,0.00,0.00,0.00,0.00,0.00,0.00,0.00,0.00,0.00,0.00,0.00,0.00,0.00,0.00,0.00,0.00,0.00,311886,382656,589715,324990,396284,602819,0,0,0,0,0,0,0,100498,0,125.15,125.21,125.29
537,3,0,0,0,93659,93659,93659,3620,3620,3620,591,591,591,0.00,0.00,0.00,0.00,0.00,0.00,0.00,0.00,0.00,0.00,0.00,0.00,0.00,0.00,0.00,0.00,0.00,0.00,0.00,0.00,0.00,419354,513705,715521,435080,527334,728625,0,0,0,0,0,0,0,112454,0,140.01,140.07,140.13
538,0,0,0,0,93655,93655,93655,3624,3624,3624,591,591,591,0.00,0.00,0.00,0.00,0.00,0.00,0.00,0.00,0.00,0.00,0.00,0.00,0.00,0.00,0.00,0.00,0.00,0.00,0.00,0.00,0.00,306633,445031,684061,319737,459184,699787,0,0,0,0,0,0,0,109932,0,137.15,137.20,137.23
538,1,0,0,0,93624,93624,93624,3655,3655,3655,591,591,591,0.00,0.00,0.00,0.00,0.00,0.00,0.00,0.00,0.00,0.00,0.00,0.00,0.00,0.00,0.00,0.00,0.00,0.00,0.00,0.00,0.00,294552,367656,576608,307471,381772,589713,0,0,0,0,0,0,0,98919,0,123.44,123.45,123.46
538,2,0,0,0,93619,93619,93619,3660,3660,3660,591,591,591,0.00,0.00,0.00,0.00,0.00,0.00,0.00,0.00,0.00,0.00,0.00,0.00,0.00,0.00,0.00,0.00,0.00,0.00,0.00,0.00,0.00,311893,390516,681444,324997,404668,694549,0,0,0,0,0,0,0,100399,0,125.12,125.22,125.29
538,3,0,0,0,93659,93659,93659,3620,3620,3620,591,591,591,0.00,0.00,0.00,0.00,0.00,0.00,0.00,0.00,0.00,0.00,0.00,0.00,0.00,0.00,0.00,0.00,0.00,0.00,0.00,0.00,0.00,419348,452369,552996,435078,466522,566100,0,0,0,0,0,0,0,112466,0,139.99,140.04,140.11
539,0,0,0,0,93655,93655,93655,3624,3624,3624,591,591,591,0.00,0.00,0.00,0.00,0.00,0.00,0.00,0.00,0.00,0.00,0.00,0.00,0.00,0.00,0.00,0.00,0.00,0.00,0.00,0.00,0.00,193940,309432,456864,202676,322119,469626,0,0,0,0,0,0,0,109990,0,137.10,137.13,137.21
539,1,0,0,0,93624,93624,93624,3655,3655,3655,591,591,591,0.00,0.00,0.00,0.00,0.00,0.00,0.00,0.00,0.00,0.00,0.00,0.00,0.00,0.00,0.00,0.00,0.00,0.00,0.00,0.00,0.00,304023,377758,550396,319752,390514,560880,0,0,0,0,0,0,0,111205,0,123.31,123.34,123.37
539,2,0,0,0,93619,93619,93619,3660,3660,3660,591,591,591,0.00,0.00,0.00,0.00,0.00,0.00,0.00,0.00,0.00,0.00,0.00,0.00,0.00,0.00,0.00,0.00,0.00,0.00,0.00,0.00,0.00,312388,540057,1006144,325738,553240,1021584,0,0,0,0,0,0,0,100485,0,125.18,125.23,125.26
539,3,0,0,0,93659,93659,93659,3620,3620,3620,591,591,591,0.00,0.00,0.00,0.00,0.00,0.00,0.00,0.00,0.00,0.00,0.00,0.00,0.00,0.00,0.00,0.00,0.00,0.00,0.00,0.00,0.00,434553,703217,1284266,448183,715969,1297370,0,0,0,0,0,0,0,126562,0,139.99,140.03,140.11
540,0,0,0,0,93655,93655,93655,3624,3624,3624,591,591,591,0.00,0.00,0.00,0.00,0.00,0.00,0.00,0.00,0.00,0.00,0.00,0.00,0.00,0.00,0.00,0.00,0.00,0.00,0.00,0.00,0.00,298786,535714,1192518,314512,550391,1205623,0,0,0,0,0,0,0,123814,0,137.16,137.17,137.18
540,1,0,0,0,93624,93624,93624,3655,3655,3655,591,591,591,0.00,0.00,0.00,0.00,0.00,0.00,0.00,0.00,0.00,0.00,0.00,0.00,0.00,0.00,0.00,0.00,0.00,0.00,0.00,0.00,0.00,304026,368501,511082,317130,382653,521565,0,0,0,0,0,0,0,98803,0,123.36,123.42,123.44
540,2,0,0,0,93619,93619,93619,3660,3660,3660,591,591,591,0.00,0.00,0.00,0.00,0.00,0.00,0.00,0.00,0.00,0.00,0.00,0.00,0.00,0.00,0.00,0.00,0.00,0.00,0.00,0.00,0.00,311893,396277,723340,324998,409906,736444,0,0,0,0,0,0,0,100542,0,125.22,125.26,125.31
540,3,0,0,0,93659,93659,93659,3620,3620,3620,591,591,591,0.00,0.00,0.00,0.00,0.00,0.00,0.00,0.00,0.00,0.00,0.00,0.00,0.00,0.00,0.00,0.00,0.00,0.00,0.00,0.00,0.00,416727,478000,699796,432148,492151,715522,0,0,0,0,0,0,0,112485,0,140.14,140.19,140.24
541,0,0,0,0,93655,93655,93655,3624,3624,3624,591,591,591,0.00,0.00,0.00,0.00,0.00,0.00,0.00,0.00,0.00,0.00,0.00,0.00,0.00,0.00,0.00,0.00,0.00,0.00,0.00,0.00,0.00,301406,374793,663095,314510,388421,676199,0,0,0,0,0,0,0,109847,0,137.05,137.16,137.22
541,1,0,0,0,93624,93624,93624,3655,3655,3655,591,591,591,0.00,0.00,0.00,0.00,0.00,0.00,0.00,0.00,0.00,0.00,0.00,0.00,0.00,0.00,0.00,0.00,0.00,0.00,0.00,0.00,0.00,311890,424585,573985,324994,438214,587090,0,0,0,0,0,0,0,98951,0,123.31,123.37,123.46
541,2,0,0,0,93619,93619,93619,3660,3660,3660,591,591,591,0.00,0.00,0.00,0.00,0.00,0.00,0.00,0.00,0.00,0.00,0.00,0.00,0.00,0.00,0.00,0.00,0.00,0.00,0.00,0.00,0.00,311892,381608,649995,327617,395761,663100,0,0,0,0,0,0,0,100407,0,125.20,125.28,125.33
541,3,0,0,0,93659,93659,93659,3620,3620,3620,591,591,591,0.00,0.00,0.00,0.00,0.00,0.00,0.00,0.00,0.00,0.00,0.00,0.00,0.00,0.00,0.00,0.00,0.00,0.00,0.00,0.00,0.00,421972,441777,508467,435074,455403,524193,0,0,0,0,0,0,0,112603,0,140.06,140.10,140.14
542,0,0,0,0,93655,93655,93655,3624,3624,3624,591,591,591,0.00,0.00,0.00,0.00,0.00,0.00,0.00,0.00,0.00,0.00,0.00,0.00,0.00,0.00,0.00,0.00,0.00,0.00,0.00,0.00,0.00,293547,369551,629026,306652,383180,642131,0,0,0,0,0,0,0,109859,0,136.98,137.00,137.04
542,1,0,0,0,93624,93624,93624,3655,3655,3655,591,591,591,0.00,0.00,0.00,0.00,0.00,0.00,0.00,0.00,0.00,0.00,0.00,0.00,0.00,0.00,0.00,0.00,0.00,0.00,0.00,0.00,0.00,235883,290967,327617,246367,304543,343342,0,0,0,0,0,0,0,98970,0,123.42,123.45,123.48
542,2,0,0,0,93619,93619,93619,3660,3660,3660,591,591,591,0.00,0.00,0.00,0.00,0.00,0.00,0.00,0.00,0.00,0.00,0.00,0.00,0.00,0.00,0.00,0.00,0.00,0.00,0.00,0.00,0.00,306651,503289,888838,319755,516030,897501,0,0,0,0,0,0,0,112972,0,125.17,125.19,125.22
542,3,0,0,0,93659,93659,93659,3620,3620,3620,591,591,591,0.00,0.00,0.00,0.00,0.00,0.00,0.00,0.00,0.00,0.00,0.00,0.00,0.00,0.00,0.00,0.00,0.00,0.00,0.00,0.00,0.00,412673,447544,559126,428148,461637,574802,0,0,0,0,0,0,0,112504,0,140.17,140.22,140.25
543,0,0,0,0,93655,93655,93655,3624,3624,3624,591,591,591,0.00,0.00,0.00,0.00,0.00,0.00,0.00,0.00,0.00,0.00,0.00,0.00,0.00,0.00,0.00,0.00,0.00,0.00,0.00,0.00,0.00,193925,312786,471771,202660,326052,484876,0,0,0,0,0,0,0,82389,0,137.03,137.07,137.12
543,1,0,0,0,93624,93624,93624,3655,3655,3655,591,591,591,0.00,0.00,0.00,0.00,0.00,0.00,0.00,0.00,0.00,0.00,0.00,0.00,0.00,0.00,0.00,0.00,0.00,0.00,0.00,0.00,0.00,306649,389860,545150,317133,402964,558254,0,0,0,0,0,0,0,86409,0,123.38,123.42,123.46
543,2,0,0,0,93619,93619,93619,3660,3660,3660,591,591,591,0.00,0.00,0.00,0.00,0.00,0.00,0.00,0.00,0.00,0.00,0.00,0.00,0.00,0.00,0.00,0.00,0.00,0.00,0.00,0.00,0.00,299947,409427,687776,315070,423827,701423,0,0,0,0,0,0,0,75207,0,125.11,125.15,125.21
543,3,0,0,0,93659,93659,93659,3620,3620,3620,591,591,591,0.00,0.00,0.00,0.00,0.00,0.00,0.00,0.00,0.00,0.00,0.00,0.00,0.00,0.00,0.00,0.00,0.00,0.00,0.00,0.00,0.00,406182,659139,943536,419285,672242,954019,0,0,0,0,0,0,0,84410,0,140.16,140.23,140.30
544,0,0,0,0,93655,93655,93655,3624,3624,3624,591,591,591,0.00,0.00,0.00,0.00,0.00,0.00,0.00,0.00,0.00,0.00,0.00,0.00,0.00,0.00,0.00,0.00,0.00,0.00,0.00,0.00,0.00,304026,537289,1223971,317132,550918,1234455,0,0,0,0,0,0,0,109917,0,137.13,137.16,137.19
544,1,0,0,0,93624,93624,93624,3655,3655,3655,591,591,591,0.00,0.00,0.00,0.00,0.00,0.00,0.00,0.00,0.00,0.00,0.00,0.00,0.00,0.00,0.00,0.00,0.00,0.00,0.00,0.00,0.00,314493,404665,560878,327597,418818,576603,0,0,0,0,0,0,0,98881,0,123.37,123.41,123.47
544,2,0,0,0,93619,93619,93619,3660,3660,3660,591,591,591,0.00,0.00,0.00,0.00,0.00,0.00,0.00,0.00,0.00,0.00,0.00,0.00,0.00,0.00,0.00,0.00,0.00,0.00,0.00,0.00,0.00,311892,391567,702413,324997,405720,715517,0,0,0,0,0,0,0,100291,0,125.01,125.04,125.09
544,3,0,0,0,93659,93659,93659,3620,3620,3620,591,591,591,0.00,0.00,0.00,0.00,0.00,0.00,0.00,0.00,0.00,0.00,0.00,0.00,0.00,0.00,0.00,0.00,0.00,0.00,0.00,0.00,0.00,416731,480678,678817,429836,494307,691921,0,0,0,0,0,0,0,112695,0,140.32,140.34,140.35
545,0,0,0,0,93655,93655,93655,3624,3624,3624,591,591,591,0.00,0.00,0.00,0.00,0.00,0.00,0.00,0.00,0.00,0.00,0.00,0.00,0.00,0.00,0.00,0.00,0.00,0.00,0.00,0.00,0.00,296165,381080,678823,309270,394709,691928,0,0,0,0,0,0,0,109834,0,136.97,137.02,137.08
545,1,0,0,0,93624,93624,93624,3655,3655,3655,591,591,591,0.00,0.00,0.00,0.00,0.00,0.00,0.00,0.00,0.00,0.00,0.00,0.00,0.00,0.00,0.00,0.00,0.00,0.00,0.00,0.00,0.00,309269,379509,553018,322374,393662,568744,0,0,0,0,0,0,0,98948,0,123.40,123.43,123.45
545,2,0,0,0,93619,93619,93619,3660,3660,3660,591,591,591,0.00,0.00,0.00,0.00,0.00,0.00,0.00,0.00,0.00,0.00,0.00,0.00,0.00,0.00,0.00,0.00,0.00,0.00,0.00,0.00,0.00,309254,456562,691915,319737,470191,707640,0,0,0,0,0,0,0,100275,0,125.06,125.07,125.08
545,3,0,0,0,93659,93659,93659,3620,3620,3620,591,591,591,0.00,0.00,0.00,0.00,0.00,0.00,0.00,0.00,0.00,0.00,0.00,0.00,0.00,0.00,0.00,0.00,0.00,0.00,0.00,0.00,0.00,419351,441364,503214,432455,455517,513698,0,0,0,0,0,0,0,112586,0,140.19,140.26,140.30
546,0,0,0,0,93655,93655,93655,3624,3624,3624,591,591,591,0.00,0.00,0.00,0.00,0.00,0.00,0.00,0.00,0.00,0.00,0.00,0.00,0.00,0.00,0.00,0.00,0.00,0.00,0.00,0.00,0.00,296168,363785,608056,309273,378462,623781,0,0,0,0,0,0,0,109886,0,137.02,137.10,137.15
546,1,0,0,0,93624,93624,93624,3655,3655,3655,591,591,591,0.00,0.00,0.00,0.00,0.00,0.00,0.00,0.00,0.00,0.00,0.00,0.00,0.00,0.00,0.00,0.00,0.00,0.00,0.00,0.00,0.00,207917,349003,625059,216653,361686,635181,0,0,0,0,0,0,0,98939,0,123.38,123.42,123.47
546,2,0,0,0,93619,93619,93619,3660,3660,3660,591,591,591,0.00,0.00,0.00,0.00,0.00,0.00,0.00,0.00,0.00,0.00,0.00,0.00,0.00,0.00,0.00,0.00,0.00,0.00,0.00,0.00,0.00,303148,437509,927754,318306,450675,936490,0,0,0,0,0,0,0,113135,0,125.01,125.10,125.24
546,3,0,0,0,93659,93659,93659,3620,3620,3620,591,591,591,0.00,0.00,0.00,0.00,0.00,0.00,0.00,0.00,0.00,0.00,0.00,0.00,0.00,0.00,0.00,0.00,0.00,0.00,0.00,0.00,0.00,421229,521401,754757,434150,534992,767860,0,0,0,0,0,0,0,126516,0,140.10,140.14,140.19
547,0,0,0,0,93655,93655,93655,3624,3624,3624,591,591,591,0.00,0.00,0.00,0.00,0.00,0.00,0.00,0.00,0.00,0.00,0.00,0.00,0.00,0.00,0.00,0.00,0.00,0.00,0.00,0.00,0.00,193928,495006,1229207,202663,507731,1244932,0,0,0,0,0,0,0,123758,0,137.15,137.20,137.25
547,1,0,0,0,93624,93624,93624,3655,3655,3655,591,591,591,0.00,0.00,0.00,0.00,0.00,0.00,0.00,0.00,0.00,0.00,0.00,0.00,0.00,0.00,0.00,0.00,0.00,0.00,0.00,0.00,0.00,301407,413055,545152,317132,427208,555636,0,0,0,0,0,0,0,111253,0,123.44,123.46,123.48
547,2,0,0,0,93619,93619,93619,3660,3660,3660,591,591,591,0.00,0.00,0.00,0.00,0.00,0.00,0.00,0.00,0.00,0.00,0.00,0.00,0.00,0.00,0.00,0.00,0.00,0.00,0.00,0.00,0.00,309271,458852,702405,319754,472583,718131,0,0,0,0,0,0,0,100365,0,125.17,125.28,125.35
547,3,0,0,0,93659,93659,93659,3620,3620,3620,591,591,591,0.00,0.00,0.00,0.00,0.00,0.00,0.00,0.00,0.00,0.00,0.00,0.00,0.00,0.00,0.00,0.00,0.00,0.00,0.00,0.00,0.00,424594,604914,891124,437699,618193,899860,0,0,0,0,0,0,0,112465,0,140.22,140.23,140.25
548,0,0,0,0,93655,93655,93655,3624,3624,3624,591,591,591,0.00,0.00,0.00,0.00,0.00,0.00,0.00,0.00,0.00,0.00,0.00,0.00,0.00,0.00,0.00,0.00,0.00,0.00,0.00,0.00,0.00,301405,361160,571362,317130,375313,587087,0,0,0,0,0,0,0,110073,0,137.19,137.25,137.30
548,1,0,0,0,93624,93624,93624,3655,3655,3655,591,591,591,0.00,0.00,0.00,0.00,0.00,0.00,0.00,0.00,0.00,0.00,0.00,0.00,0.00,0.00,0.00,0.00,0.00,0.00,0.00,0.00,0.00,304028,357493,482250,317132,371122,495355,0,0,0,0,0,0,0,98941,0,123.37,123.43,123.48
548,2,0,0,0,93619,93619,93619,3660,3660,3660,591,591,591,0.00,0.00,0.00,0.00,0.00,0.00,0.00,0.00,0.00,0.00,0.00,0.00,0.00,0.00,0.00,0.00,0.00,0.00,0.00,0.00,0.00,309268,381605,657860,324993,395758,670964,0,0,0,0,0,0,0,100419,0,125.19,125.20,125.23
548,3,0,0,0,93659,93659,93659,3620,3620,3620,591,591,591,0.00,0.00,0.00,0.00,0.00,0.00,0.00,0.00,0.00,0.00,0.00,0.00,0.00,0.00,0.00,0.00,0.00,0.00,0.00,0.00,0.00,421947,502168,686686,437671,516321,699791,0,0,0,0,0,0,0,112452,0,139.97,140.05,140.10
549,0,0,0,0,93655,93655,93655,3624,3624,3624,591,591,591,0.00,0.00,0.00,0.00,0.00,0.00,0.00,0.00,0.00,0.00,0.00,0.00,0.00,0.00,0.00,0.00,0.00,0.00,0.00,0.00,0.00,309270,463380,872771,322375,477010,885876,0,0,0,0,0,0,0,110085,0,137.25,137.31,137.35
549,1,0,0,0,93624,93624,93624,3655,3655,3655,591,591,591,0.00,0.00,0.00,0.00,0.00,0.00,0.00,0.00,0.00,0.00,0.00,0.00,0.00,0.00,0.00,0.00,0.00,0.00,0.00,0.00,0.00,301406,373217,642130,314511,387370,657856,0,0,0,0,0,0,0,98949,0,123.41,123.45,123.50
549,2,0,0,0,93619,93619,93619,3660,3660,3660,591,591,591,0.00,0.00,0.00,0.00,0.00,0.00,0.00,0.00,0.00,0.00,0.00,0.00,0.00,0.00,0.00,0.00,0.00,0.00,0.00,0.00,0.00,311892,397858,691926,324997,412011,705031,0,0,0,0,0,0,0,100621,0,125.15,125.24,125.38
549,3,0,0,0,93659,93659,93659,3620,3620,3620,591,591,591,0.00,0.00,0.00,0.00,0.00,0.00,0.00,0.00,0.00,0.00,0.00,0.00,0.00,0.00,0.00,0.00,0.00,0.00,0.00,0.00,0.00,419352,455519,587095,432457,469148,600200,0,0,0,0,0,0,0,112337,0,140.00,140.03,140.06
550,0,0,0,0,93655,93655,93655,3624,3624,3624,591,591,591,0.00,0.00,0.00,0.00,0.00,0.00,0.00,0.00,0.00,0.00,0.00,0.00,0.00,0.00,0.00,0.00,0.00,0.00,0.00,0.00,0.00,304028,340716,463884,317132,354344,479609,0,0,0,0,0,0,0,109850,0,137.06,137.16,137.26
550,1,0,0,0,93624,93624,93624,3655,3655,3655,591,591,591,0.00,0.00,0.00,0.00,0.00,0.00,0.00,0.00,0.00,0.00,0.00,0.00,0.00,0.00,0.00,0.00,0.00,0.00,0.00,0.00,0.00,199171,348777,537286,207907,361490,547770,0,0,0,0,0,0,0,74207,0,123.40,123.43,123.48
550,2,0,0,0,93619,93619,93619,3660,3660,3660,591,591,591,0.00,0.00,0.00,0.00,0.00,0.00,0.00,0.00,0.00,0.00,0.00,0.00,0.00,0.00,0.00,0.00,0.00,0.00,0.00,0.00,0.00,201621,561652,1326207,211873,574179,1336691,0,0,0,0,0,0,0,100541,0,125.37,125.42,125.45
550,3,0,0,0,93659,93659,93659,3620,3620,3620,591,591,591,0.00,0.00,0.00,0.00,0.00,0.00,0.00,0.00,0.00,0.00,0.00,0.00,0.00,0.00,0.00,0.00,0.00,0.00,0.00,0.00,0.00,180809,577815,1158457,193911,591874,1174183,0,0,0,0,0,0,0,98387,0,139.92,139.96,140.01
551,0,0,0,0,93655,93655,93655,3624,3624,3624,591,591,591,0.00,0.00,0.00,0.00,0.00,0.00,0.00,0.00,0.00,0.00,0.00,0.00,0.00,0.00,0.00,0.00,0.00,0.00,0.00,0.00,0.00,196892,517714,1223978,207255,530788,1237083,0,0,0,0,0,0,0,96313,0,137.08,137.16,137.24
551,1,0,0,0,93624,93624,93624,3655,3655,3655,591,591,591,0.00,0.00,0.00,0.00,0.00,0.00,0.00,0.00,0.00,0.00,0.00,0.00,0.00,0.00,0.00,0.00,0.00,0.00,0.00,0.00,0.00,306629,383304,518946,322354,397719,534672,0,0,0,0,0,0,0,98870,0,123.45,123.47,123.49
551,2,0,0,0,93619,93619,93619,3660,3660,3660,591,591,591,0.00,0.00,0.00,0.00,0.00,0.00,0.00,0.00,0.00,0.00,0.00,0.00,0.00,0.00,0.00,0.00,0.00,0.00,0.00,0.00,0.00,309272,415418,720762,322377,429178,733867,0,0,0,0,0,0,0,75337,0,125.23,125.29,125.31
551,3,0,0,0,93659,93659,93659,3620,3620,3620,591,591,591,0.00,0.00,0.00,0.00,0.00,0.00,0.00,0.00,0.00,0.00,0.00,0.00,0.00,0.00,0.00,0.00,0.00,0.00,0.00,0.00,0.00,419352,623993,822929,432457,636225,833413,0,0,0,0,0,0,0,112468,0,140.01,140.05,140.07
552,0,0,0,0,93655,93655,93655,3624,3624,3624,591,591,591,0.00,0.00,0.00,0.00,0.00,0.00,0.00,0.00,0.00,0.00,0.00,0.00,0.00,0.00,0.00,0.00,0.00,0.00,0.00,0.00,0.00,296166,425637,686679,311891,439790,699783,0,0,0,0,0,0,0,109913,0,137.13,137.18,137.26
552,1,0,0,0,93624,93624,93624,3655,3655,3655,591,591,591,0.00,0.00,0.00,0.00,0.00,0.00,0.00,0.00,0.00,0.00,0.00,0.00,0.00,0.00,0.00,0.00,0.00,0.00,0.00,0.00,0.00,309269,379508,537285,322374,393661,553011,0,0,0,0,0,0,0,98964,0,123.43,123.46,123.48
552,2,0,0,0,93619,93619,93619,3660,3660,3660,591,591,591,0.00,0.00,0.00,0.00,0.00,0.00,0.00,0.00,0.00,0.00,0.00,0.00,0.00,0.00,0.00,0.00,0.00,0.00,0.00,0.00,0.00,314504,384228,660477,327617,398381,673582,0,0,0,0,0,0,0,100523,0,125.21,125.26,125.28
552,3,0,0,0,93659,93659,93659,3620,3620,3620,591,591,591,0.00,0.00,0.00,0.00,0.00,0.00,0.00,0.00,0.00,0.00,0.00,0.00,0.00,0.00,0.00,0.00,0.00,0.00,0.00,0.00,0.00,427209,467051,610686,440313,481204,626412,0,0,0,0,0,0,0,112428,0,139.92,139.95,140.00
553,0,0,0,0,93655,93655,93655,3624,3624,3624,591,591,591,0.00,0.00,0.00,0.00,0.00,0.00,0.00,0.00,0.00,0.00,0.00,0.00,0.00,0.00,0.00,0.00,0.00,0.00,0.00,0.00,0.00,301409,369024,600196,314513,382653,613301,0,0,0,0,0,0,0,110027,0,137.10,137.20,137.24
553,1,0,0,0,93624,93624,93624,3655,3655,3655,591,591,591,0.00,0.00,0.00,0.00,0.00,0.00,0.00,0.00,0.00,0.00,0.00,0.00,0.00,0.00,0.00,0.00,0.00,0.00,0.00,0.00,0.00,298786,361687,576608,314511,375316,589713,0,0,0,0,0,0,0,99014,0,123.46,123.49,123.50
553,2,0,0,0,93619,93619,93619,3660,3660,3660,591,591,591,0.00,0.00,0.00,0.00,0.00,0.00,0.00,0.00,0.00,0.00,0.00,0.00,0.00,0.00,0.00,0.00,0.00,0.00,0.00,0.00,0.00,317117,396805,699792,330221,410434,712896,0,0,0,0,0,0,0,113037,0,125.26,125.30,125.33
553,3,0,0,0,93659,93659,93659,3620,3620,3620,591,591,591,0.00,0.00,0.00,0.00,0.00,0.00,0.00,0.00,0.00,0.00,0.00,0.00,0.00,0.00,0.00,0.00,0.00,0.00,0.00,0.00,0.00,429829,460233,576606,442933,473862,592332,0,0,0,0,0,0,0,112389,0,140.02,140.04,140.05
554,0,0,0,0,93655,93655,93655,3624,3624,3624,591,591,591,0.00,0.00,0.00,0.00,0.00,0.00,0.00,0.00,0.00,0.00,0.00,0.00,0.00,0.00,0.00,0.00,0.00,0.00,0.00,0.00,0.00,298787,338100,482252,311892,352254,495357,0,0,0,0,0,0,0,109949,0,137.18,137.22,137.27
554,1,0,0,0,93624,93624,93624,3655,3655,3655,591,591,591,0.00,0.00,0.00,0.00,0.00,0.00,0.00,0.00,0.00,0.00,0.00,0.00,0.00,0.00,0.00,0.00,0.00,0.00,0.00,0.00,0.00,204432,352772,539906,214916,365876,555631,0,0,0,0,0,0,0,111371,0,123.52,123.56,123.60
554,2,0,0,0,93619,93619,93619,3660,3660,3660,591,591,591,0.00,0.00,0.00,0.00,0.00,0.00,0.00,0.00,0.00,0.00,0.00,0.00,0.00,0.00,0.00,0.00,0.00,0.00,0.00,0.00,0.00,311887,541408,1357653,327612,554671,1370758,0,0,0,0,0,0,0,100511,0,125.27,125.31,125.37
554,3,0,0,0,93659,93659,93659,3620,3620,3620,591,591,591,0.00,0.00,0.00,0.00,0.00,0.00,0.00,0.00,0.00,0.00,0.00,0.00,0.00,0.00,0.00,0.00,0.00,0.00,0.00,0.00,0.00,421971,693545,1412955,435076,707554,1427960,0,0,0,0,0,0,0,126540,0,140.00,140.06,140.11
555,0,0,0,0,93655,93655,93655,3624,3624,3624,591,591,591,0.00,0.00,0.00,0.00,0.00,0.00,0.00,0.00,0.00,0.00,0.00,0.00,0.00,0.00,0.00,0.00,0.00,0.00,0.00,0.00,0.00,202686,521208,1210862,211422,534487,1226587,0,0,0,0,0,0,0,109966,0,137.13,137.19,137.24
555,1,0,0,0,93624,93624,93624,3655,3655,3655,591,591,591,0.00,0.00,0.00,0.00,0.00,0.00,0.00,0.00,0.00,0.00,0.00,0.00,0.00,0.00,0.00,0.00,0.00,0.00,0.00,0.00,0.00,309265,376886,516314,322369,390515,529419,0,0,0,0,0,0,0,98948,0,123.51,123.55,123.58
555,2,0,0,0,93619,93619,93619,3660,3660,3660,591,591,591,0.00,0.00,0.00,0.00,0.00,0.00,0.00,0.00,0.00,0.00,0.00,0.00,0.00,0.00,0.00,0.00,0.00,0.00,0.00,0.00,0.00,306650,395234,723383,319755,408863,736488,0,0,0,0,0,0,0,100467,0,125.21,125.26,125.32
555,3,0,0,0,93659,93659,93659,3620,3620,3620,591,591,591,0.00,0.00,0.00,0.00,0.00,0.00,0.00,0.00,0.00,0.00,0.00,0.00,0.00,0.00,0.00,0.00,0.00,0.00,0.00,0.00,0.00,286558,457792,723378,297041,470897,736482,0,0,0,0,0,0,0,112534,0,140.05,140.09,140.12
556,0,0,0,0,93655,93655,93655,3624,3624,3624,591,591,591,0.00,0.00,0.00,0.00,0.00,0.00,0.00,0.00,0.00,0.00,0.00,0.00,0.00,0.00,0.00,0.00,0.00,0.00,0.00,0.00,0.00,301407,384228,678820,314512,397857,694546,0,0,0,0,0,0,0,110035,0,137.12,137.17,137.23
556,1,0,0,0,93624,93624,93624,3655,3655,3655,591,591,591,0.00,0.00,0.00,0.00,0.00,0.00,0.00,0.00,0.00,0.00,0.00,0.00,0.00,0.00,0.00,0.00,0.00,0.00,0.00,0.00,0.00,317132,382125,555603,330237,396277,571327,0,0,0,0,0,0,0,99009,0,123.48,123.50,123.53
556,2,0,0,0,93619,93619,93619,3660,3660,3660,591,591,591,0.00,0.00,0.00,0.00,0.00,0.00,0.00,0.00,0.00,0.00,0.00,0.00,0.00,0.00,0.00,0.00,0.00,0.00,0.00,0.00,0.00,314513,462333,689300,327618,476486,705025,0,0,0,0,0,0,0,100555,0,125.19,125.29,125.34
556,3,0,0,0,93659,93659,93659,3620,3620,3620,591,591,591,0.00,0.00,0.00,0.00,0.00,0.00,0.00,0.00,0.00,0.00,0.00,0.00,0.00,0.00,0.00,0.00,0.00,0.00,0.00,0.00,0.00,424597,446603,518937,440322,460232,532042,0,0,0,0,0,0,0,112592,0,140.08,140.13,140.19
557,0,0,0,0,93655,93655,93655,3624,3624,3624,591,591,591,0.00,0.00,0.00,0.00,0.00,0.00,0.00,0.00,0.00,0.00,0.00,0.00,0.00,0.00,0.00,0.00,0.00,0.00,0.00,0.00,0.00,296164,361164,594952,311890,375317,610677,0,0,0,0,0,0,0,109926,0,137.20,137.21,137.23
557,1,0,0,0,93624,93624,93624,3655,3655,3655,591,591,591,0.00,0.00,0.00,0.00,0.00,0.00,0.00,0.00,0.00,0.00,0.00,0.00,0.00,0.00,0.00,0.00,0.00,0.00,0.00,0.00,0.00,301404,313987,332859,314509,328140,348585,0,0,0,0,0,0,0,99041,0,123.49,123.54,123.57
557,2,0,0,0,93619,93619,93619,3660,3660,3660,591,591,591,0.00,0.00,0.00,0.00,0.00,0.00,0.00,0.00,0.00,0.00,0.00,0.00,0.00,0.00,0.00,0.00,0.00,0.00,0.00,0.00,0.00,309269,526284,1349781,322374,540437,1362886,0,0,0,0,0,0,0,113081,0,125.29,125.33,125.38
557,3,0,0,0,93659,93659,93659,3620,3620,3620,591,591,591,0.00,0.00,0.00,0.00,0.00,0.00,0.00,0.00,0.00,0.00,0.00,0.00,0.00,0.00,0.00,0.00,0.00,0.00,0.00,0.00,0.00,424592,464431,589713,440317,478584,605438,0,0,0,0,0,0,0,84325,0,140.15,140.19,140.21
558,0,0,0,0,93655,93655,93655,3624,3624,3624,591,591,591,0.00,0.00,0.00,0.00,0.00,0.00,0.00,0.00,0.00,0.00,0.00,0.00,0.00,0.00,0.00,0.00,0.00,0.00,0.00,0.00,0.00,199192,321058,482225,209676,334162,497949,0,0,0,0,0,0,0,96290,0,137.12,137.13,137.14
558,1,0,0,0,93624,93624,93624,3655,3655,3655,591,591,591,0.00,0.00,0.00,0.00,0.00,0.00,0.00,0.00,0.00,0.00,0.00,0.00,0.00,0.00,0.00,0.00,0.00,0.00,0.00,0.00,0.00,200937,432888,587082,209674,445556,600186,0,0,0,0,0,0,0,86580,0,123.46,123.50,123.53
558,2,0,0,0,93619,93619,93619,3660,3660,3660,591,591,591,0.00,0.00,0.00,0.00,0.00,0.00,0.00,0.00,0.00,0.00,0.00,0.00,0.00,0.00,0.00,0.00,0.00,0.00,0.00,0.00,0.00,209242,378611,663064,217889,391257,676168,0,0,0,0,0,0,0,75328,0,125.19,125.25,125.31
558,3,0,0,0,93659,93659,93659,3620,3620,3620,591,591,591,0.00,0.00,0.00,0.00,0.00,0.00,0.00,0.00,0.00,0.00,0.00,0.00,0.00,0.00,0.00,0.00,0.00,0.00,0.00,0.00,0.00,414066,771264,1391732,427169,784909,1404837,0,0,0,0,0,0,0,112495,0,140.13,140.14,140.16
559,0,0,0,0,93655,93655,93655,3624,3624,3624,591,591,591,0.00,0.00,0.00,0.00,0.00,0.00,0.00,0.00,0.00,0.00,0.00,0.00,0.00,0.00,0.00,0.00,0.00,0.00,0.00,0.00,0.00,301408,542530,1216101,314513,556159,1229206,0,0,0,0,0,0,0,110040,0,137.16,137.23,137.29
559,1,0,0,0,93624,93624,93624,3655,3655,3655,591,591,591,0.00,0.00,0.00,0.00,0.00,0.00,0.00,0.00,0.00,0.00,0.00,0.00,0.00,0.00,0.00,0.00,0.00,0.00,0.00,0.00,0.00,304029,358537,537287,319754,372690,550392,0,0,0,0,0,0,0,99016,0,123.57,123.59,123.62
559,2,0,0,0,93619,93619,93619,3660,3660,3660,591,591,591,0.00,0.00,0.00,0.00,0.00,0.00,0.00,0.00,0.00,0.00,0.00,0.00,0.00,0.00,0.00,0.00,0.00,0.00,0.00,0.00,0.00,311892,464952,705033,327616,478581,718138,0,0,0,0,0,0,0,100473,0,125.08,125.16,125.26
559,3,0,0,0,93659,93659,93659,3620,3620,3620,591,591,591,0.00,0.00,0.00,0.00,0.00,0.00,0.00,0.00,0.00,0.00,0.00,0.00,0.00,0.00,0.00,0.00,0.00,0.00,0.00,0.00,0.00,286555,455695,712897,295292,468975,728623,0,0,0,0,0,0,0,112654,0,140.21,140.25,140.29
560,0,0,0,0,93655,93655,93655,3624,3624,3624,591,591,591,0.00,0.00,0.00,0.00,0.00,0.00,0.00,0.00,0.00,0.00,0.00,0.00,0.00,0.00,0.00,0.00,0.00,0.00,0.00,0.00,0.00,306646,388942,686682,319750,402571,702408,0,0,0,0,0,0,0,109911,0,137.07,137.14,137.25
560,1,0,0,0,93624,93624,93624,3655,3655,3655,591,591,591,0.00,0.00,0.00,0.00,0.00,0.00,0.00,0.00,0.00,0.00,0.00,0.00,0.00,0.00,0.00,0.00,0.00,0.00,0.00,0.00,0.00,309265,384750,545150,322370,398379,555634,0,0,0,0,0,0,0,98918,0,123.37,123.42,123.52
560,2,0,0,0,93619,93619,93619,3660,3660,3660,591,591,591,0.00,0.00,0.00,0.00,0.00,0.00,0.00,0.00,0.00,0.00,0.00,0.00,0.00,0.00,0.00,0.00,0.00,0.00,0.00,0.00,0.00,309264,384745,670924,324989,398898,684028,0,0,0,0,0,0,0,100485,0,125.32,125.33,125.36
560,3,0,0,0,93659,93659,93659,3620,3620,3620,591,591,591,0.00,0.00,0.00,0.00,0.00,0.00,0.00,0.00,0.00,0.00,0.00,0.00,0.00,0.00,0.00,0.00,0.00,0.00,0.00,0.00,0.00,421974,492212,618545,437700,506365,631649,0,0,0,0,0,0,0,112698,0,140.24,140.27,140.31
561,0,0,0,0,93655,93655,93655,3624,3624,3624,591,591,591,0.00,0.00,0.00,0.00,0.00,0.00,0.00,0.00,0.00,0.00,0.00,0.00,0.00,0.00,0.00,0.00,0.00,0.00,0.00,0.00,0.00,298784,392616,594955,311889,406770,610681,0,0,0,0,0,0,0,109874,0,137.06,137.09,137.14
561,1,0,0,0,93624,93624,93624,3655,3655,3655,591,591,591,0.00,0.00,0.00,0.00,0.00,0.00,0.00,0.00,0.00,0.00,0.00,0.00,0.00,0.00,0.00,0.00,0.00,0.00,0.00,0.00,0.00,202676,351949,636887,213160,365038,649992,0,0,0,0,0,0,0,98818,0,123.34,123.39,123.46
561,2,0,0,0,93619,93619,93619,3660,3660,3660,591,591,591,0.00,0.00,0.00,0.00,0.00,0.00,0.00,0.00,0.00,0.00,0.00,0.00,0.00,0.00,0.00,0.00,0.00,0.00,0.00,0.00,0.00,314511,598621,1420555,327615,612249,1433660,0,0,0,0,0,0,0,113142,0,125.23,125.27,125.31
561,3,0,0,0,93659,93659,93659,3620,3620,3620,591,591,591,0.00,0.00,0.00,0.00,0.00,0.00,0.00,0.00,0.00,0.00,0.00,0.00,0.00,0.00,0.00,0.00,0.00,0.00,0.00,0.00,0.00,427192,711844,1399584,437675,725473,1412688,0,0,0,0,0,0,0,126581,0,140.05,140.14,140.23
562,0,0,0,0,93655,93655,93655,3624,3624,3624,591,591,591,0.00,0.00,0.00,0.00,0.00,0.00,0.00,0.00,0.00,0.00,0.00,0.00,0.00,0.00,0.00,0.00,0.00,0.00,0.00,0.00,0.00,197444,458314,1174185,206180,471594,1187290,0,0,0,0,0,0,0,123678,0,137.07,137.10,137.12
562,1,0,0,0,93624,93624,93624,3655,3655,3655,591,591,591,0.00,0.00,0.00,0.00,0.00,0.00,0.00,0.00,0.00,0.00,0.00,0.00,0.00,0.00,0.00,0.00,0.00,0.00,0.00,0.00,0.00,322373,451844,558250,338099,465997,568734,0,0,0,0,0,0,0,98837,0,123.29,123.34,123.41
562,2,0,0,0,93619,93619,93619,3660,3660,3660,591,591,591,0.00,0.00,0.00,0.00,0.00,0.00,0.00,0.00,0.00,0.00,0.00,0.00,0.00,0.00,0.00,0.00,0.00,0.00,0.00,0.00,0.00,209236,381299,758990,217883,394594,775430,0,0,0,0,0,0,0,100473,0,125.30,125.38,125.43
562,3,0,0,0,93659,93659,93659,3620,3620,3620,591,591,591,0.00,0.00,0.00,0.00,0.00,0.00,0.00,0.00,0.00,0.00,0.00,0.00,0.00,0.00,0.00,0.00,0.00,0.00,0.00,0.00,0.00,420997,510881,686698,435025,524464,699803,0,0,0,0,0,0,0,112542,0,140.01,140.04,140.14
563,0,0,0,0,93655,93655,93655,3624,3624,3624,591,591,591,0.00,0.00,0.00,0.00,0.00,0.00,0.00,0.00,0.00,0.00,0.00,0.00,0.00,0.00,0.00,0.00,0.00,0.00,0.00,0.00,0.00,296165,439785,681439,311891,453414,694544,0,0,0,0,0,0,0,109931,0,137.07,137.09,137.14
563,1,0,0,0,93624,93624,93624,3655,3655,3655,591,591,591,0.00,0.00,0.00,0.00,0.00,0.00,0.00,0.00,0.00,0.00,0.00,0.00,0.00,0.00,0.00,0.00,0.00,0.00,0.00,0.00,0.00,306649,377411,537284,319753,391040,550389,0,0,0,0,0,0,0,98956,0,123.39,123.40,123.41
563,2,0,0,0,93619,93619,93619,3660,3660,3660,591,591,591,0.00,0.00,0.00,0.00,0.00,0.00,0.00,0.00,0.00,0.00,0.00,0.00,0.00,0.00,0.00,0.00,0.00,0.00,0.00,0.00,0.00,317135,385273,649989,327620,399426,665715,0,0,0,0,0,0,0,100573,0,125.25,125.32,125.37
563,3,0,0,0,93659,93659,93659,3620,3620,3620,591,591,591,0.00,0.00,0.00,0.00,0.00,0.00,0.00,0.00,0.00,0.00,0.00,0.00,0.00,0.00,0.00,0.00,0.00,0.00,0.00,0.00,0.00,290052,446954,660480,298789,460234,673585,0,0,0,0,0,0,0,112632,0,140.17,140.23,140.28
564,0,0,0,0,93655,93655,93655,3624,3624,3624,591,591,591,0.00,0.00,0.00,0.00,0.00,0.00,0.00,0.00,0.00,0.00,0.00,0.00,0.00,0.00,0.00,0.00,0.00,0.00,0.00,0.00,0.00,296164,366930,579226,311889,381083,592331,0,0,0,0,0,0,0,109990,0,137.17,137.21,137.25
564,1,0,0,0,93624,93624,93624,3655,3655,3655,591,591,591,0.00,0.00,0.00,0.00,0.00,0.00,0.00,0.00,0.00,0.00,0.00,0.00,0.00,0.00,0.00,0.00,0.00,0.00,0.00,0.00,0.00,301406,354869,542532,314511,368498,555637,0,0,0,0,0,0,0,99049,0,123.47,123.50,123.54
564,2,0,0,0,93619,93619,93619,3660,3660,3660,591,591,591,0.00,0.00,0.00,0.00,0.00,0.00,0.00,0.00,0.00,0.00,0.00,0.00,0.00,0.00,0.00,0.00,0.00,0.00,0.00,0.00,0.00,311893,392616,678823,324997,406769,691928,0,0,0,0,0,0,0,112964,0,125.21,125.28,125.37
564,3,0,0,0,93659,93659,93659,3620,3620,3620,591,591,591,0.00,0.00,0.00,0.00,0.00,0.00,0.00,0.00,0.00,0.00,0.00,0.00,0.00,0.00,0.00,0.00,0.00,0.00,0.00,0.00,0.00,419352,458666,587098,432457,472820,600203,0,0,0,0,0,0,0,112474,0,140.10,140.20,140.28
565,0,0,0,0,93655,93655,93655,3624,3624,3624,591,591,591,0.00,0.00,0.00,0.00,0.00,0.00,0.00,0.00,0.00,0.00,0.00,0.00,0.00,0.00,0.00,0.00,0.00,0.00,0.00,0.00,0.00,298785,337573,490118,311875,351202,503222,0,0,0,0,0,0,0,109990,0,137.14,137.20,137.28
565,1,0,0,0,93624,93624,93624,3655,3655,3655,591,591,591,0.00,0.00,0.00,0.00,0.00,0.00,0.00,0.00,0.00,0.00,0.00,0.00,0.00,0.00,0.00,0.00,0.00,0.00,0.00,0.00,0.00,306646,341768,380033,322371,355571,395759,0,0,0,0,0,0,0,86614,0,123.45,123.49,123.52
565,2,0,0,0,93619,93619,93619,3660,3660,3660,591,591,591,0.00,0.00,0.00,0.00,0.00,0.00,0.00,0.00,0.00,0.00,0.00,0.00,0.00,0.00,0.00,0.00,0.00,0.00,0.00,0.00,0.00,311894,591277,1344542,327620,604905,1357647,0,0,0,0,0,0,0,100318,0,125.15,125.22,125.25
565,3,0,0,0,93659,93659,93659,3620,3620,3620,591,591,591,0.00,0.00,0.00,0.00,0.00,0.00,0.00,0.00,0.00,0.00,0.00,0.00,0.00,0.00,0.00,0.00,0.00,0.00,0.00,0.00,0.00,429838,713947,1402215,445556,728101,1420562,0,0,0,0,0,0,0,98522,0,140.14,140.20,140.25
566,0,0,0,0,93655,93655,93655,3624,3624,3624,591,591,591,0.00,0.00,0.00,0.00,0.00,0.00,0.00,0.00,0.00,0.00,0.00,0.00,0.00,0.00,0.00,0.00,0.00,0.00,0.00,0.00,0.00,298785,496011,791522,311890,508679,800258,0,0,0,0,0,0,0,82580,0,137.04,137.10,137.16
566,1,0,0,0,93624,93624,93624,3655,3655,3655,591,591,591,0.00,0.00,0.00,0.00,0.00,0.00,0.00,0.00,0.00,0.00,0.00,0.00,0.00,0.00,0.00,0.00,0.00,0.00,0.00,0.00,0.00,309249,344646,429831,322352,357750,442936,0,0,0,0,0,0,0,98907,0,123.45,123.46,123.48
566,2,0,0,0,93619,93619,93619,3660,3660,3660,591,591,591,0.00,0.00,0.00,0.00,0.00,0.00,0.00,0.00,0.00,0.00,0.00,0.00,0.00,0.00,0.00,0.00,0.00,0.00,0.00,0.00,0.00,202387,391937,743824,210891,404560,756693,0,0,0,0,0,0,0,75410,0,125.12,125.19,125.26
566,3,0,0,0,93659,93659,93659,3620,3620,3620,591,591,591,0.00,0.00,0.00,0.00,0.00,0.00,0.00,0.00,0.00,0.00,0.00,0.00,0.00,0.00,0.00,0.00,0.00,0.00,0.00,0.00,0.00,423459,501626,718145,436369,515338,733871,0,0,0,0,0,0,0,112564,0,140.15,140.20,140.24
567,0,0,0,0,93655,93655,93655,3624,3624,3624,591,591,591,0.00,0.00,0.00,0.00,0.00,0.00,0.00,0.00,0.00,0.00,0.00,0.00,0.00,0.00,0.00,0.00,0.00,0.00,0.00,0.00,0.00,301406,381082,691926,314510,395235,705031,0,0,0,0,0,0,0,109943,0,137.09,137.21,137.29
567,1,0,0,0,93624,93624,93624,3655,3655,3655,591,591,591,0.00,0.00,0.00,0.00,0.00,0.00,0.00,0.00,0.00,0.00,0.00,0.00,0.00,0.00,0.00,0.00,0.00,0.00,0.00,0.00,0.00,311888,424064,547770,327613,438217,560875,0,0,0,0,0,0,0,98982,0,123.48,123.52,123.56
567,2,0,0,0,93619,93619,93619,3660,3660,3660,591,591,591,0.00,0.00,0.00,0.00,0.00,0.00,0.00,0.00,0.00,0.00,0.00,0.00,0.00,0.00,0.00,0.00,0.00,0.00,0.00,0.00,0.00,309271,383705,663099,322375,397857,676204,0,0,0,0,0,0,0,100608,0,125.28,125.33,125.38
567,3,0,0,0,93659,93659,93659,3620,3620,3620,591,591,591,0.00,0.00,0.00,0.00,0.00,0.00,0.00,0.00,0.00,0.00,0.00,0.00,0.00,0.00,0.00,0.00,0.00,0.00,0.00,0.00,0.00,286559,443638,644753,295296,456918,660479,0,0,0,0,0,0,0,112645,0,140.21,140.21,140.22
568,0,0,0,0,93655,93655,93655,3624,3624,3624,591,591,591,0.00,0.00,0.00,0.00,0.00,0.00,0.00,0.00,0.00,0.00,0.00,0.00,0.00,0.00,0.00,0.00,0.00,0.00,0.00,0.00,0.00,293545,366927,613302,306650,380556,629028,0,0,0,0,0,0,0,109853,0,136.94,137.00,137.06
568,1,0,0,0,93624,93624,93624,3655,3655,3655,591,591,591,0.00,0.00,0.00,0.00,0.00,0.00,0.00,0.00,0.00,0.00,0.00,0.00,0.00,0.00,0.00,0.00,0.00,0.00,0.00,0.00,0.00,304028,377412,634262,317133,391565,649988,0,0,0,0,0,0,0,98965,0,123.52,123.54,123.55
568,2,0,0,0,93619,93619,93619,3660,3660,3660,591,591,591,0.00,0.00,0.00,0.00,0.00,0.00,0.00,0.00,0.00,0.00,0.00,0.00,0.00,0.00,0.00,0.00,0.00,0.00,0.00,0.00,0.00,314513,604377,1381213,327618,618530,1396938,0,0,0,0,0,0,0,113063,0,125.26,125.34,125.39
568,3,0,0,0,93659,93659,93659,3620,3620,3620,591,591,591,0.00,0.00,0.00,0.00,0.00,0.00,0.00,0.00,0.00,0.00,0.00,0.00,0.00,0.00,0.00,0.00,0.00,0.00,0.00,0.00,0.00,427216,461803,584458,440321,475956,597563,0,0,0,0,0,0,0,126567,0,140.13,140.19,140.27
569,0,0,0,0,93655,93655,93655,3624,3624,3624,591,591,591,0.00,0.00,0.00,0.00,0.00,0.00,0.00,0.00,0.00,0.00,0.00,0.00,0.00,0.00,0.00,0.00,0.00,0.00,0.00,0.00,0.00,293546,336002,484870,309269,350155,503217,0,0,0,0,0,0,0,123636,0,136.99,137.03,137.12
569,1,0,0,0,93624,93624,93624,3655,3655,3655,591,591,591,0.00,0.00,0.00,0.00,0.00,0.00,0.00,0.00,0.00,0.00,0.00,0.00,0.00,0.00,0.00,0.00,0.00,0.00,0.00,0.00,0.00,298769,385447,542530,311873,398726,555634,0,0,0,0,0,0,0,111327,0,123.53,123.56,123.59
569,2,0,0,0,93619,93619,93619,3660,3660,3660,591,591,591,0.00,0.00,0.00,0.00,0.00,0.00,0.00,0.00,0.00,0.00,0.00,0.00,0.00,0.00,0.00,0.00,0.00,0.00,0.00,0.00,0.00,314512,384751,639508,327616,398380,655234,0,0,0,0,0,0,0,100599,0,125.34,125.39,125.47
569,3,0,0,0,93659,93659,93659,3620,3620,3620,591,591,591,0.00,0.00,0.00,0.00,0.00,0.00,0.00,0.00,0.00,0.00,0.00,0.00,0.00,0.00,0.00,0.00,0.00,0.00,0.00,0.00,0.00,429837,763216,1231822,442942,776845,1244927,0,0,0,0,0,0,0,112478,0,140.14,140.21,140.27
570,0,0,0,0,93655,93655,93655,3624,3624,3624,591,591,591,0.00,0.00,0.00,0.00,0.00,0.00,0.00,0.00,0.00,0.00,0.00,0.00,0.00,0.00,0.00,0.00,0.00,0.00,0.00,0.00,0.00,200931,508510,1112464,211415,521417,1127199,0,0,0,0,0,0,0,109948,0,137.13,137.21,137.28
570,1,0,0,0,93624,93624,93624,3655,3655,3655,591,591,591,0.00,0.00,0.00,0.00,0.00,0.00,0.00,0.00,0.00,0.00,0.00,0.00,0.00,0.00,0.00,0.00,0.00,0.00,0.00,0.00,0.00,306647,361686,526804,319752,375315,542529,0,0,0,0,0,0,0,98924,0,123.50,123.58,123.62
570,2,0,0,0,93619,93619,93619,3660,3660,3660,591,591,591,0.00,0.00,0.00,0.00,0.00,0.00,0.00,0.00,0.00,0.00,0.00,0.00,0.00,0.00,0.00,0.00,0.00,0.00,0.00,0.00,0.00,306636,415867,676197,319740,428953,691922,0,0,0,0,0,0,0,100637,0,125.37,125.41,125.44
570,3,0,0,0,93659,93659,93659,3620,3620,3620,591,591,591,0.00,0.00,0.00,0.00,0.00,0.00,0.00,0.00,0.00,0.00,0.00,0.00,0.00,0.00,0.00,0.00,0.00,0.00,0.00,0.00,0.00,284812,466877,726003,293549,479632,741729,0,0,0,0,0,0,0,112577,0,140.16,140.19,140.21
571,0,0,0,0,93655,93655,93655,3624,3624,3624,591,591,591,0.00,0.00,0.00,0.00,0.00,0.00,0.00,0.00,0.00,0.00,0.00,0.00,0.00,0.00,0.00,0.00,0.00,0.00,0.00,0.00,0.00,304025,384751,676201,319751,398380,686685,0,0,0,0,0,0,0,110102,0,137.17,137.22,137.28
571,1,0,0,0,93624,93624,93624,3655,3655,3655,591,591,591,0.00,0.00,0.00,0.00,0.00,0.00,0.00,0.00,0.00,0.00,0.00,0.00,0.00,0.00,0.00,0.00,0.00,0.00,0.00,0.00,0.00,306650,377933,560880,319754,392085,573984,0,0,0,0,0,0,0,98928,0,123.45,123.48,123.52
571,2,0,0,0,93619,93619,93619,3660,3660,3660,591,591,591,0.00,0.00,0.00,0.00,0.00,0.00,0.00,0.00,0.00,0.00,0.00,0.00,0.00,0.00,0.00,0.00,0.00,0.00,0.00,0.00,0.00,309272,388422,686688,324996,402575,697172,0,0,0,0,0,0,0,100521,0,125.32,125.39,125.43
571,3,0,0,0,93659,93659,93659,3620,3620,3620,591,591,591,0.00,0.00,0.00,0.00,0.00,0.00,0.00,0.00,0.00,0.00,0.00,0.00,0.00,0.00,0.00,0.00,0.00,0.00,0.00,0.00,0.00,424594,477006,581852,437699,491159,597578,0,0,0,0,0,0,0,112536,0,140.13,140.16,140.18
572,0,0,0,0,93655,93655,93655,3624,3624,3624,591,591,591,0.00,0.00,0.00,0.00,0.00,0.00,0.00,0.00,0.00,0.00,0.00,0.00,0.00,0.00,0.00,0.00,0.00,0.00,0.00,0.00,0.00,293545,388420,594945,309271,402573,608049,0,0,0,0,0,0,0,110022,0,137.25,137.27,137.30
572,1,0,0,0,93624,93624,93624,3655,3655,3655,591,591,591,0.00,0.00,0.00,0.00,0.00,0.00,0.00,0.00,0.00,0.00,0.00,0.00,0.00,0.00,0.00,0.00,0.00,0.00,0.00,0.00,0.00,301237,311855,330238,314110,325437,343342,0,0,0,0,0,0,0,99022,0,123.40,123.43,123.50
572,2,0,0,0,93619,93619,93619,3660,3660,3660,591,591,591,0.00,0.00,0.00,0.00,0.00,0.00,0.00,0.00,0.00,0.00,0.00,0.00,0.00,0.00,0.00,0.00,0.00,0.00,0.00,0.00,0.00,314515,600722,1355032,327620,614875,1368136,0,0,0,0,0,0,0,113224,0,125.31,125.36,125.42
572,3,0,0,0,93659,93659,93659,3620,3620,3620,591,591,591,0.00,0.00,0.00,0.00,0.00,0.00,0.00,0.00,0.00,0.00,0.00,0.00,0.00,0.00,0.00,0.00,0.00,0.00,0.00,0.00,0.00,421972,622737,1404831,437698,636890,1417935,0,0,0,0,0,0,0,98541,0,140.14,140.17,140.20
573,0,0,0,0,93655,93655,93655,3624,3624,3624,591,591,591,0.00,0.00,0.00,0.00,0.00,0.00,0.00,0.00,0.00,0.00,0.00,0.00,0.00,0.00,0.00,0.00,0.00,0.00,0.00,0.00,0.00,296166,530081,1223983,309270,544496,1239709,0,0,0,0,0,0,0,96338,0,137.26,137.29,137.32
573,1,0,0,0,93624,93624,93624,3655,3655,3655,591,591,591,0.00,0.00,0.00,0.00,0.00,0.00,0.00,0.00,0.00,0.00,0.00,0.00,0.00,0.00,0.00,0.00,0.00,0.00,0.00,0.00,0.00,260346,389401,550300,270830,402505,566023,0,0,0,0,0,0,0,74150,0,123.47,123.50,123.55
573,2,0,0,0,93619,93619,93619,3660,3660,3660,591,591,591,0.00,0.00,0.00,0.00,0.00,0.00,0.00,0.00,0.00,0.00,0.00,0.00,0.00,0.00,0.00,0.00,0.00,0.00,0.00,0.00,0.00,314513,412139,699795,327599,425244,712900,0,0,0,0,0,0,0,75549,0,125.47,125.51,125.53
573,3,0,0,0,93659,93659,93659,3620,3620,3620,591,591,591,0.00,0.00,0.00,0.00,0.00,0.00,0.00,0.00,0.00,0.00,0.00,0.00,0.00,0.00,0.00,0.00,0.00,0.00,0.00,0.00,0.00,432433,550394,888506,445538,564154,901611,0,0,0,0,0,0,0,112490,0,140.05,140.10,140.13
574,0,0,0,0,93655,93655,93655,3624,3624,3624,591,591,591,0.00,0.00,0.00,0.00,0.00,0.00,0.00,0.00,0.00,0.00,0.00,0.00,0.00,0.00,0.00,0.00,0.00,0.00,0.00,0.00,0.00,200937,335234,563448,209673,347418,576551,0,0,0,0,0,0,0,109978,0,136.79,137.18,137.32
574,1,0,0,0,93624,93624,93624,3655,3655,3655,591,591,591,0.00,0.00,0.00,0.00,0.00,0.00,0.00,0.00,0.00,0.00,0.00,0.00,0.00,0.00,0.00,0.00,0.00,0.00,0.00,0.00,0.00,304009,375835,518941,317113,389464,534666,0,0,0,0,0,0,0,98915,0,123.30,123.34,123.38
574,2,0,0,0,93619,93619,93619,3660,3660,3660,591,591,591,0.00,0.00,0.00,0.00,0.00,0.00,0.00,0.00,0.00,0.00,0.00,0.00,0.00,0.00,0.00,0.00,0.00,0.00,0.00,0.00,0.00,209175,361068,634271,219547,374150,649997,0,0,0,0,0,0,0,100667,0,125.48,125.52,125.56
574,3,0,0,0,93659,93659,93659,3620,3620,3620,591,591,591,0.00,0.00,0.00,0.00,0.00,0.00,0.00,0.00,0.00,0.00,0.00,0.00,0.00,0.00,0.00,0.00,0.00,0.00,0.00,0.00,0.00,288300,500601,678828,297037,513881,694554,0,0,0,0,0,0,0,112567,0,140.16,140.21,140.24
575,0,0,0,0,93655,93655,93655,3624,3624,3624,591,591,591,0.00,0.00,0.00,0.00,0.00,0.00,0.00,0.00,0.00,0.00,0.00,0.00,0.00,0.00,0.00,0.00,0.00,0.00,0.00,0.00,0.00,306649,445554,670949,319754,459707,686674,0,0,0,0,0,0,0,109911,0,137.05,137.14,137.21
575,1,0,0,0,93624,93624,93624,3655,3655,3655,591,591,591,0.00,0.00,0.00,0.00,0.00,0.00,0.00,0.00,0.00,0.00,0.00,0.00,0.00,0.00,0.00,0.00,0.00,0.00,0.00,0.00,0.00,306646,369026,563498,322372,383179,576603,0,0,0,0,0,0,0,98920,0,123.42,123.43,123.47
575,2,0,0,0,93619,93619,93619,3660,3660,3660,591,591,591,0.00,0.00,0.00,0.00,0.00,0.00,0.00,0.00,0.00,0.00,0.00,0.00,0.00,0.00,0.00,0.00,0.00,0.00,0.00,0.00,0.00,311876,393661,670963,324980,407290,686689,0,0,0,0,0,0,0,100595,0,125.43,125.51,125.58
575,3,0,0,0,93659,93659,93659,3620,3620,3620,591,591,591,0.00,0.00,0.00,0.00,0.00,0.00,0.00,0.00,0.00,0.00,0.00,0.00,0.00,0.00,0.00,0.00,0.00,0.00,0.00,0.00,0.00,421973,456043,573988,437698,469672,587093,0,0,0,0,0,0,0,112556,0,140.11,140.17,140.20
576,0,0,0,0,93655,93655,93655,3624,3624,3624,591,591,591,0.00,0.00,0.00,0.00,0.00,0.00,0.00,0.00,0.00,0.00,0.00,0.00,0.00,0.00,0.00,0.00,0.00,0.00,0.00,0.00,0.00,298786,336527,482253,311890,351204,497979,0,0,0,0,0,0,0,109922,0,137.09,137.15,137.20
576,1,0,0,0,93624,93624,93624,3655,3655,3655,591,591,591,0.00,0.00,0.00,0.00,0.00,0.00,0.00,0.00,0.00,0.00,0.00,0.00,0.00,0.00,0.00,0.00,0.00,0.00,0.00,0.00,0.00,301406,352752,531922,317132,366829,544647,0,0,0,0,0,0,0,111357,0,123.46,123.51,123.56
576,2,0,0,0,93619,93619,93619,3660,3660,3660,591,591,591,0.00,0.00,0.00,0.00,0.00,0.00,0.00,0.00,0.00,0.00,0.00,0.00,0.00,0.00,0.00,0.00,0.00,0.00,0.00,0.00,0.00,314506,590235,1378617,327610,604388,1391721,0,0,0,0,0,0,0,100731,0,125.41,125.50,125.59
576,3,0,0,0,93659,93659,93659,3620,3620,3620,591,591,591,0.00,0.00,0.00,0.00,0.00,0.00,0.00,0.00,0.00,0.00,0.00,0.00,0.00,0.00,0.00,0.00,0.00,0.00,0.00,0.00,0.00,429828,713941,1475597,442932,728093,1488701,0,0,0,0,0,0,0,126548,0,140.07,140.16,140.27
577,0,0,0,0,93655,93655,93655,3624,3624,3624,591,591,591,0.00,0.00,0.00,0.00,0.00,0.00,0.00,0.00,0.00,0.00,0.00,0.00,0.00,0.00,0.00,0.00,0.00,0.00,0.00,0.00,0.00,301407,541598,1231845,314512,554622,1244949,0,0,0,0,0,0,0,123772,0,137.15,137.18,137.20
577,1,0,0,0,93624,93624,93624,3655,3655,3655,591,591,591,0.00,0.00,0.00,0.00,0.00,0.00,0.00,0.00,0.00,0.00,0.00,0.00,0.00,0.00,0.00,0.00,0.00,0.00,0.00,0.00,0.00,301405,335111,390436,317131,348390,403538,0,0,0,0,0,0,0,99042,0,123.53,123.57,123.61
577,2,0,0,0,93619,93619,93619,3660,3660,3660,591,591,591,0.00,0.00,0.00,0.00,0.00,0.00,0.00,0.00,0.00,0.00,0.00,0.00,0.00,0.00,0.00,0.00,0.00,0.00,0.00,0.00,0.00,210946,378720,726007,221321,391802,739111,0,0,0,0,0,0,0,100650,0,125.40,125.48,125.56
577,3,0,0,0,93659,93659,93659,3620,3620,3620,591,591,591,0.00,0.00,0.00,0.00,0.00,0.00,0.00,0.00,0.00,0.00,0.00,0.00,0.00,0.00,0.00,0.00,0.00,0.00,0.00,0.00,0.00,424595,485397,663096,437700,499027,676201,0,0,0,0,0,0,0,112634,0,140.02,140.11,140.27
578,0,0,0,0,93655,93655,93655,3624,3624,3624,591,591,591,0.00,0.00,0.00,0.00,0.00,0.00,0.00,0.00,0.00,0.00,0.00,0.00,0.00,0.00,0.00,0.00,0.00,0.00,0.00,0.00,0.00,199191,359058,691925,209675,372686,705030,0,0,0,0,0,0,0,110002,0,137.16,137.22,137.27
578,1,0,0,0,93624,93624,93624,3655,3655,3655,591,591,591,0.00,0.00,0.00,0.00,0.00,0.00,0.00,0.00,0.00,0.00,0.00,0.00,0.00,0.00,0.00,0.00,0.00,0.00,0.00,0.00,0.00,311886,418821,563495,327612,432450,579221,0,0,0,0,0,0,0,98996,0,123.48,123.52,123.55
578,2,0,0,0,93619,93619,93619,3660,3660,3660,591,591,591,0.00,0.00,0.00,0.00,0.00,0.00,0.00,0.00,0.00,0.00,0.00,0.00,0.00,0.00,0.00,0.00,0.00,0.00,0.00,0.00,0.00,305238,386024,673480,317851,400205,689840,0,0,0,0,0,0,0,100664,0,125.50,125.53,125.57
578,3,0,0,0,93659,93659,93659,3620,3620,3620,591,591,591,0.00,0.00,0.00,0.00,0.00,0.00,0.00,0.00,0.00,0.00,0.00,0.00,0.00,0.00,0.00,0.00,0.00,0.00,0.00,0.00,0.00,286559,420044,513681,297043,433149,526785,0,0,0,0,0,0,0,112520,0,140.09,140.21,140.26
579,0,0,0,0,93655,93655,93655,3624,3624,3624,591,591,591,0.00,0.00,0.00,0.00,0.00,0.00,0.00,0.00,0.00,0.00,0.00,0.00,0.00,0.00,0.00,0.00,0.00,0.00,0.00,0.00,0.00,301407,365881,602816,314511,379510,618541,0,0,0,0,0,0,0,109905,0,137.14,137.18,137.22
579,1,0,0,0,93624,93624,93624,3655,3655,3655,591,591,591,0.00,0.00,0.00,0.00,0.00,0.00,0.00,0.00,0.00,0.00,0.00,0.00,0.00,0.00,0.00,0.00,0.00,0.00,0.00,0.00,0.00,304012,315031,332858,317116,329184,345963,0,0,0,0,0,0,0,98935,0,123.41,123.45,123.52
579,2,0,0,0,93619,93619,93619,3660,3660,3660,591,591,591,0.00,0.00,0.00,0.00,0.00,0.00,0.00,0.00,0.00,0.00,0.00,0.00,0.00,0.00,0.00,0.00,0.00,0.00,0.00,0.00,0.00,314514,598619,1323557,327620,612248,1339283,0,0,0,0,0,0,0,113193,0,125.46,125.48,125.51
579,3,0,0,0,93659,93659,93659,3620,3620,3620,591,591,591,0.00,0.00,0.00,0.00,0.00,0.00,0.00,0.00,0.00,0.00,0.00,0.00,0.00,0.00,0.00,0.00,0.00,0.00,0.00,0.00,0.00,421972,454995,566119,435077,468624,579223,0,0,0,0,0,0,0,112498,0,140.10,140.13,140.15
580,0,0,0,0,93655,93655,93655,3624,3624,3624,591,591,591,0.00,0.00,0.00,0.00,0.00,0.00,0.00,0.00,0.00,0.00,0.00,0.00,0.00,0.00,0.00,0.00,0.00,0.00,0.00,0.00,0.00,296149,341765,500602,311873,355918,516328,0,0,0,0,0,0,0,82409,0,137.10,137.12,137.14
580,1,0,0,0,93624,93624,93624,3655,3655,3655,591,591,591,0.00,0.00,0.00,0.00,0.00,0.00,0.00,0.00,0.00,0.00,0.00,0.00,0.00,0.00,0.00,0.00,0.00,0.00,0.00,0.00,0.00,157244,340254,542534,170348,353822,555638,0,0,0,0,0,0,0,86538,0,123.47,123.50,123.53
580,2,0,0,0,93619,93619,93619,3660,3660,3660,591,591,591,0.00,0.00,0.00,0.00,0.00,0.00,0.00,0.00,0.00,0.00,0.00,0.00,0.00,0.00,0.00,0.00,0.00,0.00,0.00,0.00,0.00,322358,388421,644757,335462,402574,657862,0,0,0,0,0,0,0,75410,0,125.36,125.39,125.41
580,3,0,0,0,93659,93659,93659,3620,3620,3620,591,591,591,0.00,0.00,0.00,0.00,0.00,0.00,0.00,0.00,0.00,0.00,0.00,0.00,0.00,0.00,0.00,0.00,0.00,0.00,0.00,0.00,0.00,427215,715516,1457229,440319,801351,1472954,0,0,0,0,0,0,0,84289,0,140.08,140.12,140.15
581,0,0,0,0,93655,93655,93655,3624,3624,3624,591,591,591,0.00,0.00,0.00,0.00,0.00,0.00,0.00,0.00,0.00,0.00,0.00,0.00,0.00,0.00,0.00,0.00,0.00,0.00,0.00,0.00,0.00,293509,540206,1239694,306612,553802,1252798,0,0,0,0,0,0,0,109969,0,137.12,137.13,137.16
581,1,0,0,0,93624,93624,93624,3655,3655,3655,591,591,591,0.00,0.00,0.00,0.00,0.00,0.00,0.00,0.00,0.00,0.00,0.00,0.00,0.00,0.00,0.00,0.00,0.00,0.00,0.00,0.00,0.00,259469,347529,539909,272573,361157,553014,0,0,0,0,0,0,0,98846,0,123.38,123.42,123.50
581,2,0,0,0,93619,93619,93619,3660,3660,3660,591,591,591,0.00,0.00,0.00,0.00,0.00,0.00,0.00,0.00,0.00,0.00,0.00,0.00,0.00,0.00,0.00,0.00,0.00,0.00,0.00,0.00,0.00,314516,456720,697175,327621,470239,710280,0,0,0,0,0,0,0,100414,0,125.20,125.31,125.40
581,3,0,0,0,93659,93659,93659,3620,3620,3620,591,591,591,0.00,0.00,0.00,0.00,0.00,0.00,0.00,0.00,0.00,0.00,0.00,0.00,0.00,0.00,0.00,0.00,0.00,0.00,0.00,0.00,0.00,420169,483989,705032,433058,498624,718137,0,0,0,0,0,0,0,112534,0,140.01,140.06,140.09
582,0,0,0,0,93655,93655,93655,3624,3624,3624,591,591,591,0.00,0.00,0.00,0.00,0.00,0.00,0.00,0.00,0.00,0.00,0.00,0.00,0.00,0.00,0.00,0.00,0.00,0.00,0.00,0.00,0.00,304024,384752,676201,319749,398905,686684,0,0,0,0,0,0,0,109889,0,137.09,137.12,137.17
582,1,0,0,0,93624,93624,93624,3655,3655,3655,591,591,591,0.00,0.00,0.00,0.00,0.00,0.00,0.00,0.00,0.00,0.00,0.00,0.00,0.00,0.00,0.00,0.00,0.00,0.00,0.00,0.00,0.00,317131,390516,592327,330235,404670,608053,0,0,0,0,0,0,0,98927,0,123.41,123.47,123.53
582,2,0,0,0,93619,93619,93619,3660,3660,3660,591,591,591,0.00,0.00,0.00,0.00,0.00,0.00,0.00,0.00,0.00,0.00,0.00,0.00,0.00,0.00,0.00,0.00,0.00,0.00,0.00,0.00,0.00,306589,394176,684071,322312,407804,697175,0,0,0,0,0,0,0,100554,0,125.15,125.25,125.34
582,3,0,0,0,93659,93659,93659,3620,3620,3620,591,591,591,0.00,0.00,0.00,0.00,0.00,0.00,0.00,0.00,0.00,0.00,0.00,0.00,0.00,0.00,0.00,0.00,0.00,0.00,0.00,0.00,0.00,424593,504792,647369,440319,485397,660474,0,0,0,0,0,0,0,112457,0,140.09,140.11,140.13
583,0,0,0,0,93655,93655,93655,3624,3624,3624,591,591,591,0.00,0.00,0.00,0.00,0.00,0.00,0.00,0.00,0.00,0.00,0.00,0.00,0.00,0.00,0.00,0.00,0.00,0.00,0.00,0.00,0.00,298787,408333,636845,314511,422486,649948,0,0,0,0,0,0,0,110002,0,137.16,137.23,137.30
583,1,0,0,0,93624,93624,93624,3655,3655,3655,591,591,591,0.00,0.00,0.00,0.00,0.00,0.00,0.00,0.00,0.00,0.00,0.00,0.00,0.00,0.00,0.00,0.00,0.00,0.00,0.00,0.00,0.00,298786,371122,631642,314511,385275,647367,0,0,0,0,0,0,0,98914,0,123.44,123.48,123.50
583,2,0,0,0,93619,93619,93619,3660,3660,3660,591,591,591,0.00,0.00,0.00,0.00,0.00,0.00,0.00,0.00,0.00,0.00,0.00,0.00,0.00,0.00,0.00,0.00,0.00,0.00,0.00,0.00,0.00,314506,463377,1022168,327610,477530,1035273,0,0,0,0,0,0,0,113205,0,125.27,125.33,125.36
583,3,0,0,0,93659,93659,93659,3620,3620,3620,591,591,591,0.00,0.00,0.00,0.00,0.00,0.00,0.00,0.00,0.00,0.00,0.00,0.00,0.00,0.00,0.00,0.00,0.00,0.00,0.00,0.00,0.00,138909,447127,781042,445553,551441,794147,0,0,0,0,0,0,0,126501,0,140.12,140.13,140.16
584,0,0,0,0,93655,93655,93655,3624,3624,3624,591,591,591,0.00,0.00,0.00,0.00,0.00,0.00,0.00,0.00,0.00,0.00,0.00,0.00,0.00,0.00,0.00,0.00,0.00,0.00,0.00,0.00,0.00,275198,424067,946158,288302,437696,961883,0,0,0,0,0,0,0,123746,0,137.18,137.21,137.23
584,1,0,0,0,93624,93624,93624,3655,3655,3655,591,591,591,0.00,0.00,0.00,0.00,0.00,0.00,0.00,0.00,0.00,0.00,0.00,0.00,0.00,0.00,0.00,0.00,0.00,0.00,0.00,0.00,0.00,301408,397156,532015,314513,411253,545118,0,0,0,0,0,0,0,111287,0,123.42,123.47,123.51
584,2,0,0,0,93619,93619,93619,3660,3660,3660,591,591,591,0.00,0.00,0.00,0.00,0.00,0.00,0.00,0.00,0.00,0.00,0.00,0.00,0.00,0.00,0.00,0.00,0.00,0.00,0.00,0.00,0.00,306649,456042,707643,319754,470195,723369,0,0,0,0,0,0,0,100604,0,125.35,125.38,125.40
584,3,0,0,0,93659,93659,93659,3620,3620,3620,591,591,591,0.00,0.00,0.00,0.00,0.00,0.00,0.00,0.00,0.00,0.00,0.00,0.00,0.00,0.00,0.00,0.00,0.00,0.00,0.00,0.00,0.00,418514,663456,1195155,154635,621164,1205639,0,0,0,0,0,0,0,112573,0,140.16,140.22,140.26
585,0,0,0,0,93655,93655,93655,3624,3624,3624,591,591,591,0.00,0.00,0.00,0.00,0.00,0.00,0.00,0.00,0.00,0.00,0.00,0.00,0.00,0.00,0.00,0.00,0.00,0.00,0.00,0.00,0.00,296017,362321,608062,309167,376436,621167,0,0,0,0,0,0,0,109892,0,137.10,137.15,137.19
585,1,0,0,0,93624,93624,93624,3655,3655,3655,591,591,591,0.00,0.00,0.00,0.00,0.00,0.00,0.00,0.00,0.00,0.00,0.00,0.00,0.00,0.00,0.00,0.00,0.00,0.00,0.00,0.00,0.00,319750,397855,537290,332854,411483,553016,0,0,0,0,0,0,0,98993,0,123.44,123.49,123.53
585,2,0,0,0,93619,93619,93619,3660,3660,3660,591,591,591,0.00,0.00,0.00,0.00,0.00,0.00,0.00,0.00,0.00,0.00,0.00,0.00,0.00,0.00,0.00,0.00,0.00,0.00,0.00,0.00,0.00,309255,387834,683822,324980,401946,696725,0,0,0,0,0,0,0,100576,0,125.39,125.42,125.45
585,3,0,0,0,93659,93659,93659,3620,3620,3620,591,591,591,0.00,0.00,0.00,0.00,0.00,0.00,0.00,0.00,0.00,0.00,0.00,0.00,0.00,0.00,0.00,0.00,0.00,0.00,0.00,0.00,0.00,419346,507946,710311,432451,497211,723417,0,0,0,0,0,0,0,112424,0,140.06,140.17,140.31
586,0,0,0,0,93655,93655,93655,3624,3624,3624,591,591,591,0.00,0.00,0.00,0.00,0.00,0.00,0.00,0.00,0.00,0.00,0.00,0.00,0.00,0.00,0.00,0.00,0.00,0.00,0.00,0.00,0.00,306649,454467,697158,319754,468095,710263,0,0,0,0,0,0,0,109941,0,137.11,137.14,137.17
586,1,0,0,0,93624,93624,93624,3655,3655,3655,591,591,591,0.00,0.00,0.00,0.00,0.00,0.00,0.00,0.00,0.00,0.00,0.00,0.00,0.00,0.00,0.00,0.00,0.00,0.00,0.00,0.00,0.00,304027,364305,545154,319752,378457,560879,0,0,0,0,0,0,0,98959,0,123.35,123.40,123.42
586,2,0,0,0,93619,93619,93619,3660,3660,3660,591,591,591,0.00,0.00,0.00,0.00,0.00,0.00,0.00,0.00,0.00,0.00,0.00,0.00,0.00,0.00,0.00,0.00,0.00,0.00,0.00,0.00,0.00,311892,391583,681448,324997,405213,694553,0,0,0,0,0,0,0,100477,0,125.29,125.36,125.41
586,3,0,0,0,93659,93659,93659,3620,3620,3620,591,591,591,0.00,0.00,0.00,0.00,0.00,0.00,0.00,0.00,0.00,0.00,0.00,0.00,0.00,0.00,0.00,0.00,0.00,0.00,0.00,0.00,0.00,421973,453419,560885,440322,491685,576611,0,0,0,0,0,0,0,112535,0,140.03,140.12,140.18
587,0,0,0,0,93655,93655,93655,3624,3624,3624,591,591,591,0.00,0.00,0.00,0.00,0.00,0.00,0.00,0.00,0.00,0.00,0.00,0.00,0.00,0.00,0.00,0.00,0.00,0.00,0.00,0.00,0.00,293544,340196,511087,306649,354349,524192,0,0,0,0,0,0,0,109869,0,137.05,137.11,137.15
587,1,0,0,0,93624,93624,93624,3655,3655,3655,591,591,591,0.00,0.00,0.00,0.00,0.00,0.00,0.00,0.00,0.00,0.00,0.00,0.00,0.00,0.00,0.00,0.00,0.00,0.00,0.00,0.00,0.00,306647,418823,629022,322373,432453,642127,0,0,0,0,0,0,0,74252,0,123.44,123.48,123.52
587,2,0,0,0,93619,93619,93619,3660,3660,3660,591,591,591,0.00,0.00,0.00,0.00,0.00,0.00,0.00,0.00,0.00,0.00,0.00,0.00,0.00,0.00,0.00,0.00,0.00,0.00,0.00,0.00,0.00,309272,592334,1352412,322377,605963,1368138,0,0,0,0,0,0,0,100581,0,125.22,125.30,125.33
587,3,0,0,0,93659,93659,93659,3620,3620,3620,591,591,591,0.00,0.00,0.00,0.00,0.00,0.00,0.00,0.00,0.00,0.00,0.00,0.00,0.00,0.00,0.00,0.00,0.00,0.00,0.00,0.00,0.00,424588,749590,1187288,435078,673583,1203014,0,0,0,0,0,0,0,98352,0,140.07,140.15,140.23
588,0,0,0,0,93655,93655,93655,3624,3624,3624,591,591,591,0.00,0.00,0.00,0.00,0.00,0.00,0.00,0.00,0.00,0.00,0.00,0.00,0.00,0.00,0.00,0.00,0.00,0.00,0.00,0.00,0.00,298787,536629,1218723,311892,550389,1234449,0,0,0,0,0,0,0,96237,0,137.06,137.09,137.13
588,1,0,0,0,93624,93624,93624,3655,3655,3655,591,591,591,0.00,0.00,0.00,0.00,0.00,0.00,0.00,0.00,0.00,0.00,0.00,0.00,0.00,0.00,0.00,0.00,0.00,0.00,0.00,0.00,0.00,207926,332420,440319,218409,344870,453424,0,0,0,0,0,0,0,98956,0,123.52,123.55,123.57
588,2,0,0,0,93619,93619,93619,3660,3660,3660,591,591,591,0.00,0.00,0.00,0.00,0.00,0.00,0.00,0.00,0.00,0.00,0.00,0.00,0.00,0.00,0.00,0.00,0.00,0.00,0.00,0.00,0.00,311874,418036,728623,327599,432451,739106,0,0,0,0,0,0,0,75332,0,125.33,125.39,125.45
588,3,0,0,0,93659,93659,93659,3620,3620,3620,591,591,591,0.00,0.00,0.00,0.00,0.00,0.00,0.00,0.00,0.00,0.00,0.00,0.00,0.00,0.00,0.00,0.00,0.00,0.00,0.00,0.00,0.00,429834,498628,689309,445560,621814,885883,0,0,0,0,0,0,0,112486,0,139.99,140.03,140.09
589,0,0,0,0,93655,93655,93655,3624,3624,3624,591,591,591,0.00,0.00,0.00,0.00,0.00,0.00,0.00,0.00,0.00,0.00,0.00,0.00,0.00,0.00,0.00,0.00,0.00,0.00,0.00,0.00,0.00,294736,424285,683968,307663,437878,697071,0,0,0,0,0,0,0,109987,0,137.04,137.07,137.13
589,1,0,0,0,93624,93624,93624,3655,3655,3655,591,591,591,0.00,0.00,0.00,0.00,0.00,0.00,0.00,0.00,0.00,0.00,0.00,0.00,0.00,0.00,0.00,0.00,0.00,0.00,0.00,0.00,0.00,306648,388938,545120,322373,403090,558223,0,0,0,0,0,0,0,99096,0,123.53,123.56,123.58
589,2,0,0,0,93619,93619,93619,3660,3660,3660,591,591,591,0.00,0.00,0.00,0.00,0.00,0.00,0.00,0.00,0.00,0.00,0.00,0.00,0.00,0.00,0.00,0.00,0.00,0.00,0.00,0.00,0.00,204194,364265,660482,214577,376825,673587,0,0,0,0,0,0,0,100528,0,125.26,125.31,125.34
589,3,0,0,0,93659,93659,93659,3620,3620,3620,591,591,591,0.00,0.00,0.00,0.00,0.00,0.00,0.00,0.00,0.00,0.00,0.00,0.00,0.00,0.00,0.00,0.00,0.00,0.00,0.00,0.00,0.00,288308,439270,579233,297045,452025,592338,0,0,0,0,0,0,0,112477,0,140.04,140.10,140.14
590,0,0,0,0,93655,93655,93655,3624,3624,3624,591,591,591,0.00,0.00,0.00,0.00,0.00,0.00,0.00,0.00,0.00,0.00,0.00,0.00,0.00,0.00,0.00,0.00,0.00,0.00,0.00,0.00,0.00,207925,353993,634233,220156,366923,647337,0,0,0,0,0,0,0,109984,0,137.18,137.25,137.32
590,1,0,0,0,93624,93624,93624,3655,3655,3655,591,591,591,0.00,0.00,0.00,0.00,0.00,0.00,0.00,0.00,0.00,0.00,0.00,0.00,0.00,0.00,0.00,0.00,0.00,0.00,0.00,0.00,0.00,301406,428259,649986,317132,442412,665712,0,0,0,0,0,0,0,99021,0,123.47,123.53,123.57
590,2,0,0,0,93619,93619,93619,3660,3660,3660,591,591,591,0.00,0.00,0.00,0.00,0.00,0.00,0.00,0.00,0.00,0.00,0.00,0.00,0.00,0.00,0.00,0.00,0.00,0.00,0.00,0.00,0.00,309273,392088,694552,324999,406241,707657,0,0,0,0,0,0,0,113222,0,125.38,125.49,125.57
590,3,0,0,0,93659,93659,93659,3620,3620,3620,591,591,591,0.00,0.00,0.00,0.00,0.00,0.00,0.00,0.00,0.00,0.00,0.00,0.00,0.00,0.00,0.00,0.00,0.00,0.00,0.00,0.00,0.00,432458,470722,602819,445562,484875,615924,0,0,0,0,0,0,0,112318,0,139.84,139.94,140.03
591,0,0,0,0,93655,93655,93655,3624,3624,3624,591,591,591,0.00,0.00,0.00,0.00,0.00,0.00,0.00,0.00,0.00,0.00,0.00,0.00,0.00,0.00,0.00,0.00,0.00,0.00,0.00,0.00,0.00,296165,335479,479633,311891,349632,492737,0,0,0,0,0,0,0,109966,0,137.12,137.18,137.23
591,1,0,0,0,93624,93624,93624,3655,3655,3655,591,591,591,0.00,0.00,0.00,0.00,0.00,0.00,0.00,0.00,0.00,0.00,0.00,0.00,0.00,0.00,0.00,0.00,0.00,0.00,0.00,0.00,0.00,304026,372692,568740,317130,386845,581845,0,0,0,0,0,0,0,111339,0,123.53,123.55,123.59
591,2,0,0,0,93619,93619,93619,3660,3660,3660,591,591,591,0.00,0.00,0.00,0.00,0.00,0.00,0.00,0.00,0.00,0.00,0.00,0.00,0.00,0.00,0.00,0.00,0.00,0.00,0.00,0.00,0.00,309265,592857,1389105,322370,606486,1402209,0,0,0,0,0,0,0,100760,0,125.50,125.54,125.59
591,3,0,0,0,93659,93659,93659,3620,3620,3620,591,591,591,0.00,0.00,0.00,0.00,0.00,0.00,0.00,0.00,0.00,0.00,0.00,0.00,0.00,0.00,0.00,0.00,0.00,0.00,0.00,0.00,0.00,421973,756922,1244954,435078,771075,1258059,0,0,0,0,0,0,0,112399,0,139.84,139.98,140.17
592,0,0,0,0,93655,93655,93655,3624,3624,3624,591,591,591,0.00,0.00,0.00,0.00,0.00,0.00,0.00,0.00,0.00,0.00,0.00,0.00,0.00,0.00,0.00,0.00,0.00,0.00,0.00,0.00,0.00,293544,531525,1179423,306648,545154,1189907,0,0,0,0,0,0,0,109975,0,137.15,137.16,137.19
592,1,0,0,0,93624,93624,93624,3655,3655,3655,591,591,591,0.00,0.00,0.00,0.00,0.00,0.00,0.00,0.00,0.00,0.00,0.00,0.00,0.00,0.00,0.00,0.00,0.00,0.00,0.00,0.00,0.00,213168,357668,518946,223652,369725,532051,0,0,0,0,0,0,0,98988,0,123.47,123.53,123.57
592,2,0,0,0,93619,93619,93619,3660,3660,3660,591,591,591,0.00,0.00,0.00,0.00,0.00,0.00,0.00,0.00,0.00,0.00,0.00,0.00,0.00,0.00,0.00,0.00,0.00,0.00,0.00,0.00,0.00,314508,400479,736485,327612,414632,749590,0,0,0,0,0,0,0,100702,0,125.50,125.53,125.59
592,3,0,0,0,93659,93659,93659,3620,3620,3620,591,591,591,0.00,0.00,0.00,0.00,0.00,0.00,0.00,0.00,0.00,0.00,0.00,0.00,0.00,0.00,0.00,0.00,0.00,0.00,0.00,0.00,0.00,421965,485599,718138,437690,499712,731243,0,0,0,0,0,0,0,112361,0,139.95,140.08,140.21
593,0,0,0,0,93655,93655,93655,3624,3624,3624,591,591,591,0.00,0.00,0.00,0.00,0.00,0.00,0.00,0.00,0.00,0.00,0.00,0.00,0.00,0.00,0.00,0.00,0.00,0.00,0.00,0.00,0.00,296150,374405,656195,309254,388458,668814,0,0,0,0,0,0,0,110075,0,137.16,137.22,137.28
593,1,0,0,0,93624,93624,93624,3655,3655,3655,591,591,591,0.00,0.00,0.00,0.00,0.00,0.00,0.00,0.00,0.00,0.00,0.00,0.00,0.00,0.00,0.00,0.00,0.00,0.00,0.00,0.00,0.00,314509,381080,568728,330234,395232,584453,0,0,0,0,0,0,0,98934,0,123.45,123.55,123.61
593,2,0,0,0,93619,93619,93619,3660,3660,3660,591,591,591,0.00,0.00,0.00,0.00,0.00,0.00,0.00,0.00,0.00,0.00,0.00,0.00,0.00,0.00,0.00,0.00,0.00,0.00,0.00,0.00,0.00,216005,426376,655228,224645,439636,668333,0,0,0,0,0,0,0,100678,0,125.53,125.55,125.56
593,3,0,0,0,93659,93659,93659,3620,3620,3620,591,591,591,0.00,0.00,0.00,0.00,0.00,0.00,0.00,0.00,0.00,0.00,0.00,0.00,0.00,0.00,0.00,0.00,0.00,0.00,0.00,0.00,0.00,281307,417950,542535,290043,430705,555640,0,0,0,0,0,0,0,112262,0,139.81,139.91,140.01
594,0,0,0,0,93655,93655,93655,3624,3624,3624,591,591,591,0.00,0.00,0.00,0.00,0.00,0.00,0.00,0.00,0.00,0.00,0.00,0.00,0.00,0.00,0.00,0.00,0.00,0.00,0.00,0.00,0.00,209663,345433,621166,220146,358537,631649,0,0,0,0,0,0,0,110096,0,137.25,137.27,137.32
594,1,0,0,0,93624,93624,93624,3655,3655,3655,591,591,591,0.00,0.00,0.00,0.00,0.00,0.00,0.00,0.00,0.00,0.00,0.00,0.00,0.00,0.00,0.00,0.00,0.00,0.00,0.00,0.00,0.00,301389,315031,351201,314493,329184,366926,0,0,0,0,0,0,0,99079,0,123.45,123.50,123.59
594,2,0,0,0,93619,93619,93619,3660,3660,3660,591,591,591,0.00,0.00,0.00,0.00,0.00,0.00,0.00,0.00,0.00,0.00,0.00,0.00,0.00,0.00,0.00,0.00,0.00,0.00,0.00,0.00,0.00,311891,524712,1341929,324996,538865,1357655,0,0,0,0,0,0,0,113300,0,125.51,125.55,125.58
594,3,0,0,0,93659,93659,93659,3620,3620,3620,591,591,591,0.00,0.00,0.00,0.00,0.00,0.00,0.00,0.00,0.00,0.00,0.00,0.00,0.00,0.00,0.00,0.00,0.00,0.00,0.00,0.00,0.00,419354,457092,589713,432458,470721,602818,0,0,0,0,0,0,0,84229,0,139.82,139.90,139.97
595,0,0,0,0,93655,93655,93655,3624,3624,3624,591,591,591,0.00,0.00,0.00,0.00,0.00,0.00,0.00,0.00,0.00,0.00,0.00,0.00,0.00,0.00,0.00,0.00,0.00,0.00,0.00,0.00,0.00,298785,341377,463909,311891,355137,477014,0,0,0,0,0,0,0,96282,0,137.28,137.32,137.35
595,1,0,0,0,93624,93624,93624,3655,3655,3655,591,591,591,0.00,0.00,0.00,0.00,0.00,0.00,0.00,0.00,0.00,0.00,0.00,0.00,0.00,0.00,0.00,0.00,0.00,0.00,0.00,0.00,0.00,304028,415417,545154,317132,429177,558258,0,0,0,0,0,0,0,86551,0,123.57,123.58,123.61
595,2,0,0,0,93619,93619,93619,3660,3660,3660,591,591,591,0.00,0.00,0.00,0.00,0.00,0.00,0.00,0.00,0.00,0.00,0.00,0.00,0.00,0.00,0.00,0.00,0.00,0.00,0.00,0.00,0.00,311893,404932,663103,324997,418692,676208,0,0,0,0,0,0,0,75513,0,125.44,125.47,125.49
595,3,0,0,0,93659,93659,93659,3620,3620,3620,591,591,591,0.00,0.00,0.00,0.00,0.00,0.00,0.00,0.00,0.00,0.00,0.00,0.00,0.00,0.00,0.00,0.00,0.00,0.00,0.00,0.00,0.00,416731,770555,1396962,429835,784970,1412687,0,0,0,0,0,0,0,112327,0,139.95,139.99,140.04
596,0,0,0,0,93655,93655,93655,3624,3624,3624,591,591,591,0.00,0.00,0.00,0.00,0.00,0.00,0.00,0.00,0.00,0.00,0.00,0.00,0.00,0.00,0.00,0.00,0.00,0.00,0.00,0.00,0.00,298786,536766,1216111,311890,550395,1229215,0,0,0,0,0,0,0,110103,0,137.30,137.31,137.35
596,1,0,0,0,93624,93624,93624,3655,3655,3655,591,591,591,0.00,0.00,0.00,0.00,0.00,0.00,0.00,0.00,0.00,0.00,0.00,0.00,0.00,0.00,0.00,0.00,0.00,0.00,0.00,0.00,0.00,206179,335822,532045,216663,348927,545150,0,0,0,0,0,0,0,99067,0,123.56,123.58,123.61
596,2,0,0,0,93619,93619,93619,3660,3660,3660,591,591,591,0.00,0.00,0.00,0.00,0.00,0.00,0.00,0.00,0.00,0.00,0.00,0.00,0.00,0.00,0.00,0.00,0.00,0.00,0.00,0.00,0.00,311891,461285,705031,324996,475439,720756,0,0,0,0,0,0,0,100691,0,125.44,125.50,125.52
596,3,0,0,0,93659,93659,93659,3620,3620,3620,591,591,591,0.00,0.00,0.00,0.00,0.00,0.00,0.00,0.00,0.00,0.00,0.00,0.00,0.00,0.00,0.00,0.00,0.00,0.00,0.00,0.00,0.00,416729,482770,689270,429834,496923,704995,0,0,0,0,0,0,0,112588,0,140.04,140.11,140.17
597,0,0,0,0,93655,93655,93655,3624,3624,3624,591,591,591,0.00,0.00,0.00,0.00,0.00,0.00,0.00,0.00,0.00,0.00,0.00,0.00,0.00,0.00,0.00,0.00,0.00,0.00,0.00,0.00,0.00,294390,381251,694553,309884,395358,707658,0,0,0,0,0,0,0,109957,0,137.27,137.31,137.34
597,1,0,0,0,93624,93624,93624,3655,3655,3655,591,591,591,0.00,0.00,0.00,0.00,0.00,0.00,0.00,0.00,0.00,0.00,0.00,0.00,0.00,0.00,0.00,0.00,0.00,0.00,0.00,0.00,0.00,301405,385800,553021,314510,399429,563505,0,0,0,0,0,0,0,99109,0,123.54,123.57,123.60
597,2,0,0,0,93619,93619,93619,3660,3660,3660,591,591,591,0.00,0.00,0.00,0.00,0.00,0.00,0.00,0.00,0.00,0.00,0.00,0.00,0.00,0.00,0.00,0.00,0.00,0.00,0.00,0.00,0.00,204657,361982,666546,214890,374513,679413,0,0,0,0,0,0,0,100471,0,125.31,125.40,125.52
597,3,0,0,0,93659,93659,93659,3620,3620,3620,591,591,591,0.00,0.00,0.00,0.00,0.00,0.00,0.00,0.00,0.00,0.00,0.00,0.00,0.00,0.00,0.00,0.00,0.00,0.00,0.00,0.00,0.00,283061,460238,623783,293545,472818,636887,0,0,0,0,0,0,0,112668,0,140.17,140.20,140.22
598,0,0,0,0,93655,93655,93655,3624,3624,3624,591,591,591,0.00,0.00,0.00,0.00,0.00,0.00,0.00,0.00,0.00,0.00,0.00,0.00,0.00,0.00,0.00,0.00,0.00,0.00,0.00,0.00,0.00,298781,350153,442937,314506,363432,458662,0,0,0,0,0,0,0,109973,0,137.19,137.24,137.28
598,1,0,0,0,93624,93624,93624,3655,3655,3655,591,591,591,0.00,0.00,0.00,0.00,0.00,0.00,0.00,0.00,0.00,0.00,0.00,0.00,0.00,0.00,0.00,0.00,0.00,0.00,0.00,0.00,0.00,296161,306647,317132,309265,320800,332858,0,0,0,0,0,0,0,99060,0,123.52,123.55,123.64
598,2,0,0,0,93619,93619,93619,3660,3660,3660,591,591,591,0.00,0.00,0.00,0.00,0.00,0.00,0.00,0.00,0.00,0.00,0.00,0.00,0.00,0.00,0.00,0.00,0.00,0.00,0.00,0.00,0.00,314515,600715,1425798,327619,614868,1441524,0,0,0,0,0,0,0,113270,0,125.28,125.36,125.47
598,3,0,0,0,93659,93659,93659,3620,3620,3620,591,591,591,0.00,0.00,0.00,0.00,0.00,0.00,0.00,0.00,0.00,0.00,0.00,0.00,0.00,0.00,0.00,0.00,0.00,0.00,0.00,0.00,0.00,421964,621683,1404831,435068,635835,1417936,0,0,0,0,0,0,0,126495,0,139.93,140.07,140.22
599,0,0,0,0,93655,93655,93655,3624,3624,3624,591,591,591,0.00,0.00,0.00,0.00,0.00,0.00,0.00,0.00,0.00,0.00,0.00,0.00,0.00,0.00,0.00,0.00,0.00,0.00,0.00,0.00,0.00,296165,482254,1203019,309270,496407,1216124,0,0,0,0,0,0,0,123825,0,137.16,137.20,137.25
599,1,0,0,0,93624,93624,93624,3655,3655,3655,591,591,591,0.00,0.00,0.00,0.00,0.00,0.00,0.00,0.00,0.00,0.00,0.00,0.00,0.00,0.00,0.00,0.00,0.00,0.00,0.00,0.00,0.00,309265,417771,547773,324990,431924,560878,0,0,0,0,0,0,0,98855,0,123.51,123.55,123.61
599,2,0,0,0,93619,93619,93619,3660,3660,3660,591,591,591,0.00,0.00,0.00,0.00,0.00,0.00,0.00,0.00,0.00,0.00,0.00,0.00,0.00,0.00,0.00,0.00,0.00,0.00,0.00,0.00,0.00,311893,390520,691932,327619,404674,705036,0,0,0,0,0,0,0,100579,0,125.39,125.46,125.53
599,3,0,0,0,93659,93659,93659,3620,3620,3620,591,591,591,0.00,0.00,0.00,0.00,0.00,0.00,0.00,0.00,0.00,0.00,0.00,0.00,0.00,0.00,0.00,0.00,0.00,0.00,0.00,0.00,0.00,419344,552495,872777,432449,566124,885882,0,0,0,0,0,0,0,112436,0,139.94,140.05,140.12
600,0,0,0,0,93655,93655,93655,3624,3624,3624,591,591,591,0.00,0.00,0.00,0.00,0.00,0.00,0.00,0.00,0.00,0.00,0.00,0.00,0.00,0.00,0.00,0.00,0.00,0.00,0.00,0.00,0.00,298785,483297,906843,311889,496401,917327,0,0,0,0,0,0,0,110003,0,137.14,137.18,137.22
600,1,0,0,0,93624,93624,93624,3655,3655,3655,591,591,591,0.00,0.00,0.00,0.00,0.00,0.00,0.00,0.00,0.00,0.00,0.00,0.00,0.00,0.00,0.00,0.00,0.00,0.00,0.00,0.00,0.00,200938,404494,629023,209675,417774,644748,0,0,0,0,0,0,0,98963,0,123.43,123.46,123.50
600,2,0,0,0,93619,93619,93619,3660,3660,3660,591,591,591,0.00,0.00,0.00,0.00,0.00,0.00,0.00,0.00,0.00,0.00,0.00,0.00,0.00,0.00,0.00,0.00,0.00,0.00,0.00,0.00,0.00,314493,383702,655240,327597,397331,670966,0,0,0,0,0,0,0,100608,0,125.31,125.35,125.37
600,3,0,0,0,93659,93659,93659,3620,3620,3620,591,591,591,0.00,0.00,0.00,0.00,0.00,0.00,0.00,0.00,0.00,0.00,0.00,0.00,0.00,0.00,0.00,0.00,0.00,0.00,0.00,0.00,0.00,421974,443987,511082,437700,458140,521566,0,0,0,0,0,0,0,112637,0,140.07,140.10,140.15
601,0,0,0,0,93655,93655,93655,3624,3624,3624,591,591,591,0.00,0.00,0.00,0.00,0.00,0.00,0.00,0.00,0.00,0.00,0.00,0.00,0.00,0.00,0.00,0.00,0.00,0.00,0.00,0.00,0.00,200938,320953,484877,211422,334539,497982,0,0,0,0,0,0,0,110048,0,137.19,137.21,137.24
601,1,0,0,0,93624,93624,93624,3655,3655,3655,591,591,591,0.00,0.00,0.00,0.00,0.00,0.00,0.00,0.00,0.00,0.00,0.00,0.00,0.00,0.00,0.00,0.00,0.00,0.00,0.00,0.00,0.00,301405,322893,382656,314510,336522,395760,0,0,0,0,0,0,0,99018,0,123.48,123.51,123.53
601,2,0,0,0,93619,93619,93619,3660,3660,3660,591,591,591,0.00,0.00,0.00,0.00,0.00,0.00,0.00,0.00,0.00,0.00,0.00,0.00,0.00,0.00,0.00,0.00,0.00,0.00,0.00,0.00,0.00,303143,345271,441235,315988,358357,451617,0,0,0,0,0,0,0,113099,0,125.31,125.34,125.37
601,3,0,0,0,93659,93659,93659,3620,3620,3620,591,591,591,0.00,0.00,0.00,0.00,0.00,0.00,0.00,0.00,0.00,0.00,0.00,0.00,0.00,0.00,0.00,0.00,0.00,0.00,0.00,0.00,0.00,277812,424590,579219,286548,437870,594945,0,0,0,0,0,0,0,112317,0,140.06,140.12,140.15
603,0,0,0,0,93655,93655,93655,3624,3624,3624,591,591,591,0.00,0.00,0.00,0.00,0.00,0.00,0.00,0.00,0.00,0.00,0.00,0.00,0.00,0.00,0.00,0.00,0.00,0.00,0.00,0.00,0.00,298787,456332,1244948,311892,470311,1258052,0,0,0,0,0,0,0,233905,0,137.20,137.26,137.30
603,1,0,0,0,93624,93624,93624,3655,3655,3655,591,591,591,0.00,0.00,0.00,0.00,0.00,0.00,0.00,0.00,0.00,0.00,0.00,0.00,0.00,0.00,0.00,0.00,0.00,0.00,0.00,0.00,0.00,202683,355086,539906,213166,368482,555631,0,0,0,0,0,0,0,210306,0,123.53,123.57,123.61
603,2,0,0,0,93619,93619,93619,3660,3660,3660,591,591,591,0.00,0.00,0.00,0.00,0.00,0.00,0.00,0.00,0.00,0.00,0.00,0.00,0.00,0.00,0.00,0.00,0.00,0.00,0.00,0.00,0.00,309270,510499,1352403,322375,524477,1365508,0,0,0,0,0,0,0,201032,0,125.23,125.31,125.38
603,3,0,0,0,93659,93659,93659,3620,3620,3620,591,591,591,0.00,0.00,0.00,0.00,0.00,0.00,0.00,0.00,0.00,0.00,0.00,0.00,0.00,0.00,0.00,0.00,0.00,0.00,0.00,0.00,0.00,421972,636594,1184674,435078,650573,1197779,0,0,0,0,0,0,0,224944,0,140.07,140.16,140.24
604,0,0,0,0,93655,93655,93655,3624,3624,3624,591,591,591,0.00,0.00,0.00,0.00,0.00,0.00,0.00,0.00,0.00,0.00,0.00,0.00,0.00,0.00,0.00,0.00,0.00,0.00,0.00,0.00,0.00,301407,424068,891123,314512,437697,904228,0,0,0,0,0,0,0,110056,0,137.18,137.22,137.28
604,1,0,0,0,93624,93624,93624,3655,3655,3655,591,591,591,0.00,0.00,0.00,0.00,0.00,0.00,0.00,0.00,0.00,0.00,0.00,0.00,0.00,0.00,0.00,0.00,0.00,0.00,0.00,0.00,0.00,311871,425634,618539,324975,439787,631644,0,0,0,0,0,0,0,99032,0,123.49,123.51,123.55
604,2,0,0,0,93619,93619,93619,3660,3660,3660,591,591,591,0.00,0.00,0.00,0.00,0.00,0.00,0.00,0.00,0.00,0.00,0.00,0.00,0.00,0.00,0.00,0.00,0.00,0.00,0.00,0.00,0.00,311893,383181,655237,324998,396811,668342,0,0,0,0,0,0,0,100578,0,125.46,125.48,125.52
604,3,0,0,0,93659,93659,93659,3620,3620,3620,591,591,591,0.00,0.00,0.00,0.00,0.00,0.00,0.00,0.00,0.00,0.00,0.00,0.00,0.00,0.00,0.00,0.00,0.00,0.00,0.00,0.00,0.00,295298,424942,511072,305782,438047,524177,0,0,0,0,0,0,0,112628,0,140.06,140.13,140.22
605,0,0,0,0,93655,93655,93655,3624,3624,3624,591,591,591,0.00,0.00,0.00,0.00,0.00,0.00,0.00,0.00,0.00,0.00,0.00,0.00,0.00,0.00,0.00,0.00,0.00,0.00,0.00,0.00,0.00,207921,326296,484870,214910,339702,500595,0,0,0,0,0,0,0,109991,0,137.15,137.23,137.28
605,1,0,0,0,93624,93624,93624,3655,3655,3655,591,591,591,0.00,0.00,0.00,0.00,0.00,0.00,0.00,0.00,0.00,0.00,0.00,0.00,0.00,0.00,0.00,0.00,0.00,0.00,0.00,0.00,0.00,298785,329187,395759,311890,342816,408863,0,0,0,0,0,0,0,99025,0,123.42,123.44,123.45
605,2,0,0,0,93619,93619,93619,3660,3660,3660,591,591,591,0.00,0.00,0.00,0.00,0.00,0.00,0.00,0.00,0.00,0.00,0.00,0.00,0.00,0.00,0.00,0.00,0.00,0.00,0.00,0.00,0.00,208879,582659,1370735,215784,596097,1383839,0,0,0,0,0,0,0,113320,0,125.36,125.43,125.53
605,3,0,0,0,93659,93659,93659,3620,3620,3620,591,591,591,0.00,0.00,0.00,0.00,0.00,0.00,0.00,0.00,0.00,0.00,0.00,0.00,0.00,0.00,0.00,0.00,0.00,0.00,0.00,0.00,0.00,421964,453422,573988,435079,467051,584472,0,0,0,0,0,0,0,126560,0,139.98,140.01,140.05
606,0,0,0,0,93655,93655,93655,3624,3624,3624,591,591,591,0.00,0.00,0.00,0.00,0.00,0.00,0.00,0.00,0.00,0.00,0.00,0.00,0.00,0.00,0.00,0.00,0.00,0.00,0.00,0.00,0.00,304029,347536,490112,319754,361165,503216,0,0,0,0,0,0,0,123714,0,137.11,137.15,137.20
606,1,0,0,0,93624,93624,93624,3655,3655,3655,591,591,591,0.00,0.00,0.00,0.00,0.00,0.00,0.00,0.00,0.00,0.00,0.00,0.00,0.00,0.00,0.00,0.00,0.00,0.00,0.00,0.00,0.00,298787,387368,534672,311892,400997,550397,0,0,0,0,0,0,0,111228,0,123.42,123.46,123.49
606,2,0,0,0,93619,93619,93619,3660,3660,3660,591,591,591,0.00,0.00,0.00,0.00,0.00,0.00,0.00,0.00,0.00,0.00,0.00,0.00,0.00,0.00,0.00,0.00,0.00,0.00,0.00,0.00,0.00,309271,381609,649997,322376,395237,663101,0,0,0,0,0,0,0,100584,0,125.37,125.44,125.51
606,3,0,0,0,93659,93659,93659,3620,3620,3620,591,591,591,0.00,0.00,0.00,0.00,0.00,0.00,0.00,0.00,0.00,0.00,0.00,0.00,0.00,0.00,0.00,0.00,0.00,0.00,0.00,0.00,0.00,419354,743289,1213479,432458,756918,1226583,0,0,0,0,0,0,0,112322,0,140.01,140.07,140.11
607,0,0,0,0,93655,93655,93655,3624,3624,3624,591,591,591,0.00,0.00,0.00,0.00,0.00,0.00,0.00,0.00,0.00,0.00,0.00,0.00,0.00,0.00,0.00,0.00,0.00,0.00,0.00,0.00,0.00,298790,540960,1208247,311894,555113,1223972,0,0,0,0,0,0,0,109982,0,137.18,137.18,137.19
607,1,0,0,0,93624,93624,93624,3655,3655,3655,591,591,591,0.00,0.00,0.00,0.00,0.00,0.00,0.00,0.00,0.00,0.00,0.00,0.00,0.00,0.00,0.00,0.00,0.00,0.00,0.00,0.00,0.00,204433,331283,511076,213169,344562,524181,0,0,0,0,0,0,0,98982,0,123.43,123.48,123.52
607,2,0,0,0,93619,93619,93619,3660,3660,3660,591,591,591,0.00,0.00,0.00,0.00,0.00,0.00,0.00,0.00,0.00,0.00,0.00,0.00,0.00,0.00,0.00,0.00,0.00,0.00,0.00,0.00,0.00,311894,462331,710277,327616,476485,726003,0,0,0,0,0,0,0,100516,0,125.29,125.35,125.39
607,3,0,0,0,93659,93659,93659,3620,3620,3620,591,591,591,0.00,0.00,0.00,0.00,0.00,0.00,0.00,0.00,0.00,0.00,0.00,0.00,0.00,0.00,0.00,0.00,0.00,0.00,0.00,0.00,0.00,408874,474111,699788,421979,488214,712893,0,0,0,0,0,0,0,112554,0,140.04,140.12,140.16
608,0,0,0,0,93655,93655,93655,3624,3624,3624,591,591,591,0.00,0.00,0.00,0.00,0.00,0.00,0.00,0.00,0.00,0.00,0.00,0.00,0.00,0.00,0.00,0.00,0.00,0.00,0.00,0.00,0.00,304029,431413,893684,319755,445009,909409,0,0,0,0,0,0,0,109977,0,137.05,137.14,137.20
608,1,0,0,0,93624,93624,93624,3655,3655,3655,591,591,591,0.00,0.00,0.00,0.00,0.00,0.00,0.00,0.00,0.00,0.00,0.00,0.00,0.00,0.00,0.00,0.00,0.00,0.00,0.00,0.00,0.00,301410,396808,657852,314515,410961,670957,0,0,0,0,0,0,0,98998,0,123.53,123.55,123.57
608,2,0,0,0,93619,93619,93619,3660,3660,3660,591,591,591,0.00,0.00,0.00,0.00,0.00,0.00,0.00,0.00,0.00,0.00,0.00,0.00,0.00,0.00,0.00,0.00,0.00,0.00,0.00,0.00,0.00,306645,384226,657860,322370,398379,670965,0,0,0,0,0,0,0,100531,0,125.28,125.31,125.35
608,3,0,0,0,93659,93659,93659,3620,3620,3620,591,591,591,0.00,0.00,0.00,0.00,0.00,0.00,0.00,0.00,0.00,0.00,0.00,0.00,0.00,0.00,0.00,0.00,0.00,0.00,0.00,0.00,0.00,372166,430881,487494,380902,444161,503220,0,0,0,0,0,0,0,112431,0,140.05,140.10,140.15
609,0,0,0,0,93655,93655,93655,3624,3624,3624,591,591,591,0.00,0.00,0.00,0.00,0.00,0.00,0.00,0.00,0.00,0.00,0.00,0.00,0.00,0.00,0.00,0.00,0.00,0.00,0.00,0.00,0.00,199190,352767,482250,206179,366745,497976,0,0,0,0,0,0,0,110051,0,137.06,137.14,137.22
609,1,0,0,0,93624,93624,93624,3655,3655,3655,591,591,591,0.00,0.00,0.00,0.00,0.00,0.00,0.00,0.00,0.00,0.00,0.00,0.00,0.00,0.00,0.00,0.00,0.00,0.00,0.00,0.00,0.00,301404,320149,377397,314508,333771,390501,0,0,0,0,0,0,0,98858,0,123.43,123.46,123.54
609,2,0,0,0,93619,93619,93619,3660,3660,3660,591,591,591,0.00,0.00,0.00,0.00,0.00,0.00,0.00,0.00,0.00,0.00,0.00,0.00,0.00,0.00,0.00,0.00,0.00,0.00,0.00,0.00,0.00,226710,581123,1124402,235363,593947,1141568,0,0,0,0,0,0,0,113456,0,125.34,125.46,125.69
609,3,0,0,0,93659,93659,93659,3620,3620,3620,591,591,591,0.00,0.00,0.00,0.00,0.00,0.00,0.00,0.00,0.00,0.00,0.00,0.00,0.00,0.00,0.00,0.00,0.00,0.00,0.00,0.00,0.00,421970,652092,1121771,435074,665721,1134876,0,0,0,0,0,0,0,98276,0,139.98,139.99,140.03
610,0,0,0,0,93655,93655,93655,3624,3624,3624,591,591,591,0.00,0.00,0.00,0.00,0.00,0.00,0.00,0.00,0.00,0.00,0.00,0.00,0.00,0.00,0.00,0.00,0.00,0.00,0.00,0.00,0.00,296166,534655,1229155,309271,548415,1244880,0,0,0,0,0,0,0,96311,0,137.22,137.24,137.26
610,1,0,0,0,93624,93624,93624,3655,3655,3655,591,591,591,0.00,0.00,0.00,0.00,0.00,0.00,0.00,0.00,0.00,0.00,0.00,0.00,0.00,0.00,0.00,0.00,0.00,0.00,0.00,0.00,0.00,316877,416009,542537,332590,430421,555641,0,0,0,0,0,0,0,74156,0,123.43,123.45,123.48
610,2,0,0,0,93619,93619,93619,3660,3660,3660,591,591,591,0.00,0.00,0.00,0.00,0.00,0.00,0.00,0.00,0.00,0.00,0.00,0.00,0.00,0.00,0.00,0.00,0.00,0.00,0.00,0.00,0.00,311890,412138,707656,324995,425898,723382,0,0,0,0,0,0,0,75693,0,125.80,125.89,125.98
610,3,0,0,0,93659,93659,93659,3620,3620,3620,591,591,591,0.00,0.00,0.00,0.00,0.00,0.00,0.00,0.00,0.00,0.00,0.00,0.00,0.00,0.00,0.00,0.00,0.00,0.00,0.00,0.00,0.00,419355,535328,872776,435078,549744,885881,0,0,0,0,0,0,0,112459,0,140.00,140.04,140.09
611,0,0,0,0,93655,93655,93655,3624,3624,3624,591,591,591,0.00,0.00,0.00,0.00,0.00,0.00,0.00,0.00,0.00,0.00,0.00,0.00,0.00,0.00,0.00,0.00,0.00,0.00,0.00,0.00,0.00,296164,352252,545156,309269,365881,558261,0,0,0,0,0,0,0,109921,0,137.07,137.15,137.21
611,1,0,0,0,93624,93624,93624,3655,3655,3655,591,591,591,0.00,0.00,0.00,0.00,0.00,0.00,0.00,0.00,0.00,0.00,0.00,0.00,0.00,0.00,0.00,0.00,0.00,0.00,0.00,0.00,0.00,309266,352213,442117,322371,364788,455275,0,0,0,0,0,0,0,98973,0,123.50,123.52,123.57
611,2,0,0,0,93619,93619,93619,3660,3660,3660,591,591,591,0.00,0.00,0.00,0.00,0.00,0.00,0.00,0.00,0.00,0.00,0.00,0.00,0.00,0.00,0.00,0.00,0.00,0.00,0.00,0.00,0.00,314510,388946,668338,327614,403099,681443,0,0,0,0,0,0,0,100913,0,125.80,125.81,125.82
611,3,0,0,0,93659,93659,93659,3620,3620,3620,591,591,591,0.00,0.00,0.00,0.00,0.00,0.00,0.00,0.00,0.00,0.00,0.00,0.00,0.00,0.00,0.00,0.00,0.00,0.00,0.00,0.00,0.00,408842,507406,694554,421946,521035,707659,0,0,0,0,0,0,0,112637,0,140.13,140.18,140.26
612,0,0,0,0,93655,93655,93655,3624,3624,3624,591,591,591,0.00,0.00,0.00,0.00,0.00,0.00,0.00,0.00,0.00,0.00,0.00,0.00,0.00,0.00,0.00,0.00,0.00,0.00,0.00,0.00,0.00,309269,446467,689302,324995,460572,705028,0,0,0,0,0,0,0,110013,0,137.05,137.12,137.21
612,1,0,0,0,93624,93624,93624,3655,3655,3655,591,591,591,0.00,0.00,0.00,0.00,0.00,0.00,0.00,0.00,0.00,0.00,0.00,0.00,0.00,0.00,0.00,0.00,0.00,0.00,0.00,0.00,0.00,296664,360464,563501,312277,374605,576605,0,0,0,0,0,0,0,98932,0,123.42,123.44,123.46
612,2,0,0,0,93619,93619,93619,3660,3660,3660,591,591,591,0.00,0.00,0.00,0.00,0.00,0.00,0.00,0.00,0.00,0.00,0.00,0.00,0.00,0.00,0.00,0.00,0.00,0.00,0.00,0.00,0.00,314513,386852,660483,327618,400480,670966,0,0,0,0,0,0,0,100949,0,125.80,125.84,125.88
612,3,0,0,0,93659,93659,93659,3620,3620,3620,591,591,591,0.00,0.00,0.00,0.00,0.00,0.00,0.00,0.00,0.00,0.00,0.00,0.00,0.00,0.00,0.00,0.00,0.00,0.00,0.00,0.00,0.00,283061,423021,560885,291797,436300,576610,0,0,0,0,0,0,0,112484,0,140.07,140.14,140.24
613,0,0,0,0,93655,93655,93655,3624,3624,3624,591,591,591,0.00,0.00,0.00,0.00,0.00,0.00,0.00,0.00,0.00,0.00,0.00,0.00,0.00,0.00,0.00,0.00,0.00,0.00,0.00,0.00,0.00,195687,315381,477011,204423,328135,490115,0,0,0,0,0,0,0,109949,0,137.19,137.24,137.30
613,1,0,0,0,93624,93624,93624,3655,3655,3655,591,591,591,0.00,0.00,0.00,0.00,0.00,0.00,0.00,0.00,0.00,0.00,0.00,0.00,0.00,0.00,0.00,0.00,0.00,0.00,0.00,0.00,0.00,301913,417269,623782,314926,430890,636886,0,0,0,0,0,0,0,111358,0,123.43,123.46,123.50
613,2,0,0,0,93619,93619,93619,3660,3660,3660,591,591,591,0.00,0.00,0.00,0.00,0.00,0.00,0.00,0.00,0.00,0.00,0.00,0.00,0.00,0.00,0.00,0.00,0.00,0.00,0.00,0.00,0.00,312324,537235,998774,325671,550235,1011645,0,0,0,0,0,0,0,101074,0,125.90,126.02,126.08
613,3,0,0,0,93659,93659,93659,3620,3620,3620,591,591,591,0.00,0.00,0.00,0.00,0.00,0.00,0.00,0.00,0.00,0.00,0.00,0.00,0.00,0.00,0.00,0.00,0.00,0.00,0.00,0.00,0.00,421973,758488,1179361,437699,772117,1195086,0,0,0,0,0,0,0,126544,0,140.07,140.10,140.13
614,0,0,0,0,93655,93655,93655,3624,3624,3624,591,591,591,0.00,0.00,0.00,0.00,0.00,0.00,0.00,0.00,0.00,0.00,0.00,0.00,0.00,0.00,0.00,0.00,0.00,0.00,0.00,0.00,0.00,301406,538862,1182039,314510,553015,1197764,0,0,0,0,0,0,0,123732,0,137.09,137.14,137.17
614,1,0,0,0,93624,93624,93624,3655,3655,3655,591,591,591,0.00,0.00,0.00,0.00,0.00,0.00,0.00,0.00,0.00,0.00,0.00,0.00,0.00,0.00,0.00,0.00,0.00,0.00,0.00,0.00,0.00,307910,385603,573952,321069,399748,589677,0,0,0,0,0,0,0,98871,0,123.41,123.46,123.52
614,2,0,0,0,93619,93619,93619,3660,3660,3660,591,591,591,0.00,0.00,0.00,0.00,0.00,0.00,0.00,0.00,0.00,0.00,0.00,0.00,0.00,0.00,0.00,0.00,0.00,0.00,0.00,0.00,0.00,309271,396285,728622,322375,410962,744348,0,0,0,0,0,0,0,101051,0,125.91,125.93,125.95
614,3,0,0,0,93659,93659,93659,3620,3620,3620,591,591,591,0.00,0.00,0.00,0.00,0.00,0.00,0.00,0.00,0.00,0.00,0.00,0.00,0.00,0.00,0.00,0.00,0.00,0.00,0.00,0.00,0.00,419353,484349,718138,432457,498503,733864,0,0,0,0,0,0,0,112479,0,140.04,140.07,140.12
615,0,0,0,0,93655,93655,93655,3624,3624,3624,591,591,591,0.00,0.00,0.00,0.00,0.00,0.00,0.00,0.00,0.00,0.00,0.00,0.00,0.00,0.00,0.00,0.00,0.00,0.00,0.00,0.00,0.00,296165,377931,678786,311891,392084,691890,0,0,0,0,0,0,0,109945,0,137.14,137.17,137.23
615,1,0,0,0,93624,93624,93624,3655,3655,3655,591,591,591,0.00,0.00,0.00,0.00,0.00,0.00,0.00,0.00,0.00,0.00,0.00,0.00,0.00,0.00,0.00,0.00,0.00,0.00,0.00,0.00,0.00,317133,386122,558253,330237,399217,571358,0,0,0,0,0,0,0,98951,0,123.40,123.43,123.46
615,2,0,0,0,93619,93619,93619,3660,3660,3660,591,591,591,0.00,0.00,0.00,0.00,0.00,0.00,0.00,0.00,0.00,0.00,0.00,0.00,0.00,0.00,0.00,0.00,0.00,0.00,0.00,0.00,0.00,314495,382128,652613,324996,395757,668339,0,0,0,0,0,0,0,100946,0,125.91,125.96,126.01
615,3,0,0,0,93659,93659,93659,3620,3620,3620,591,591,591,0.00,0.00,0.00,0.00,0.00,0.00,0.00,0.00,0.00,0.00,0.00,0.00,0.00,0.00,0.00,0.00,0.00,0.00,0.00,0.00,0.00,414260,445592,508464,427206,459713,524190,0,0,0,0,0,0,0,112568,0,140.12,140.13,140.16
616,0,0,0,0,93655,93655,93655,3624,3624,3624,591,591,591,0.00,0.00,0.00,0.00,0.00,0.00,0.00,0.00,0.00,0.00,0.00,0.00,0.00,0.00,0.00,0.00,0.00,0.00,0.00,0.00,0.00,195690,346046,615920,204426,358760,629025,0,0,0,0,0,0,0,109793,0,137.02,137.07,137.13
616,1,0,0,0,93624,93624,93624,3655,3655,3655,591,591,591,0.00,0.00,0.00,0.00,0.00,0.00,0.00,0.00,0.00,0.00,0.00,0.00,0.00,0.00,0.00,0.00,0.00,0.00,0.00,0.00,0.00,298785,316434,343342,314510,330055,356447,0,0,0,0,0,0,0,98898,0,123.42,123.45,123.48
616,2,0,0,0,93619,93619,93619,3660,3660,3660,591,591,591,0.00,0.00,0.00,0.00,0.00,0.00,0.00,0.00,0.00,0.00,0.00,0.00,0.00,0.00,0.00,0.00,0.00,0.00,0.00,0.00,0.00,309272,506389,883370,322377,519129,892031,0,0,0,0,0,0,0,113656,0,125.87,125.92,125.94
616,3,0,0,0,93659,93659,93659,3620,3620,3620,591,591,591,0.00,0.00,0.00,0.00,0.00,0.00,0.00,0.00,0.00,0.00,0.00,0.00,0.00,0.00,0.00,0.00,0.00,0.00,0.00,0.00,0.00,396635,417948,424594,407119,430529,440319,0,0,0,0,0,0,0,112590,0,140.13,140.23,140.30
617,0,0,0,0,93655,93655,93655,3624,3624,3624,591,591,591,0.00,0.00,0.00,0.00,0.00,0.00,0.00,0.00,0.00,0.00,0.00,0.00,0.00,0.00,0.00,0.00,0.00,0.00,0.00,0.00,0.00,296164,342031,471765,309268,348583,487490,0,0,0,0,0,0,0,82496,0,137.10,137.19,137.27
617,1,0,0,0,93624,93624,93624,3655,3655,3655,591,591,591,0.00,0.00,0.00,0.00,0.00,0.00,0.00,0.00,0.00,0.00,0.00,0.00,0.00,0.00,0.00,0.00,0.00,0.00,0.00,0.00,0.00,301410,383701,555636,314514,398106,571362,0,0,0,0,0,0,0,86539,0,123.39,123.43,123.46
617,2,0,0,0,93619,93619,93619,3660,3660,3660,591,591,591,0.00,0.00,0.00,0.00,0.00,0.00,0.00,0.00,0.00,0.00,0.00,0.00,0.00,0.00,0.00,0.00,0.00,0.00,0.00,0.00,0.00,314514,400355,655246,327619,414115,665729,0,0,0,0,0,0,0,101040,0,125.96,125.98,126.00
617,3,0,0,0,93659,93659,93659,3620,3620,3620,591,591,591,0.00,0.00,0.00,0.00,0.00,0.00,0.00,0.00,0.00,0.00,0.00,0.00,0.00,0.00,0.00,0.00,0.00,0.00,0.00,0.00,0.00,416730,778418,1410064,429835,792834,1425790,0,0,0,0,0,0,0,84301,0,140.25,140.30,140.36
618,0,0,0,0,93655,93655,93655,3624,3624,3624,591,591,591,0.00,0.00,0.00,0.00,0.00,0.00,0.00,0.00,0.00,0.00,0.00,0.00,0.00,0.00,0.00,0.00,0.00,0.00,0.00,0.00,0.00,301408,535181,1208183,317134,606729,1223907,0,0,0,0,0,0,0,110026,0,137.16,137.22,137.26
618,1,0,0,0,93624,93624,93624,3655,3655,3655,591,591,591,0.00,0.00,0.00,0.00,0.00,0.00,0.00,0.00,0.00,0.00,0.00,0.00,0.00,0.00,0.00,0.00,0.00,0.00,0.00,0.00,0.00,298784,335963,416723,314509,349044,429827,0,0,0,0,0,0,0,98947,0,123.46,123.48,123.51
618,2,0,0,0,93619,93619,93619,3660,3660,3660,591,591,591,0.00,0.00,0.00,0.00,0.00,0.00,0.00,0.00,0.00,0.00,0.00,0.00,0.00,0.00,0.00,0.00,0.00,0.00,0.00,0.00,0.00,314508,398898,733823,327619,413051,746927,0,0,0,0,0,0,0,75849,0,126.00,126.01,126.03
618,3,0,0,0,93659,93659,93659,3620,3620,3620,591,591,591,0.00,0.00,0.00,0.00,0.00,0.00,0.00,0.00,0.00,0.00,0.00,0.00,0.00,0.00,0.00,0.00,0.00,0.00,0.00,0.00,0.00,419351,483296,699779,432456,496924,715504,0,0,0,0,0,0,0,112388,0,139.98,140.10,140.22
619,0,0,0,0,93655,93655,93655,3624,3624,3624,591,591,591,0.00,0.00,0.00,0.00,0.00,0.00,0.00,0.00,0.00,0.00,0.00,0.00,0.00,0.00,0.00,0.00,0.00,0.00,0.00,0.00,0.00,298785,383703,678820,311890,397856,694546,0,0,0,0,0,0,0,109970,0,137.23,137.27,137.31
619,1,0,0,0,93624,93624,93624,3655,3655,3655,591,591,591,0.00,0.00,0.00,0.00,0.00,0.00,0.00,0.00,0.00,0.00,0.00,0.00,0.00,0.00,0.00,0.00,0.00,0.00,0.00,0.00,0.00,309268,376865,544913,322372,390494,558012,0,0,0,0,0,0,0,99037,0,123.52,123.57,123.61
619,2,0,0,0,93619,93619,93619,3660,3660,3660,591,591,591,0.00,0.00,0.00,0.00,0.00,0.00,0.00,0.00,0.00,0.00,0.00,0.00,0.00,0.00,0.00,0.00,0.00,0.00,0.00,0.00,0.00,311890,451850,668341,324994,465479,681446,0,0,0,0,0,0,0,101011,0,125.87,125.91,125.98
619,3,0,0,0,93659,93659,93659,3620,3620,3620,591,591,591,0.00,0.00,0.00,0.00,0.00,0.00,0.00,0.00,0.00,0.00,0.00,0.00,0.00,0.00,0.00,0.00,0.00,0.00,0.00,0.00,0.00,419354,443462,511087,432459,457615,526813,0,0,0,0,0,0,0,112615,0,139.92,140.02,140.13
620,0,0,0,0,93655,93655,93655,3624,3624,3624,591,591,591,0.00,0.00,0.00,0.00,0.00,0.00,0.00,0.00,0.00,0.00,0.00,0.00,0.00,0.00,0.00,0.00,0.00,0.00,0.00,0.00,0.00,230635,345629,594951,239371,358339,608056,0,0,0,0,0,0,0,109947,0,137.14,137.16,137.18
620,1,0,0,0,93624,93624,93624,3655,3655,3655,591,591,591,0.00,0.00,0.00,0.00,0.00,0.00,0.00,0.00,0.00,0.00,0.00,0.00,0.00,0.00,0.00,0.00,0.00,0.00,0.00,0.00,0.00,301409,320193,365626,317128,334345,378684,0,0,0,0,0,0,0,99013,0,123.46,123.53,123.61
620,2,0,0,0,93619,93619,93619,3660,3660,3660,591,591,591,0.00,0.00,0.00,0.00,0.00,0.00,0.00,0.00,0.00,0.00,0.00,0.00,0.00,0.00,0.00,0.00,0.00,0.00,0.00,0.00,0.00,208058,506030,1368069,218291,519608,1383794,0,0,0,0,0,0,0,113620,0,125.90,125.98,126.04
620,3,0,0,0,93659,93659,93659,3620,3620,3620,591,591,591,0.00,0.00,0.00,0.00,0.00,0.00,0.00,0.00,0.00,0.00,0.00,0.00,0.00,0.00,0.00,0.00,0.00,0.00,0.00,0.00,0.00,377421,414108,427214,386157,426863,440318,0,0,0,0,0,0,0,126464,0,139.98,140.07,140.16
621,0,0,0,0,93655,93655,93655,3624,3624,3624,591,591,591,0.00,0.00,0.00,0.00,0.00,0.00,0.00,0.00,0.00,0.00,0.00,0.00,0.00,0.00,0.00,0.00,0.00,0.00,0.00,0.00,0.00,301407,514225,1192521,314510,527854,1205626,0,0,0,0,0,0,0,123826,0,137.16,137.20,137.26
621,1,0,0,0,93624,93624,93624,3655,3655,3655,591,591,591,0.00,0.00,0.00,0.00,0.00,0.00,0.00,0.00,0.00,0.00,0.00,0.00,0.00,0.00,0.00,0.00,0.00,0.00,0.00,0.00,0.00,317129,415376,526809,330233,429003,539913,0,0,0,0,0,0,0,111155,0,123.34,123.37,123.42
621,2,0,0,0,93619,93619,93619,3660,3660,3660,591,591,591,0.00,0.00,0.00,0.00,0.00,0.00,0.00,0.00,0.00,0.00,0.00,0.00,0.00,0.00,0.00,0.00,0.00,0.00,0.00,0.00,0.00,311894,456981,699778,325679,471136,715504,0,0,0,0,0,0,0,100994,0,125.89,125.94,125.97
621,3,0,0,0,93659,93659,93659,3620,3620,3620,591,591,591,0.00,0.00,0.00,0.00,0.00,0.00,0.00,0.00,0.00,0.00,0.00,0.00,0.00,0.00,0.00,0.00,0.00,0.00,0.00,0.00,0.00,421972,703969,1438819,435077,718121,1454544,0,0,0,0,0,0,0,112293,0,139.97,139.99,140.01
622,0,0,0,0,93655,93655,93655,3624,3624,3624,591,591,591,0.00,0.00,0.00,0.00,0.00,0.00,0.00,0.00,0.00,0.00,0.00,0.00,0.00,0.00,0.00,0.00,0.00,0.00,0.00,0.00,0.00,301405,361164,587087,314510,375317,600192,0,0,0,0,0,0,0,109955,0,137.21,137.30,137.34
622,1,0,0,0,93624,93624,93624,3655,3655,3655,591,591,591,0.00,0.00,0.00,0.00,0.00,0.00,0.00,0.00,0.00,0.00,0.00,0.00,0.00,0.00,0.00,0.00,0.00,0.00,0.00,0.00,0.00,211420,354461,537285,221903,367528,550390,0,0,0,0,0,0,0,98949,0,123.38,123.45,123.50
622,2,0,0,0,93619,93619,93619,3660,3660,3660,591,591,591,0.00,0.00,0.00,0.00,0.00,0.00,0.00,0.00,0.00,0.00,0.00,0.00,0.00,0.00,0.00,0.00,0.00,0.00,0.00,0.00,0.00,311892,385801,673582,322377,398906,686687,0,0,0,0,0,0,0,100945,0,125.82,125.86,125.89
622,3,0,0,0,93659,93659,93659,3620,3620,3620,591,591,591,0.00,0.00,0.00,0.00,0.00,0.00,0.00,0.00,0.00,0.00,0.00,0.00,0.00,0.00,0.00,0.00,0.00,0.00,0.00,0.00,0.00,421975,533101,710279,435080,547254,726005,0,0,0,0,0,0,0,112444,0,139.91,139.96,139.98
623,0,0,0,0,93655,93655,93655,3624,3624,3624,591,591,591,0.00,0.00,0.00,0.00,0.00,0.00,0.00,0.00,0.00,0.00,0.00,0.00,0.00,0.00,0.00,0.00,0.00,0.00,0.00,0.00,0.00,309272,445555,670953,324995,459708,684058,0,0,0,0,0,0,0,110017,0,137.19,137.24,137.27
623,1,0,0,0,93624,93624,93624,3655,3655,3655,591,591,591,0.00,0.00,0.00,0.00,0.00,0.00,0.00,0.00,0.00,0.00,0.00,0.00,0.00,0.00,0.00,0.00,0.00,0.00,0.00,0.00,0.00,301404,365880,584469,317128,380033,594953,0,0,0,0,0,0,0,98946,0,123.41,123.46,123.50
623,2,0,0,0,93619,93619,93619,3660,3660,3660,591,591,591,0.00,0.00,0.00,0.00,0.00,0.00,0.00,0.00,0.00,0.00,0.00,0.00,0.00,0.00,0.00,0.00,0.00,0.00,0.00,0.00,0.00,309271,388943,673585,322376,403620,686690,0,0,0,0,0,0,0,101044,0,125.85,125.89,125.94
623,3,0,0,0,93659,93659,93659,3620,3620,3620,591,591,591,0.00,0.00,0.00,0.00,0.00,0.00,0.00,0.00,0.00,0.00,0.00,0.00,0.00,0.00,0.00,0.00,0.00,0.00,0.00,0.00,0.00,368670,414354,435080,377407,427631,450805,0,0,0,0,0,0,0,112383,0,139.94,139.97,139.99
624,0,0,0,0,93655,93655,93655,3624,3624,3624,591,591,591,0.00,0.00,0.00,0.00,0.00,0.00,0.00,0.00,0.00,0.00,0.00,0.00,0.00,0.00,0.00,0.00,0.00,0.00,0.00,0.00,0.00,195679,309091,453419,202667,322020,466523,0,0,0,0,0,0,0,109921,0,137.17,137.21,137.26
624,1,0,0,0,93624,93624,93624,3655,3655,3655,591,591,591,0.00,0.00,0.00,0.00,0.00,0.00,0.00,0.00,0.00,0.00,0.00,0.00,0.00,0.00,0.00,0.00,0.00,0.00,0.00,0.00,0.00,301405,424553,649997,317131,438704,660481,0,0,0,0,0,0,0,74220,0,123.47,123.50,123.53
624,2,0,0,0,93619,93619,93619,3660,3660,3660,591,591,591,0.00,0.00,0.00,0.00,0.00,0.00,0.00,0.00,0.00,0.00,0.00,0.00,0.00,0.00,0.00,0.00,0.00,0.00,0.00,0.00,0.00,314514,551954,1404828,330237,564690,1415311,0,0,0,0,0,0,0,100999,0,125.83,125.89,125.95
624,3,0,0,0,93659,93659,93659,3620,3620,3620,591,591,591,0.00,0.00,0.00,0.00,0.00,0.00,0.00,0.00,0.00,0.00,0.00,0.00,0.00,0.00,0.00,0.00,0.00,0.00,0.00,0.00,0.00,424595,754236,1158453,437700,767863,1171558,0,0,0,0,0,0,0,98430,0,140.00,140.05,140.10
625,0,0,0,0,93655,93655,93655,3624,3624,3624,591,591,591,0.00,0.00,0.00,0.00,0.00,0.00,0.00,0.00,0.00,0.00,0.00,0.00,0.00,0.00,0.00,0.00,0.00,0.00,0.00,0.00,0.00,298786,537289,1237091,314510,551704,1250196,0,0,0,0,0,0,0,96316,0,137.16,137.19,137.21
625,1,0,0,0,93624,93624,93624,3655,3655,3655,591,591,591,0.00,0.00,0.00,0.00,0.00,0.00,0.00,0.00,0.00,0.00,0.00,0.00,0.00,0.00,0.00,0.00,0.00,0.00,0.00,0.00,0.00,308910,360287,429834,324618,374043,440318,0,0,0,0,0,0,0,98885,0,123.42,123.45,123.47
625,2,0,0,0,93619,93619,93619,3660,3660,3660,591,591,591,0.00,0.00,0.00,0.00,0.00,0.00,0.00,0.00,0.00,0.00,0.00,0.00,0.00,0.00,0.00,0.00,0.00,0.00,0.00,0.00,0.00,309274,410167,704993,322379,423927,715476,0,0,0,0,0,0,0,75710,0,125.89,125.92,125.94
625,3,0,0,0,93659,93659,93659,3620,3620,3620,591,591,591,0.00,0.00,0.00,0.00,0.00,0.00,0.00,0.00,0.00,0.00,0.00,0.00,0.00,0.00,0.00,0.00,0.00,0.00,0.00,0.00,0.00,424595,490602,647373,440321,504357,657857,0,0,0,0,0,0,0,112373,0,140.08,140.11,140.14
626,0,0,0,0,93655,93655,93655,3624,3624,3624,591,591,591,0.00,0.00,0.00,0.00,0.00,0.00,0.00,0.00,0.00,0.00,0.00,0.00,0.00,0.00,0.00,0.00,0.00,0.00,0.00,0.00,0.00,298786,423018,660477,311893,436647,676203,0,0,0,0,0,0,0,109951,0,137.11,137.13,137.16
626,1,0,0,0,93624,93624,93624,3655,3655,3655,591,591,591,0.00,0.00,0.00,0.00,0.00,0.00,0.00,0.00,0.00,0.00,0.00,0.00,0.00,0.00,0.00,0.00,0.00,0.00,0.00,0.00,0.00,252162,341092,511081,262596,353673,524185,0,0,0,0,0,0,0,98971,0,123.51,123.56,123.60
626,2,0,0,0,93619,93619,93619,3660,3660,3660,591,591,591,0.00,0.00,0.00,0.00,0.00,0.00,0.00,0.00,0.00,0.00,0.00,0.00,0.00,0.00,0.00,0.00,0.00,0.00,0.00,0.00,0.00,309270,384754,670961,322375,398383,684065,0,0,0,0,0,0,0,101019,0,125.89,125.91,125.94
626,3,0,0,0,93659,93659,93659,3620,3620,3620,591,591,591,0.00,0.00,0.00,0.00,0.00,0.00,0.00,0.00,0.00,0.00,0.00,0.00,0.00,0.00,0.00,0.00,0.00,0.00,0.00,0.00,0.00,421951,454281,511436,435055,468397,527013,0,0,0,0,0,0,0,112568,0,140.04,140.11,140.20
627,0,0,0,0,93655,93655,93655,3624,3624,3624,591,591,591,0.00,0.00,0.00,0.00,0.00,0.00,0.00,0.00,0.00,0.00,0.00,0.00,0.00,0.00,0.00,0.00,0.00,0.00,0.00,0.00,0.00,298785,369027,623782,314511,383180,636887,0,0,0,0,0,0,0,109948,0,137.15,137.16,137.17
627,1,0,0,0,93624,93624,93624,3655,3655,3655,591,591,591,0.00,0.00,0.00,0.00,0.00,0.00,0.00,0.00,0.00,0.00,0.00,0.00,0.00,0.00,0.00,0.00,0.00,0.00,0.00,0.00,0.00,301990,362575,568743,315007,376723,584468,0,0,0,0,0,0,0,99005,0,123.45,123.48,123.50
627,2,0,0,0,93619,93619,93619,3660,3660,3660,591,591,591,0.00,0.00,0.00,0.00,0.00,0.00,0.00,0.00,0.00,0.00,0.00,0.00,0.00,0.00,0.00,0.00,0.00,0.00,0.00,0.00,0.00,314512,391569,665723,327617,405722,681449,0,0,0,0,0,0,0,113729,0,125.96,126.03,126.10
627,3,0,0,0,93659,93659,93659,3620,3620,3620,591,591,591,0.00,0.00,0.00,0.00,0.00,0.00,0.00,0.00,0.00,0.00,0.00,0.00,0.00,0.00,0.00,0.00,0.00,0.00,0.00,0.00,0.00,281319,424766,576600,290055,438045,592326,0,0,0,0,0,0,0,112659,0,140.22,140.30,140.37
628,0,0,0,0,93655,93655,93655,3624,3624,3624,591,591,591,0.00,0.00,0.00,0.00,0.00,0.00,0.00,0.00,0.00,0.00,0.00,0.00,0.00,0.00,0.00,0.00,0.00,0.00,0.00,0.00,0.00,200724,314294,466525,209376,327557,482250,0,0,0,0,0,0,0,110076,0,137.12,137.21,137.30
628,1,0,0,0,93624,93624,93624,3655,3655,3655,591,591,591,0.00,0.00,0.00,0.00,0.00,0.00,0.00,0.00,0.00,0.00,0.00,0.00,0.00,0.00,0.00,0.00,0.00,0.00,0.00,0.00,0.00,304023,372306,525882,317128,385929,538899,0,0,0,0,0,0,0,111308,0,123.43,123.46,123.49
628,2,0,0,0,93619,93619,93619,3660,3660,3660,591,591,591,0.00,0.00,0.00,0.00,0.00,0.00,0.00,0.00,0.00,0.00,0.00,0.00,0.00,0.00,0.00,0.00,0.00,0.00,0.00,0.00,0.00,207568,569258,1402204,216217,582472,1417930,0,0,0,0,0,0,0,100981,0,125.92,125.99,126.08
628,3,0,0,0,93659,93659,93659,3620,3620,3620,591,591,591,0.00,0.00,0.00,0.00,0.00,0.00,0.00,0.00,0.00,0.00,0.00,0.00,0.00,0.00,0.00,0.00,0.00,0.00,0.00,0.00,0.00,419288,708699,1436364,435011,722327,1449470,0,0,0,0,0,0,0,126591,0,140.13,140.16,140.20
629,0,0,0,0,93655,93655,93655,3624,3624,3624,591,591,591,0.00,0.00,0.00,0.00,0.00,0.00,0.00,0.00,0.00,0.00,0.00,0.00,0.00,0.00,0.00,0.00,0.00,0.00,0.00,0.00,0.00,304024,542531,1216116,317128,556160,1229221,0,0,0,0,0,0,0,109865,0,137.11,137.20,137.31
629,1,0,0,0,93624,93624,93624,3655,3655,3655,591,591,591,0.00,0.00,0.00,0.00,0.00,0.00,0.00,0.00,0.00,0.00,0.00,0.00,0.00,0.00,0.00,0.00,0.00,0.00,0.00,0.00,0.00,298923,370622,511075,311808,384730,526800,0,0,0,0,0,0,0,98890,0,123.40,123.44,123.47
629,2,0,0,0,93619,93619,93619,3660,3660,3660,591,591,591,0.00,0.00,0.00,0.00,0.00,0.00,0.00,0.00,0.00,0.00,0.00,0.00,0.00,0.00,0.00,0.00,0.00,0.00,0.00,0.00,0.00,309752,390615,702412,323103,404293,715517,0,0,0,0,0,0,0,101093,0,125.87,125.94,126.00
629,3,0,0,0,93659,93659,93659,3620,3620,3620,591,591,591,0.00,0.00,0.00,0.00,0.00,0.00,0.00,0.00,0.00,0.00,0.00,0.00,0.00,0.00,0.00,0.00,0.00,0.00,0.00,0.00,0.00,420666,482913,714881,433730,497066,728022,0,0,0,0,0,0,0,112585,0,140.14,140.16,140.20
630,0,0,0,0,93655,93655,93655,3624,3624,3624,591,591,591,0.00,0.00,0.00,0.00,0.00,0.00,0.00,0.00,0.00,0.00,0.00,0.00,0.00,0.00,0.00,0.00,0.00,0.00,0.00,0.00,0.00,301406,380031,681441,311889,394184,697167,0,0,0,0,0,0,0,110040,0,137.12,137.21,137.27
630,1,0,0,0,93624,93624,93624,3655,3655,3655,591,591,591,0.00,0.00,0.00,0.00,0.00,0.00,0.00,0.00,0.00,0.00,0.00,0.00,0.00,0.00,0.00,0.00,0.00,0.00,0.00,0.00,0.00,207926,362385,579221,216663,375665,594947,0,0,0,0,0,0,0,98991,0,123.44,123.52,123.57
630,2,0,0,0,93619,93619,93619,3660,3660,3660,591,591,591,0.00,0.00,0.00,0.00,0.00,0.00,0.00,0.00,0.00,0.00,0.00,0.00,0.00,0.00,0.00,0.00,0.00,0.00,0.00,0.00,0.00,314512,463377,699782,324997,477529,715508,0,0,0,0,0,0,0,100947,0,125.90,125.95,126.00
630,3,0,0,0,93659,93659,93659,3620,3620,3620,591,591,591,0.00,0.00,0.00,0.00,0.00,0.00,0.00,0.00,0.00,0.00,0.00,0.00,0.00,0.00,0.00,0.00,0.00,0.00,0.00,0.00,0.00,411490,436739,505540,427216,450843,518570,0,0,0,0,0,0,0,112705,0,140.11,140.15,140.19
631,0,0,0,0,93655,93655,93655,3624,3624,3624,591,591,591,0.00,0.00,0.00,0.00,0.00,0.00,0.00,0.00,0.00,0.00,0.00,0.00,0.00,0.00,0.00,0.00,0.00,0.00,0.00,0.00,0.00,204432,343866,605436,214915,356447,618541,0,0,0,0,0,0,0,110039,0,137.14,137.19,137.31
631,1,0,0,0,93624,93624,93624,3655,3655,3655,591,591,591,0.00,0.00,0.00,0.00,0.00,0.00,0.00,0.00,0.00,0.00,0.00,0.00,0.00,0.00,0.00,0.00,0.00,0.00,0.00,0.00,0.00,298784,308216,327597,311889,321845,343322,0,0,0,0,0,0,0,98991,0,123.38,123.43,123.51
631,2,0,0,0,93619,93619,93619,3660,3660,3660,591,591,591,0.00,0.00,0.00,0.00,0.00,0.00,0.00,0.00,0.00,0.00,0.00,0.00,0.00,0.00,0.00,0.00,0.00,0.00,0.00,0.00,0.00,311892,522090,1334063,327618,536243,1349788,0,0,0,0,0,0,0,113710,0,125.91,125.93,125.97
631,3,0,0,0,93659,93659,93659,3620,3620,3620,591,591,591,0.00,0.00,0.00,0.00,0.00,0.00,0.00,0.00,0.00,0.00,0.00,0.00,0.00,0.00,0.00,0.00,0.00,0.00,0.00,0.00,0.00,286559,422665,563468,295295,435420,576572,0,0,0,0,0,0,0,84483,0,140.23,140.31,140.38
632,0,0,0,0,93655,93655,93655,3624,3624,3624,591,591,591,0.00,0.00,0.00,0.00,0.00,0.00,0.00,0.00,0.00,0.00,0.00,0.00,0.00,0.00,0.00,0.00,0.00,0.00,0.00,0.00,0.00,298785,350550,487495,311890,364310,500600,0,0,0,0,0,0,0,96212,0,137.21,137.23,137.27
632,1,0,0,0,93624,93624,93624,3655,3655,3655,591,591,591,0.00,0.00,0.00,0.00,0.00,0.00,0.00,0.00,0.00,0.00,0.00,0.00,0.00,0.00,0.00,0.00,0.00,0.00,0.00,0.00,0.00,301406,409519,537292,314510,423934,550397,0,0,0,0,0,0,0,86484,0,123.44,123.46,123.48
632,2,0,0,0,93619,93619,93619,3660,3660,3660,591,591,591,0.00,0.00,0.00,0.00,0.00,0.00,0.00,0.00,0.00,0.00,0.00,0.00,0.00,0.00,0.00,0.00,0.00,0.00,0.00,0.00,0.00,207645,365845,642131,216297,378331,655235,0,0,0,0,0,0,0,75808,0,125.89,125.90,125.92
632,3,0,0,0,93659,93659,93659,3620,3620,3620,591,591,591,0.00,0.00,0.00,0.00,0.00,0.00,0.00,0.00,0.00,0.00,0.00,0.00,0.00,0.00,0.00,0.00,0.00,0.00,0.00,0.00,0.00,419353,773177,1436284,432458,786936,1449388,0,0,0,0,0,0,0,112403,0,140.07,140.13,140.24
633,0,0,0,0,93655,93655,93655,3624,3624,3624,591,591,591,0.00,0.00,0.00,0.00,0.00,0.00,0.00,0.00,0.00,0.00,0.00,0.00,0.00,0.00,0.00,0.00,0.00,0.00,0.00,0.00,0.00,296164,539382,1247555,309269,553535,1260660,0,0,0,0,0,0,0,109878,0,137.16,137.22,137.27
633,1,0,0,0,93624,93624,93624,3655,3655,3655,591,591,591,0.00,0.00,0.00,0.00,0.00,0.00,0.00,0.00,0.00,0.00,0.00,0.00,0.00,0.00,0.00,0.00,0.00,0.00,0.00,0.00,0.00,301410,346293,507519,317131,360375,520270,0,0,0,0,0,0,0,98890,0,123.37,123.41,123.47
633,2,0,0,0,93619,93619,93619,3660,3660,3660,591,591,591,0.00,0.00,0.00,0.00,0.00,0.00,0.00,0.00,0.00,0.00,0.00,0.00,0.00,0.00,0.00,0.00,0.00,0.00,0.00,0.00,0.00,314496,472310,736583,327620,486056,750274,0,0,0,0,0,0,0,100922,0,125.73,125.81,125.89
633,3,0,0,0,93659,93659,93659,3620,3620,3620,591,591,591,0.00,0.00,0.00,0.00,0.00,0.00,0.00,0.00,0.00,0.00,0.00,0.00,0.00,0.00,0.00,0.00,0.00,0.00,0.00,0.00,0.00,419352,471766,660482,432456,485918,676208,0,0,0,0,0,0,0,112473,0,139.97,140.03,140.09
634,0,0,0,0,93655,93655,93655,3624,3624,3624,591,591,591,0.00,0.00,0.00,0.00,0.00,0.00,0.00,0.00,0.00,0.00,0.00,0.00,0.00,0.00,0.00,0.00,0.00,0.00,0.00,0.00,0.00,298784,379510,686683,314510,393139,699788,0,0,0,0,0,0,0,109972,0,137.13,137.16,137.18
634,1,0,0,0,93624,93624,93624,3655,3655,3655,591,591,591,0.00,0.00,0.00,0.00,0.00,0.00,0.00,0.00,0.00,0.00,0.00,0.00,0.00,0.00,0.00,0.00,0.00,0.00,0.00,0.00,0.00,306645,344909,400997,322370,357664,411480,0,0,0,0,0,0,0,98926,0,123.35,123.41,123.44
634,2,0,0,0,93619,93619,93619,3660,3660,3660,591,591,591,0.00,0.00,0.00,0.00,0.00,0.00,0.00,0.00,0.00,0.00,0.00,0.00,0.00,0.00,0.00,0.00,0.00,0.00,0.00,0.00,0.00,311891,385803,657861,324996,399956,673586,0,0,0,0,0,0,0,100931,0,125.78,125.80,125.84
634,3,0,0,0,93659,93659,93659,3620,3620,3620,591,591,591,0.00,0.00,0.00,0.00,0.00,0.00,0.00,0.00,0.00,0.00,0.00,0.00,0.00,0.00,0.00,0.00,0.00,0.00,0.00,0.00,0.00,414112,462814,568745,429838,476442,579229,0,0,0,0,0,0,0,112569,0,139.91,139.99,140.10
635,0,0,0,0,93655,93655,93655,3624,3624,3624,591,591,591,0.00,0.00,0.00,0.00,0.00,0.00,0.00,0.00,0.00,0.00,0.00,0.00,0.00,0.00,0.00,0.00,0.00,0.00,0.00,0.00,0.00,200931,376715,629027,209667,389994,644753,0,0,0,0,0,0,0,110004,0,137.15,137.19,137.23
635,1,0,0,0,93624,93624,93624,3655,3655,3655,591,591,591,0.00,0.00,0.00,0.00,0.00,0.00,0.00,0.00,0.00,0.00,0.00,0.00,0.00,0.00,0.00,0.00,0.00,0.00,0.00,0.00,0.00,298785,367453,618539,311890,381082,631643,0,0,0,0,0,0,0,98917,0,123.38,123.41,123.43
635,2,0,0,0,93619,93619,93619,3660,3660,3660,591,591,591,0.00,0.00,0.00,0.00,0.00,0.00,0.00,0.00,0.00,0.00,0.00,0.00,0.00,0.00,0.00,0.00,0.00,0.00,0.00,0.00,0.00,317135,594951,1404826,327619,609104,1420552,0,0,0,0,0,0,0,113577,0,125.80,125.82,125.86
635,3,0,0,0,93659,93659,93659,3620,3620,3620,591,591,591,0.00,0.00,0.00,0.00,0.00,0.00,0.00,0.00,0.00,0.00,0.00,0.00,0.00,0.00,0.00,0.00,0.00,0.00,0.00,0.00,0.00,278927,684015,1394353,289386,697122,1407458,0,0,0,0,0,0,0,126705,0,140.16,140.19,140.22
636,0,0,0,0,93655,93655,93655,3624,3624,3624,591,591,591,0.00,0.00,0.00,0.00,0.00,0.00,0.00,0.00,0.00,0.00,0.00,0.00,0.00,0.00,0.00,0.00,0.00,0.00,0.00,0.00,0.00,296163,473864,1163696,311888,488017,1174180,0,0,0,0,0,0,0,123782,0,137.13,137.21,137.29
636,1,0,0,0,93624,93624,93624,3655,3655,3655,591,591,591,0.00,0.00,0.00,0.00,0.00,0.00,0.00,0.00,0.00,0.00,0.00,0.00,0.00,0.00,0.00,0.00,0.00,0.00,0.00,0.00,0.00,304005,413054,532050,319729,427206,547776,0,0,0,0,0,0,0,98901,0,123.37,123.42,123.45
636,2,0,0,0,93619,93619,93619,3660,3660,3660,591,591,591,0.00,0.00,0.00,0.00,0.00,0.00,0.00,0.00,0.00,0.00,0.00,0.00,0.00,0.00,0.00,0.00,0.00,0.00,0.00,0.00,0.00,216664,364549,658867,225400,377737,671736,0,0,0,0,0,0,0,101055,0,125.81,125.90,125.98
636,3,0,0,0,93659,93659,93659,3620,3620,3620,591,591,591,0.00,0.00,0.00,0.00,0.00,0.00,0.00,0.00,0.00,0.00,0.00,0.00,0.00,0.00,0.00,0.00,0.00,0.00,0.00,0.00,0.00,411892,512021,681410,427534,526167,694514,0,0,0,0,0,0,0,112481,0,140.16,140.21,140.25
637,0,0,0,0,93655,93655,93655,3624,3624,3624,591,591,591,0.00,0.00,0.00,0.00,0.00,0.00,0.00,0.00,0.00,0.00,0.00,0.00,0.00,0.00,0.00,0.00,0.00,0.00,0.00,0.00,0.00,296165,435597,684056,311890,449750,699781,0,0,0,0,0,0,0,110039,0,137.22,137.29,137.34
637,1,0,0,0,93624,93624,93624,3655,3655,3655,591,591,591,0.00,0.00,0.00,0.00,0.00,0.00,0.00,0.00,0.00,0.00,0.00,0.00,0.00,0.00,0.00,0.00,0.00,0.00,0.00,0.00,0.00,301410,364413,532048,314515,378518,545153,0,0,0,0,0,0,0,98950,0,123.48,123.52,123.58
637,2,0,0,0,93619,93619,93619,3660,3660,3660,591,591,591,0.00,0.00,0.00,0.00,0.00,0.00,0.00,0.00,0.00,0.00,0.00,0.00,0.00,0.00,0.00,0.00,0.00,0.00,0.00,0.00,0.00,314512,388422,670963,327617,402575,684068,0,0,0,0,0,0,0,100894,0,125.75,125.80,125.93
637,3,0,0,0,93659,93659,93659,3620,3620,3620,591,591,591,0.00,0.00,0.00,0.00,0.00,0.00,0.00,0.00,0.00,0.00,0.00,0.00,0.00,0.00,0.00,0.00,0.00,0.00,0.00,0.00,0.00,413874,443244,516329,426889,456867,529434,0,0,0,0,0,0,0,112638,0,140.17,140.22,140.28
638,0,0,0,0,93655,93655,93655,3624,3624,3624,591,591,591,0.00,0.00,0.00,0.00,0.00,0.00,0.00,0.00,0.00,0.00,0.00,0.00,0.00,0.00,0.00,0.00,0.00,0.00,0.00,0.00,0.00,296166,369024,608061,311891,382652,621166,0,0,0,0,0,0,0,110009,0,137.11,137.13,137.16
638,1,0,0,0,93624,93624,93624,3655,3655,3655,591,591,591,0.00,0.00,0.00,0.00,0.00,0.00,0.00,0.00,0.00,0.00,0.00,0.00,0.00,0.00,0.00,0.00,0.00,0.00,0.00,0.00,0.00,209674,394710,615916,220157,407291,629021,0,0,0,0,0,0,0,99024,0,123.46,123.53,123.59
638,2,0,0,0,93619,93619,93619,3660,3660,3660,591,591,591,0.00,0.00,0.00,0.00,0.00,0.00,0.00,0.00,0.00,0.00,0.00,0.00,0.00,0.00,0.00,0.00,0.00,0.00,0.00,0.00,0.00,314515,388944,663102,327601,402573,678828,0,0,0,0,0,0,0,113556,0,125.81,125.90,125.95
638,3,0,0,0,93659,93659,93659,3620,3620,3620,591,591,591,0.00,0.00,0.00,0.00,0.00,0.00,0.00,0.00,0.00,0.00,0.00,0.00,0.00,0.00,0.00,0.00,0.00,0.00,0.00,0.00,0.00,277823,427610,573738,286559,440890,592161,0,0,0,0,0,0,0,112681,0,140.22,140.24,140.27
639,0,0,0,0,93655,93655,93655,3624,3624,3624,591,591,591,0.00,0.00,0.00,0.00,0.00,0.00,0.00,0.00,0.00,0.00,0.00,0.00,0.00,0.00,0.00,0.00,0.00,0.00,0.00,0.00,0.00,197444,310493,461285,206181,323773,474389,0,0,0,0,0,0,0,109994,0,137.16,137.17,137.18
639,1,0,0,0,93624,93624,93624,3655,3655,3655,591,591,591,0.00,0.00,0.00,0.00,0.00,0.00,0.00,0.00,0.00,0.00,0.00,0.00,0.00,0.00,0.00,0.00,0.00,0.00,0.00,0.00,0.00,301391,370070,553013,314511,384223,568739,0,0,0,0,0,0,0,86460,0,123.41,123.50,123.58
639,2,0,0,0,93619,93619,93619,3660,3660,3660,591,591,591,0.00,0.00,0.00,0.00,0.00,0.00,0.00,0.00,0.00,0.00,0.00,0.00,0.00,0.00,0.00,0.00,0.00,0.00,0.00,0.00,0.00,306651,581324,1347167,319756,595477,1360271,0,0,0,0,0,0,0,100830,0,125.77,125.83,125.94
639,3,0,0,0,93659,93659,93659,3620,3620,3620,591,591,591,0.00,0.00,0.00,0.00,0.00,0.00,0.00,0.00,0.00,0.00,0.00,0.00,0.00,0.00,0.00,0.00,0.00,0.00,0.00,0.00,0.00,421972,754324,1155829,435077,767945,1171554,0,0,0,0,0,0,0,84273,0,140.17,140.24,140.34
640,0,0,0,0,93655,93655,93655,3624,3624,3624,591,591,591,0.00,0.00,0.00,0.00,0.00,0.00,0.00,0.00,0.00,0.00,0.00,0.00,0.00,0.00,0.00,0.00,0.00,0.00,0.00,0.00,0.00,298785,590356,1189901,314511,604116,1203006,0,0,0,0,0,0,0,82500,0,137.18,137.20,137.24
640,1,0,0,0,93624,93624,93624,3655,3655,3655,591,591,591,0.00,0.00,0.00,0.00,0.00,0.00,0.00,0.00,0.00,0.00,0.00,0.00,0.00,0.00,0.00,0.00,0.00,0.00,0.00,0.00,0.00,311891,367586,524191,324995,381345,537296,0,0,0,0,0,0,0,99039,0,123.38,123.49,123.56
640,2,0,0,0,93619,93619,93619,3660,3660,3660,591,591,591,0.00,0.00,0.00,0.00,0.00,0.00,0.00,0.00,0.00,0.00,0.00,0.00,0.00,0.00,0.00,0.00,0.00,0.00,0.00,0.00,0.00,308592,355422,480613,318879,367870,490986,0,0,0,0,0,0,0,75619,0,125.71,125.74,125.77
640,3,0,0,0,93659,93659,93659,3620,3620,3620,591,591,591,0.00,0.00,0.00,0.00,0.00,0.00,0.00,0.00,0.00,0.00,0.00,0.00,0.00,0.00,0.00,0.00,0.00,0.00,0.00,0.00,0.00,414110,486532,689314,429836,500938,705040,0,0,0,0,0,0,0,112573,0,140.15,140.18,140.24
641,0,0,0,0,93655,93655,93655,3624,3624,3624,591,591,591,0.00,0.00,0.00,0.00,0.00,0.00,0.00,0.00,0.00,0.00,0.00,0.00,0.00,0.00,0.00,0.00,0.00,0.00,0.00,0.00,0.00,293543,375841,676204,309269,389994,689309,0,0,0,0,0,0,0,109900,0,137.04,137.12,137.17
641,1,0,0,0,93624,93624,93624,3655,3655,3655,591,591,591,0.00,0.00,0.00,0.00,0.00,0.00,0.00,0.00,0.00,0.00,0.00,0.00,0.00,0.00,0.00,0.00,0.00,0.00,0.00,0.00,0.00,309274,430333,560873,322379,444424,576598,0,0,0,0,0,0,0,99022,0,123.53,123.60,123.67
641,2,0,0,0,93619,93619,93619,3660,3660,3660,591,591,591,0.00,0.00,0.00,0.00,0.00,0.00,0.00,0.00,0.00,0.00,0.00,0.00,0.00,0.00,0.00,0.00,0.00,0.00,0.00,0.00,0.00,309265,377938,642132,322369,391567,657857,0,0,0,0,0,0,0,100883,0,125.72,125.75,125.78
641,3,0,0,0,93659,93659,93659,3620,3620,3620,591,591,591,0.00,0.00,0.00,0.00,0.00,0.00,0.00,0.00,0.00,0.00,0.00,0.00,0.00,0.00,0.00,0.00,0.00,0.00,0.00,0.00,0.00,411489,445266,551396,427215,459392,567076,0,0,0,0,0,0,0,112430,0,140.01,140.12,140.21
642,0,0,0,0,93655,93655,93655,3624,3624,3624,591,591,591,0.00,0.00,0.00,0.00,0.00,0.00,0.00,0.00,0.00,0.00,0.00,0.00,0.00,0.00,0.00,0.00,0.00,0.00,0.00,0.00,0.00,290923,365359,610683,304028,379512,626409,0,0,0,0,0,0,0,109953,0,137.03,137.10,137.19
642,1,0,0,0,93624,93624,93624,3655,3655,3655,591,591,591,0.00,0.00,0.00,0.00,0.00,0.00,0.00,0.00,0.00,0.00,0.00,0.00,0.00,0.00,0.00,0.00,0.00,0.00,0.00,0.00,0.00,207928,359241,631644,216664,372521,642128,0,0,0,0,0,0,0,99037,0,123.56,123.56,123.58
642,2,0,0,0,93619,93619,93619,3660,3660,3660,591,591,591,0.00,0.00,0.00,0.00,0.00,0.00,0.00,0.00,0.00,0.00,0.00,0.00,0.00,0.00,0.00,0.00,0.00,0.00,0.00,0.00,0.00,311892,596002,1347168,324997,610155,1360273,0,0,0,0,0,0,0,113452,0,125.67,125.73,125.82
642,3,0,0,0,93659,93659,93659,3620,3620,3620,591,591,591,0.00,0.00,0.00,0.00,0.00,0.00,0.00,0.00,0.00,0.00,0.00,0.00,0.00,0.00,0.00,0.00,0.00,0.00,0.00,0.00,0.00,281319,416851,497978,290055,429604,511083,0,0,0,0,0,0,0,126543,0,139.95,140.01,140.11
643,0,0,0,0,93655,93655,93655,3624,3624,3624,591,591,591,0.00,0.00,0.00,0.00,0.00,0.00,0.00,0.00,0.00,0.00,0.00,0.00,0.00,0.00,0.00,0.00,0.00,0.00,0.00,0.00,0.00,200938,307518,437672,209674,320272,453396,0,0,0,0,0,0,0,123713,0,137.26,137.29,137.32
643,1,0,0,0,93624,93624,93624,3655,3655,3655,591,591,591,0.00,0.00,0.00,0.00,0.00,0.00,0.00,0.00,0.00,0.00,0.00,0.00,0.00,0.00,0.00,0.00,0.00,0.00,0.00,0.00,0.00,309269,416206,566126,319755,429834,581852,0,0,0,0,0,0,0,111316,0,123.50,123.53,123.56
643,2,0,0,0,93619,93619,93619,3660,3660,3660,591,591,591,0.00,0.00,0.00,0.00,0.00,0.00,0.00,0.00,0.00,0.00,0.00,0.00,0.00,0.00,0.00,0.00,0.00,0.00,0.00,0.00,0.00,311894,380553,628991,324999,394182,644716,0,0,0,0,0,0,0,100765,0,125.66,125.73,125.79
643,3,0,0,0,93659,93659,93659,3620,3620,3620,591,591,591,0.00,0.00,0.00,0.00,0.00,0.00,0.00,0.00,0.00,0.00,0.00,0.00,0.00,0.00,0.00,0.00,0.00,0.00,0.00,0.00,0.00,414111,747134,1214602,427216,761284,1230275,0,0,0,0,0,0,0,112393,0,140.10,140.15,140.17
644,0,0,0,0,93655,93655,93655,3624,3624,3624,591,591,591,0.00,0.00,0.00,0.00,0.00,0.00,0.00,0.00,0.00,0.00,0.00,0.00,0.00,0.00,0.00,0.00,0.00,0.00,0.00,0.00,0.00,296166,531523,1163690,309271,545677,1176795,0,0,0,0,0,0,0,109960,0,137.17,137.20,137.23
644,1,0,0,0,93624,93624,93624,3655,3655,3655,591,591,591,0.00,0.00,0.00,0.00,0.00,0.00,0.00,0.00,0.00,0.00,0.00,0.00,0.00,0.00,0.00,0.00,0.00,0.00,0.00,0.00,0.00,304029,356971,513704,317134,370600,526809,0,0,0,0,0,0,0,98930,0,123.39,123.45,123.53
644,2,0,0,0,93619,93619,93619,3660,3660,3660,591,591,591,0.00,0.00,0.00,0.00,0.00,0.00,0.00,0.00,0.00,0.00,0.00,0.00,0.00,0.00,0.00,0.00,0.00,0.00,0.00,0.00,0.00,205822,436920,707660,214470,450194,723386,0,0,0,0,0,0,0,101019,0,125.68,125.77,125.89
644,3,0,0,0,93659,93659,93659,3620,3620,3620,591,591,591,0.00,0.00,0.00,0.00,0.00,0.00,0.00,0.00,0.00,0.00,0.00,0.00,0.00,0.00,0.00,0.00,0.00,0.00,0.00,0.00,0.00,419351,488079,713960,432456,501706,726988,0,0,0,0,0,0,0,112598,0,140.09,140.16,140.22
645,0,0,0,0,93655,93655,93655,3624,3624,3624,591,591,591,0.00,0.00,0.00,0.00,0.00,0.00,0.00,0.00,0.00,0.00,0.00,0.00,0.00,0.00,0.00,0.00,0.00,0.00,0.00,0.00,0.00,304028,377935,660473,317133,391564,676199,0,0,0,0,0,0,0,110105,0,137.15,137.21,137.27
645,1,0,0,0,93624,93624,93624,3655,3655,3655,591,591,591,0.00,0.00,0.00,0.00,0.00,0.00,0.00,0.00,0.00,0.00,0.00,0.00,0.00,0.00,0.00,0.00,0.00,0.00,0.00,0.00,0.00,301407,375964,553025,317133,390079,566130,0,0,0,0,0,0,0,98992,0,123.39,123.45,123.49
645,2,0,0,0,93619,93619,93619,3660,3660,3660,591,591,591,0.00,0.00,0.00,0.00,0.00,0.00,0.00,0.00,0.00,0.00,0.00,0.00,0.00,0.00,0.00,0.00,0.00,0.00,0.00,0.00,0.00,309270,386317,686650,322376,400470,699754,0,0,0,0,0,0,0,100858,0,125.75,125.79,125.87
645,3,0,0,0,93659,93659,93659,3620,3620,3620,591,591,591,0.00,0.00,0.00,0.00,0.00,0.00,0.00,0.00,0.00,0.00,0.00,0.00,0.00,0.00,0.00,0.00,0.00,0.00,0.00,0.00,0.00,420567,475431,594914,433547,489550,608018,0,0,0,0,0,0,0,112531,0,140.16,140.19,140.25
646,0,0,0,0,93655,93655,93655,3624,3624,3624,591,591,591,0.00,0.00,0.00,0.00,0.00,0.00,0.00,0.00,0.00,0.00,0.00,0.00,0.00,0.00,0.00,0.00,0.00,0.00,0.00,0.00,0.00,296166,365524,615920,309270,378628,631645,0,0,0,0,0,0,0,109970,0,137.20,137.26,137.30
646,1,0,0,0,93624,93624,93624,3655,3655,3655,591,591,591,0.00,0.00,0.00,0.00,0.00,0.00,0.00,0.00,0.00,0.00,0.00,0.00,0.00,0.00,0.00,0.00,0.00,0.00,0.00,0.00,0.00,200939,295990,345962,211423,309095,359067,0,0,0,0,0,0,0,99082,0,123.52,123.56,123.59
646,2,0,0,0,93619,93619,93619,3660,3660,3660,591,591,591,0.00,0.00,0.00,0.00,0.00,0.00,0.00,0.00,0.00,0.00,0.00,0.00,0.00,0.00,0.00,0.00,0.00,0.00,0.00,0.00,0.00,311890,589185,1323579,327616,602814,1336683,0,0,0,0,0,0,0,113462,0,125.72,125.73,125.76
646,3,0,0,0,93659,93659,93659,3620,3620,3620,591,591,591,0.00,0.00,0.00,0.00,0.00,0.00,0.00,0.00,0.00,0.00,0.00,0.00,0.00,0.00,0.00,0.00,0.00,0.00,0.00,0.00,0.00,284809,592679,1407450,295293,605784,1423176,0,0,0,0,0,0,0,98481,0,140.07,140.10,140.14
647,0,0,0,0,93655,93655,93655,3624,3624,3624,591,591,591,0.00,0.00,0.00,0.00,0.00,0.00,0.00,0.00,0.00,0.00,0.00,0.00,0.00,0.00,0.00,0.00,0.00,0.00,0.00,0.00,0.00,298786,528119,1210876,311893,541879,1223980,0,0,0,0,0,0,0,96258,0,137.22,137.27,137.29
647,1,0,0,0,93624,93624,93624,3655,3655,3655,591,591,591,0.00,0.00,0.00,0.00,0.00,0.00,0.00,0.00,0.00,0.00,0.00,0.00,0.00,0.00,0.00,0.00,0.00,0.00,0.00,0.00,0.00,314511,410829,532045,330236,425244,545150,0,0,0,0,0,0,0,74152,0,123.47,123.51,123.55
647,2,0,0,0,93619,93619,93619,3660,3660,3660,591,591,591,0.00,0.00,0.00,0.00,0.00,0.00,0.00,0.00,0.00,0.00,0.00,0.00,0.00,0.00,0.00,0.00,0.00,0.00,0.00,0.00,0.00,311891,410178,676210,327617,424594,689315,0,0,0,0,0,0,0,75739,0,125.73,125.76,125.77
647,3,0,0,0,93659,93659,93659,3620,3620,3620,591,591,591,0.00,0.00,0.00,0.00,0.00,0.00,0.00,0.00,0.00,0.00,0.00,0.00,0.00,0.00,0.00,0.00,0.00,0.00,0.00,0.00,0.00,419344,520911,822977,432448,534671,836081,0,0,0,0,0,0,0,112588,0,140.29,140.32,140.33
648,0,0,0,0,93655,93655,93655,3624,3624,3624,591,591,591,0.00,0.00,0.00,0.00,0.00,0.00,0.00,0.00,0.00,0.00,0.00,0.00,0.00,0.00,0.00,0.00,0.00,0.00,0.00,0.00,0.00,301405,360633,568707,311889,374261,584432,0,0,0,0,0,0,0,110076,0,137.15,137.18,137.22
648,1,0,0,0,93624,93624,93624,3655,3655,3655,591,591,591,0.00,0.00,0.00,0.00,0.00,0.00,0.00,0.00,0.00,0.00,0.00,0.00,0.00,0.00,0.00,0.00,0.00,0.00,0.00,0.00,0.00,304029,364309,505840,319754,377938,516324,0,0,0,0,0,0,0,99012,0,123.46,123.50,123.53
648,2,0,0,0,93619,93619,93619,3660,3660,3660,591,591,591,0.00,0.00,0.00,0.00,0.00,0.00,0.00,0.00,0.00,0.00,0.00,0.00,0.00,0.00,0.00,0.00,0.00,0.00,0.00,0.00,0.00,204094,364359,670859,214471,377450,684494,0,0,0,0,0,0,0,100845,0,125.70,125.79,125.85
648,3,0,0,0,93659,93659,93659,3620,3620,3620,591,591,591,0.00,0.00,0.00,0.00,0.00,0.00,0.00,0.00,0.00,0.00,0.00,0.00,0.00,0.00,0.00,0.00,0.00,0.00,0.00,0.00,0.00,419328,502121,684065,432432,515748,697170,0,0,0,0,0,0,0,112580,0,140.14,140.20,140.26
649,0,0,0,0,93655,93655,93655,3624,3624,3624,591,591,591,0.00,0.00,0.00,0.00,0.00,0.00,0.00,0.00,0.00,0.00,0.00,0.00,0.00,0.00,0.00,0.00,0.00,0.00,0.00,0.00,0.00,306649,435074,663091,319756,449751,678816,0,0,0,0,0,0,0,109913,0,137.17,137.26,137.30
649,1,0,0,0,93624,93624,93624,3655,3655,3655,591,591,591,0.00,0.00,0.00,0.00,0.00,0.00,0.00,0.00,0.00,0.00,0.00,0.00,0.00,0.00,0.00,0.00,0.00,0.00,0.00,0.00,0.00,301404,351150,523916,314508,364685,539176,0,0,0,0,0,0,0,98907,0,123.45,123.48,123.52
649,2,0,0,0,93619,93619,93619,3660,3660,3660,591,591,591,0.00,0.00,0.00,0.00,0.00,0.00,0.00,0.00,0.00,0.00,0.00,0.00,0.00,0.00,0.00,0.00,0.00,0.00,0.00,0.00,0.00,304028,388423,684067,319754,402052,697171,0,0,0,0,0,0,0,100842,0,125.61,125.66,125.72
649,3,0,0,0,93659,93659,93659,3620,3620,3620,591,591,591,0.00,0.00,0.00,0.00,0.00,0.00,0.00,0.00,0.00,0.00,0.00,0.00,0.00,0.00,0.00,0.00,0.00,0.00,0.00,0.00,0.00,406167,449413,575680,419270,463500,591100,0,0,0,0,0,0,0,112533,0,140.10,140.15,140.22
650,0,0,0,0,93655,93655,93655,3624,3624,3624,591,591,591,0.00,0.00,0.00,0.00,0.00,0.00,0.00,0.00,0.00,0.00,0.00,0.00,0.00,0.00,0.00,0.00,0.00,0.00,0.00,0.00,0.00,193921,301410,419397,202656,314102,432184,0,0,0,0,0,0,0,110006,0,137.14,137.19,137.27
650,1,0,0,0,93624,93624,93624,3655,3655,3655,591,591,591,0.00,0.00,0.00,0.00,0.00,0.00,0.00,0.00,0.00,0.00,0.00,0.00,0.00,0.00,0.00,0.00,0.00,0.00,0.00,0.00,0.00,202685,336175,539903,211421,349454,555628,0,0,0,0,0,0,0,111310,0,123.47,123.51,123.54
650,2,0,0,0,93619,93619,93619,3660,3660,3660,591,591,591,0.00,0.00,0.00,0.00,0.00,0.00,0.00,0.00,0.00,0.00,0.00,0.00,0.00,0.00,0.00,0.00,0.00,0.00,0.00,0.00,0.00,311892,593373,1404824,324997,607002,1417928,0,0,0,0,0,0,0,100789,0,125.62,125.68,125.71
650,3,0,0,0,93659,93659,93659,3620,3620,3620,591,591,591,0.00,0.00,0.00,0.00,0.00,0.00,0.00,0.00,0.00,0.00,0.00,0.00,0.00,0.00,0.00,0.00,0.00,0.00,0.00,0.00,0.00,281313,673759,1441535,288303,687214,1457261,0,0,0,0,0,0,0,126784,0,140.05,140.15,140.21
651,0,0,0,0,93655,93655,93655,3624,3624,3624,591,591,591,0.00,0.00,0.00,0.00,0.00,0.00,0.00,0.00,0.00,0.00,0.00,0.00,0.00,0.00,0.00,0.00,0.00,0.00,0.00,0.00,0.00,301407,539912,1192526,314512,553541,1205630,0,0,0,0,0,0,0,123749,0,137.19,137.23,137.28
651,1,0,0,0,93624,93624,93624,3655,3655,3655,591,591,591,0.00,0.00,0.00,0.00,0.00,0.00,0.00,0.00,0.00,0.00,0.00,0.00,0.00,0.00,0.00,0.00,0.00,0.00,0.00,0.00,0.00,304008,349102,421970,319732,362731,435074,0,0,0,0,0,0,0,98917,0,123.36,123.44,123.52
651,2,0,0,0,93619,93619,93619,3660,3660,3660,591,591,591,0.00,0.00,0.00,0.00,0.00,0.00,0.00,0.00,0.00,0.00,0.00,0.00,0.00,0.00,0.00,0.00,0.00,0.00,0.00,0.00,0.00,309272,384230,678825,324997,398383,691930,0,0,0,0,0,0,0,100925,0,125.64,125.71,125.78
651,3,0,0,0,93659,93659,93659,3620,3620,3620,591,591,591,0.00,0.00,0.00,0.00,0.00,0.00,0.00,0.00,0.00,0.00,0.00,0.00,0.00,0.00,0.00,0.00,0.00,0.00,0.00,0.00,0.00,414103,480151,705038,427208,494304,718143,0,0,0,0,0,0,0,112595,0,140.17,140.21,140.27
652,0,0,0,0,93655,93655,93655,3624,3624,3624,591,591,591,0.00,0.00,0.00,0.00,0.00,0.00,0.00,0.00,0.00,0.00,0.00,0.00,0.00,0.00,0.00,0.00,0.00,0.00,0.00,0.00,0.00,298785,374269,668339,314509,388422,681443,0,0,0,0,0,0,0,109963,0,137.10,137.12,137.14
652,1,0,0,0,93624,93624,93624,3655,3655,3655,591,591,591,0.00,0.00,0.00,0.00,0.00,0.00,0.00,0.00,0.00,0.00,0.00,0.00,0.00,0.00,0.00,0.00,0.00,0.00,0.00,0.00,0.00,311889,412008,550394,324994,426162,566120,0,0,0,0,0,0,0,99019,0,123.45,123.51,123.56
652,2,0,0,0,93619,93619,93619,3660,3660,3660,591,591,591,0.00,0.00,0.00,0.00,0.00,0.00,0.00,0.00,0.00,0.00,0.00,0.00,0.00,0.00,0.00,0.00,0.00,0.00,0.00,0.00,0.00,203209,354457,638429,213455,367535,648727,0,0,0,0,0,0,0,100839,0,125.70,125.75,125.79
652,3,0,0,0,93659,93659,93659,3620,3620,3620,591,591,591,0.00,0.00,0.00,0.00,0.00,0.00,0.00,0.00,0.00,0.00,0.00,0.00,0.00,0.00,0.00,0.00,0.00,0.00,0.00,0.00,0.00,411490,440317,508462,427216,453946,524187,0,0,0,0,0,0,0,112774,0,140.19,140.34,140.41
653,0,0,0,0,93655,93655,93655,3624,3624,3624,591,591,591,0.00,0.00,0.00,0.00,0.00,0.00,0.00,0.00,0.00,0.00,0.00,0.00,0.00,0.00,0.00,0.00,0.00,0.00,0.00,0.00,0.00,296166,366402,618540,309270,380555,631645,0,0,0,0,0,0,0,110032,0,137.12,137.16,137.20
653,1,0,0,0,93624,93624,93624,3655,3655,3655,591,591,591,0.00,0.00,0.00,0.00,0.00,0.00,0.00,0.00,0.00,0.00,0.00,0.00,0.00,0.00,0.00,0.00,0.00,0.00,0.00,0.00,0.00,304025,328726,408862,319751,341973,417598,0,0,0,0,0,0,0,98997,0,123.44,123.48,123.52
653,2,0,0,0,93619,93619,93619,3660,3660,3660,591,591,591,0.00,0.00,0.00,0.00,0.00,0.00,0.00,0.00,0.00,0.00,0.00,0.00,0.00,0.00,0.00,0.00,0.00,0.00,0.00,0.00,0.00,319756,598610,1137466,332861,612763,1153191,0,0,0,0,0,0,0,113225,0,125.58,125.64,125.68
653,3,0,0,0,93659,93659,93659,3620,3620,3620,591,591,591,0.00,0.00,0.00,0.00,0.00,0.00,0.00,0.00,0.00,0.00,0.00,0.00,0.00,0.00,0.00,0.00,0.00,0.00,0.00,0.00,0.00,416731,455824,581842,429836,469930,594946,0,0,0,0,0,0,0,126595,0,140.22,140.32,140.43
654,0,0,0,0,93655,93655,93655,3624,3624,3624,591,591,591,0.00,0.00,0.00,0.00,0.00,0.00,0.00,0.00,0.00,0.00,0.00,0.00,0.00,0.00,0.00,0.00,0.00,0.00,0.00,0.00,0.00,192179,308611,461282,200915,321846,471765,0,0,0,0,0,0,0,82409,0,137.13,137.18,137.26
654,1,0,0,0,93624,93624,93624,3655,3655,3655,591,591,591,0.00,0.00,0.00,0.00,0.00,0.00,0.00,0.00,0.00,0.00,0.00,0.00,0.00,0.00,0.00,0.00,0.00,0.00,0.00,0.00,0.00,304027,393657,542530,314510,406762,555634,0,0,0,0,0,0,0,86549,0,123.45,123.49,123.54
654,2,0,0,0,93619,93619,93619,3660,3660,3660,591,591,591,0.00,0.00,0.00,0.00,0.00,0.00,0.00,0.00,0.00,0.00,0.00,0.00,0.00,0.00,0.00,0.00,0.00,0.00,0.00,0.00,0.00,311892,383704,660475,324996,397332,673579,0,0,0,0,0,0,0,100878,0,125.54,125.59,125.70
654,3,0,0,0,93659,93659,93659,3620,3620,3620,591,591,591,0.00,0.00,0.00,0.00,0.00,0.00,0.00,0.00,0.00,0.00,0.00,0.00,0.00,0.00,0.00,0.00,0.00,0.00,0.00,0.00,0.00,416733,694551,1210861,432459,708005,1226587,0,0,0,0,0,0,0,84410,0,140.11,140.20,140.28
655,0,0,0,0,93655,93655,93655,3624,3624,3624,591,591,591,0.00,0.00,0.00,0.00,0.00,0.00,0.00,0.00,0.00,0.00,0.00,0.00,0.00,0.00,0.00,0.00,0.00,0.00,0.00,0.00,0.00,301390,596257,1231839,314494,610016,1244943,0,0,0,0,0,0,0,109980,0,137.08,137.09,137.12
655,1,0,0,0,93624,93624,93624,3655,3655,3655,591,591,591,0.00,0.00,0.00,0.00,0.00,0.00,0.00,0.00,0.00,0.00,0.00,0.00,0.00,0.00,0.00,0.00,0.00,0.00,0.00,0.00,0.00,301406,359717,518931,317132,374788,534657,0,0,0,0,0,0,0,98814,0,123.38,123.43,123.47
655,2,0,0,0,93619,93619,93619,3660,3660,3660,591,591,591,0.00,0.00,0.00,0.00,0.00,0.00,0.00,0.00,0.00,0.00,0.00,0.00,0.00,0.00,0.00,0.00,0.00,0.00,0.00,0.00,0.00,311874,407551,691929,324978,421311,707655,0,0,0,0,0,0,0,75700,0,125.77,125.78,125.80
655,3,0,0,0,93659,93659,93659,3620,3620,3620,591,591,591,0.00,0.00,0.00,0.00,0.00,0.00,0.00,0.00,0.00,0.00,0.00,0.00,0.00,0.00,0.00,0.00,0.00,0.00,0.00,0.00,0.00,414112,492736,686674,427217,505840,699778,0,0,0,0,0,0,0,112607,0,140.26,140.29,140.31
656,0,0,0,0,93655,93655,93655,3624,3624,3624,591,591,591,0.00,0.00,0.00,0.00,0.00,0.00,0.00,0.00,0.00,0.00,0.00,0.00,0.00,0.00,0.00,0.00,0.00,0.00,0.00,0.00,0.00,293544,375318,670962,306649,389471,684067,0,0,0,0,0,0,0,110031,0,137.14,137.18,137.23
656,1,0,0,0,93624,93624,93624,3655,3655,3655,591,591,591,0.00,0.00,0.00,0.00,0.00,0.00,0.00,0.00,0.00,0.00,0.00,0.00,0.00,0.00,0.00,0.00,0.00,0.00,0.00,0.00,0.00,314512,391562,584469,327616,405191,597574,0,0,0,0,0,0,0,98954,0,123.38,123.43,123.51
656,2,0,0,0,93619,93619,93619,3660,3660,3660,591,591,591,0.00,0.00,0.00,0.00,0.00,0.00,0.00,0.00,0.00,0.00,0.00,0.00,0.00,0.00,0.00,0.00,0.00,0.00,0.00,0.00,0.00,306588,415520,718134,319690,428604,731239,0,0,0,0,0,0,0,100895,0,125.79,125.82,125.86
656,3,0,0,0,93659,93659,93659,3620,3620,3620,591,591,591,0.00,0.00,0.00,0.00,0.00,0.00,0.00,0.00,0.00,0.00,0.00,0.00,0.00,0.00,0.00,0.00,0.00,0.00,0.00,0.00,0.00,416731,461803,631613,429839,475956,644717,0,0,0,0,0,0,0,112584,0,140.24,140.26,140.27
657,0,0,0,0,93655,93655,93655,3624,3624,3624,591,591,591,0.00,0.00,0.00,0.00,0.00,0.00,0.00,0.00,0.00,0.00,0.00,0.00,0.00,0.00,0.00,0.00,0.00,0.00,0.00,0.00,0.00,298787,372171,647367,309271,385800,660472,0,0,0,0,0,0,0,109927,0,137.13,137.22,137.30
657,1,0,0,0,93624,93624,93624,3655,3655,3655,591,591,591,0.00,0.00,0.00,0.00,0.00,0.00,0.00,0.00,0.00,0.00,0.00,0.00,0.00,0.00,0.00,0.00,0.00,0.00,0.00,0.00,0.00,296698,326323,401877,309598,339037,410613,0,0,0,0,0,0,0,98950,0,123.47,123.49,123.51
657,2,0,0,0,93619,93619,93619,3660,3660,3660,591,591,591,0.00,0.00,0.00,0.00,0.00,0.00,0.00,0.00,0.00,0.00,0.00,0.00,0.00,0.00,0.00,0.00,0.00,0.00,0.00,0.00,0.00,314513,523663,1352398,327618,537292,1368124,0,0,0,0,0,0,0,113567,0,125.78,125.79,125.80
657,3,0,0,0,93659,93659,93659,3620,3620,3620,591,591,591,0.00,0.00,0.00,0.00,0.00,0.00,0.00,0.00,0.00,0.00,0.00,0.00,0.00,0.00,0.00,0.00,0.00,0.00,0.00,0.00,0.00,416729,480680,576615,429834,493960,585351,0,0,0,0,0,0,0,126490,0,140.13,140.23,140.29
658,0,0,0,0,93655,93655,93655,3624,3624,3624,591,591,591,0.00,0.00,0.00,0.00,0.00,0.00,0.00,0.00,0.00,0.00,0.00,0.00,0.00,0.00,0.00,0.00,0.00,0.00,0.00,0.00,0.00,190442,488010,1179420,199178,500726,1192524,0,0,0,0,0,0,0,123765,0,137.07,137.11,137.18
658,1,0,0,0,93624,93624,93624,3655,3655,3655,591,591,591,0.00,0.00,0.00,0.00,0.00,0.00,0.00,0.00,0.00,0.00,0.00,0.00,0.00,0.00,0.00,0.00,0.00,0.00,0.00,0.00,0.00,301410,417773,547768,317135,431926,560872,0,0,0,0,0,0,0,111246,0,123.40,123.43,123.46
658,2,0,0,0,93619,93619,93619,3660,3660,3660,591,591,591,0.00,0.00,0.00,0.00,0.00,0.00,0.00,0.00,0.00,0.00,0.00,0.00,0.00,0.00,0.00,0.00,0.00,0.00,0.00,0.00,0.00,309270,452370,712895,324979,467047,728620,0,0,0,0,0,0,0,100862,0,125.83,125.85,125.87
658,3,0,0,0,93659,93659,93659,3620,3620,3620,591,591,591,0.00,0.00,0.00,0.00,0.00,0.00,0.00,0.00,0.00,0.00,0.00,0.00,0.00,0.00,0.00,0.00,0.00,0.00,0.00,0.00,0.00,414108,655754,1255436,429833,669907,1268541,0,0,0,0,0,0,0,112624,0,140.00,140.11,140.24
659,0,0,0,0,93655,93655,93655,3624,3624,3624,591,591,591,0.00,0.00,0.00,0.00,0.00,0.00,0.00,0.00,0.00,0.00,0.00,0.00,0.00,0.00,0.00,0.00,0.00,0.00,0.00,0.00,0.00,296166,363784,592326,311892,378461,608052,0,0,0,0,0,0,0,109992,0,137.12,137.18,137.23
659,1,0,0,0,93624,93624,93624,3655,3655,3655,591,591,591,0.00,0.00,0.00,0.00,0.00,0.00,0.00,0.00,0.00,0.00,0.00,0.00,0.00,0.00,0.00,0.00,0.00,0.00,0.00,0.00,0.00,306630,371642,497974,319734,385795,513699,0,0,0,0,0,0,0,98943,0,123.43,123.46,123.50
659,2,0,0,0,93619,93619,93619,3660,3660,3660,591,591,591,0.00,0.00,0.00,0.00,0.00,0.00,0.00,0.00,0.00,0.00,0.00,0.00,0.00,0.00,0.00,0.00,0.00,0.00,0.00,0.00,0.00,207205,362245,647378,219292,375146,660483,0,0,0,0,0,0,0,100976,0,125.74,125.80,125.86
659,3,0,0,0,93659,93659,93659,3620,3620,3620,591,591,591,0.00,0.00,0.00,0.00,0.00,0.00,0.00,0.00,0.00,0.00,0.00,0.00,0.00,0.00,0.00,0.00,0.00,0.00,0.00,0.00,0.00,419343,517374,697174,432448,531003,710279,0,0,0,0,0,0,0,112555,0,140.22,140.28,140.31
660,0,0,0,0,93655,93655,93655,3624,3624,3624,591,591,591,0.00,0.00,0.00,0.00,0.00,0.00,0.00,0.00,0.00,0.00,0.00,0.00,0.00,0.00,0.00,0.00,0.00,0.00,0.00,0.00,0.00,311889,464949,883250,327615,478578,896354,0,0,0,0,0,0,0,109974,0,137.11,137.17,137.22
660,1,0,0,0,93624,93624,93624,3655,3655,3655,591,591,591,0.00,0.00,0.00,0.00,0.00,0.00,0.00,0.00,0.00,0.00,0.00,0.00,0.00,0.00,0.00,0.00,0.00,0.00,0.00,0.00,0.00,296167,378630,663095,309272,392213,673579,0,0,0,0,0,0,0,98888,0,123.36,123.42,123.45
660,2,0,0,0,93619,93619,93619,3660,3660,3660,591,591,591,0.00,0.00,0.00,0.00,0.00,0.00,0.00,0.00,0.00,0.00,0.00,0.00,0.00,0.00,0.00,0.00,0.00,0.00,0.00,0.00,0.00,304355,390971,673584,317703,404087,686689,0,0,0,0,0,0,0,100354,0,125.22,125.50,125.85
660,3,0,0,0,93659,93659,93659,3620,3620,3620,591,591,591,0.00,0.00,0.00,0.00,0.00,0.00,0.00,0.00,0.00,0.00,0.00,0.00,0.00,0.00,0.00,0.00,0.00,0.00,0.00,0.00,0.00,416015,445675,553289,430721,459274,566400,0,0,0,0,0,0,0,112541,0,140.23,140.25,140.28
661,0,0,0,0,93655,93655,93655,3624,3624,3624,591,591,591,0.00,0.00,0.00,0.00,0.00,0.00,0.00,0.00,0.00,0.00,0.00,0.00,0.00,0.00,0.00,0.00,0.00,0.00,0.00,0.00,0.00,306649,343342,469149,317133,356971,484875,0,0,0,0,0,0,0,109956,0,137.02,137.09,137.13
661,1,0,0,0,93624,93624,93624,3655,3655,3655,591,591,591,0.00,0.00,0.00,0.00,0.00,0.00,0.00,0.00,0.00,0.00,0.00,0.00,0.00,0.00,0.00,0.00,0.00,0.00,0.00,0.00,0.00,206180,342113,532047,214916,355392,547773,0,0,0,0,0,0,0,111250,0,123.34,123.38,123.43
661,2,0,0,0,93619,93619,93619,3660,3660,3660,591,591,591,0.00,0.00,0.00,0.00,0.00,0.00,0.00,0.00,0.00,0.00,0.00,0.00,0.00,0.00,0.00,0.00,0.00,0.00,0.00,0.00,0.00,309263,585517,1326197,324989,599670,1341923,0,0,0,0,0,0,0,100339,0,125.11,125.14,125.16
661,3,0,0,0,93659,93659,93659,3620,3620,3620,591,591,591,0.00,0.00,0.00,0.00,0.00,0.00,0.00,0.00,0.00,0.00,0.00,0.00,0.00,0.00,0.00,0.00,0.00,0.00,0.00,0.00,0.00,403522,685794,1168947,419244,698898,1182052,0,0,0,0,0,0,0,98557,0,140.19,140.25,140.34
662,0,0,0,0,93655,93655,93655,3624,3624,3624,591,591,591,0.00,0.00,0.00,0.00,0.00,0.00,0.00,0.00,0.00,0.00,0.00,0.00,0.00,0.00,0.00,0.00,0.00,0.00,0.00,0.00,0.00,198571,518791,1229213,207205,532089,1244939,0,0,0,0,0,0,0,96167,0,136.95,137.05,137.16
662,1,0,0,0,93624,93624,93624,3655,3655,3655,591,591,591,0.00,0.00,0.00,0.00,0.00,0.00,0.00,0.00,0.00,0.00,0.00,0.00,0.00,0.00,0.00,0.00,0.00,0.00,0.00,0.00,0.00,314509,380032,511080,330234,393792,524185,0,0,0,0,0,0,0,74112,0,123.40,123.44,123.47
662,2,0,0,0,93619,93619,93619,3660,3660,3660,591,591,591,0.00,0.00,0.00,0.00,0.00,0.00,0.00,0.00,0.00,0.00,0.00,0.00,0.00,0.00,0.00,0.00,0.00,0.00,0.00,0.00,0.00,306649,408866,705030,319754,422626,720756,0,0,0,0,0,0,0,75349,0,125.14,125.21,125.26
662,3,0,0,0,93659,93659,93659,3620,3620,3620,591,591,591,0.00,0.00,0.00,0.00,0.00,0.00,0.00,0.00,0.00,0.00,0.00,0.00,0.00,0.00,0.00,0.00,0.00,0.00,0.00,0.00,0.00,416731,481598,668340,432457,495358,678823,0,0,0,0,0,0,0,112702,0,140.38,140.41,140.44
663,0,0,0,0,93655,93655,93655,3624,3624,3624,591,591,591,0.00,0.00,0.00,0.00,0.00,0.00,0.00,0.00,0.00,0.00,0.00,0.00,0.00,0.00,0.00,0.00,0.00,0.00,0.00,0.00,0.00,293546,419870,663095,309272,434023,678821,0,0,0,0,0,0,0,109901,0,136.99,137.04,137.11
663,1,0,0,0,93624,93624,93624,3655,3655,3655,591,591,591,0.00,0.00,0.00,0.00,0.00,0.00,0.00,0.00,0.00,0.00,0.00,0.00,0.00,0.00,0.00,0.00,0.00,0.00,0.00,0.00,0.00,306646,381604,542527,319751,395757,555631,0,0,0,0,0,0,0,98935,0,123.38,123.43,123.50
663,2,0,0,0,93619,93619,93619,3660,3660,3660,591,591,591,0.00,0.00,0.00,0.00,0.00,0.00,0.00,0.00,0.00,0.00,0.00,0.00,0.00,0.00,0.00,0.00,0.00,0.00,0.00,0.00,0.00,205818,366680,686689,214466,379942,699794,0,0,0,0,0,0,0,100527,0,125.20,125.23,125.28
663,3,0,0,0,93659,93659,93659,3620,3620,3620,591,591,591,0.00,0.00,0.00,0.00,0.00,0.00,0.00,0.00,0.00,0.00,0.00,0.00,0.00,0.00,0.00,0.00,0.00,0.00,0.00,0.00,0.00,419348,458134,587061,435074,472287,600165,0,0,0,0,0,0,0,112710,0,140.30,140.34,140.39
664,0,0,0,0,93655,93655,93655,3624,3624,3624,591,591,591,0.00,0.00,0.00,0.00,0.00,0.00,0.00,0.00,0.00,0.00,0.00,0.00,0.00,0.00,0.00,0.00,0.00,0.00,0.00,0.00,0.00,298789,374793,626402,314515,388946,639506,0,0,0,0,0,0,0,109995,0,137.09,137.12,137.16
664,1,0,0,0,93624,93624,93624,3655,3655,3655,591,591,591,0.00,0.00,0.00,0.00,0.00,0.00,0.00,0.00,0.00,0.00,0.00,0.00,0.00,0.00,0.00,0.00,0.00,0.00,0.00,0.00,0.00,293531,376513,558257,309256,389267,571362,0,0,0,0,0,0,0,99001,0,123.53,123.59,123.65
664,2,0,0,0,93619,93619,93619,3660,3660,3660,591,591,591,0.00,0.00,0.00,0.00,0.00,0.00,0.00,0.00,0.00,0.00,0.00,0.00,0.00,0.00,0.00,0.00,0.00,0.00,0.00,0.00,0.00,294838,384730,687900,309958,398871,701549,0,0,0,0,0,0,0,113534,0,125.49,125.75,125.92
664,3,0,0,0,93659,93659,93659,3620,3620,3620,591,591,591,0.00,0.00,0.00,0.00,0.00,0.00,0.00,0.00,0.00,0.00,0.00,0.00,0.00,0.00,0.00,0.00,0.00,0.00,0.00,0.00,0.00,409296,451313,599693,424594,465427,615406,0,0,0,0,0,0,0,112767,0,140.35,140.39,140.45
665,0,0,0,0,93655,93655,93655,3624,3624,3624,591,591,591,0.00,0.00,0.00,0.00,0.00,0.00,0.00,0.00,0.00,0.00,0.00,0.00,0.00,0.00,0.00,0.00,0.00,0.00,0.00,0.00,0.00,293529,325516,453421,304027,339145,466526,0,0,0,0,0,0,0,110019,0,137.17,137.19,137.20
665,1,0,0,0,93624,93624,93624,3655,3655,3655,591,591,591,0.00,0.00,0.00,0.00,0.00,0.00,0.00,0.00,0.00,0.00,0.00,0.00,0.00,0.00,0.00,0.00,0.00,0.00,0.00,0.00,0.00,301407,371120,542529,317133,385798,553013,0,0,0,0,0,0,0,111281,0,123.50,123.53,123.55
665,2,0,0,0,93619,93619,93619,3660,3660,3660,591,591,591,0.00,0.00,0.00,0.00,0.00,0.00,0.00,0.00,0.00,0.00,0.00,0.00,0.00,0.00,0.00,0.00,0.00,0.00,0.00,0.00,0.00,311873,593901,1425792,324977,607529,1438896,0,0,0,0,0,0,0,100927,0,125.85,125.88,125.90
665,3,0,0,0,93659,93659,93659,3620,3620,3620,591,591,591,0.00,0.00,0.00,0.00,0.00,0.00,0.00,0.00,0.00,0.00,0.00,0.00,0.00,0.00,0.00,0.00,0.00,0.00,0.00,0.00,0.00,416729,659606,894617,432454,672885,903354,0,0,0,0,0,0,0,112392,0,140.15,140.24,140.36
666,0,0,0,0,93655,93655,93655,3624,3624,3624,591,591,591,0.00,0.00,0.00,0.00,0.00,0.00,0.00,0.00,0.00,0.00,0.00,0.00,0.00,0.00,0.00,0.00,0.00,0.00,0.00,0.00,0.00,200938,513527,1168926,209675,526806,1182030,0,0,0,0,0,0,0,109959,0,137.15,137.18,137.20
666,1,0,0,0,93624,93624,93624,3655,3655,3655,591,591,591,0.00,0.00,0.00,0.00,0.00,0.00,0.00,0.00,0.00,0.00,0.00,0.00,0.00,0.00,0.00,0.00,0.00,0.00,0.00,0.00,0.00,298785,402042,545152,311889,415670,555635,0,0,0,0,0,0,0,98783,0,123.27,123.40,123.53
666,2,0,0,0,93619,93619,93619,3660,3660,3660,591,591,591,0.00,0.00,0.00,0.00,0.00,0.00,0.00,0.00,0.00,0.00,0.00,0.00,0.00,0.00,0.00,0.00,0.00,0.00,0.00,0.00,0.00,311891,394188,705031,324996,407817,718136,0,0,0,0,0,0,0,101166,0,125.88,126.00,126.08
666,3,0,0,0,93659,93659,93659,3620,3620,3620,591,591,591,0.00,0.00,0.00,0.00,0.00,0.00,0.00,0.00,0.00,0.00,0.00,0.00,0.00,0.00,0.00,0.00,0.00,0.00,0.00,0.00,0.00,416729,477531,691930,429815,491159,705035,0,0,0,0,0,0,0,112739,0,140.23,140.31,140.41
667,0,0,0,0,93655,93655,93655,3624,3624,3624,591,591,591,0.00,0.00,0.00,0.00,0.00,0.00,0.00,0.00,0.00,0.00,0.00,0.00,0.00,0.00,0.00,0.00,0.00,0.00,0.00,0.00,0.00,298785,373220,657853,311890,386849,673579,0,0,0,0,0,0,0,110050,0,137.22,137.24,137.26
667,1,0,0,0,93624,93624,93624,3655,3655,3655,591,591,591,0.00,0.00,0.00,0.00,0.00,0.00,0.00,0.00,0.00,0.00,0.00,0.00,0.00,0.00,0.00,0.00,0.00,0.00,0.00,0.00,0.00,314511,380557,555637,327615,394186,571363,0,0,0,0,0,0,0,98954,0,123.27,123.36,123.46
667,2,0,0,0,93619,93619,93619,3660,3660,3660,591,591,591,0.00,0.00,0.00,0.00,0.00,0.00,0.00,0.00,0.00,0.00,0.00,0.00,0.00,0.00,0.00,0.00,0.00,0.00,0.00,0.00,0.00,202925,426518,679479,213157,439526,692348,0,0,0,0,0,0,0,101012,0,125.92,126.00,126.07
667,3,0,0,0,93659,93659,93659,3620,3620,3620,591,591,591,0.00,0.00,0.00,0.00,0.00,0.00,0.00,0.00,0.00,0.00,0.00,0.00,0.00,0.00,0.00,0.00,0.00,0.00,0.00,0.00,0.00,411490,441891,505836,427215,456044,521561,0,0,0,0,0,0,0,112709,0,140.35,140.40,140.44
668,0,0,0,0,93655,93655,93655,3624,3624,3624,591,591,591,0.00,0.00,0.00,0.00,0.00,0.00,0.00,0.00,0.00,0.00,0.00,0.00,0.00,0.00,0.00,0.00,0.00,0.00,0.00,0.00,0.00,293546,363778,628988,306650,377931,639471,0,0,0,0,0,0,0,109908,0,137.16,137.20,137.25
668,1,0,0,0,93624,93624,93624,3655,3655,3655,591,591,591,0.00,0.00,0.00,0.00,0.00,0.00,0.00,0.00,0.00,0.00,0.00,0.00,0.00,0.00,0.00,0.00,0.00,0.00,0.00,0.00,0.00,209672,285987,324995,220156,299052,338099,0,0,0,0,0,0,0,99040,0,123.48,123.49,123.50
668,2,0,0,0,93619,93619,93619,3660,3660,3660,591,591,591,0.00,0.00,0.00,0.00,0.00,0.00,0.00,0.00,0.00,0.00,0.00,0.00,0.00,0.00,0.00,0.00,0.00,0.00,0.00,0.00,0.00,306959,517957,1326195,322974,532169,1339300,0,0,0,0,0,0,0,113652,0,125.82,125.84,125.89
668,3,0,0,0,93659,93659,93659,3620,3620,3620,591,591,591,0.00,0.00,0.00,0.00,0.00,0.00,0.00,0.00,0.00,0.00,0.00,0.00,0.00,0.00,0.00,0.00,0.00,0.00,0.00,0.00,0.00,412689,449445,584475,425586,463032,597580,0,0,0,0,0,0,0,126773,0,140.30,140.31,140.32
669,0,0,0,0,93655,93655,93655,3624,3624,3624,591,591,591,0.00,0.00,0.00,0.00,0.00,0.00,0.00,0.00,0.00,0.00,0.00,0.00,0.00,0.00,0.00,0.00,0.00,0.00,0.00,0.00,0.00,199192,314512,463905,207928,327180,477010,0,0,0,0,0,0,0,96220,0,137.20,137.21,137.22
669,1,0,0,0,93624,93624,93624,3655,3655,3655,591,591,591,0.00,0.00,0.00,0.00,0.00,0.00,0.00,0.00,0.00,0.00,0.00,0.00,0.00,0.00,0.00,0.00,0.00,0.00,0.00,0.00,0.00,306645,440305,560845,319750,454720,573949,0,0,0,0,0,0,0,86552,0,123.47,123.51,123.54
669,2,0,0,0,93619,93619,93619,3660,3660,3660,591,591,591,0.00,0.00,0.00,0.00,0.00,0.00,0.00,0.00,0.00,0.00,0.00,0.00,0.00,0.00,0.00,0.00,0.00,0.00,0.00,0.00,0.00,311893,402970,673582,324997,416730,689308,0,0,0,0,0,0,0,75689,0,125.77,125.81,125.84
669,3,0,0,0,93659,93659,93659,3620,3620,3620,591,591,591,0.00,0.00,0.00,0.00,0.00,0.00,0.00,0.00,0.00,0.00,0.00,0.00,0.00,0.00,0.00,0.00,0.00,0.00,0.00,0.00,0.00,86491,592554,1439780,99595,605003,1450264,0,0,0,0,0,0,0,84399,0,140.32,140.33,140.36
670,0,0,0,0,93655,93655,93656,3624,3624,3624,591,591,591,0.00,0.00,0.00,0.00,0.00,0.00,0.00,0.00,0.00,0.00,0.00,0.00,0.00,0.00,0.00,0.00,0.00,0.00,0.00,0.00,0.00,296163,529422,1205616,309268,543575,1221342,0,0,0,0,0,0,0,109958,0,137.14,137.18,137.21
670,1,0,0,0,93624,93624,93624,3655,3655,3655,591,591,591,0.00,0.00,0.00,0.00,0.00,0.00,0.00,0.00,0.00,0.00,0.00,0.00,0.00,0.00,0.00,0.00,0.00,0.00,0.00,0.00,0.00,306647,354871,521567,319752,368500,534671,0,0,0,0,0,0,0,98917,0,123.42,123.50,123.56
670,2,0,0,0,93619,93619,93619,3660,3660,3660,591,591,591,0.00,0.00,0.00,0.00,0.00,0.00,0.00,0.00,0.00,0.00,0.00,0.00,0.00,0.00,0.00,0.00,0.00,0.00,0.00,0.00,0.00,309270,463371,733846,324996,477000,749571,0,0,0,0,0,0,0,100905,0,125.77,125.79,125.83
670,3,0,0,0,93659,93659,93660,3619,3619,3620,591,591,591,0.00,0.00,0.00,0.00,0.00,0.00,0.00,0.00,0.00,0.00,0.00,0.00,0.00,0.00,0.00,0.00,0.00,0.00,0.00,0.00,0.00,416734,485921,697168,432459,500075,710273,0,0,0,0,0,0,0,112667,0,140.24,140.26,140.30
671,0,0,0,0,93656,93656,93656,3624,3624,3624,591,591,591,0.00,0.00,0.00,0.00,0.00,0.00,0.00,0.00,0.00,0.00,0.00,0.00,0.00,0.00,0.00,0.00,0.00,0.00,0.00,0.00,0.00,296162,384228,691927,309266,397857,705032,0,0,0,0,0,0,0,109902,0,137.06,137.10,137.13
671,1,0,0,0,93624,93624,93624,3655,3655,3655,591,591,591,0.00,0.00,0.00,0.00,0.00,0.00,0.00,0.00,0.00,0.00,0.00,0.00,0.00,0.00,0.00,0.00,0.00,0.00,0.00,0.00,0.00,298769,376361,550394,314494,389990,566120,0,0,0,0,0,0,0,98883,0,123.34,123.38,123.42
671,2,0,0,0,93619,93619,93619,3660,3660,3660,591,591,591,0.00,0.00,0.00,0.00,0.00,0.00,0.00,0.00,0.00,0.00,0.00,0.00,0.00,0.00,0.00,0.00,0.00,0.00,0.00,0.00,0.00,305952,336560,441184,318807,349772,449835,0,0,0,0,0,0,0,100841,0,125.70,125.73,125.75
671,3,0,0,0,93660,93660,93660,3619,3619,3619,591,591,591,0.00,0.00,0.00,0.00,0.00,0.00,0.00,0.00,0.00,0.00,0.00,0.00,0.00,0.00,0.00,0.00,0.00,0.00,0.00,0.00,0.00,411465,464427,566127,427189,478056,576611,0,0,0,0,0,0,0,112573,0,140.20,140.25,140.29
672,0,0,0,0,93656,93656,93656,3624,3624,3624,591,591,591,0.00,0.00,0.00,0.00,0.00,0.00,0.00,0.00,0.00,0.00,0.00,0.00,0.00,0.00,0.00,0.00,0.00,0.00,0.00,0.00,0.00,296166,392616,600192,309271,406769,615918,0,0,0,0,0,0,0,109835,0,137.10,137.12,137.15
672,1,0,0,0,93624,93624,93624,3655,3655,3655,591,591,591,0.00,0.00,0.00,0.00,0.00,0.00,0.00,0.00,0.00,0.00,0.00,0.00,0.00,0.00,0.00,0.00,0.00,0.00,0.00,0.00,0.00,204432,284564,311547,213168,298321,324421,0,0,0,0,0,0,0,98978,0,123.34,123.38,123.40
672,2,0,0,0,93619,93619,93619,3660,3660,3660,591,591,591,0.00,0.00,0.00,0.00,0.00,0.00,0.00,0.00,0.00,0.00,0.00,0.00,0.00,0.00,0.00,0.00,0.00,0.00,0.00,0.00,0.00,311892,589928,1404822,324996,604142,1417927,0,0,0,0,0,0,0,113612,0,125.78,125.82,125.85
672,3,0,0,0,93660,93660,93660,3619,3619,3619,591,591,591,0.00,0.00,0.00,0.00,0.00,0.00,0.00,0.00,0.00,0.00,0.00,0.00,0.00,0.00,0.00,0.00,0.00,0.00,0.00,0.00,0.00,83869,353827,427210,94353,367980,440315,0,0,0,0,0,0,0,126586,0,140.03,140.10,140.16
673,0,0,0,0,93656,93656,93656,3624,3624,3624,591,591,591,0.00,0.00,0.00,0.00,0.00,0.00,0.00,0.00,0.00,0.00,0.00,0.00,0.00,0.00,0.00,0.00,0.00,0.00,0.00,0.00,0.00,197444,448875,1121761,207928,461455,1134865,0,0,0,0,0,0,0,123735,0,136.97,137.01,137.06
673,1,0,0,0,93624,93624,93624,3655,3655,3655,591,591,591,0.00,0.00,0.00,0.00,0.00,0.00,0.00,0.00,0.00,0.00,0.00,0.00,0.00,0.00,0.00,0.00,0.00,0.00,0.00,0.00,0.00,306646,428258,526803,322371,441886,539907,0,0,0,0,0,0,0,98950,0,123.42,123.50,123.58
673,2,0,0,0,93619,93619,93619,3660,3660,3660,591,591,591,0.00,0.00,0.00,0.00,0.00,0.00,0.00,0.00,0.00,0.00,0.00,0.00,0.00,0.00,0.00,0.00,0.00,0.00,0.00,0.00,0.00,306651,390516,694549,319755,404144,707654,0,0,0,0,0,0,0,100785,0,125.68,125.73,125.84
673,3,0,0,0,93660,93660,93660,3619,3619,3619,591,591,591,0.00,0.00,0.00,0.00,0.00,0.00,0.00,0.00,0.00,0.00,0.00,0.00,0.00,0.00,0.00,0.00,0.00,0.00,0.00,0.00,0.00,416708,663968,1443278,429812,677073,1453762,0,0,0,0,0,0,0,112449,0,140.01,140.09,140.18
674,0,0,0,0,93656,93656,93656,3624,3624,3624,591,591,591,0.00,0.00,0.00,0.00,0.00,0.00,0.00,0.00,0.00,0.00,0.00,0.00,0.00,0.00,0.00,0.00,0.00,0.00,0.00,0.00,0.00,298785,426687,673582,314510,440840,686686,0,0,0,0,0,0,0,110050,0,137.17,137.21,137.26
674,1,0,0,0,93624,93624,93624,3655,3655,3655,591,591,591,0.00,0.00,0.00,0.00,0.00,0.00,0.00,0.00,0.00,0.00,0.00,0.00,0.00,0.00,0.00,0.00,0.00,0.00,0.00,0.00,0.00,298782,370067,524156,311886,383695,537260,0,0,0,0,0,0,0,98944,0,123.55,123.59,123.64
674,2,0,0,0,93619,93619,93619,3660,3660,3660,591,591,591,0.00,0.00,0.00,0.00,0.00,0.00,0.00,0.00,0.00,0.00,0.00,0.00,0.00,0.00,0.00,0.00,0.00,0.00,0.00,0.00,0.00,309270,384753,676202,324996,398907,691928,0,0,0,0,0,0,0,100961,0,125.66,125.76,125.85
674,3,0,0,0,93660,93660,93660,3619,3619,3619,591,591,591,0.00,0.00,0.00,0.00,0.00,0.00,0.00,0.00,0.00,0.00,0.00,0.00,0.00,0.00,0.00,0.00,0.00,0.00,0.00,0.00,0.00,415897,478457,649999,431591,492080,663104,0,0,0,0,0,0,0,112562,0,140.11,140.14,140.17
675,0,0,0,0,93656,93656,93656,3624,3624,3624,591,591,591,0.00,0.00,0.00,0.00,0.00,0.00,0.00,0.00,0.00,0.00,0.00,0.00,0.00,0.00,0.00,0.00,0.00,0.00,0.00,0.00,0.00,298788,367449,608025,311893,381078,621129,0,0,0,0,0,0,0,110076,0,137.22,137.24,137.26
675,1,0,0,0,93624,93624,93624,3655,3655,3655,591,591,591,0.00,0.00,0.00,0.00,0.00,0.00,0.00,0.00,0.00,0.00,0.00,0.00,0.00,0.00,0.00,0.00,0.00,0.00,0.00,0.00,0.00,301405,356446,555640,314510,370599,571365,0,0,0,0,0,0,0,99095,0,123.50,123.54,123.57
675,2,0,0,0,93619,93619,93619,3660,3660,3660,591,591,591,0.00,0.00,0.00,0.00,0.00,0.00,0.00,0.00,0.00,0.00,0.00,0.00,0.00,0.00,0.00,0.00,0.00,0.00,0.00,0.00,0.00,202207,364827,660478,212577,377929,676204,0,0,0,0,0,0,0,113369,0,125.70,125.79,125.87
675,3,0,0,0,93660,93660,93660,3619,3619,3619,591,591,591,0.00,0.00,0.00,0.00,0.00,0.00,0.00,0.00,0.00,0.00,0.00,0.00,0.00,0.00,0.00,0.00,0.00,0.00,0.00,0.00,0.00,414110,451895,588717,429836,466045,601858,0,0,0,0,0,0,0,112578,0,140.08,140.12,140.15
676,0,0,0,0,93656,93656,93656,3624,3624,3624,591,591,591,0.00,0.00,0.00,0.00,0.00,0.00,0.00,0.00,0.00,0.00,0.00,0.00,0.00,0.00,0.00,0.00,0.00,0.00,0.00,0.00,0.00,290924,326044,448178,304029,340197,463904,0,0,0,0,0,0,0,110004,0,137.18,137.23,137.25
676,1,0,0,0,93624,93624,93624,3655,3655,3655,591,591,591,0.00,0.00,0.00,0.00,0.00,0.00,0.00,0.00,0.00,0.00,0.00,0.00,0.00,0.00,0.00,0.00,0.00,0.00,0.00,0.00,0.00,206063,350474,547732,212990,363915,560835,0,0,0,0,0,0,0,86599,0,123.49,123.52,123.55
676,2,0,0,0,93619,93619,93619,3660,3660,3660,591,591,591,0.00,0.00,0.00,0.00,0.00,0.00,0.00,0.00,0.00,0.00,0.00,0.00,0.00,0.00,0.00,0.00,0.00,0.00,0.00,0.00,0.00,311891,593379,1381233,324997,607008,1394337,0,0,0,0,0,0,0,100889,0,125.64,125.68,125.74
676,3,0,0,0,93660,93660,93660,3619,3619,3619,591,591,591,0.00,0.00,0.00,0.00,0.00,0.00,0.00,0.00,0.00,0.00,0.00,0.00,0.00,0.00,0.00,0.00,0.00,0.00,0.00,0.00,0.00,81586,560981,1462510,97377,574258,1471246,0,0,0,0,0,0,0,98431,0,140.11,140.14,140.17
677,0,0,0,0,93656,93656,93656,3624,3624,3624,591,591,591,0.00,0.00,0.00,0.00,0.00,0.00,0.00,0.00,0.00,0.00,0.00,0.00,0.00,0.00,0.00,0.00,0.00,0.00,0.00,0.00,0.00,296164,489891,808978,309269,502341,819461,0,0,0,0,0,0,0,82451,0,137.21,137.27,137.29
677,1,0,0,0,93624,93624,93624,3655,3655,3655,591,591,591,0.00,0.00,0.00,0.00,0.00,0.00,0.00,0.00,0.00,0.00,0.00,0.00,0.00,0.00,0.00,0.00,0.00,0.00,0.00,0.00,0.00,304021,372167,566111,317126,385272,579216,0,0,0,0,0,0,0,98836,0,123.37,123.41,123.48
677,2,0,0,0,93619,93619,93619,3660,3660,3660,591,591,591,0.00,0.00,0.00,0.00,0.00,0.00,0.00,0.00,0.00,0.00,0.00,0.00,0.00,0.00,0.00,0.00,0.00,0.00,0.00,0.00,0.00,309270,407555,694549,324995,421971,707654,0,0,0,0,0,0,0,75572,0,125.77,125.78,125.79
677,3,0,0,0,93660,93660,93660,3619,3619,3619,591,591,591,0.00,0.00,0.00,0.00,0.00,0.00,0.00,0.00,0.00,0.00,0.00,0.00,0.00,0.00,0.00,0.00,0.00,0.00,0.00,0.00,0.00,419350,485886,668345,432455,499635,681450,0,0,0,0,0,0,0,112579,0,140.10,140.15,140.22
678,0,0,0,0,93656,93656,93656,3624,3624,3624,591,591,591,0.00,0.00,0.00,0.00,0.00,0.00,0.00,0.00,0.00,0.00,0.00,0.00,0.00,0.00,0.00,0.00,0.00,0.00,0.00,0.00,0.00,296164,376886,686681,309268,391038,702406,0,0,0,0,0,0,0,110167,0,137.12,137.22,137.36
678,1,0,0,0,93624,93624,93624,3655,3655,3655,591,591,591,0.00,0.00,0.00,0.00,0.00,0.00,0.00,0.00,0.00,0.00,0.00,0.00,0.00,0.00,0.00,0.00,0.00,0.00,0.00,0.00,0.00,311890,418297,547764,324994,432974,563489,0,0,0,0,0,0,0,98890,0,123.35,123.38,123.41
678,2,0,0,0,93619,93619,93619,3660,3660,3660,591,591,591,0.00,0.00,0.00,0.00,0.00,0.00,0.00,0.00,0.00,0.00,0.00,0.00,0.00,0.00,0.00,0.00,0.00,0.00,0.00,0.00,0.00,306652,379504,649956,319756,393657,665681,0,0,0,0,0,0,0,100873,0,125.75,125.79,125.82
678,3,0,0,0,93660,93660,93660,3619,3619,3619,591,591,591,0.00,0.00,0.00,0.00,0.00,0.00,0.00,0.00,0.00,0.00,0.00,0.00,0.00,0.00,0.00,0.00,0.00,0.00,0.00,0.00,0.00,414111,465076,653238,427216,479221,666303,0,0,0,0,0,0,0,112492,0,140.16,140.21,140.24
679,0,0,0,0,93656,93656,93656,3624,3624,3624,591,591,591,0.00,0.00,0.00,0.00,0.00,0.00,0.00,0.00,0.00,0.00,0.00,0.00,0.00,0.00,0.00,0.00,0.00,0.00,0.00,0.00,0.00,296166,367978,613301,306650,381607,629027,0,0,0,0,0,0,0,109908,0,137.15,137.24,137.35
679,1,0,0,0,93624,93624,93624,3655,3655,3655,591,591,591,0.00,0.00,0.00,0.00,0.00,0.00,0.00,0.00,0.00,0.00,0.00,0.00,0.00,0.00,0.00,0.00,0.00,0.00,0.00,0.00,0.00,301392,375312,613293,317117,388940,626397,0,0,0,0,0,0,0,98927,0,123.41,123.44,123.50
679,2,0,0,0,93619,93619,93619,3660,3660,3660,591,591,591,0.00,0.00,0.00,0.00,0.00,0.00,0.00,0.00,0.00,0.00,0.00,0.00,0.00,0.00,0.00,0.00,0.00,0.00,0.00,0.00,0.00,228126,582971,1376335,236767,595708,1392065,0,0,0,0,0,0,0,113489,0,125.77,125.85,125.93
679,3,0,0,0,93660,93660,93660,3619,3619,3619,591,591,591,0.00,0.00,0.00,0.00,0.00,0.00,0.00,0.00,0.00,0.00,0.00,0.00,0.00,0.00,0.00,0.00,0.00,0.00,0.00,0.00,0.00,419353,451618,560883,432458,465239,573988,0,0,0,0,0,0,0,126524,0,140.12,140.15,140.19
680,0,0,0,0,93656,93656,93656,3624,3624,3624,591,591,591,0.00,0.00,0.00,0.00,0.00,0.00,0.00,0.00,0.00,0.00,0.00,0.00,0.00,0.00,0.00,0.00,0.00,0.00,0.00,0.00,0.00,290907,331282,479631,306632,345959,492736,0,0,0,0,0,0,0,123608,0,137.06,137.09,137.14
680,1,0,0,0,93624,93624,93624,3655,3655,3655,591,591,591,0.00,0.00,0.00,0.00,0.00,0.00,0.00,0.00,0.00,0.00,0.00,0.00,0.00,0.00,0.00,0.00,0.00,0.00,0.00,0.00,0.00,202685,369399,524186,213168,382467,537291,0,0,0,0,0,0,0,111277,0,123.44,123.47,123.51
680,2,0,0,0,93619,93619,93619,3660,3660,3660,591,591,591,0.00,0.00,0.00,0.00,0.00,0.00,0.00,0.00,0.00,0.00,0.00,0.00,0.00,0.00,0.00,0.00,0.00,0.00,0.00,0.00,0.00,309272,369548,597575,322377,383177,610680,0,0,0,0,0,0,0,100910,0,125.75,125.79,125.84
680,3,0,0,0,93660,93660,93660,3619,3619,3619,591,591,591,0.00,0.00,0.00,0.00,0.00,0.00,0.00,0.00,0.00,0.00,0.00,0.00,0.00,0.00,0.00,0.00,0.00,0.00,0.00,0.00,0.00,89114,693222,1242298,102219,706292,1258024,0,0,0,0,0,0,0,112480,0,140.14,140.18,140.24
681,0,0,0,0,93656,93656,93656,3624,3624,3624,591,591,591,0.00,0.00,0.00,0.00,0.00,0.00,0.00,0.00,0.00,0.00,0.00,0.00,0.00,0.00,0.00,0.00,0.00,0.00,0.00,0.00,0.00,199192,499693,1130396,209676,512104,1142656,0,0,0,0,0,0,0,110038,0,137.07,137.17,137.24
681,1,0,0,0,93624,93624,93624,3655,3655,3655,591,591,591,0.00,0.00,0.00,0.00,0.00,0.00,0.00,0.00,0.00,0.00,0.00,0.00,0.00,0.00,0.00,0.00,0.00,0.00,0.00,0.00,0.00,298784,350150,513698,314509,364303,524182,0,0,0,0,0,0,0,98947,0,123.45,123.48,123.50
681,2,0,0,0,93619,93619,93619,3660,3660,3660,591,591,591,0.00,0.00,0.00,0.00,0.00,0.00,0.00,0.00,0.00,0.00,0.00,0.00,0.00,0.00,0.00,0.00,0.00,0.00,0.00,0.00,0.00,309271,462857,715519,324997,477534,731244,0,0,0,0,0,0,0,100938,0,125.83,125.87,125.90
681,3,0,0,0,93660,93660,93660,3619,3619,3619,591,591,591,0.00,0.00,0.00,0.00,0.00,0.00,0.00,0.00,0.00,0.00,0.00,0.00,0.00,0.00,0.00,0.00,0.00,0.00,0.00,0.00,0.00,414086,479102,691920,427190,493254,707646,0,0,0,0,0,0,0,112731,0,140.20,140.24,140.29
682,0,0,0,0,93656,93656,93656,3624,3624,3624,591,591,591,0.00,0.00,0.00,0.00,0.00,0.00,0.00,0.00,0.00,0.00,0.00,0.00,0.00,0.00,0.00,0.00,0.00,0.00,0.00,0.00,0.00,304023,384228,689307,317127,398381,705033,0,0,0,0,0,0,0,110037,0,137.20,137.22,137.26
682,1,0,0,0,93624,93624,93624,3655,3655,3655,591,591,591,0.00,0.00,0.00,0.00,0.00,0.00,0.00,0.00,0.00,0.00,0.00,0.00,0.00,0.00,0.00,0.00,0.00,0.00,0.00,0.00,0.00,304025,381082,571361,319750,394710,584465,0,0,0,0,0,0,0,98977,0,123.41,123.44,123.47
682,2,0,0,0,93619,93619,93619,3660,3660,3660,591,591,591,0.00,0.00,0.00,0.00,0.00,0.00,0.00,0.00,0.00,0.00,0.00,0.00,0.00,0.00,0.00,0.00,0.00,0.00,0.00,0.00,0.00,309270,386851,673586,324996,400480,686690,0,0,0,0,0,0,0,100837,0,125.83,125.89,125.92
682,3,0,0,0,93660,93660,93660,3619,3619,3619,591,591,591,0.00,0.00,0.00,0.00,0.00,0.00,0.00,0.00,0.00,0.00,0.00,0.00,0.00,0.00,0.00,0.00,0.00,0.00,0.00,0.00,0.00,416729,457092,539916,432451,470720,553020,0,0,0,0,0,0,0,112484,0,140.12,140.22,140.35
683,0,0,0,0,93656,93656,93656,3624,3624,3624,591,591,591,0.00,0.00,0.00,0.00,0.00,0.00,0.00,0.00,0.00,0.00,0.00,0.00,0.00,0.00,0.00,0.00,0.00,0.00,0.00,0.00,0.00,296151,391039,594946,311876,404668,608051,0,0,0,0,0,0,0,110002,0,137.22,137.26,137.29
683,1,0,0,0,93624,93624,93624,3655,3655,3655,591,591,591,0.00,0.00,0.00,0.00,0.00,0.00,0.00,0.00,0.00,0.00,0.00,0.00,0.00,0.00,0.00,0.00,0.00,0.00,0.00,0.00,0.00,301408,308744,327617,314512,322373,340722,0,0,0,0,0,0,0,99077,0,123.49,123.54,123.58
683,2,0,0,0,93619,93619,93619,3660,3660,3660,591,591,591,0.00,0.00,0.00,0.00,0.00,0.00,0.00,0.00,0.00,0.00,0.00,0.00,0.00,0.00,0.00,0.00,0.00,0.00,0.00,0.00,0.00,309814,539762,959731,323168,552435,972596,0,0,0,0,0,0,0,113405,0,125.66,125.71,125.77
683,3,0,0,0,93660,93660,93660,3619,3619,3619,591,591,591,0.00,0.00,0.00,0.00,0.00,0.00,0.00,0.00,0.00,0.00,0.00,0.00,0.00,0.00,0.00,0.00,0.00,0.00,0.00,0.00,0.00,414108,604485,1345941,427213,618513,1358449,0,0,0,0,0,0,0,98474,0,140.09,140.13,140.18
684,0,0,0,0,93656,93656,93656,3624,3624,3624,591,591,591,0.00,0.00,0.00,0.00,0.00,0.00,0.00,0.00,0.00,0.00,0.00,0.00,0.00,0.00,0.00,0.00,0.00,0.00,0.00,0.00,0.00,296166,528774,1221363,309271,542534,1234467,0,0,0,0,0,0,0,96220,0,137.10,137.14,137.19
684,1,0,0,0,93624,93624,93624,3655,3655,3655,591,591,591,0.00,0.00,0.00,0.00,0.00,0.00,0.00,0.00,0.00,0.00,0.00,0.00,0.00,0.00,0.00,0.00,0.00,0.00,0.00,0.00,0.00,319750,405800,555637,332854,419123,571362,0,0,0,0,0,0,0,74152,0,123.48,123.49,123.52
684,2,0,0,0,93619,93619,93619,3660,3660,3660,591,591,591,0.00,0.00,0.00,0.00,0.00,0.00,0.00,0.00,0.00,0.00,0.00,0.00,0.00,0.00,0.00,0.00,0.00,0.00,0.00,0.00,0.00,306650,405591,691930,322376,420007,707656,0,0,0,0,0,0,0,75702,0,125.73,125.80,125.87
684,3,0,0,0,93660,93660,93660,3619,3619,3619,591,591,591,0.00,0.00,0.00,0.00,0.00,0.00,0.00,0.00,0.00,0.00,0.00,0.00,0.00,0.00,0.00,0.00,0.00,0.00,0.00,0.00,0.00,281317,484418,807177,291801,497523,820280,0,0,0,0,0,0,0,112593,0,140.14,140.20,140.28
685,0,0,0,0,93656,93656,93656,3624,3624,3624,591,591,591,0.00,0.00,0.00,0.00,0.00,0.00,0.00,0.00,0.00,0.00,0.00,0.00,0.00,0.00,0.00,0.00,0.00,0.00,0.00,0.00,0.00,197444,327337,545034,206180,340567,558135,0,0,0,0,0,0,0,110074,0,137.09,137.20,137.26
685,1,0,0,0,93624,93624,93624,3655,3655,3655,591,591,591,0.00,0.00,0.00,0.00,0.00,0.00,0.00,0.00,0.00,0.00,0.00,0.00,0.00,0.00,0.00,0.00,0.00,0.00,0.00,0.00,0.00,304024,368501,534672,317129,382654,550398,0,0,0,0,0,0,0,98939,0,123.35,123.38,123.39
685,2,0,0,0,93619,93619,93619,3660,3660,3660,591,591,591,0.00,0.00,0.00,0.00,0.00,0.00,0.00,0.00,0.00,0.00,0.00,0.00,0.00,0.00,0.00,0.00,0.00,0.00,0.00,0.00,0.00,314494,384750,655236,327614,398903,668341,0,0,0,0,0,0,0,100820,0,125.66,125.77,125.86
685,3,0,0,0,93660,93660,93660,3619,3619,3619,591,591,591,0.00,0.00,0.00,0.00,0.00,0.00,0.00,0.00,0.00,0.00,0.00,0.00,0.00,0.00,0.00,0.00,0.00,0.00,0.00,0.00,0.00,421966,503746,697176,432459,517375,710281,0,0,0,0,0,0,0,112488,0,140.09,140.17,140.22
686,0,0,0,0,93656,93656,93656,3624,3624,3624,591,591,591,0.00,0.00,0.00,0.00,0.00,0.00,0.00,0.00,0.00,0.00,0.00,0.00,0.00,0.00,0.00,0.00,0.00,0.00,0.00,0.00,0.00,309269,447129,668331,322374,460758,684057,0,0,0,0,0,0,0,110071,0,137.25,137.27,137.30
686,1,0,0,0,93624,93624,93624,3655,3655,3655,591,591,591,0.00,0.00,0.00,0.00,0.00,0.00,0.00,0.00,0.00,0.00,0.00,0.00,0.00,0.00,0.00,0.00,0.00,0.00,0.00,0.00,0.00,298787,363256,573979,311892,376885,587083,0,0,0,0,0,0,0,98970,0,123.39,123.43,123.47
686,2,0,0,0,93619,93619,93619,3660,3660,3660,591,591,591,0.00,0.00,0.00,0.00,0.00,0.00,0.00,0.00,0.00,0.00,0.00,0.00,0.00,0.00,0.00,0.00,0.00,0.00,0.00,0.00,0.00,306649,385278,655237,319753,398907,668342,0,0,0,0,0,0,0,100847,0,125.61,125.65,125.71
686,3,0,0,0,93660,93660,93660,3619,3619,3619,591,591,591,0.00,0.00,0.00,0.00,0.00,0.00,0.00,0.00,0.00,0.00,0.00,0.00,0.00,0.00,0.00,0.00,0.00,0.00,0.00,0.00,0.00,419328,453419,568750,432432,467572,581855,0,0,0,0,0,0,0,112614,0,140.04,140.11,140.17
687,0,0,0,0,93656,93656,93656,3624,3624,3624,591,591,591,0.00,0.00,0.00,0.00,0.00,0.00,0.00,0.00,0.00,0.00,0.00,0.00,0.00,0.00,0.00,0.00,0.00,0.00,0.00,0.00,0.00,290924,331285,471768,304029,345962,487493,0,0,0,0,0,0,0,109952,0,137.15,137.20,137.24
687,1,0,0,0,93624,93624,93624,3655,3655,3655,591,591,591,0.00,0.00,0.00,0.00,0.00,0.00,0.00,0.00,0.00,0.00,0.00,0.00,0.00,0.00,0.00,0.00,0.00,0.00,0.00,0.00,0.00,296163,377589,623786,309268,390694,636891,0,0,0,0,0,0,0,111280,0,123.47,123.49,123.50
687,2,0,0,0,93619,93619,93619,3660,3660,3660,591,591,591,0.00,0.00,0.00,0.00,0.00,0.00,0.00,0.00,0.00,0.00,0.00,0.00,0.00,0.00,0.00,0.00,0.00,0.00,0.00,0.00,0.00,311885,495091,913294,322369,507647,923652,0,0,0,0,0,0,0,100931,0,125.73,125.77,125.79
687,3,0,0,0,93660,93660,93660,3619,3619,3619,591,591,591,0.00,0.00,0.00,0.00,0.00,0.00,0.00,0.00,0.00,0.00,0.00,0.00,0.00,0.00,0.00,0.00,0.00,0.00,0.00,0.00,0.00,419351,747618,1229233,432456,761149,1239717,0,0,0,0,0,0,0,126889,0,140.26,140.45,140.60
688,0,0,0,0,93656,93656,93656,3624,3624,3624,591,591,591,0.00,0.00,0.00,0.00,0.00,0.00,0.00,0.00,0.00,0.00,0.00,0.00,0.00,0.00,0.00,0.00,0.00,0.00,0.00,0.00,0.00,298768,535349,1213488,311872,548898,1226593,0,0,0,0,0,0,0,123763,0,137.13,137.16,137.21
688,1,0,0,0,93624,93624,93624,3655,3655,3655,591,591,591,0.00,0.00,0.00,0.00,0.00,0.00,0.00,0.00,0.00,0.00,0.00,0.00,0.00,0.00,0.00,0.00,0.00,0.00,0.00,0.00,0.00,306644,349105,424588,319752,362734,435072,0,0,0,0,0,0,0,98849,0,123.31,123.37,123.43
688,2,0,0,0,93619,93619,93619,3660,3660,3660,591,591,591,0.00,0.00,0.00,0.00,0.00,0.00,0.00,0.00,0.00,0.00,0.00,0.00,0.00,0.00,0.00,0.00,0.00,0.00,0.00,0.00,0.00,304013,392613,718140,319738,406766,731244,0,0,0,0,0,0,0,100675,0,125.56,125.66,125.76
688,3,0,0,0,93660,93660,93660,3619,3619,3619,591,591,591,0.00,0.00,0.00,0.00,0.00,0.00,0.00,0.00,0.00,0.00,0.00,0.00,0.00,0.00,0.00,0.00,0.00,0.00,0.00,0.00,0.00,279568,443789,694514,288304,456544,707618,0,0,0,0,0,0,0,112668,0,140.33,140.45,140.57
689,0,0,0,0,93656,93656,93656,3624,3624,3624,591,591,591,0.00,0.00,0.00,0.00,0.00,0.00,0.00,0.00,0.00,0.00,0.00,0.00,0.00,0.00,0.00,0.00,0.00,0.00,0.00,0.00,0.00,199191,355911,686687,207927,368666,699792,0,0,0,0,0,0,0,110061,0,137.17,137.28,137.35
689,1,0,0,0,93624,93624,93624,3655,3655,3655,591,591,591,0.00,0.00,0.00,0.00,0.00,0.00,0.00,0.00,0.00,0.00,0.00,0.00,0.00,0.00,0.00,0.00,0.00,0.00,0.00,0.00,0.00,311870,423013,539909,324994,437165,555634,0,0,0,0,0,0,0,98986,0,123.38,123.44,123.50
689,2,0,0,0,93619,93619,93619,3660,3660,3660,591,591,591,0.00,0.00,0.00,0.00,0.00,0.00,0.00,0.00,0.00,0.00,0.00,0.00,0.00,0.00,0.00,0.00,0.00,0.00,0.00,0.00,0.00,309271,384228,673580,324996,398381,686685,0,0,0,0,0,0,0,100850,0,125.57,125.66,125.71
689,3,0,0,0,93660,93660,93660,3619,3619,3619,591,591,591,0.00,0.00,0.00,0.00,0.00,0.00,0.00,0.00,0.00,0.00,0.00,0.00,0.00,0.00,0.00,0.00,0.00,0.00,0.00,0.00,0.00,416722,453422,576609,429835,467575,592335,0,0,0,0,0,0,0,112624,0,140.21,140.23,140.27
690,0,0,0,0,93656,93656,93656,3624,3624,3624,591,591,591,0.00,0.00,0.00,0.00,0.00,0.00,0.00,0.00,0.00,0.00,0.00,0.00,0.00,0.00,0.00,0.00,0.00,0.00,0.00,0.00,0.00,296150,366403,618542,309254,380556,631646,0,0,0,0,0,0,0,110033,0,137.25,137.29,137.32
690,1,0,0,0,93624,93624,93624,3655,3655,3655,591,591,591,0.00,0.00,0.00,0.00,0.00,0.00,0.00,0.00,0.00,0.00,0.00,0.00,0.00,0.00,0.00,0.00,0.00,0.00,0.00,0.00,0.00,296165,369550,608057,309269,383179,623783,0,0,0,0,0,0,0,99055,0,123.49,123.55,123.58
690,2,0,0,0,93619,93619,93619,3660,3660,3660,591,591,591,0.00,0.00,0.00,0.00,0.00,0.00,0.00,0.00,0.00,0.00,0.00,0.00,0.00,0.00,0.00,0.00,0.00,0.00,0.00,0.00,0.00,311874,588133,1313080,324996,601762,1323563,0,0,0,0,0,0,0,113562,0,125.71,125.77,125.84
690,3,0,0,0,93660,93660,93660,3619,3619,3619,591,591,591,0.00,0.00,0.00,0.00,0.00,0.00,0.00,0.00,0.00,0.00,0.00,0.00,0.00,0.00,0.00,0.00,0.00,0.00,0.00,0.00,0.00,416730,454993,581835,429835,469147,597561,0,0,0,0,0,0,0,126742,0,140.22,140.28,140.35
691,0,0,0,0,93656,93656,93656,3624,3624,3624,591,591,591,0.00,0.00,0.00,0.00,0.00,0.00,0.00,0.00,0.00,0.00,0.00,0.00,0.00,0.00,0.00,0.00,0.00,0.00,0.00,0.00,0.00,293545,323946,424590,309270,338099,437695,0,0,0,0,0,0,0,82428,0,137.19,137.28,137.33
691,1,0,0,0,93624,93624,93624,3655,3655,3655,591,591,591,0.00,0.00,0.00,0.00,0.00,0.00,0.00,0.00,0.00,0.00,0.00,0.00,0.00,0.00,0.00,0.00,0.00,0.00,0.00,0.00,0.00,301410,391911,584468,317136,405190,597573,0,0,0,0,0,0,0,86551,0,123.51,123.55,123.60
691,2,0,0,0,93619,93619,93619,3660,3660,3660,591,591,591,0.00,0.00,0.00,0.00,0.00,0.00,0.00,0.00,0.00,0.00,0.00,0.00,0.00,0.00,0.00,0.00,0.00,0.00,0.00,0.00,0.00,204683,367179,679103,214918,380245,691965,0,0,0,0,0,0,0,100818,0,125.65,125.72,125.81
691,3,0,0,0,93660,93660,93660,3619,3619,3619,591,591,591,0.00,0.00,0.00,0.00,0.00,0.00,0.00,0.00,0.00,0.00,0.00,0.00,0.00,0.00,0.00,0.00,0.00,0.00,0.00,0.00,0.00,403580,741518,1174174,416684,755108,1187279,0,0,0,0,0,0,0,84439,0,140.32,140.38,140.42
692,0,0,0,0,93656,93656,93656,3624,3624,3624,591,591,591,0.00,0.00,0.00,0.00,0.00,0.00,0.00,0.00,0.00,0.00,0.00,0.00,0.00,0.00,0.00,0.00,0.00,0.00,0.00,0.00,0.00,289794,590737,1203005,302732,604456,1218730,0,0,0,0,0,0,0,109903,0,137.09,137.15,137.21
692,1,0,0,0,93624,93624,93624,3655,3655,3655,591,591,591,0.00,0.00,0.00,0.00,0.00,0.00,0.00,0.00,0.00,0.00,0.00,0.00,0.00,0.00,0.00,0.00,0.00,0.00,0.00,0.00,0.00,306647,361684,521555,319752,375444,534659,0,0,0,0,0,0,0,98876,0,123.44,123.48,123.54
692,2,0,0,0,93619,93619,93619,3660,3660,3660,591,591,591,0.00,0.00,0.00,0.00,0.00,0.00,0.00,0.00,0.00,0.00,0.00,0.00,0.00,0.00,0.00,0.00,0.00,0.00,0.00,0.00,0.00,314512,412798,678827,330238,427214,691932,0,0,0,0,0,0,0,75701,0,125.69,125.72,125.75
692,3,0,0,0,93660,93660,93660,3619,3619,3619,591,591,591,0.00,0.00,0.00,0.00,0.00,0.00,0.00,0.00,0.00,0.00,0.00,0.00,0.00,0.00,0.00,0.00,0.00,0.00,0.00,0.00,0.00,281317,460849,702416,290054,473517,715521,0,0,0,0,0,0,0,112647,0,140.35,140.39,140.44
693,0,0,0,0,93656,93656,93656,3624,3624,3624,591,591,591,0.00,0.00,0.00,0.00,0.00,0.00,0.00,0.00,0.00,0.00,0.00,0.00,0.00,0.00,0.00,0.00,0.00,0.00,0.00,0.00,0.00,283010,335814,468257,298733,348568,476993,0,0,0,0,0,0,0,110122,0,137.12,137.20,137.29
693,1,0,0,0,93624,93624,93624,3655,3655,3655,591,591,591,0.00,0.00,0.00,0.00,0.00,0.00,0.00,0.00,0.00,0.00,0.00,0.00,0.00,0.00,0.00,0.00,0.00,0.00,0.00,0.00,0.00,311890,376887,547767,327616,391040,563492,0,0,0,0,0,0,0,99003,0,123.37,123.43,123.50
693,2,0,0,0,93619,93619,93619,3660,3660,3660,591,591,591,0.00,0.00,0.00,0.00,0.00,0.00,0.00,0.00,0.00,0.00,0.00,0.00,0.00,0.00,0.00,0.00,0.00,0.00,0.00,0.00,0.00,314515,448175,660476,330241,461803,673581,0,0,0,0,0,0,0,100827,0,125.62,125.65,125.68
693,3,0,0,0,93660,93660,93660,3619,3619,3619,591,591,591,0.00,0.00,0.00,0.00,0.00,0.00,0.00,0.00,0.00,0.00,0.00,0.00,0.00,0.00,0.00,0.00,0.00,0.00,0.00,0.00,0.00,416732,441886,505840,429837,456039,518945,0,0,0,0,0,0,0,112703,0,140.32,140.38,140.44
694,0,0,0,0,93656,93656,93656,3624,3624,3624,591,591,591,0.00,0.00,0.00,0.00,0.00,0.00,0.00,0.00,0.00,0.00,0.00,0.00,0.00,0.00,0.00,0.00,0.00,0.00,0.00,0.00,0.00,296164,362736,610673,309271,376889,623777,0,0,0,0,0,0,0,110017,0,137.26,137.31,137.35
694,1,0,0,0,93624,93624,93624,3655,3655,3655,591,591,591,0.00,0.00,0.00,0.00,0.00,0.00,0.00,0.00,0.00,0.00,0.00,0.00,0.00,0.00,0.00,0.00,0.00,0.00,0.00,0.00,0.00,296165,365876,613269,311890,380029,628994,0,0,0,0,0,0,0,98869,0,123.42,123.49,123.56
694,2,0,0,0,93619,93619,93619,3660,3660,3660,591,591,591,0.00,0.00,0.00,0.00,0.00,0.00,0.00,0.00,0.00,0.00,0.00,0.00,0.00,0.00,0.00,0.00,0.00,0.00,0.00,0.00,0.00,309273,524188,1328821,322377,537817,1341926,0,0,0,0,0,0,0,113571,0,125.71,125.76,125.81
694,3,0,0,0,93660,93660,93660,3619,3619,3619,591,591,591,0.00,0.00,0.00,0.00,0.00,0.00,0.00,0.00,0.00,0.00,0.00,0.00,0.00,0.00,0.00,0.00,0.00,0.00,0.00,0.00,0.00,421969,537817,833463,435074,551970,846568,0,0,0,0,0,0,0,126739,0,140.34,140.37,140.40
695,0,0,0,0,93656,93656,93656,3624,3624,3624,591,591,591,0.00,0.00,0.00,0.00,0.00,0.00,0.00,0.00,0.00,0.00,0.00,0.00,0.00,0.00,0.00,0.00,0.00,0.00,0.00,0.00,0.00,293546,510544,1181978,309272,524697,1195082,0,0,0,0,0,0,0,123865,0,137.22,137.29,137.34
695,1,0,0,0,93624,93624,93624,3655,3655,3655,591,591,591,0.00,0.00,0.00,0.00,0.00,0.00,0.00,0.00,0.00,0.00,0.00,0.00,0.00,0.00,0.00,0.00,0.00,0.00,0.00,0.00,0.00,248115,368426,547713,256852,381140,563437,0,0,0,0,0,0,0,111090,0,123.32,123.34,123.36
695,2,0,0,0,93619,93619,93619,3660,3660,3660,591,591,591,0.00,0.00,0.00,0.00,0.00,0.00,0.00,0.00,0.00,0.00,0.00,0.00,0.00,0.00,0.00,0.00,0.00,0.00,0.00,0.00,0.00,306654,412358,720747,319759,425969,736472,0,0,0,0,0,0,0,100763,0,125.63,125.67,125.76
695,3,0,0,0,93660,93660,93660,3619,3619,3619,591,591,591,0.00,0.00,0.00,0.00,0.00,0.00,0.00,0.00,0.00,0.00,0.00,0.00,0.00,0.00,0.00,0.00,0.00,0.00,0.00,0.00,0.00,405746,659331,1226609,423837,672909,1239714,0,0,0,0,0,0,0,112512,0,140.33,140.40,140.46
696,0,0,0,0,93656,93656,93656,3624,3624,3624,591,591,591,0.00,0.00,0.00,0.00,0.00,0.00,0.00,0.00,0.00,0.00,0.00,0.00,0.00,0.00,0.00,0.00,0.00,0.00,0.00,0.00,0.00,290883,352951,579222,301365,366541,592326,0,0,0,0,0,0,0,110041,0,137.23,137.28,137.34
696,1,0,0,0,93624,93624,93624,3655,3655,3655,591,591,591,0.00,0.00,0.00,0.00,0.00,0.00,0.00,0.00,0.00,0.00,0.00,0.00,0.00,0.00,0.00,0.00,0.00,0.00,0.00,0.00,0.00,309270,387366,524183,324995,401519,537288,0,0,0,0,0,0,0,98879,0,123.33,123.36,123.39
696,2,0,0,0,93619,93619,93619,3660,3660,3660,591,591,591,0.00,0.00,0.00,0.00,0.00,0.00,0.00,0.00,0.00,0.00,0.00,0.00,0.00,0.00,0.00,0.00,0.00,0.00,0.00,0.00,0.00,306651,380035,655234,319756,393664,670960,0,0,0,0,0,0,0,100863,0,125.65,125.68,125.72
696,3,0,0,0,93660,93660,93660,3619,3619,3619,591,591,591,0.00,0.00,0.00,0.00,0.00,0.00,0.00,0.00,0.00,0.00,0.00,0.00,0.00,0.00,0.00,0.00,0.00,0.00,0.00,0.00,0.00,286556,476659,705036,295293,490463,720762,0,0,0,0,0,0,0,112652,0,140.22,140.25,140.28
697,0,0,0,0,93656,93656,93656,3624,3624,3624,591,591,591,0.00,0.00,0.00,0.00,0.00,0.00,0.00,0.00,0.00,0.00,0.00,0.00,0.00,0.00,0.00,0.00,0.00,0.00,0.00,0.00,0.00,213168,423717,689303,221904,436996,705028,0,0,0,0,0,0,0,110021,0,137.25,137.30,137.34
697,1,0,0,0,93624,93624,93624,3655,3655,3655,591,591,591,0.00,0.00,0.00,0.00,0.00,0.00,0.00,0.00,0.00,0.00,0.00,0.00,0.00,0.00,0.00,0.00,0.00,0.00,0.00,0.00,0.00,309268,364832,537289,322372,378461,553015,0,0,0,0,0,0,0,99042,0,123.40,123.50,123.62
697,2,0,0,0,93619,93619,93619,3660,3660,3660,591,591,591,0.00,0.00,0.00,0.00,0.00,0.00,0.00,0.00,0.00,0.00,0.00,0.00,0.00,0.00,0.00,0.00,0.00,0.00,0.00,0.00,0.00,309272,388422,668343,324996,402051,684069,0,0,0,0,0,0,0,100794,0,125.62,125.67,125.71
697,3,0,0,0,93660,93660,93660,3619,3619,3619,591,591,591,0.00,0.00,0.00,0.00,0.00,0.00,0.00,0.00,0.00,0.00,0.00,0.00,0.00,0.00,0.00,0.00,0.00,0.00,0.00,0.00,0.00,419346,443465,534677,432450,457093,550403,0,0,0,0,0,0,0,112660,0,140.22,140.27,140.31
698,0,0,0,0,93656,93656,93656,3624,3624,3624,591,591,591,0.00,0.00,0.00,0.00,0.00,0.00,0.00,0.00,0.00,0.00,0.00,0.00,0.00,0.00,0.00,0.00,0.00,0.00,0.00,0.00,0.00,290924,327089,450802,304029,341242,466527,0,0,0,0,0,0,0,109955,0,137.20,137.21,137.23
698,1,0,0,0,93624,93624,93624,3655,3655,3655,591,591,591,0.00,0.00,0.00,0.00,0.00,0.00,0.00,0.00,0.00,0.00,0.00,0.00,0.00,0.00,0.00,0.00,0.00,0.00,0.00,0.00,0.00,304028,358621,529814,314512,372686,545097,0,0,0,0,0,0,0,111260,0,123.48,123.51,123.59
698,2,0,0,0,93619,93619,93619,3660,3660,3660,591,591,591,0.00,0.00,0.00,0.00,0.00,0.00,0.00,0.00,0.00,0.00,0.00,0.00,0.00,0.00,0.00,0.00,0.00,0.00,0.00,0.00,0.00,207244,566671,1339232,215879,579930,1352336,0,0,0,0,0,0,0,100750,0,125.67,125.70,125.74
698,3,0,0,0,93660,93660,93660,3619,3619,3619,591,591,591,0.00,0.00,0.00,0.00,0.00,0.00,0.00,0.00,0.00,0.00,0.00,0.00,0.00,0.00,0.00,0.00,0.00,0.00,0.00,0.00,0.00,416734,698731,1373307,429839,712360,1386411,0,0,0,0,0,0,0,98714,0,140.21,140.24,140.30
699,0,0,0,0,93656,93656,93656,3624,3624,3624,591,591,591,0.00,0.00,0.00,0.00,0.00,0.00,0.00,0.00,0.00,0.00,0.00,0.00,0.00,0.00,0.00,0.00,0.00,0.00,0.00,0.00,0.00,296165,527463,1205631,309270,541223,1221357,0,0,0,0,0,0,0,96334,0,137.15,137.17,137.20
699,1,0,0,0,93624,93624,93624,3655,3655,3655,591,591,591,0.00,0.00,0.00,0.00,0.00,0.00,0.00,0.00,0.00,0.00,0.00,0.00,0.00,0.00,0.00,0.00,0.00,0.00,0.00,0.00,0.00,309266,347263,387878,322370,359931,400982,0,0,0,0,0,0,0,74171,0,123.40,123.41,123.42
699,2,0,0,0,93619,93619,93619,3660,3660,3660,591,591,591,0.00,0.00,0.00,0.00,0.00,0.00,0.00,0.00,0.00,0.00,0.00,0.00,0.00,0.00,0.00,0.00,0.00,0.00,0.00,0.00,0.00,309275,407560,684064,319759,421320,699790,0,0,0,0,0,0,0,75683,0,125.60,125.65,125.67
699,3,0,0,0,93660,93660,93660,3619,3619,3619,591,591,591,0.00,0.00,0.00,0.00,0.00,0.00,0.00,0.00,0.00,0.00,0.00,0.00,0.00,0.00,0.00,0.00,0.00,0.00,0.00,0.00,0.00,414104,492082,707661,427209,506497,723386,0,0,0,0,0,0,0,112641,0,140.41,140.45,140.47
700,0,0,0,0,93656,93656,93656,3624,3624,3624,591,591,591,0.00,0.00,0.00,0.00,0.00,0.00,0.00,0.00,0.00,0.00,0.00,0.00,0.00,0.00,0.00,0.00,0.00,0.00,0.00,0.00,0.00,286148,424672,644686,299038,438781,660410,0,0,0,0,0,0,0,110018,0,137.19,137.22,137.24
700,1,0,0,0,93624,93624,93624,3655,3655,3655,591,591,591,0.00,0.00,0.00,0.00,0.00,0.00,0.00,0.00,0.00,0.00,0.00,0.00,0.00,0.00,0.00,0.00,0.00,0.00,0.00,0.00,0.00,304027,367452,518943,319752,381605,532047,0,0,0,0,0,0,0,98981,0,123.51,123.56,123.59
700,2,0,0,0,93619,93619,93619,3660,3660,3660,591,591,591,0.00,0.00,0.00,0.00,0.00,0.00,0.00,0.00,0.00,0.00,0.00,0.00,0.00,0.00,0.00,0.00,0.00,0.00,0.00,0.00,0.00,309255,379508,655237,322359,393661,668342,0,0,0,0,0,0,0,100810,0,125.65,125.69,125.72
700,3,0,0,0,93660,93660,93660,3619,3619,3619,591,591,591,0.00,0.00,0.00,0.00,0.00,0.00,0.00,0.00,0.00,0.00,0.00,0.00,0.00,0.00,0.00,0.00,0.00,0.00,0.00,0.00,0.00,286560,431058,511087,295297,443814,524192,0,0,0,0,0,0,0,112424,0,140.08,140.22,140.42
701,0,0,0,0,93656,93656,93656,3624,3624,3624,591,591,591,0.00,0.00,0.00,0.00,0.00,0.00,0.00,0.00,0.00,0.00,0.00,0.00,0.00,0.00,0.00,0.00,0.00,0.00,0.00,0.00,0.00,204432,347011,610682,213168,359766,623787,0,0,0,0,0,0,0,110009,0,137.19,137.24,137.26
701,1,0,0,0,93624,93624,93624,3655,3655,3655,591,591,591,0.00,0.00,0.00,0.00,0.00,0.00,0.00,0.00,0.00,0.00,0.00,0.00,0.00,0.00,0.00,0.00,0.00,0.00,0.00,0.00,0.00,296145,358539,576603,311869,372691,589707,0,0,0,0,0,0,0,99012,0,123.47,123.50,123.53
701,2,0,0,0,93619,93619,93619,3660,3660,3660,591,591,591,0.00,0.00,0.00,0.00,0.00,0.00,0.00,0.00,0.00,0.00,0.00,0.00,0.00,0.00,0.00,0.00,0.00,0.00,0.00,0.00,0.00,314508,392091,681446,327613,406245,697171,0,0,0,0,0,0,0,113417,0,125.72,125.74,125.76
701,3,0,0,0,93660,93660,93660,3619,3619,3619,591,591,591,0.00,0.00,0.00,0.00,0.00,0.00,0.00,0.00,0.00,0.00,0.00,0.00,0.00,0.00,0.00,0.00,0.00,0.00,0.00,0.00,0.00,416734,456040,566124,432459,470193,579229,0,0,0,0,0,0,0,112678,0,140.11,140.27,140.38
702,0,0,0,0,93656,93656,93656,3624,3624,3624,591,591,591,0.00,0.00,0.00,0.00,0.00,0.00,0.00,0.00,0.00,0.00,0.00,0.00,0.00,0.00,0.00,0.00,0.00,0.00,0.00,0.00,0.00,293542,326566,450798,306647,340720,463903,0,0,0,0,0,0,0,109958,0,137.13,137.16,137.19
702,1,0,0,0,93624,93624,93624,3655,3655,3655,591,591,591,0.00,0.00,0.00,0.00,0.00,0.00,0.00,0.00,0.00,0.00,0.00,0.00,0.00,0.00,0.00,0.00,0.00,0.00,0.00,0.00,0.00,301407,372232,537294,317132,385810,550398,0,0,0,0,0,0,0,111357,0,123.56,123.61,123.65
702,2,0,0,0,93619,93619,93619,3660,3660,3660,591,591,591,0.00,0.00,0.00,0.00,0.00,0.00,0.00,0.00,0.00,0.00,0.00,0.00,0.00,0.00,0.00,0.00,0.00,0.00,0.00,0.00,0.00,205826,569021,1394333,214475,581759,1410058,0,0,0,0,0,0,0,100993,0,125.78,125.85,125.93
702,3,0,0,0,93660,93660,93660,3619,3619,3619,591,591,591,0.00,0.00,0.00,0.00,0.00,0.00,0.00,0.00,0.00,0.00,0.00,0.00,0.00,0.00,0.00,0.00,0.00,0.00,0.00,0.00,0.00,416733,699792,1438889,429838,713945,1454615,0,0,0,0,0,0,0,126529,0,140.16,140.24,140.36
703,0,0,0,0,93656,93656,93656,3624,3624,3624,591,591,591,0.00,0.00,0.00,0.00,0.00,0.00,0.00,0.00,0.00,0.00,0.00,0.00,0.00,0.00,0.00,0.00,0.00,0.00,0.00,0.00,0.00,296165,537801,1210802,309270,551954,1221285,0,0,0,0,0,0,0,110066,0,137.15,137.19,137.27
703,1,0,0,0,93624,93624,93624,3655,3655,3655,591,591,591,0.00,0.00,0.00,0.00,0.00,0.00,0.00,0.00,0.00,0.00,0.00,0.00,0.00,0.00,0.00,0.00,0.00,0.00,0.00,0.00,0.00,165079,333372,508454,180801,346651,524179,0,0,0,0,0,0,0,98993,0,123.62,123.64,123.66
703,2,0,0,0,93619,93619,93619,3660,3660,3660,591,591,591,0.00,0.00,0.00,0.00,0.00,0.00,0.00,0.00,0.00,0.00,0.00,0.00,0.00,0.00,0.00,0.00,0.00,0.00,0.00,0.00,0.00,309271,386339,673715,324996,400492,686823,0,0,0,0,0,0,0,100980,0,125.81,125.84,125.87
703,3,0,0,0,93660,93660,93660,3619,3619,3619,591,591,591,0.00,0.00,0.00,0.00,0.00,0.00,0.00,0.00,0.00,0.00,0.00,0.00,0.00,0.00,0.00,0.00,0.00,0.00,0.00,0.00,0.00,276077,449923,689295,284813,462678,702399,0,0,0,0,0,0,0,112552,0,140.08,140.12,140.14
704,0,0,0,0,93656,93656,93656,3624,3624,3624,591,591,591,0.00,0.00,0.00,0.00,0.00,0.00,0.00,0.00,0.00,0.00,0.00,0.00,0.00,0.00,0.00,0.00,0.00,0.00,0.00,0.00,0.00,296162,373708,647547,309267,387241,660194,0,0,0,0,0,0,0,110083,0,137.24,137.31,137.37
704,1,0,0,0,93624,93624,93624,3655,3655,3655,591,591,591,0.00,0.00,0.00,0.00,0.00,0.00,0.00,0.00,0.00,0.00,0.00,0.00,0.00,0.00,0.00,0.00,0.00,0.00,0.00,0.00,0.00,314506,382649,547773,327611,396802,560878,0,0,0,0,0,0,0,99030,0,123.55,123.56,123.59
704,2,0,0,0,93619,93619,93619,3660,3660,3660,591,591,591,0.00,0.00,0.00,0.00,0.00,0.00,0.00,0.00,0.00,0.00,0.00,0.00,0.00,0.00,0.00,0.00,0.00,0.00,0.00,0.00,0.00,309271,456565,681431,322376,470718,697157,0,0,0,0,0,0,0,101033,0,125.86,125.92,125.97
704,3,0,0,0,93660,93660,93660,3619,3619,3619,591,591,591,0.00,0.00,0.00,0.00,0.00,0.00,0.00,0.00,0.00,0.00,0.00,0.00,0.00,0.00,0.00,0.00,0.00,0.00,0.00,0.00,0.00,416734,471244,676189,432460,485397,686672,0,0,0,0,0,0,0,112527,0,140.15,140.18,140.23
705,0,0,0,0,93656,93656,93656,3624,3624,3624,591,591,591,0.00,0.00,0.00,0.00,0.00,0.00,0.00,0.00,0.00,0.00,0.00,0.00,0.00,0.00,0.00,0.00,0.00,0.00,0.00,0.00,0.00,209676,339099,589385,220159,352202,602483,0,0,0,0,0,0,0,110036,0,137.24,137.29,137.33
705,1,0,0,0,93624,93624,93624,3655,3655,3655,591,591,591,0.00,0.00,0.00,0.00,0.00,0.00,0.00,0.00,0.00,0.00,0.00,0.00,0.00,0.00,0.00,0.00,0.00,0.00,0.00,0.00,0.00,296165,309268,322374,311891,322897,335479,0,0,0,0,0,0,0,99025,0,123.48,123.50,123.52
705,2,0,0,0,93619,93619,93619,3660,3660,3660,591,591,591,0.00,0.00,0.00,0.00,0.00,0.00,0.00,0.00,0.00,0.00,0.00,0.00,0.00,0.00,0.00,0.00,0.00,0.00,0.00,0.00,0.00,311886,526268,1339224,327617,540421,1352328,0,0,0,0,0,0,0,113592,0,125.84,125.90,125.95
705,3,0,0,0,93660,93660,93660,3619,3619,3619,591,591,591,0.00,0.00,0.00,0.00,0.00,0.00,0.00,0.00,0.00,0.00,0.00,0.00,0.00,0.00,0.00,0.00,0.00,0.00,0.00,0.00,0.00,419346,451851,573991,429837,465480,587096,0,0,0,0,0,0,0,126728,0,140.12,140.20,140.27
706,0,0,0,0,93656,93656,93656,3624,3624,3624,591,591,591,0.00,0.00,0.00,0.00,0.00,0.00,0.00,0.00,0.00,0.00,0.00,0.00,0.00,0.00,0.00,0.00,0.00,0.00,0.00,0.00,0.00,293544,338099,461282,309270,352515,474386,0,0,0,0,0,0,0,96203,0,137.14,137.20,137.27
706,1,0,0,0,93624,93624,93624,3655,3655,3655,591,591,591,0.00,0.00,0.00,0.00,0.00,0.00,0.00,0.00,0.00,0.00,0.00,0.00,0.00,0.00,0.00,0.00,0.00,0.00,0.00,0.00,0.00,304028,412498,550396,317133,426189,563501,0,0,0,0,0,0,0,86519,0,123.49,123.53,123.57
706,2,0,0,0,93619,93619,93619,3660,3660,3660,591,591,591,0.00,0.00,0.00,0.00,0.00,0.00,0.00,0.00,0.00,0.00,0.00,0.00,0.00,0.00,0.00,0.00,0.00,0.00,0.00,0.00,0.00,202776,369794,647373,211296,381752,660477,0,0,0,0,0,0,0,75723,0,125.75,125.77,125.81
706,3,0,0,0,93660,93660,93660,3619,3619,3619,591,591,591,0.00,0.00,0.00,0.00,0.00,0.00,0.00,0.00,0.00,0.00,0.00,0.00,0.00,0.00,0.00,0.00,0.00,0.00,0.00,0.00,0.00,419355,776435,1409990,435081,790850,1423094,0,0,0,0,0,0,0,84341,0,140.24,140.27,140.29
707,0,0,0,0,93656,93656,93656,3624,3624,3624,591,591,591,0.00,0.00,0.00,0.00,0.00,0.00,0.00,0.00,0.00,0.00,0.00,0.00,0.00,0.00,0.00,0.00,0.00,0.00,0.00,0.00,0.00,296168,537291,1258050,309273,550920,1268533,0,0,0,0,0,0,0,109946,0,137.11,137.13,137.17
707,1,0,0,0,93624,93624,93624,3655,3655,3655,591,591,591,0.00,0.00,0.00,0.00,0.00,0.00,0.00,0.00,0.00,0.00,0.00,0.00,0.00,0.00,0.00,0.00,0.00,0.00,0.00,0.00,0.00,204431,332328,529427,211420,345782,545153,0,0,0,0,0,0,0,98948,0,123.42,123.46,123.50
707,2,0,0,0,93619,93619,93619,3660,3660,3660,591,591,591,0.00,0.00,0.00,0.00,0.00,0.00,0.00,0.00,0.00,0.00,0.00,0.00,0.00,0.00,0.00,0.00,0.00,0.00,0.00,0.00,0.00,304204,459898,689305,314878,473500,705462,0,0,0,0,0,0,0,100960,0,125.79,125.82,125.86
707,3,0,0,0,93660,93660,93660,3619,3619,3619,591,591,591,0.00,0.00,0.00,0.00,0.00,0.00,0.00,0.00,0.00,0.00,0.00,0.00,0.00,0.00,0.00,0.00,0.00,0.00,0.00,0.00,0.00,283065,438749,631647,291801,452028,647373,0,0,0,0,0,0,0,112800,0,140.31,140.41,140.47
708,0,0,0,0,93656,93656,93656,3624,3624,3624,591,591,591,0.00,0.00,0.00,0.00,0.00,0.00,0.00,0.00,0.00,0.00,0.00,0.00,0.00,0.00,0.00,0.00,0.00,0.00,0.00,0.00,0.00,296166,383794,684063,309271,397384,699789,0,0,0,0,0,0,0,109962,0,137.06,137.14,137.18
708,1,0,0,0,93624,93624,93624,3655,3655,3655,591,591,591,0.00,0.00,0.00,0.00,0.00,0.00,0.00,0.00,0.00,0.00,0.00,0.00,0.00,0.00,0.00,0.00,0.00,0.00,0.00,0.00,0.00,298784,384751,571361,314510,398904,584466,0,0,0,0,0,0,0,99010,0,123.44,123.46,123.48
708,2,0,0,0,93619,93619,93619,3660,3660,3660,591,591,591,0.00,0.00,0.00,0.00,0.00,0.00,0.00,0.00,0.00,0.00,0.00,0.00,0.00,0.00,0.00,0.00,0.00,0.00,0.00,0.00,0.00,311873,394185,718138,324977,408862,731243,0,0,0,0,0,0,0,100930,0,125.83,125.85,125.87
708,3,0,0,0,93660,93660,93660,3619,3619,3619,591,591,591,0.00,0.00,0.00,0.00,0.00,0.00,0.00,0.00,0.00,0.00,0.00,0.00,0.00,0.00,0.00,0.00,0.00,0.00,0.00,0.00,0.00,421951,479103,592333,432434,492732,605437,0,0,0,0,0,0,0,112688,0,140.27,140.31,140.41
709,0,0,0,0,93656,93656,93656,3624,3624,3624,591,591,591,0.00,0.00,0.00,0.00,0.00,0.00,0.00,0.00,0.00,0.00,0.00,0.00,0.00,0.00,0.00,0.00,0.00,0.00,0.00,0.00,0.00,298786,355049,477011,314512,368154,490115,0,0,0,0,0,0,0,109928,0,137.15,137.19,137.22
709,1,0,0,0,93624,93624,93624,3655,3655,3655,591,591,591,0.00,0.00,0.00,0.00,0.00,0.00,0.00,0.00,0.00,0.00,0.00,0.00,0.00,0.00,0.00,0.00,0.00,0.00,0.00,0.00,0.00,304013,368498,626401,317129,382127,639506,0,0,0,0,0,0,0,98963,0,123.48,123.50,123.52
709,2,0,0,0,93619,93619,93619,3660,3660,3660,591,591,591,0.00,0.00,0.00,0.00,0.00,0.00,0.00,0.00,0.00,0.00,0.00,0.00,0.00,0.00,0.00,0.00,0.00,0.00,0.00,0.00,0.00,322376,583420,1273779,335481,597049,1289505,0,0,0,0,0,0,0,100732,0,125.64,125.72,125.81
709,3,0,0,0,93660,93660,93660,3619,3619,3619,591,591,591,0.00,0.00,0.00,0.00,0.00,0.00,0.00,0.00,0.00,0.00,0.00,0.00,0.00,0.00,0.00,0.00,0.00,0.00,0.00,0.00,0.00,421972,705035,1381246,435076,719188,1396972,0,0,0,0,0,0,0,126792,0,140.21,140.26,140.28
710,0,0,0,0,93656,93656,93656,3624,3624,3624,591,591,591,0.00,0.00,0.00,0.00,0.00,0.00,0.00,0.00,0.00,0.00,0.00,0.00,0.00,0.00,0.00,0.00,0.00,0.00,0.00,0.00,0.00,298783,477007,1174186,311888,491160,1189912,0,0,0,0,0,0,0,123783,0,137.08,137.10,137.14
710,1,0,0,0,93624,93624,93624,3655,3655,3655,591,591,591,0.00,0.00,0.00,0.00,0.00,0.00,0.00,0.00,0.00,0.00,0.00,0.00,0.00,0.00,0.00,0.00,0.00,0.00,0.00,0.00,0.00,206177,390344,521568,216661,403448,537294,0,0,0,0,0,0,0,98819,0,123.36,123.41,123.48
710,2,0,0,0,93619,93619,93619,3660,3660,3660,591,591,591,0.00,0.00,0.00,0.00,0.00,0.00,0.00,0.00,0.00,0.00,0.00,0.00,0.00,0.00,0.00,0.00,0.00,0.00,0.00,0.00,0.00,306295,343786,476957,319755,356989,485597,0,0,0,0,0,0,0,100742,0,125.55,125.57,125.60
710,3,0,0,0,93660,93660,93660,3619,3619,3619,591,591,591,0.00,0.00,0.00,0.00,0.00,0.00,0.00,0.00,0.00,0.00,0.00,0.00,0.00,0.00,0.00,0.00,0.00,0.00,0.00,0.00,0.00,414112,504796,657859,427217,518949,670964,0,0,0,0,0,0,0,112600,0,140.35,140.39,140.43
711,0,0,0,0,93656,93656,93656,3624,3624,3624,591,591,591,0.00,0.00,0.00,0.00,0.00,0.00,0.00,0.00,0.00,0.00,0.00,0.00,0.00,0.00,0.00,0.00,0.00,0.00,0.00,0.00,0.00,293545,430356,670958,306650,443985,684063,0,0,0,0,0,0,0,110027,0,137.21,137.24,137.28
711,1,0,0,0,93624,93624,93624,3655,3655,3655,591,591,591,0.00,0.00,0.00,0.00,0.00,0.00,0.00,0.00,0.00,0.00,0.00,0.00,0.00,0.00,0.00,0.00,0.00,0.00,0.00,0.00,0.00,306647,369021,518942,319753,383174,532047,0,0,0,0,0,0,0,98923,0,123.41,123.44,123.48
711,2,0,0,0,93619,93619,93619,3660,3660,3660,591,591,591,0.00,0.00,0.00,0.00,0.00,0.00,0.00,0.00,0.00,0.00,0.00,0.00,0.00,0.00,0.00,0.00,0.00,0.00,0.00,0.00,0.00,309631,383252,652618,322977,397454,665722,0,0,0,0,0,0,0,100851,0,125.63,125.69,125.77
711,3,0,0,0,93660,93660,93660,3619,3619,3619,591,591,591,0.00,0.00,0.00,0.00,0.00,0.00,0.00,0.00,0.00,0.00,0.00,0.00,0.00,0.00,0.00,0.00,0.00,0.00,0.00,0.00,0.00,277811,410438,495360,286547,422670,511086,0,0,0,0,0,0,0,112515,0,140.13,140.23,140.34
712,0,0,0,0,93656,93656,93656,3624,3624,3624,591,591,591,0.00,0.00,0.00,0.00,0.00,0.00,0.00,0.00,0.00,0.00,0.00,0.00,0.00,0.00,0.00,0.00,0.00,0.00,0.00,0.00,0.00,199191,348215,613295,209675,361281,626400,0,0,0,0,0,0,0,110105,0,137.23,137.27,137.31
712,1,0,0,0,93624,93624,93624,3655,3655,3655,591,591,591,0.00,0.00,0.00,0.00,0.00,0.00,0.00,0.00,0.00,0.00,0.00,0.00,0.00,0.00,0.00,0.00,0.00,0.00,0.00,0.00,0.00,298788,419871,629018,314509,433500,642122,0,0,0,0,0,0,0,98988,0,123.37,123.42,123.50
712,2,0,0,0,93619,93619,93619,3660,3660,3660,591,591,591,0.00,0.00,0.00,0.00,0.00,0.00,0.00,0.00,0.00,0.00,0.00,0.00,0.00,0.00,0.00,0.00,0.00,0.00,0.00,0.00,0.00,309264,385277,655238,324990,398906,668343,0,0,0,0,0,0,0,113589,0,125.78,125.84,125.92
712,3,0,0,0,93660,93660,93660,3619,3619,3619,591,591,591,0.00,0.00,0.00,0.00,0.00,0.00,0.00,0.00,0.00,0.00,0.00,0.00,0.00,0.00,0.00,0.00,0.00,0.00,0.00,0.00,0.00,416730,456568,589713,429834,470721,602818,0,0,0,0,0,0,0,112478,0,139.97,140.01,140.03
713,0,0,0,0,93656,93656,93656,3624,3624,3624,591,591,591,0.00,0.00,0.00,0.00,0.00,0.00,0.00,0.00,0.00,0.00,0.00,0.00,0.00,0.00,0.00,0.00,0.00,0.00,0.00,0.00,0.00,296151,330759,458664,309270,344388,471769,0,0,0,0,0,0,0,109974,0,137.22,137.26,137.32
713,1,0,0,0,93624,93624,93624,3655,3655,3655,591,591,591,0.00,0.00,0.00,0.00,0.00,0.00,0.00,0.00,0.00,0.00,0.00,0.00,0.00,0.00,0.00,0.00,0.00,0.00,0.00,0.00,0.00,298783,367978,547776,314508,381607,560881,0,0,0,0,0,0,0,86545,0,123.50,123.52,123.54
713,2,0,0,0,93619,93619,93619,3660,3660,3660,591,591,591,0.00,0.00,0.00,0.00,0.00,0.00,0.00,0.00,0.00,0.00,0.00,0.00,0.00,0.00,0.00,0.00,0.00,0.00,0.00,0.00,0.00,311890,587610,1315715,327613,601763,1331441,0,0,0,0,0,0,0,100955,0,125.87,125.90,125.92
713,3,0,0,0,93660,93660,93660,3619,3619,3619,591,591,591,0.00,0.00,0.00,0.00,0.00,0.00,0.00,0.00,0.00,0.00,0.00,0.00,0.00,0.00,0.00,0.00,0.00,0.00,0.00,0.00,0.00,416731,757967,1158464,432457,772120,1174189,0,0,0,0,0,0,0,84243,0,140.06,140.10,140.13
714,0,0,0,0,93656,93656,93656,3624,3624,3624,591,591,591,0.00,0.00,0.00,0.00,0.00,0.00,0.00,0.00,0.00,0.00,0.00,0.00,0.00,0.00,0.00,0.00,0.00,0.00,0.00,0.00,0.00,296165,592989,1218744,311890,607404,1231849,0,0,0,0,0,0,0,82562,0,137.21,137.27,137.34
714,1,0,0,0,93624,93624,93624,3655,3655,3655,591,591,591,0.00,0.00,0.00,0.00,0.00,0.00,0.00,0.00,0.00,0.00,0.00,0.00,0.00,0.00,0.00,0.00,0.00,0.00,0.00,0.00,0.00,204431,312540,424592,213168,325863,440317,0,0,0,0,0,0,0,98963,0,123.46,123.49,123.55
714,2,0,0,0,93619,93619,93619,3660,3660,3660,591,591,591,0.00,0.00,0.00,0.00,0.00,0.00,0.00,0.00,0.00,0.00,0.00,0.00,0.00,0.00,0.00,0.00,0.00,0.00,0.00,0.00,0.00,205922,382942,707652,214574,395530,720756,0,0,0,0,0,0,0,75731,0,125.82,125.85,125.87
714,3,0,0,0,93660,93660,93660,3619,3619,3619,591,591,591,0.00,0.00,0.00,0.00,0.00,0.00,0.00,0.00,0.00,0.00,0.00,0.00,0.00,0.00,0.00,0.00,0.00,0.00,0.00,0.00,0.00,408038,487291,670967,423534,501648,684072,0,0,0,0,0,0,0,112632,0,140.09,140.13,140.20
715,0,0,0,0,93656,93656,93656,3624,3624,3624,591,591,591,0.00,0.00,0.00,0.00,0.00,0.00,0.00,0.00,0.00,0.00,0.00,0.00,0.00,0.00,0.00,0.00,0.00,0.00,0.00,0.00,0.00,298786,378984,663101,311891,392613,676206,0,0,0,0,0,0,0,110125,0,137.27,137.31,137.33
715,1,0,0,0,93624,93624,93624,3655,3655,3655,591,591,591,0.00,0.00,0.00,0.00,0.00,0.00,0.00,0.00,0.00,0.00,0.00,0.00,0.00,0.00,0.00,0.00,0.00,0.00,0.00,0.00,0.00,309267,429307,560876,324992,442936,573981,0,0,0,0,0,0,0,99057,0,123.51,123.54,123.60
715,2,0,0,0,93619,93619,93619,3660,3660,3660,591,591,591,0.00,0.00,0.00,0.00,0.00,0.00,0.00,0.00,0.00,0.00,0.00,0.00,0.00,0.00,0.00,0.00,0.00,0.00,0.00,0.00,0.00,306650,388490,702415,319755,402691,718140,0,0,0,0,0,0,0,100932,0,125.86,125.92,125.95
715,3,0,0,0,93660,93660,93660,3619,3619,3619,591,591,591,0.00,0.00,0.00,0.00,0.00,0.00,0.00,0.00,0.00,0.00,0.00,0.00,0.00,0.00,0.00,0.00,0.00,0.00,0.00,0.00,0.00,291801,424768,579229,300537,437524,592334,0,0,0,0,0,0,0,112724,0,140.29,140.42,140.47
716,0,0,0,0,93656,93656,93656,3624,3624,3624,591,591,591,0.00,0.00,0.00,0.00,0.00,0.00,0.00,0.00,0.00,0.00,0.00,0.00,0.00,0.00,0.00,0.00,0.00,0.00,0.00,0.00,0.00,204433,348130,623642,211422,361535,639364,0,0,0,0,0,0,0,110065,0,137.28,137.33,137.35
716,1,0,0,0,93624,93624,93624,3655,3655,3655,591,591,591,0.00,0.00,0.00,0.00,0.00,0.00,0.00,0.00,0.00,0.00,0.00,0.00,0.00,0.00,0.00,0.00,0.00,0.00,0.00,0.00,0.00,298787,368498,602813,311891,382651,615918,0,0,0,0,0,0,0,98979,0,123.53,123.59,123.62
716,2,0,0,0,93619,93619,93619,3660,3660,3660,591,591,591,0.00,0.00,0.00,0.00,0.00,0.00,0.00,0.00,0.00,0.00,0.00,0.00,0.00,0.00,0.00,0.00,0.00,0.00,0.00,0.00,0.00,309271,591807,1360271,322375,605960,1375997,0,0,0,0,0,0,0,113439,0,125.64,125.74,125.80
716,3,0,0,0,93660,93660,93660,3619,3619,3619,591,591,591,0.00,0.00,0.00,0.00,0.00,0.00,0.00,0.00,0.00,0.00,0.00,0.00,0.00,0.00,0.00,0.00,0.00,0.00,0.00,0.00,0.00,414110,452368,584437,427214,465997,600161,0,0,0,0,0,0,0,126797,0,140.28,140.33,140.36
717,0,0,0,0,93656,93656,93656,3624,3624,3624,591,591,591,0.00,0.00,0.00,0.00,0.00,0.00,0.00,0.00,0.00,0.00,0.00,0.00,0.00,0.00,0.00,0.00,0.00,0.00,0.00,0.00,0.00,301407,340197,463907,314511,354350,477012,0,0,0,0,0,0,0,123863,0,137.29,137.33,137.35
717,1,0,0,0,93624,93624,93624,3655,3655,3655,591,591,591,0.00,0.00,0.00,0.00,0.00,0.00,0.00,0.00,0.00,0.00,0.00,0.00,0.00,0.00,0.00,0.00,0.00,0.00,0.00,0.00,0.00,296163,407744,531682,309268,421895,547396,0,0,0,0,0,0,0,111398,0,123.52,123.58,123.61
717,2,0,0,0,93619,93619,93619,3660,3660,3660,591,591,591,0.00,0.00,0.00,0.00,0.00,0.00,0.00,0.00,0.00,0.00,0.00,0.00,0.00,0.00,0.00,0.00,0.00,0.00,0.00,0.00,0.00,309269,379510,649991,322374,393139,665716,0,0,0,0,0,0,0,100815,0,125.65,125.67,125.70
717,3,0,0,0,93660,93660,93660,3619,3619,3619,591,591,591,0.00,0.00,0.00,0.00,0.00,0.00,0.00,0.00,0.00,0.00,0.00,0.00,0.00,0.00,0.00,0.00,0.00,0.00,0.00,0.00,0.00,419354,748014,1226604,432459,762167,1242329,0,0,0,0,0,0,0,112670,0,140.43,140.49,140.56
719,0,0,0,0,93656,93656,93656,3624,3624,3624,591,591,591,0.00,0.00,0.00,0.00,0.00,0.00,0.00,0.00,0.00,0.00,0.00,0.00,0.00,0.00,0.00,0.00,0.00,0.00,0.00,0.00,0.00,298789,456303,1197766,311894,470194,1213492,0,0,0,0,0,0,0,247549,0,137.18,137.25,137.35
719,1,0,0,0,93624,93624,93624,3655,3655,3655,591,591,591,0.00,0.00,0.00,0.00,0.00,0.00,0.00,0.00,0.00,0.00,0.00,0.00,0.00,0.00,0.00,0.00,0.00,0.00,0.00,0.00,0.00,200938,355575,571364,209674,369023,584468,0,0,0,0,0,0,0,222672,0,123.45,123.52,123.62
719,2,0,0,0,93619,93619,93619,3660,3660,3660,591,591,591,0.00,0.00,0.00,0.00,0.00,0.00,0.00,0.00,0.00,0.00,0.00,0.00,0.00,0.00,0.00,0.00,0.00,0.00,0.00,0.00,0.00,216149,414117,699798,224795,427577,715523,0,0,0,0,0,0,0,227055,0,125.60,125.76,125.90
719,3,0,0,0,93660,93660,93660,3619,3619,3619,591,591,591,0.00,0.00,0.00,0.00,0.00,0.00,0.00,0.00,0.00,0.00,0.00,0.00,0.00,0.00,0.00,0.00,0.00,0.00,0.00,0.00,0.00,295292,464825,702006,304029,478245,714769,0,0,0,0,0,0,0,253383,0,140.25,140.31,140.44
720,0,0,0,0,93656,93656,93656,3624,3624,3624,591,591,591,0.00,0.00,0.00,0.00,0.00,0.00,0.00,0.00,0.00,0.00,0.00,0.00,0.00,0.00,0.00,0.00,0.00,0.00,0.00,0.00,0.00,192186,367319,606544,202669,380340,619233,0,0,0,0,0,0,0,109930,0,137.18,137.20,137.23
720,1,0,0,0,93624,93624,93624,3655,3655,3655,591,591,591,0.00,0.00,0.00,0.00,0.00,0.00,0.00,0.00,0.00,0.00,0.00,0.00,0.00,0.00,0.00,0.00,0.00,0.00,0.00,0.00,0.00,301408,313769,335479,314512,327916,351204,0,0,0,0,0,0,0,99041,0,123.49,123.52,123.57
720,2,0,0,0,93619,93619,93619,3660,3660,3660,591,591,591,0.00,0.00,0.00,0.00,0.00,0.00,0.00,0.00,0.00,0.00,0.00,0.00,0.00,0.00,0.00,0.00,0.00,0.00,0.00,0.00,0.00,311874,592326,1331438,327599,606479,1344542,0,0,0,0,0,0,0,113485,0,125.74,125.77,125.81
720,3,0,0,0,93660,93660,93660,3619,3619,3619,591,591,591,0.00,0.00,0.00,0.00,0.00,0.00,0.00,0.00,0.00,0.00,0.00,0.00,0.00,0.00,0.00,0.00,0.00,0.00,0.00,0.00,0.00,419343,617492,1399580,432447,631646,1412685,0,0,0,0,0,0,0,98626,0,140.31,140.35,140.38
721,0,0,0,0,93656,93656,93656,3624,3624,3624,591,591,591,0.00,0.00,0.00,0.00,0.00,0.00,0.00,0.00,0.00,0.00,0.00,0.00,0.00,0.00,0.00,0.00,0.00,0.00,0.00,0.00,0.00,298786,519600,1174179,311890,533360,1189905,0,0,0,0,0,0,0,96222,0,137.13,137.16,137.17
721,1,0,0,0,93624,93624,93624,3655,3655,3655,591,591,591,0.00,0.00,0.00,0.00,0.00,0.00,0.00,0.00,0.00,0.00,0.00,0.00,0.00,0.00,0.00,0.00,0.00,0.00,0.00,0.00,0.00,312248,437131,558263,325259,450212,571368,0,0,0,0,0,0,0,74214,0,123.47,123.51,123.54
721,2,0,0,0,93619,93619,93619,3660,3660,3660,591,591,591,0.00,0.00,0.00,0.00,0.00,0.00,0.00,0.00,0.00,0.00,0.00,0.00,0.00,0.00,0.00,0.00,0.00,0.00,0.00,0.00,0.00,309270,417385,728625,324996,431145,741730,0,0,0,0,0,0,0,75488,0,125.60,125.66,125.72
721,3,0,0,0,93660,93660,93660,3619,3619,3619,591,591,591,0.00,0.00,0.00,0.00,0.00,0.00,0.00,0.00,0.00,0.00,0.00,0.00,0.00,0.00,0.00,0.00,0.00,0.00,0.00,0.00,0.00,414111,527453,854386,427216,541213,870111,0,0,0,0,0,0,0,112747,0,140.48,140.51,140.54
722,0,0,0,0,93656,93656,93656,3624,3624,3624,591,591,591,0.00,0.00,0.00,0.00,0.00,0.00,0.00,0.00,0.00,0.00,0.00,0.00,0.00,0.00,0.00,0.00,0.00,0.00,0.00,0.00,0.00,298785,358018,566119,311889,371647,581845,0,0,0,0,0,0,0,109925,0,137.15,137.16,137.18
722,1,0,0,0,93624,93624,93624,3655,3655,3655,591,591,591,0.00,0.00,0.00,0.00,0.00,0.00,0.00,0.00,0.00,0.00,0.00,0.00,0.00,0.00,0.00,0.00,0.00,0.00,0.00,0.00,0.00,202686,344599,505834,211423,358406,521559,0,0,0,0,0,0,0,98891,0,123.41,123.50,123.58
722,2,0,0,0,93619,93619,93619,3660,3660,3660,591,591,591,0.00,0.00,0.00,0.00,0.00,0.00,0.00,0.00,0.00,0.00,0.00,0.00,0.00,0.00,0.00,0.00,0.00,0.00,0.00,0.00,0.00,213326,350284,612592,221859,363515,628036,0,0,0,0,0,0,0,100820,0,125.51,125.55,125.63
722,3,0,0,0,93660,93660,93660,3619,3619,3619,591,591,591,0.00,0.00,0.00,0.00,0.00,0.00,0.00,0.00,0.00,0.00,0.00,0.00,0.00,0.00,0.00,0.00,0.00,0.00,0.00,0.00,0.00,424590,504244,686693,437695,517872,699798,0,0,0,0,0,0,0,112712,0,140.26,140.34,140.44
723,0,0,0,0,93656,93656,93656,3624,3624,3624,591,591,591,0.00,0.00,0.00,0.00,0.00,0.00,0.00,0.00,0.00,0.00,0.00,0.00,0.00,0.00,0.00,0.00,0.00,0.00,0.00,0.00,0.00,304012,438217,644749,314495,452370,657853,0,0,0,0,0,0,0,109916,0,137.04,137.07,137.10
723,1,0,0,0,93624,93624,93624,3655,3655,3655,591,591,591,0.00,0.00,0.00,0.00,0.00,0.00,0.00,0.00,0.00,0.00,0.00,0.00,0.00,0.00,0.00,0.00,0.00,0.00,0.00,0.00,0.00,303126,367797,573984,316192,381418,587089,0,0,0,0,0,0,0,98958,0,123.42,123.45,123.52
723,2,0,0,0,93619,93619,93619,3660,3660,3660,591,591,591,0.00,0.00,0.00,0.00,0.00,0.00,0.00,0.00,0.00,0.00,0.00,0.00,0.00,0.00,0.00,0.00,0.00,0.00,0.00,0.00,0.00,311892,389467,684069,327599,403096,697174,0,0,0,0,0,0,0,100962,0,125.70,125.76,125.82
723,3,0,0,0,93660,93660,93660,3619,3619,3619,591,591,591,0.00,0.00,0.00,0.00,0.00,0.00,0.00,0.00,0.00,0.00,0.00,0.00,0.00,0.00,0.00,0.00,0.00,0.00,0.00,0.00,0.00,277823,415151,539882,290054,428605,552986,0,0,0,0,0,0,0,112673,0,140.32,140.38,140.43
724,0,0,0,0,93656,93656,93656,3624,3624,3624,591,591,591,0.00,0.00,0.00,0.00,0.00,0.00,0.00,0.00,0.00,0.00,0.00,0.00,0.00,0.00,0.00,0.00,0.00,0.00,0.00,0.00,0.00,192201,309049,458667,200938,322281,469151,0,0,0,0,0,0,0,110063,0,137.12,137.22,137.31
724,1,0,0,0,93624,93624,93624,3655,3655,3655,591,591,591,0.00,0.00,0.00,0.00,0.00,0.00,0.00,0.00,0.00,0.00,0.00,0.00,0.00,0.00,0.00,0.00,0.00,0.00,0.00,0.00,0.00,298787,418499,629018,311891,432642,644743,0,0,0,0,0,0,0,111256,0,123.48,123.50,123.52
724,2,0,0,0,93619,93619,93619,3660,3660,3660,591,591,591,0.00,0.00,0.00,0.00,0.00,0.00,0.00,0.00,0.00,0.00,0.00,0.00,0.00,0.00,0.00,0.00,0.00,0.00,0.00,0.00,0.00,311892,592332,1373374,327617,606485,1386479,0,0,0,0,0,0,0,100723,0,125.63,125.74,125.82
724,3,0,0,0,93660,93660,93660,3619,3619,3619,591,591,591,0.00,0.00,0.00,0.00,0.00,0.00,0.00,0.00,0.00,0.00,0.00,0.00,0.00,0.00,0.00,0.00,0.00,0.00,0.00,0.00,0.00,424594,750638,1231852,435078,764267,1247577,0,0,0,0,0,0,0,126650,0,140.16,140.26,140.32
725,0,0,0,0,93656,93656,93656,3624,3624,3624,591,591,591,0.00,0.00,0.00,0.00,0.00,0.00,0.00,0.00,0.00,0.00,0.00,0.00,0.00,0.00,0.00,0.00,0.00,0.00,0.00,0.00,0.00,298786,530995,1150592,314512,544624,1163697,0,0,0,0,0,0,0,123806,0,137.25,137.30,137.32
725,1,0,0,0,93624,93624,93624,3655,3655,3655,591,591,591,0.00,0.00,0.00,0.00,0.00,0.00,0.00,0.00,0.00,0.00,0.00,0.00,0.00,0.00,0.00,0.00,0.00,0.00,0.00,0.00,0.00,308334,380895,534672,321399,394515,547777,0,0,0,0,0,0,0,98995,0,123.44,123.48,123.55
725,2,0,0,0,93619,93619,93619,3660,3660,3660,591,591,591,0.00,0.00,0.00,0.00,0.00,0.00,0.00,0.00,0.00,0.00,0.00,0.00,0.00,0.00,0.00,0.00,0.00,0.00,0.00,0.00,0.00,304027,396281,726005,319753,409910,739110,0,0,0,0,0,0,0,100842,0,125.48,125.54,125.63
725,3,0,0,0,93660,93660,93660,3619,3619,3619,591,591,591,0.00,0.00,0.00,0.00,0.00,0.00,0.00,0.00,0.00,0.00,0.00,0.00,0.00,0.00,0.00,0.00,0.00,0.00,0.00,0.00,0.00,421970,486528,699798,437696,500115,712903,0,0,0,0,0,0,0,112782,0,140.31,140.41,140.51
726,0,0,0,0,93656,93656,93656,3624,3624,3624,591,591,591,0.00,0.00,0.00,0.00,0.00,0.00,0.00,0.00,0.00,0.00,0.00,0.00,0.00,0.00,0.00,0.00,0.00,0.00,0.00,0.00,0.00,298784,375317,665722,311889,389470,678827,0,0,0,0,0,0,0,109950,0,137.17,137.25,137.30
726,1,0,0,0,93624,93624,93624,3655,3655,3655,591,591,591,0.00,0.00,0.00,0.00,0.00,0.00,0.00,0.00,0.00,0.00,0.00,0.00,0.00,0.00,0.00,0.00,0.00,0.00,0.00,0.00,0.00,312257,385464,568447,327613,398731,581606,0,0,0,0,0,0,0,99096,0,123.51,123.55,123.60
726,2,0,0,0,93619,93619,93619,3660,3660,3660,591,591,591,0.00,0.00,0.00,0.00,0.00,0.00,0.00,0.00,0.00,0.00,0.00,0.00,0.00,0.00,0.00,0.00,0.00,0.00,0.00,0.00,0.00,303736,331477,420241,319180,344730,428888,0,0,0,0,0,0,0,100912,0,125.73,125.83,125.87
726,3,0,0,0,93660,93660,93660,3619,3619,3619,591,591,591,0.00,0.00,0.00,0.00,0.00,0.00,0.00,0.00,0.00,0.00,0.00,0.00,0.00,0.00,0.00,0.00,0.00,0.00,0.00,0.00,0.00,277822,405716,503212,288306,419345,518937,0,0,0,0,0,0,0,112804,0,140.44,140.48,140.50
727,0,0,0,0,93656,93656,93656,3624,3624,3624,591,591,591,0.00,0.00,0.00,0.00,0.00,0.00,0.00,0.00,0.00,0.00,0.00,0.00,0.00,0.00,0.00,0.00,0.00,0.00,0.00,0.00,0.00,292154,365604,618545,307667,379715,631650,0,0,0,0,0,0,0,110112,0,137.18,137.27,137.36
727,1,0,0,0,93624,93624,93624,3655,3655,3655,591,591,591,0.00,0.00,0.00,0.00,0.00,0.00,0.00,0.00,0.00,0.00,0.00,0.00,0.00,0.00,0.00,0.00,0.00,0.00,0.00,0.00,0.00,299348,314903,344739,312363,329051,360529,0,0,0,0,0,0,0,98930,0,123.39,123.48,123.58
727,2,0,0,0,93619,93619,93619,3660,3660,3660,591,591,591,0.00,0.00,0.00,0.00,0.00,0.00,0.00,0.00,0.00,0.00,0.00,0.00,0.00,0.00,0.00,0.00,0.00,0.00,0.00,0.00,0.00,311893,596522,1336657,324997,610675,1352383,0,0,0,0,0,0,0,113518,0,125.80,125.84,125.87
727,3,0,0,0,93660,93660,93660,3619,3619,3619,591,591,591,0.00,0.00,0.00,0.00,0.00,0.00,0.00,0.00,0.00,0.00,0.00,0.00,0.00,0.00,0.00,0.00,0.00,0.00,0.00,0.00,0.00,416732,451325,568734,432457,464954,581838,0,0,0,0,0,0,0,112505,0,140.24,140.35,140.47
728,0,0,0,0,93656,93656,93656,3624,3624,3624,591,591,591,0.00,0.00,0.00,0.00,0.00,0.00,0.00,0.00,0.00,0.00,0.00,0.00,0.00,0.00,0.00,0.00,0.00,0.00,0.00,0.00,0.00,192201,307867,453397,202684,320971,466501,0,0,0,0,0,0,0,82381,0,137.22,137.30,137.37
728,1,0,0,0,93624,93624,93624,3655,3655,3655,591,591,591,0.00,0.00,0.00,0.00,0.00,0.00,0.00,0.00,0.00,0.00,0.00,0.00,0.00,0.00,0.00,0.00,0.00,0.00,0.00,0.00,0.00,298787,391374,545152,314513,404992,555636,0,0,0,0,0,0,0,86633,0,123.44,123.53,123.61
728,2,0,0,0,93619,93619,93619,3660,3660,3660,591,591,591,0.00,0.00,0.00,0.00,0.00,0.00,0.00,0.00,0.00,0.00,0.00,0.00,0.00,0.00,0.00,0.00,0.00,0.00,0.00,0.00,0.00,309266,383697,668304,322370,397325,681408,0,0,0,0,0,0,0,100788,0,125.65,125.70,125.76
728,3,0,0,0,93660,93660,93660,3619,3619,3619,591,591,591,0.00,0.00,0.00,0.00,0.00,0.00,0.00,0.00,0.00,0.00,0.00,0.00,0.00,0.00,0.00,0.00,0.00,0.00,0.00,0.00,0.00,419352,706597,1417911,432457,720750,1433636,0,0,0,0,0,0,0,84348,0,140.21,140.25,140.29
729,0,0,0,0,93656,93656,93656,3624,3624,3624,591,591,591,0.00,0.00,0.00,0.00,0.00,0.00,0.00,0.00,0.00,0.00,0.00,0.00,0.00,0.00,0.00,0.00,0.00,0.00,0.00,0.00,0.00,298787,598228,1216115,314512,611988,1226599,0,0,0,0,0,0,0,109982,0,137.20,137.23,137.25
729,1,0,0,0,93624,93624,93624,3655,3655,3655,591,591,591,0.00,0.00,0.00,0.00,0.00,0.00,0.00,0.00,0.00,0.00,0.00,0.00,0.00,0.00,0.00,0.00,0.00,0.00,0.00,0.00,0.00,298720,315446,347706,311821,328073,356443,0,0,0,0,0,0,0,99035,0,123.58,123.60,123.62
729,2,0,0,0,93619,93619,93619,3660,3660,3660,591,591,591,0.00,0.00,0.00,0.00,0.00,0.00,0.00,0.00,0.00,0.00,0.00,0.00,0.00,0.00,0.00,0.00,0.00,0.00,0.00,0.00,0.00,309272,410833,705034,324997,425248,720760,0,0,0,0,0,0,0,75676,0,125.65,125.66,125.68
729,3,0,0,0,93660,93660,93660,3619,3619,3619,591,591,591,0.00,0.00,0.00,0.00,0.00,0.00,0.00,0.00,0.00,0.00,0.00,0.00,0.00,0.00,0.00,0.00,0.00,0.00,0.00,0.00,0.00,421969,494702,694542,435073,508462,707647,0,0,0,0,0,0,0,112478,0,140.08,140.11,140.17
730,0,0,0,0,93656,93656,93656,3624,3624,3624,591,591,591,0.00,0.00,0.00,0.00,0.00,0.00,0.00,0.00,0.00,0.00,0.00,0.00,0.00,0.00,0.00,0.00,0.00,0.00,0.00,0.00,0.00,298783,375839,673584,311893,389992,686689,0,0,0,0,0,0,0,110020,0,137.13,137.17,137.21
730,1,0,0,0,93624,93624,93624,3655,3655,3655,591,591,591,0.00,0.00,0.00,0.00,0.00,0.00,0.00,0.00,0.00,0.00,0.00,0.00,0.00,0.00,0.00,0.00,0.00,0.00,0.00,0.00,0.00,314512,383702,521560,330238,398380,537285,0,0,0,0,0,0,0,99012,0,123.52,123.57,123.62
730,2,0,0,0,93619,93619,93619,3660,3660,3660,591,591,591,0.00,0.00,0.00,0.00,0.00,0.00,0.00,0.00,0.00,0.00,0.00,0.00,0.00,0.00,0.00,0.00,0.00,0.00,0.00,0.00,0.00,209294,430791,686649,219672,443351,699753,0,0,0,0,0,0,0,100793,0,125.67,125.69,125.71
730,3,0,0,0,93660,93660,93660,3619,3619,3619,591,591,591,0.00,0.00,0.00,0.00,0.00,0.00,0.00,0.00,0.00,0.00,0.00,0.00,0.00,0.00,0.00,0.00,0.00,0.00,0.00,0.00,0.00,284812,425991,584476,293549,438747,597580,0,0,0,0,0,0,0,112718,0,140.09,140.21,140.36
731,0,0,0,0,93656,93656,93656,3624,3624,3624,591,591,591,0.00,0.00,0.00,0.00,0.00,0.00,0.00,0.00,0.00,0.00,0.00,0.00,0.00,0.00,0.00,0.00,0.00,0.00,0.00,0.00,0.00,290925,360728,608054,301674,373799,623780,0,0,0,0,0,0,0,109906,0,137.17,137.21,137.24
731,1,0,0,0,93624,93624,93624,3655,3655,3655,591,591,591,0.00,0.00,0.00,0.00,0.00,0.00,0.00,0.00,0.00,0.00,0.00,0.00,0.00,0.00,0.00,0.00,0.00,0.00,0.00,0.00,0.00,298786,311776,319755,314509,325399,334879,0,0,0,0,0,0,0,99034,0,123.40,123.45,123.51
731,2,0,0,0,93619,93619,93619,3660,3660,3660,591,591,591,0.00,0.00,0.00,0.00,0.00,0.00,0.00,0.00,0.00,0.00,0.00,0.00,0.00,0.00,0.00,0.00,0.00,0.00,0.00,0.00,0.00,311891,526808,1344543,327616,540961,1357647,0,0,0,0,0,0,0,113489,0,125.59,125.63,125.66
731,3,0,0,0,93660,93660,93660,3619,3619,3619,591,591,591,0.00,0.00,0.00,0.00,0.00,0.00,0.00,0.00,0.00,0.00,0.00,0.00,0.00,0.00,0.00,0.00,0.00,0.00,0.00,0.00,0.00,424575,459709,592328,437680,474386,608053,0,0,0,0,0,0,0,126669,0,140.18,140.29,140.35
732,0,0,0,0,93656,93656,93656,3624,3624,3624,591,591,591,0.00,0.00,0.00,0.00,0.00,0.00,0.00,0.00,0.00,0.00,0.00,0.00,0.00,0.00,0.00,0.00,0.00,0.00,0.00,0.00,0.00,225400,323945,479627,241126,338623,495353,0,0,0,0,0,0,0,123710,0,137.11,137.14,137.17
732,1,0,0,0,93624,93624,93624,3655,3655,3655,591,591,591,0.00,0.00,0.00,0.00,0.00,0.00,0.00,0.00,0.00,0.00,0.00,0.00,0.00,0.00,0.00,0.00,0.00,0.00,0.00,0.00,0.00,298788,391514,526809,311893,405141,539914,0,0,0,0,0,0,0,111189,0,123.48,123.53,123.58
732,2,0,0,0,93619,93619,93619,3660,3660,3660,591,591,591,0.00,0.00,0.00,0.00,0.00,0.00,0.00,0.00,0.00,0.00,0.00,0.00,0.00,0.00,0.00,0.00,0.00,0.00,0.00,0.00,0.00,306650,456566,718141,322376,470195,728625,0,0,0,0,0,0,0,100730,0,125.51,125.58,125.65
732,3,0,0,0,93660,93660,93660,3619,3619,3619,591,591,591,0.00,0.00,0.00,0.00,0.00,0.00,0.00,0.00,0.00,0.00,0.00,0.00,0.00,0.00,0.00,0.00,0.00,0.00,0.00,0.00,0.00,416731,710801,1420552,429836,723906,1431035,0,0,0,0,0,0,0,112496,0,140.19,140.21,140.24
733,0,0,0,0,93656,93656,93656,3624,3624,3624,591,591,591,0.00,0.00,0.00,0.00,0.00,0.00,0.00,0.00,0.00,0.00,0.00,0.00,0.00,0.00,0.00,0.00,0.00,0.00,0.00,0.00,0.00,298785,492204,959260,311893,503736,961881,0,0,0,0,0,0,0,110053,0,137.13,137.19,137.22
733,1,0,0,0,93624,93624,93624,3655,3655,3655,591,591,591,0.00,0.00,0.00,0.00,0.00,0.00,0.00,0.00,0.00,0.00,0.00,0.00,0.00,0.00,0.00,0.00,0.00,0.00,0.00,0.00,0.00,206179,355520,529425,218410,368944,542529,0,0,0,0,0,0,0,99022,0,123.39,123.43,123.51
733,2,0,0,0,93619,93619,93619,3660,3660,3660,591,591,591,0.00,0.00,0.00,0.00,0.00,0.00,0.00,0.00,0.00,0.00,0.00,0.00,0.00,0.00,0.00,0.00,0.00,0.00,0.00,0.00,0.00,309270,381081,657859,324978,395234,670964,0,0,0,0,0,0,0,100809,0,125.57,125.67,125.75
733,3,0,0,0,93660,93660,93660,3619,3619,3619,591,591,591,0.00,0.00,0.00,0.00,0.00,0.00,0.00,0.00,0.00,0.00,0.00,0.00,0.00,0.00,0.00,0.00,0.00,0.00,0.00,0.00,0.00,419326,527330,726005,432430,541483,741730,0,0,0,0,0,0,0,112494,0,140.04,140.11,140.16
734,0,0,0,0,93656,93656,93656,3624,3624,3624,591,591,591,0.00,0.00,0.00,0.00,0.00,0.00,0.00,0.00,0.00,0.00,0.00,0.00,0.00,0.00,0.00,0.00,0.00,0.00,0.00,0.00,0.00,298787,378987,673579,311892,393140,689304,0,0,0,0,0,0,0,110012,0,137.19,137.23,137.28
734,1,0,0,0,93624,93624,93624,3655,3655,3655,591,591,591,0.00,0.00,0.00,0.00,0.00,0.00,0.00,0.00,0.00,0.00,0.00,0.00,0.00,0.00,0.00,0.00,0.00,0.00,0.00,0.00,0.00,301407,363253,571332,314512,377405,584435,0,0,0,0,0,0,0,99016,0,123.50,123.53,123.57
734,2,0,0,0,93619,93619,93619,3660,3660,3660,591,591,591,0.00,0.00,0.00,0.00,0.00,0.00,0.00,0.00,0.00,0.00,0.00,0.00,0.00,0.00,0.00,0.00,0.00,0.00,0.00,0.00,0.00,205852,374571,730736,216231,388167,744420,0,0,0,0,0,0,0,100850,0,125.73,125.75,125.78
734,3,0,0,0,93660,93660,93660,3619,3619,3619,591,591,591,0.00,0.00,0.00,0.00,0.00,0.00,0.00,0.00,0.00,0.00,0.00,0.00,0.00,0.00,0.00,0.00,0.00,0.00,0.00,0.00,0.00,291798,418477,545155,302281,432106,560881,0,0,0,0,0,0,0,112506,0,140.12,140.14,140.15
735,0,0,0,0,93656,93656,93656,3624,3624,3624,591,591,591,0.00,0.00,0.00,0.00,0.00,0.00,0.00,0.00,0.00,0.00,0.00,0.00,0.00,0.00,0.00,0.00,0.00,0.00,0.00,0.00,0.00,293545,401523,623784,309271,415676,636889,0,0,0,0,0,0,0,109988,0,137.18,137.21,137.24
735,1,0,0,0,93624,93624,93624,3655,3655,3655,591,591,591,0.00,0.00,0.00,0.00,0.00,0.00,0.00,0.00,0.00,0.00,0.00,0.00,0.00,0.00,0.00,0.00,0.00,0.00,0.00,0.00,0.00,298784,410436,608053,311888,424589,621157,0,0,0,0,0,0,0,111357,0,123.53,123.57,123.60
735,2,0,0,0,93619,93619,93619,3660,3660,3660,591,591,591,0.00,0.00,0.00,0.00,0.00,0.00,0.00,0.00,0.00,0.00,0.00,0.00,0.00,0.00,0.00,0.00,0.00,0.00,0.00,0.00,0.00,311886,585509,1310468,327612,599662,1326194,0,0,0,0,0,0,0,100902,0,125.77,125.78,125.80
735,3,0,0,0,93660,93660,93660,3619,3619,3619,591,591,591,0.00,0.00,0.00,0.00,0.00,0.00,0.00,0.00,0.00,0.00,0.00,0.00,0.00,0.00,0.00,0.00,0.00,0.00,0.00,0.00,0.00,421975,754832,1134874,437701,768461,1150600,0,0,0,0,0,0,0,98382,0,140.07,140.10,140.12
736,0,0,0,0,93656,93656,93656,3624,3624,3624,591,591,591,0.00,0.00,0.00,0.00,0.00,0.00,0.00,0.00,0.00,0.00,0.00,0.00,0.00,0.00,0.00,0.00,0.00,0.00,0.00,0.00,0.00,298786,526808,1195148,311890,496929,1208253,0,0,0,0,0,0,0,96332,0,137.08,137.13,137.15
736,1,0,0,0,93624,93624,93624,3655,3655,3655,591,591,591,0.00,0.00,0.00,0.00,0.00,0.00,0.00,0.00,0.00,0.00,0.00,0.00,0.00,0.00,0.00,0.00,0.00,0.00,0.00,0.00,0.00,308374,392260,560879,321440,405355,573983,0,0,0,0,0,0,0,74234,0,123.53,123.55,123.57
736,2,0,0,0,93619,93619,93619,3660,3660,3660,591,591,591,0.00,0.00,0.00,0.00,0.00,0.00,0.00,0.00,0.00,0.00,0.00,0.00,0.00,0.00,0.00,0.00,0.00,0.00,0.00,0.00,0.00,311892,412143,705034,324997,425903,720760,0,0,0,0,0,0,0,75679,0,125.83,125.85,125.90
736,3,0,0,0,93660,93660,93660,3619,3619,3619,591,591,591,0.00,0.00,0.00,0.00,0.00,0.00,0.00,0.00,0.00,0.00,0.00,0.00,0.00,0.00,0.00,0.00,0.00,0.00,0.00,0.00,0.00,416731,488145,689315,432457,502560,702420,0,0,0,0,0,0,0,112378,0,140.03,140.05,140.08
737,0,0,0,0,93656,93656,93656,3624,3624,3624,591,591,591,0.00,0.00,0.00,0.00,0.00,0.00,0.00,0.00,0.00,0.00,0.00,0.00,0.00,0.00,0.00,0.00,0.00,0.00,0.00,0.00,0.00,298784,353300,558259,311889,441364,694546,0,0,0,0,0,0,0,110047,0,137.14,137.18,137.24
737,1,0,0,0,93624,93624,93624,3655,3655,3655,591,591,591,0.00,0.00,0.00,0.00,0.00,0.00,0.00,0.00,0.00,0.00,0.00,0.00,0.00,0.00,0.00,0.00,0.00,0.00,0.00,0.00,0.00,209675,352845,521559,220159,365953,537284,0,0,0,0,0,0,0,98969,0,123.49,123.56,123.62
737,2,0,0,0,93619,93619,93619,3660,3660,3660,591,591,591,0.00,0.00,0.00,0.00,0.00,0.00,0.00,0.00,0.00,0.00,0.00,0.00,0.00,0.00,0.00,0.00,0.00,0.00,0.00,0.00,0.00,311886,383706,644758,324990,397335,657863,0,0,0,0,0,0,0,100790,0,125.64,125.70,125.83
737,3,0,0,0,93660,93660,93660,3619,3619,3619,591,591,591,0.00,0.00,0.00,0.00,0.00,0.00,0.00,0.00,0.00,0.00,0.00,0.00,0.00,0.00,0.00,0.00,0.00,0.00,0.00,0.00,0.00,408871,463383,636883,419354,477012,652609,0,0,0,0,0,0,0,112696,0,140.00,140.14,140.29
738,0,0,0,0,93656,93656,93656,3624,3624,3624,591,591,591,0.00,0.00,0.00,0.00,0.00,0.00,0.00,0.00,0.00,0.00,0.00,0.00,0.00,0.00,0.00,0.00,0.00,0.00,0.00,0.00,0.00,304030,442934,681441,314512,381080,629023,0,0,0,0,0,0,0,109966,0,137.21,137.22,137.23
738,1,0,0,0,93624,93624,93624,3655,3655,3655,591,591,591,0.00,0.00,0.00,0.00,0.00,0.00,0.00,0.00,0.00,0.00,0.00,0.00,0.00,0.00,0.00,0.00,0.00,0.00,0.00,0.00,0.00,301405,422145,622045,314510,436289,637727,0,0,0,0,0,0,0,99010,0,123.56,123.59,123.64
738,2,0,0,0,93619,93619,93619,3660,3660,3660,591,591,591,0.00,0.00,0.00,0.00,0.00,0.00,0.00,0.00,0.00,0.00,0.00,0.00,0.00,0.00,0.00,0.00,0.00,0.00,0.00,0.00,0.00,201072,357138,651286,211296,370192,664157,0,0,0,0,0,0,0,113429,0,125.71,125.76,125.81
738,3,0,0,0,93660,93660,93660,3619,3619,3619,591,591,591,0.00,0.00,0.00,0.00,0.00,0.00,0.00,0.00,0.00,0.00,0.00,0.00,0.00,0.00,0.00,0.00,0.00,0.00,0.00,0.00,0.00,274329,425461,568741,284813,439090,584466,0,0,0,0,0,0,0,112739,0,140.30,140.34,140.39
739,0,0,0,0,93656,93656,93656,3624,3624,3624,591,591,591,0.00,0.00,0.00,0.00,0.00,0.00,0.00,0.00,0.00,0.00,0.00,0.00,0.00,0.00,0.00,0.00,0.00,0.00,0.00,0.00,0.00,200938,310667,458661,209674,323946,471765,0,0,0,0,0,0,0,110023,0,137.16,137.21,137.25
739,1,0,0,0,93624,93624,93624,3655,3655,3655,591,591,591,0.00,0.00,0.00,0.00,0.00,0.00,0.00,0.00,0.00,0.00,0.00,0.00,0.00,0.00,0.00,0.00,0.00,0.00,0.00,0.00,0.00,298785,369314,534667,311890,383458,547772,0,0,0,0,0,0,0,111291,0,123.41,123.46,123.53
739,2,0,0,0,93619,93619,93619,3660,3660,3660,591,591,591,0.00,0.00,0.00,0.00,0.00,0.00,0.00,0.00,0.00,0.00,0.00,0.00,0.00,0.00,0.00,0.00,0.00,0.00,0.00,0.00,0.00,309270,591277,1389068,324995,605430,1404794,0,0,0,0,0,0,0,100860,0,125.69,125.75,125.80
739,3,0,0,0,93660,93660,93660,3619,3619,3619,591,591,591,0.00,0.00,0.00,0.00,0.00,0.00,0.00,0.00,0.00,0.00,0.00,0.00,0.00,0.00,0.00,0.00,0.00,0.00,0.00,0.00,0.00,421973,750637,1244934,435078,764266,1260659,0,0,0,0,0,0,0,112566,0,140.39,140.50,140.56
740,0,0,0,0,93656,93656,93656,3624,3624,3624,591,591,591,0.00,0.00,0.00,0.00,0.00,0.00,0.00,0.00,0.00,0.00,0.00,0.00,0.00,0.00,0.00,0.00,0.00,0.00,0.00,0.00,0.00,298771,534665,1166310,314496,548818,1176794,0,0,0,0,0,0,0,110022,0,137.23,137.26,137.29
740,1,0,0,0,93624,93624,93624,3655,3655,3655,591,591,591,0.00,0.00,0.00,0.00,0.00,0.00,0.00,0.00,0.00,0.00,0.00,0.00,0.00,0.00,0.00,0.00,0.00,0.00,0.00,0.00,0.00,322374,387100,496612,338100,400721,512295,0,0,0,0,0,0,0,98958,0,123.50,123.57,123.61
740,2,0,0,0,93619,93619,93619,3660,3660,3660,591,591,591,0.00,0.00,0.00,0.00,0.00,0.00,0.00,0.00,0.00,0.00,0.00,0.00,0.00,0.00,0.00,0.00,0.00,0.00,0.00,0.00,0.00,309271,390515,705029,324979,404143,715513,0,0,0,0,0,0,0,100886,0,125.71,125.75,125.78
740,3,0,0,0,93660,93660,93660,3619,3619,3619,591,591,591,0.00,0.00,0.00,0.00,0.00,0.00,0.00,0.00,0.00,0.00,0.00,0.00,0.00,0.00,0.00,0.00,0.00,0.00,0.00,0.00,0.00,416732,472492,668333,429839,486595,681438,0,0,0,0,0,0,0,112612,0,140.29,140.40,140.52
741,0,0,0,0,93656,93656,93656,3624,3624,3624,591,591,591,0.00,0.00,0.00,0.00,0.00,0.00,0.00,0.00,0.00,0.00,0.00,0.00,0.00,0.00,0.00,0.00,0.00,0.00,0.00,0.00,0.00,296165,378985,665713,309269,392614,681438,0,0,0,0,0,0,0,110051,0,137.17,137.19,137.21
741,1,0,0,0,93624,93624,93624,3655,3655,3655,591,591,591,0.00,0.00,0.00,0.00,0.00,0.00,0.00,0.00,0.00,0.00,0.00,0.00,0.00,0.00,0.00,0.00,0.00,0.00,0.00,0.00,0.00,263841,354184,551774,272578,366931,564787,0,0,0,0,0,0,0,99107,0,123.54,123.58,123.65
741,2,0,0,0,93619,93619,93619,3660,3660,3660,591,591,591,0.00,0.00,0.00,0.00,0.00,0.00,0.00,0.00,0.00,0.00,0.00,0.00,0.00,0.00,0.00,0.00,0.00,0.00,0.00,0.00,0.00,304027,409177,673580,319753,421914,689305,0,0,0,0,0,0,0,100919,0,125.79,125.82,125.86
741,3,0,0,0,93660,93660,93660,3619,3619,3619,591,591,591,0.00,0.00,0.00,0.00,0.00,0.00,0.00,0.00,0.00,0.00,0.00,0.00,0.00,0.00,0.00,0.00,0.00,0.00,0.00,0.00,0.00,279569,435419,644714,288306,448174,657818,0,0,0,0,0,0,0,112655,0,140.19,140.23,140.29
742,0,0,0,0,93656,93656,93656,3624,3624,3624,591,591,591,0.00,0.00,0.00,0.00,0.00,0.00,0.00,0.00,0.00,0.00,0.00,0.00,0.00,0.00,0.00,0.00,0.00,0.00,0.00,0.00,0.00,197445,346662,615922,207929,359767,629027,0,0,0,0,0,0,0,110018,0,137.16,137.20,137.26
742,1,0,0,0,93624,93624,93624,3655,3655,3655,591,591,591,0.00,0.00,0.00,0.00,0.00,0.00,0.00,0.00,0.00,0.00,0.00,0.00,0.00,0.00,0.00,0.00,0.00,0.00,0.00,0.00,0.00,301406,366745,615918,314511,380887,629023,0,0,0,0,0,0,0,99041,0,123.55,123.61,123.67
742,2,0,0,0,93619,93619,93619,3660,3660,3660,591,591,591,0.00,0.00,0.00,0.00,0.00,0.00,0.00,0.00,0.00,0.00,0.00,0.00,0.00,0.00,0.00,0.00,0.00,0.00,0.00,0.00,0.00,308432,524267,1352407,324997,538402,1365512,0,0,0,0,0,0,0,113621,0,125.77,125.79,125.80
742,3,0,0,0,93660,93660,93660,3619,3619,3619,591,591,591,0.00,0.00,0.00,0.00,0.00,0.00,0.00,0.00,0.00,0.00,0.00,0.00,0.00,0.00,0.00,0.00,0.00,0.00,0.00,0.00,0.00,421967,546728,849186,435071,560881,864912,0,0,0,0,0,0,0,126687,0,140.32,140.35,140.39
743,0,0,0,0,93656,93656,93656,3624,3624,3624,591,591,591,0.00,0.00,0.00,0.00,0.00,0.00,0.00,0.00,0.00,0.00,0.00,0.00,0.00,0.00,0.00,0.00,0.00,0.00,0.00,0.00,0.00,298769,342682,456040,311873,535715,1252808,0,0,0,0,0,0,0,96160,0,137.15,137.20,137.26
743,1,0,0,0,93624,93624,93624,3655,3655,3655,591,591,591,0.00,0.00,0.00,0.00,0.00,0.00,0.00,0.00,0.00,0.00,0.00,0.00,0.00,0.00,0.00,0.00,0.00,0.00,0.00,0.00,0.00,298787,449767,572469,314513,463503,585480,0,0,0,0,0,0,0,86510,0,123.59,123.61,123.62
743,2,0,0,0,93619,93619,93619,3660,3660,3660,591,591,591,0.00,0.00,0.00,0.00,0.00,0.00,0.00,0.00,0.00,0.00,0.00,0.00,0.00,0.00,0.00,0.00,0.00,0.00,0.00,0.00,0.00,306648,399688,668340,322374,414103,684066,0,0,0,0,0,0,0,100940,0,125.83,125.83,125.84
743,3,0,0,0,93660,93660,93660,3619,3619,3619,591,591,591,0.00,0.00,0.00,0.00,0.00,0.00,0.00,0.00,0.00,0.00,0.00,0.00,0.00,0.00,0.00,0.00,0.00,0.00,0.00,0.00,0.00,421950,722716,1200390,435054,736476,1213494,0,0,0,0,0,0,0,84363,0,140.25,140.27,140.31
744,0,0,0,0,93656,93656,93656,3624,3624,3624,591,591,591,0.00,0.00,0.00,0.00,0.00,0.00,0.00,0.00,0.00,0.00,0.00,0.00,0.00,0.00,0.00,0.00,0.00,0.00,0.00,0.00,0.00,293545,536243,1239703,309271,374138,550397,0,0,0,0,0,0,0,110009,0,137.10,137.15,137.19
744,1,0,0,0,93624,93624,93624,3655,3655,3655,591,591,591,0.00,0.00,0.00,0.00,0.00,0.00,0.00,0.00,0.00,0.00,0.00,0.00,0.00,0.00,0.00,0.00,0.00,0.00,0.00,0.00,0.00,294868,347901,513702,310525,361522,526807,0,0,0,0,0,0,0,99056,0,123.51,123.54,123.59
744,2,0,0,0,93619,93619,93619,3660,3660,3660,591,591,591,0.00,0.00,0.00,0.00,0.00,0.00,0.00,0.00,0.00,0.00,0.00,0.00,0.00,0.00,0.00,0.00,0.00,0.00,0.00,0.00,0.00,311891,458137,689296,327616,471766,702400,0,0,0,0,0,0,0,75761,0,125.86,125.90,125.92
744,3,0,0,0,93660,93660,93660,3619,3619,3619,591,591,591,0.00,0.00,0.00,0.00,0.00,0.00,0.00,0.00,0.00,0.00,0.00,0.00,0.00,0.00,0.00,0.00,0.00,0.00,0.00,0.00,0.00,413589,470617,663106,429099,484727,676211,0,0,0,0,0,0,0,112489,0,140.13,140.20,140.27
745,0,0,0,0,93656,93656,93656,3624,3624,3624,591,591,591,0.00,0.00,0.00,0.00,0.00,0.00,0.00,0.00,0.00,0.00,0.00,0.00,0.00,0.00,0.00,0.00,0.00,0.00,0.00,0.00,0.00,301409,380031,660469,314514,394184,676195,0,0,0,0,0,0,0,109945,0,137.10,137.14,137.19
745,1,0,0,0,93624,93624,93624,3655,3655,3655,591,591,591,0.00,0.00,0.00,0.00,0.00,0.00,0.00,0.00,0.00,0.00,0.00,0.00,0.00,0.00,0.00,0.00,0.00,0.00,0.00,0.00,0.00,209674,360622,571365,218411,374425,584470,0,0,0,0,0,0,0,98931,0,123.43,123.52,123.60
745,2,0,0,0,93619,93619,93619,3660,3660,3660,591,591,591,0.00,0.00,0.00,0.00,0.00,0.00,0.00,0.00,0.00,0.00,0.00,0.00,0.00,0.00,0.00,0.00,0.00,0.00,0.00,0.00,0.00,207503,363351,670964,214420,376267,684069,0,0,0,0,0,0,0,100857,0,125.75,125.83,125.90
745,3,0,0,0,93660,93660,93660,3619,3619,3619,591,591,591,0.00,0.00,0.00,0.00,0.00,0.00,0.00,0.00,0.00,0.00,0.00,0.00,0.00,0.00,0.00,0.00,0.00,0.00,0.00,0.00,0.00,356453,428263,503226,365189,441018,516331,0,0,0,0,0,0,0,112639,0,140.12,140.20,140.24
746,0,0,0,0,93656,93656,93656,3624,3624,3624,591,591,591,0.00,0.00,0.00,0.00,0.00,0.00,0.00,0.00,0.00,0.00,0.00,0.00,0.00,0.00,0.00,0.00,0.00,0.00,0.00,0.00,0.00,202686,376017,608061,211422,389297,621166,0,0,0,0,0,0,0,109880,0,137.12,137.14,137.17
746,1,0,0,0,93624,93624,93624,3655,3655,3655,591,591,591,0.00,0.00,0.00,0.00,0.00,0.00,0.00,0.00,0.00,0.00,0.00,0.00,0.00,0.00,0.00,0.00,0.00,0.00,0.00,0.00,0.00,301406,371028,629022,314510,385176,642127,0,0,0,0,0,0,0,99010,0,123.44,123.48,123.53
746,2,0,0,0,93619,93619,93619,3660,3660,3660,591,591,591,0.00,0.00,0.00,0.00,0.00,0.00,0.00,0.00,0.00,0.00,0.00,0.00,0.00,0.00,0.00,0.00,0.00,0.00,0.00,0.00,0.00,309349,591811,1404829,322457,605964,1417934,0,0,0,0,0,0,0,113601,0,125.67,125.74,125.81
746,3,0,0,0,93660,93660,93660,3619,3619,3619,591,591,591,0.00,0.00,0.00,0.00,0.00,0.00,0.00,0.00,0.00,0.00,0.00,0.00,0.00,0.00,0.00,0.00,0.00,0.00,0.00,0.00,0.00,419331,697168,1383863,432435,710796,1396967,0,0,0,0,0,0,0,126728,0,140.13,140.17,140.21
747,0,0,0,0,93656,93656,93656,3624,3624,3624,591,591,591,0.00,0.00,0.00,0.00,0.00,0.00,0.00,0.00,0.00,0.00,0.00,0.00,0.00,0.00,0.00,0.00,0.00,0.00,0.00,0.00,0.00,293547,471241,1153202,306652,484870,1166306,0,0,0,0,0,0,0,123849,0,137.15,137.18,137.21
747,1,0,0,0,93624,93624,93624,3655,3655,3655,591,591,591,0.00,0.00,0.00,0.00,0.00,0.00,0.00,0.00,0.00,0.00,0.00,0.00,0.00,0.00,0.00,0.00,0.00,0.00,0.00,0.00,0.00,303139,428606,558258,316206,442227,571362,0,0,0,0,0,0,0,99029,0,123.53,123.57,123.64
747,2,0,0,0,93619,93619,93619,3660,3660,3660,591,591,591,0.00,0.00,0.00,0.00,0.00,0.00,0.00,0.00,0.00,0.00,0.00,0.00,0.00,0.00,0.00,0.00,0.00,0.00,0.00,0.00,0.00,317133,398380,707652,327617,412534,723378,0,0,0,0,0,0,0,100884,0,125.82,125.90,125.96
747,3,0,0,0,93660,93660,93660,3619,3619,3619,591,591,591,0.00,0.00,0.00,0.00,0.00,0.00,0.00,0.00,0.00,0.00,0.00,0.00,0.00,0.00,0.00,0.00,0.00,0.00,0.00,0.00,0.00,419350,509511,673585,432458,524189,689311,0,0,0,0,0,0,0,112593,0,140.24,140.27,140.31
748,0,0,0,0,93656,93656,93656,3624,3624,3624,591,591,591,0.00,0.00,0.00,0.00,0.00,0.00,0.00,0.00,0.00,0.00,0.00,0.00,0.00,0.00,0.00,0.00,0.00,0.00,0.00,0.00,0.00,298767,435071,686686,311871,449224,699791,0,0,0,0,0,0,0,109993,0,137.18,137.23,137.27
748,1,0,0,0,93624,93624,93624,3655,3655,3655,591,591,591,0.00,0.00,0.00,0.00,0.00,0.00,0.00,0.00,0.00,0.00,0.00,0.00,0.00,0.00,0.00,0.00,0.00,0.00,0.00,0.00,0.00,301395,360662,511215,314512,374763,524059,0,0,0,0,0,0,0,99005,0,123.58,123.61,123.66
748,2,0,0,0,93619,93619,93619,3660,3660,3660,591,591,591,0.00,0.00,0.00,0.00,0.00,0.00,0.00,0.00,0.00,0.00,0.00,0.00,0.00,0.00,0.00,0.00,0.00,0.00,0.00,0.00,0.00,317135,380557,608062,330240,394186,621167,0,0,0,0,0,0,0,100937,0,125.73,125.77,125.81
748,3,0,0,0,93660,93660,93660,3619,3619,3619,591,591,591,0.00,0.00,0.00,0.00,0.00,0.00,0.00,0.00,0.00,0.00,0.00,0.00,0.00,0.00,0.00,0.00,0.00,0.00,0.00,0.00,0.00,424593,457212,527998,440319,470790,538250,0,0,0,0,0,0,0,112473,0,140.21,140.28,140.34
749,0,0,0,0,93656,93656,93656,3624,3624,3624,591,591,591,0.00,0.00,0.00,0.00,0.00,0.00,0.00,0.00,0.00,0.00,0.00,0.00,0.00,0.00,0.00,0.00,0.00,0.00,0.00,0.00,0.00,298784,364833,602812,311889,378986,618538,0,0,0,0,0,0,0,110026,0,137.22,137.25,137.30
749,1,0,0,0,93624,93624,93624,3655,3655,3655,591,591,591,0.00,0.00,0.00,0.00,0.00,0.00,0.00,0.00,0.00,0.00,0.00,0.00,0.00,0.00,0.00,0.00,0.00,0.00,0.00,0.00,0.00,293544,316429,363436,309270,329184,372172,0,0,0,0,0,0,0,99128,0,123.57,123.58,123.61
749,2,0,0,0,93619,93619,93619,3660,3660,3660,591,591,591,0.00,0.00,0.00,0.00,0.00,0.00,0.00,0.00,0.00,0.00,0.00,0.00,0.00,0.00,0.00,0.00,0.00,0.00,0.00,0.00,0.00,214916,369872,657859,223652,383102,673584,0,0,0,0,0,0,0,113534,0,125.82,125.85,125.90
749,3,0,0,0,93660,93660,93660,3619,3619,3619,591,591,591,0.00,0.00,0.00,0.00,0.00,0.00,0.00,0.00,0.00,0.00,0.00,0.00,0.00,0.00,0.00,0.00,0.00,0.00,0.00,0.00,0.00,274329,422844,576602,284813,435949,589707,0,0,0,0,0,0,0,112734,0,140.11,140.24,140.42
750,0,0,0,0,93656,93656,93656,3624,3624,3624,591,591,591,0.00,0.00,0.00,0.00,0.00,0.00,0.00,0.00,0.00,0.00,0.00,0.00,0.00,0.00,0.00,0.00,0.00,0.00,0.00,0.00,0.00,200937,308568,450804,211420,321148,461288,0,0,0,0,0,0,0,109894,0,137.08,137.18,137.28
750,1,0,0,0,93624,93624,93624,3655,3655,3655,591,591,591,0.00,0.00,0.00,0.00,0.00,0.00,0.00,0.00,0.00,0.00,0.00,0.00,0.00,0.00,0.00,0.00,0.00,0.00,0.00,0.00,0.00,301408,376363,553011,317134,390516,566115,0,0,0,0,0,0,0,86727,0,123.57,123.62,123.69
750,2,0,0,0,93619,93619,93619,3660,3660,3660,591,591,591,0.00,0.00,0.00,0.00,0.00,0.00,0.00,0.00,0.00,0.00,0.00,0.00,0.00,0.00,0.00,0.00,0.00,0.00,0.00,0.00,0.00,309253,584007,1334392,322357,598160,1350121,0,0,0,0,0,0,0,100908,0,125.74,125.82,125.90
750,3,0,0,0,93660,93660,93660,3619,3619,3619,591,591,591,0.00,0.00,0.00,0.00,0.00,0.00,0.00,0.00,0.00,0.00,0.00,0.00,0.00,0.00,0.00,0.00,0.00,0.00,0.00,0.00,0.00,416727,702412,1420554,429832,716041,1436279,0,0,0,0,0,0,0,98564,0,140.29,140.40,140.50
751,0,0,0,0,93656,93656,93656,3624,3624,3624,591,591,591,0.00,0.00,0.00,0.00,0.00,0.00,0.00,0.00,0.00,0.00,0.00,0.00,0.00,0.00,0.00,0.00,0.00,0.00,0.00,0.00,0.00,304028,594951,1231839,317132,609366,1247564,0,0,0,0,0,0,0,82449,0,137.00,137.03,137.05
751,1,0,0,0,93624,93624,93624,3655,3655,3655,591,591,591,0.00,0.00,0.00,0.00,0.00,0.00,0.00,0.00,0.00,0.00,0.00,0.00,0.00,0.00,0.00,0.00,0.00,0.00,0.00,0.00,0.00,304028,336789,419348,317132,350549,432453,0,0,0,0,0,0,0,99116,0,123.66,123.69,123.72
751,2,0,0,0,93619,93619,93619,3660,3660,3660,591,591,591,0.00,0.00,0.00,0.00,0.00,0.00,0.00,0.00,0.00,0.00,0.00,0.00,0.00,0.00,0.00,0.00,0.00,0.00,0.00,0.00,0.00,311890,404936,681447,324995,419351,694552,0,0,0,0,0,0,0,75759,0,125.86,125.95,126.01
751,3,0,0,0,93660,93660,93660,3619,3619,3619,591,591,591,0.00,0.00,0.00,0.00,0.00,0.00,0.00,0.00,0.00,0.00,0.00,0.00,0.00,0.00,0.00,0.00,0.00,0.00,0.00,0.00,0.00,419343,491420,660479,435069,505835,673583,0,0,0,0,0,0,0,112781,0,140.28,140.32,140.37
752,0,0,0,0,93656,93656,93656,3624,3624,3624,591,591,591,0.00,0.00,0.00,0.00,0.00,0.00,0.00,0.00,0.00,0.00,0.00,0.00,0.00,0.00,0.00,0.00,0.00,0.00,0.00,0.00,0.00,298785,379511,665719,314511,393140,678824,0,0,0,0,0,0,0,109856,0,136.99,137.04,137.08
752,1,0,0,0,93624,93624,93624,3655,3655,3655,591,591,591,0.00,0.00,0.00,0.00,0.00,0.00,0.00,0.00,0.00,0.00,0.00,0.00,0.00,0.00,0.00,0.00,0.00,0.00,0.00,0.00,0.00,312009,423544,568737,324902,437654,581842,0,0,0,0,0,0,0,99106,0,123.64,123.68,123.71
752,2,0,0,0,93619,93619,93619,3660,3660,3660,591,591,591,0.00,0.00,0.00,0.00,0.00,0.00,0.00,0.00,0.00,0.00,0.00,0.00,0.00,0.00,0.00,0.00,0.00,0.00,0.00,0.00,0.00,309270,380035,657859,322374,393664,673585,0,0,0,0,0,0,0,100927,0,125.91,125.99,126.05
752,3,0,0,0,93660,93660,93660,3619,3619,3619,591,591,591,0.00,0.00,0.00,0.00,0.00,0.00,0.00,0.00,0.00,0.00,0.00,0.00,0.00,0.00,0.00,0.00,0.00,0.00,0.00,0.00,0.00,400920,456090,616236,414022,469707,631903,0,0,0,0,0,0,0,112880,0,140.45,140.54,140.63
753,0,0,0,0,93656,93656,93656,3624,3624,3624,591,591,591,0.00,0.00,0.00,0.00,0.00,0.00,0.00,0.00,0.00,0.00,0.00,0.00,0.00,0.00,0.00,0.00,0.00,0.00,0.00,0.00,0.00,296168,365876,613267,309273,380028,626371,0,0,0,0,0,0,0,109976,0,137.10,137.12,137.16
753,1,0,0,0,93624,93624,93624,3655,3655,3655,591,591,591,0.00,0.00,0.00,0.00,0.00,0.00,0.00,0.00,0.00,0.00,0.00,0.00,0.00,0.00,0.00,0.00,0.00,0.00,0.00,0.00,0.00,225399,362735,649993,234135,376015,663098,0,0,0,0,0,0,0,99264,0,123.58,123.66,123.78
753,2,0,0,0,93619,93619,93619,3660,3660,3660,591,591,591,0.00,0.00,0.00,0.00,0.00,0.00,0.00,0.00,0.00,0.00,0.00,0.00,0.00,0.00,0.00,0.00,0.00,0.00,0.00,0.00,0.00,314515,556752,1027446,327620,569753,1040552,0,0,0,0,0,0,0,113698,0,125.79,125.85,125.94
753,3,0,0,0,93660,93660,93660,3619,3619,3619,591,591,591,0.00,0.00,0.00,0.00,0.00,0.00,0.00,0.00,0.00,0.00,0.00,0.00,0.00,0.00,0.00,0.00,0.00,0.00,0.00,0.00,0.00,283064,416202,539915,291801,429481,555641,0,0,0,0,0,0,0,126547,0,140.21,140.38,140.58
754,0,0,0,0,93656,93656,93656,3624,3624,3624,591,591,591,0.00,0.00,0.00,0.00,0.00,0.00,0.00,0.00,0.00,0.00,0.00,0.00,0.00,0.00,0.00,0.00,0.00,0.00,0.00,0.00,0.00,293546,333339,476860,309271,347421,489611,0,0,0,0,0,0,0,123659,0,137.18,137.22,137.27
754,1,0,0,0,93624,93624,93624,3655,3655,3655,591,591,591,0.00,0.00,0.00,0.00,0.00,0.00,0.00,0.00,0.00,0.00,0.00,0.00,0.00,0.00,0.00,0.00,0.00,0.00,0.00,0.00,0.00,309270,417243,545145,322374,430872,558250,0,0,0,0,0,0,0,111390,0,123.64,123.77,123.84
754,2,0,0,0,93619,93619,93619,3660,3660,3660,591,591,591,0.00,0.00,0.00,0.00,0.00,0.00,0.00,0.00,0.00,0.00,0.00,0.00,0.00,0.00,0.00,0.00,0.00,0.00,0.00,0.00,0.00,309272,369026,553017,324997,383180,566122,0,0,0,0,0,0,0,100914,0,125.83,125.92,125.98
754,3,0,0,0,93660,93660,93660,3619,3619,3619,591,591,591,0.00,0.00,0.00,0.00,0.00,0.00,0.00,0.00,0.00,0.00,0.00,0.00,0.00,0.00,0.00,0.00,0.00,0.00,0.00,0.00,0.00,414109,730195,1223981,429835,744348,1237086,0,0,0,0,0,0,0,112631,0,140.14,140.21,140.27
755,0,0,0,0,93656,93656,93656,3624,3624,3624,591,591,591,0.00,0.00,0.00,0.00,0.00,0.00,0.00,0.00,0.00,0.00,0.00,0.00,0.00,0.00,0.00,0.00,0.00,0.00,0.00,0.00,0.00,264714,482247,943531,275198,495876,959257,0,0,0,0,0,0,0,109918,0,137.03,137.13,137.19
755,1,0,0,0,93624,93624,93624,3655,3655,3655,591,591,591,0.00,0.00,0.00,0.00,0.00,0.00,0.00,0.00,0.00,0.00,0.00,0.00,0.00,0.00,0.00,0.00,0.00,0.00,0.00,0.00,0.00,298786,352237,511083,314512,366389,524187,0,0,0,0,0,0,0,99034,0,123.57,123.58,123.59
755,2,0,0,0,93619,93619,93619,3660,3660,3660,591,591,591,0.00,0.00,0.00,0.00,0.00,0.00,0.00,0.00,0.00,0.00,0.00,0.00,0.00,0.00,0.00,0.00,0.00,0.00,0.00,0.00,0.00,304031,459180,707644,319753,472808,720748,0,0,0,0,0,0,0,100913,0,125.70,125.74,125.78
755,3,0,0,0,93660,93660,93660,3619,3619,3619,591,591,591,0.00,0.00,0.00,0.00,0.00,0.00,0.00,0.00,0.00,0.00,0.00,0.00,0.00,0.00,0.00,0.00,0.00,0.00,0.00,0.00,0.00,416731,481206,686690,432457,494835,702415,0,0,0,0,0,0,0,112663,0,140.14,140.25,140.31
756,0,0,0,0,93656,93656,93656,3624,3624,3624,591,591,591,0.00,0.00,0.00,0.00,0.00,0.00,0.00,0.00,0.00,0.00,0.00,0.00,0.00,0.00,0.00,0.00,0.00,0.00,0.00,0.00,0.00,298785,378463,660484,311889,392616,673589,0,0,0,0,0,0,0,109947,0,137.06,137.08,137.14
756,1,0,0,0,93624,93624,93624,3655,3655,3655,591,591,591,0.00,0.00,0.00,0.00,0.00,0.00,0.00,0.00,0.00,0.00,0.00,0.00,0.00,0.00,0.00,0.00,0.00,0.00,0.00,0.00,0.00,311896,379221,555636,327622,392804,566120,0,0,0,0,0,0,0,99052,0,123.54,123.56,123.57
756,2,0,0,0,93619,93619,93619,3660,3660,3660,591,591,591,0.00,0.00,0.00,0.00,0.00,0.00,0.00,0.00,0.00,0.00,0.00,0.00,0.00,0.00,0.00,0.00,0.00,0.00,0.00,0.00,0.00,306650,386326,684065,319755,400479,697170,0,0,0,0,0,0,0,100924,0,125.79,125.83,125.86
756,3,0,0,0,93660,93660,93660,3619,3619,3619,591,591,591,0.00,0.00,0.00,0.00,0.00,0.00,0.00,0.00,0.00,0.00,0.00,0.00,0.00,0.00,0.00,0.00,0.00,0.00,0.00,0.00,0.00,418228,470497,560884,433815,484622,573989,0,0,0,0,0,0,0,112609,0,140.27,140.29,140.32
757,0,0,0,0,93656,93656,93656,3624,3624,3624,591,591,591,0.00,0.00,0.00,0.00,0.00,0.00,0.00,0.00,0.00,0.00,0.00,0.00,0.00,0.00,0.00,0.00,0.00,0.00,0.00,0.00,0.00,293545,359067,594951,306649,372696,613298,0,0,0,0,0,0,0,109946,0,137.14,137.18,137.21
757,1,0,0,0,93624,93624,93624,3655,3655,3655,591,591,591,0.00,0.00,0.00,0.00,0.00,0.00,0.00,0.00,0.00,0.00,0.00,0.00,0.00,0.00,0.00,0.00,0.00,0.00,0.00,0.00,0.00,301407,310841,324996,314512,324994,338100,0,0,0,0,0,0,0,99099,0,123.48,123.51,123.53
757,2,0,0,0,93619,93619,93619,3660,3660,3660,591,591,591,0.00,0.00,0.00,0.00,0.00,0.00,0.00,0.00,0.00,0.00,0.00,0.00,0.00,0.00,0.00,0.00,0.00,0.00,0.00,0.00,0.00,0,462669,1347153,25472,478675,1362879,0,0,0,0,0,0,0,113546,0,125.78,125.79,125.81
757,3,0,0,0,93660,93660,93660,3619,3619,3619,591,591,591,0.00,0.00,0.00,0.00,0.00,0.00,0.00,0.00,0.00,0.00,0.00,0.00,0.00,0.00,0.00,0.00,0.00,0.00,0.00,0.00,0.00,65523,351730,435077,78628,365359,448182,0,0,0,0,0,0,0,98573,0,140.19,140.22,140.25
758,0,0,0,0,93656,93656,93656,3624,3624,3624,591,591,591,0.00,0.00,0.00,0.00,0.00,0.00,0.00,0.00,0.00,0.00,0.00,0.00,0.00,0.00,0.00,0.00,0.00,0.00,0.00,0.00,0.00,293611,532728,1281622,309065,546836,1297347,0,0,0,0,0,0,0,96278,0,137.14,137.17,137.20
758,1,0,0,0,93624,93624,93624,3655,3655,3655,591,591,591,0.00,0.00,0.00,0.00,0.00,0.00,0.00,0.00,0.00,0.00,0.00,0.00,0.00,0.00,0.00,0.00,0.00,0.00,0.00,0.00,0.00,159894,333338,524189,170378,346964,537294,0,0,0,0,0,0,0,74216,0,123.52,123.56,123.59
758,2,0,0,0,93619,93619,93619,3660,3660,3660,591,591,591,0.00,0.00,0.00,0.00,0.00,0.00,0.00,0.00,0.00,0.00,0.00,0.00,0.00,0.00,0.00,0.00,0.00,0.00,0.00,0.00,0.00,309270,456906,691925,322375,471164,707651,0,0,0,0,0,0,0,75665,0,125.75,125.78,125.80
758,3,0,0,0,93660,93660,93660,3619,3619,3619,591,591,591,0.00,0.00,0.00,0.00,0.00,0.00,0.00,0.00,0.00,0.00,0.00,0.00,0.00,0.00,0.00,0.00,0.00,0.00,0.00,0.00,0.00,421948,685635,1368142,432460,699264,1383868,0,0,0,0,0,0,0,112619,0,140.16,140.21,140.29
759,0,0,0,0,93656,93656,93656,3624,3624,3624,591,591,591,0.00,0.00,0.00,0.00,0.00,0.00,0.00,0.00,0.00,0.00,0.00,0.00,0.00,0.00,0.00,0.00,0.00,0.00,0.00,0.00,0.00,293543,344914,529426,306648,358543,545152,0,0,0,0,0,0,0,109877,0,137.12,137.16,137.22
759,1,0,0,0,93624,93624,93624,3655,3655,3655,591,591,591,0.00,0.00,0.00,0.00,0.00,0.00,0.00,0.00,0.00,0.00,0.00,0.00,0.00,0.00,0.00,0.00,0.00,0.00,0.00,0.00,0.00,303895,366383,524188,319614,380535,537293,0,0,0,0,0,0,0,99128,0,123.55,123.63,123.68
759,2,0,0,0,93619,93619,93619,3660,3660,3660,591,591,591,0.00,0.00,0.00,0.00,0.00,0.00,0.00,0.00,0.00,0.00,0.00,0.00,0.00,0.00,0.00,0.00,0.00,0.00,0.00,0.00,0.00,306649,382130,652611,322375,395759,665716,0,0,0,0,0,0,0,100898,0,125.83,125.85,125.87
759,3,0,0,0,93660,93660,93660,3619,3619,3619,591,591,591,0.00,0.00,0.00,0.00,0.00,0.00,0.00,0.00,0.00,0.00,0.00,0.00,0.00,0.00,0.00,0.00,0.00,0.00,0.00,0.00,0.00,421975,495841,655235,435079,509993,670961,0,0,0,0,0,0,0,112582,0,140.19,140.25,140.31
760,0,0,0,0,93656,93656,93656,3624,3624,3624,591,591,591,0.00,0.00,0.00,0.00,0.00,0.00,0.00,0.00,0.00,0.00,0.00,0.00,0.00,0.00,0.00,0.00,0.00,0.00,0.00,0.00,0.00,306649,447125,699790,319754,461278,712895,0,0,0,0,0,0,0,110005,0,137.07,137.09,137.11
760,1,0,0,0,93624,93624,93624,3655,3655,3655,591,591,591,0.00,0.00,0.00,0.00,0.00,0.00,0.00,0.00,0.00,0.00,0.00,0.00,0.00,0.00,0.00,0.00,0.00,0.00,0.00,0.00,0.00,301407,365873,584468,317132,379501,594952,0,0,0,0,0,0,0,98993,0,123.51,123.58,123.65
760,2,0,0,0,93619,93619,93619,3660,3660,3660,591,591,591,0.00,0.00,0.00,0.00,0.00,0.00,0.00,0.00,0.00,0.00,0.00,0.00,0.00,0.00,0.00,0.00,0.00,0.00,0.00,0.00,0.00,306631,411132,697169,319735,424236,710274,0,0,0,0,0,0,0,100854,0,125.72,125.78,125.83
760,3,0,0,0,93660,93660,93660,3619,3619,3619,591,591,591,0.00,0.00,0.00,0.00,0.00,0.00,0.00,0.00,0.00,0.00,0.00,0.00,0.00,0.00,0.00,0.00,0.00,0.00,0.00,0.00,0.00,416731,443413,542543,429835,457564,553027,0,0,0,0,0,0,0,112621,0,140.12,140.16,140.19
761,0,0,0,0,93656,93656,93656,3624,3624,3624,591,591,591,0.00,0.00,0.00,0.00,0.00,0.00,0.00,0.00,0.00,0.00,0.00,0.00,0.00,0.00,0.00,0.00,0.00,0.00,0.00,0.00,0.00,195446,321626,511083,204094,334363,526808,0,0,0,0,0,0,0,109961,0,137.19,137.21,137.24
761,1,0,0,0,93624,93624,93624,3655,3655,3655,591,591,591,0.00,0.00,0.00,0.00,0.00,0.00,0.00,0.00,0.00,0.00,0.00,0.00,0.00,0.00,0.00,0.00,0.00,0.00,0.00,0.00,0.00,306649,409243,634268,319754,423391,647372,0,0,0,0,0,0,0,111397,0,123.47,123.51,123.54
761,2,0,0,0,93619,93619,93619,3660,3660,3660,591,591,591,0.00,0.00,0.00,0.00,0.00,0.00,0.00,0.00,0.00,0.00,0.00,0.00,0.00,0.00,0.00,0.00,0.00,0.00,0.00,0.00,0.00,306469,519367,1009067,319133,532900,1022172,0,0,0,0,0,0,0,100942,0,125.70,125.74,125.80
761,3,0,0,0,93660,93660,93660,3619,3619,3619,591,591,591,0.00,0.00,0.00,0.00,0.00,0.00,0.00,0.00,0.00,0.00,0.00,0.00,0.00,0.00,0.00,0.00,0.00,0.00,0.00,0.00,0.00,419348,739938,1281655,432453,754087,1294760,0,0,0,0,0,0,0,126717,0,140.25,140.30,140.32
762,0,0,0,0,93656,93656,93656,3624,3624,3624,591,591,591,0.00,0.00,0.00,0.00,0.00,0.00,0.00,0.00,0.00,0.00,0.00,0.00,0.00,0.00,0.00,0.00,0.00,0.00,0.00,0.00,0.00,293626,534147,1179416,306504,548311,1192520,0,0,0,0,0,0,0,123606,0,137.01,137.07,137.21
762,1,0,0,0,93624,93624,93624,3655,3655,3655,591,591,591,0.00,0.00,0.00,0.00,0.00,0.00,0.00,0.00,0.00,0.00,0.00,0.00,0.00,0.00,0.00,0.00,0.00,0.00,0.00,0.00,0.00,303816,351163,429836,319530,365314,442941,0,0,0,0,0,0,0,98934,0,123.44,123.49,123.55
762,2,0,0,0,93619,93619,93619,3660,3660,3660,591,591,591,0.00,0.00,0.00,0.00,0.00,0.00,0.00,0.00,0.00,0.00,0.00,0.00,0.00,0.00,0.00,0.00,0.00,0.00,0.00,0.00,0.00,311891,398382,739107,324996,412535,752212,0,0,0,0,0,0,0,100999,0,125.79,125.86,125.90
762,3,0,0,0,93660,93660,93660,3619,3619,3619,591,591,591,0.00,0.00,0.00,0.00,0.00,0.00,0.00,0.00,0.00,0.00,0.00,0.00,0.00,0.00,0.00,0.00,0.00,0.00,0.00,0.00,0.00,419353,477822,707658,429836,491442,720763,0,0,0,0,0,0,0,112676,0,140.29,140.33,140.37
763,0,0,0,0,93656,93656,93656,3624,3624,3624,591,591,591,0.00,0.00,0.00,0.00,0.00,0.00,0.00,0.00,0.00,0.00,0.00,0.00,0.00,0.00,0.00,0.00,0.00,0.00,0.00,0.00,0.00,298786,371120,634263,311891,384748,647367,0,0,0,0,0,0,0,109876,0,137.02,137.03,137.05
763,1,0,0,0,93624,93624,93624,3655,3655,3655,591,591,591,0.00,0.00,0.00,0.00,0.00,0.00,0.00,0.00,0.00,0.00,0.00,0.00,0.00,0.00,0.00,0.00,0.00,0.00,0.00,0.00,0.00,317132,425865,573939,330237,439461,589663,0,0,0,0,0,0,0,99049,0,123.46,123.53,123.59
763,2,0,0,0,93619,93619,93619,3660,3660,3660,591,591,591,0.00,0.00,0.00,0.00,0.00,0.00,0.00,0.00,0.00,0.00,0.00,0.00,0.00,0.00,0.00,0.00,0.00,0.00,0.00,0.00,0.00,309270,382124,636853,324991,396277,652578,0,0,0,0,0,0,0,100925,0,125.76,125.84,125.90
763,3,0,0,0,93660,93660,93660,3619,3619,3619,591,591,591,0.00,0.00,0.00,0.00,0.00,0.00,0.00,0.00,0.00,0.00,0.00,0.00,0.00,0.00,0.00,0.00,0.00,0.00,0.00,0.00,0.00,414086,464013,648024,424570,478156,663702,0,0,0,0,0,0,0,112698,0,140.31,140.35,140.39
764,0,0,0,0,93656,93656,93656,3624,3624,3624,591,591,591,0.00,0.00,0.00,0.00,0.00,0.00,0.00,0.00,0.00,0.00,0.00,0.00,0.00,0.00,0.00,0.00,0.00,0.00,0.00,0.00,0.00,293545,368502,629022,306650,382655,644747,0,0,0,0,0,0,0,110044,0,137.06,137.19,137.27
764,1,0,0,0,93624,93624,93624,3655,3655,3655,591,591,591,0.00,0.00,0.00,0.00,0.00,0.00,0.00,0.00,0.00,0.00,0.00,0.00,0.00,0.00,0.00,0.00,0.00,0.00,0.00,0.00,0.00,204426,353299,626402,211415,366753,642128,0,0,0,0,0,0,0,98839,0,123.43,123.52,123.65
764,2,0,0,0,93619,93619,93619,3660,3660,3660,591,591,591,0.00,0.00,0.00,0.00,0.00,0.00,0.00,0.00,0.00,0.00,0.00,0.00,0.00,0.00,0.00,0.00,0.00,0.00,0.00,0.00,0.00,314512,586567,1307857,327617,600196,1320962,0,0,0,0,0,0,0,113840,0,125.89,126.02,126.09
764,3,0,0,0,93660,93660,93660,3619,3619,3619,591,591,591,0.00,0.00,0.00,0.00,0.00,0.00,0.00,0.00,0.00,0.00,0.00,0.00,0.00,0.00,0.00,0.00,0.00,0.00,0.00,0.00,0.00,279571,434682,592335,288308,447430,605439,0,0,0,0,0,0,0,126805,0,140.22,140.30,140.41
765,0,0,0,0,93656,93656,93656,3624,3624,3624,591,591,591,0.00,0.00,0.00,0.00,0.00,0.00,0.00,0.00,0.00,0.00,0.00,0.00,0.00,0.00,0.00,0.00,0.00,0.00,0.00,0.00,0.00,192249,309978,469147,202641,323064,484872,0,0,0,0,0,0,0,82372,0,137.04,137.13,137.23
765,1,0,0,0,93624,93624,93624,3655,3655,3655,591,591,591,0.00,0.00,0.00,0.00,0.00,0.00,0.00,0.00,0.00,0.00,0.00,0.00,0.00,0.00,0.00,0.00,0.00,0.00,0.00,0.00,0.00,304026,392615,573983,317131,406768,587088,0,0,0,0,0,0,0,86546,0,123.40,123.47,123.54
765,2,0,0,0,93619,93619,93619,3660,3660,3660,591,591,591,0.00,0.00,0.00,0.00,0.00,0.00,0.00,0.00,0.00,0.00,0.00,0.00,0.00,0.00,0.00,0.00,0.00,0.00,0.00,0.00,0.00,306987,335619,430636,320334,348881,439284,0,0,0,0,0,0,0,100927,0,125.82,125.99,126.12
765,3,0,0,0,93660,93660,93660,3619,3619,3619,591,591,591,0.00,0.00,0.00,0.00,0.00,0.00,0.00,0.00,0.00,0.00,0.00,0.00,0.00,0.00,0.00,0.00,0.00,0.00,0.00,0.00,0.00,421970,746127,1137510,435075,760275,1150525,0,0,0,0,0,0,0,84431,0,140.26,140.32,140.35
766,0,0,0,0,93656,93656,93656,3624,3624,3624,591,591,591,0.00,0.00,0.00,0.00,0.00,0.00,0.00,0.00,0.00,0.00,0.00,0.00,0.00,0.00,0.00,0.00,0.00,0.00,0.00,0.00,0.00,304029,600845,1223962,319754,614605,1237066,0,0,0,0,0,0,0,109998,0,137.06,137.14,137.25
766,1,0,0,0,93624,93624,93624,3655,3655,3655,591,591,591,0.00,0.00,0.00,0.00,0.00,0.00,0.00,0.00,0.00,0.00,0.00,0.00,0.00,0.00,0.00,0.00,0.00,0.00,0.00,0.00,0.00,306651,362112,520638,319756,375211,533720,0,0,0,0,0,0,0,99040,0,123.50,123.53,123.57
766,2,0,0,0,93619,93619,93619,3660,3660,3660,591,591,591,0.00,0.00,0.00,0.00,0.00,0.00,0.00,0.00,0.00,0.00,0.00,0.00,0.00,0.00,0.00,0.00,0.00,0.00,0.00,0.00,0.00,309270,410832,712894,322375,423936,725998,0,0,0,0,0,0,0,75718,0,125.79,125.81,125.83
766,3,0,0,0,93660,93660,93660,3619,3619,3619,591,591,591,0.00,0.00,0.00,0.00,0.00,0.00,0.00,0.00,0.00,0.00,0.00,0.00,0.00,0.00,0.00,0.00,0.00,0.00,0.00,0.00,0.00,419331,488058,681956,432435,501811,694970,0,0,0,0,0,0,0,112633,0,140.21,140.24,140.27
767,0,0,0,0,93656,93656,93656,3624,3624,3624,591,591,591,0.00,0.00,0.00,0.00,0.00,0.00,0.00,0.00,0.00,0.00,0.00,0.00,0.00,0.00,0.00,0.00,0.00,0.00,0.00,0.00,0.00,298787,374794,652618,311892,388947,665722,0,0,0,0,0,0,0,110004,0,137.15,137.22,137.25
767,1,0,0,0,93624,93624,93624,3655,3655,3655,591,591,591,0.00,0.00,0.00,0.00,0.00,0.00,0.00,0.00,0.00,0.00,0.00,0.00,0.00,0.00,0.00,0.00,0.00,0.00,0.00,0.00,0.00,314492,379517,534593,324975,393057,549868,0,0,0,0,0,0,0,99008,0,123.55,123.59,123.62
767,2,0,0,0,93619,93619,93619,3660,3660,3660,591,591,591,0.00,0.00,0.00,0.00,0.00,0.00,0.00,0.00,0.00,0.00,0.00,0.00,0.00,0.00,0.00,0.00,0.00,0.00,0.00,0.00,0.00,306650,453943,684049,319755,468620,702395,0,0,0,0,0,0,0,100886,0,125.75,125.78,125.81
767,3,0,0,0,93660,93660,93660,3619,3619,3619,591,591,591,0.00,0.00,0.00,0.00,0.00,0.00,0.00,0.00,0.00,0.00,0.00,0.00,0.00,0.00,0.00,0.00,0.00,0.00,0.00,0.00,0.00,411489,450769,581849,424594,464905,597575,0,0,0,0,0,0,0,112602,0,140.22,140.29,140.32
768,0,0,0,0,93656,93656,93656,3624,3624,3624,591,591,591,0.00,0.00,0.00,0.00,0.00,0.00,0.00,0.00,0.00,0.00,0.00,0.00,0.00,0.00,0.00,0.00,0.00,0.00,0.00,0.00,0.00,293529,364830,621160,306633,378459,636886,0,0,0,0,0,0,0,110029,0,137.15,137.18,137.22
768,1,0,0,0,93624,93624,93624,3655,3655,3655,591,591,591,0.00,0.00,0.00,0.00,0.00,0.00,0.00,0.00,0.00,0.00,0.00,0.00,0.00,0.00,0.00,0.00,0.00,0.00,0.00,0.00,0.00,301404,327789,401877,317129,341592,410614,0,0,0,0,0,0,0,99019,0,123.49,123.52,123.57
768,2,0,0,0,93619,93619,93619,3660,3660,3660,591,591,591,0.00,0.00,0.00,0.00,0.00,0.00,0.00,0.00,0.00,0.00,0.00,0.00,0.00,0.00,0.00,0.00,0.00,0.00,0.00,0.00,0.00,311874,531522,1383860,327599,545151,1394344,0,0,0,0,0,0,0,113517,0,125.82,125.86,125.89
768,3,0,0,0,93660,93660,93660,3619,3619,3619,591,591,591,0.00,0.00,0.00,0.00,0.00,0.00,0.00,0.00,0.00,0.00,0.00,0.00,0.00,0.00,0.00,0.00,0.00,0.00,0.00,0.00,0.00,279491,508793,822978,289972,521373,836083,0,0,0,0,0,0,0,126592,0,140.15,140.18,140.25
769,0,0,0,0,93656,93656,93656,3624,3624,3624,591,591,591,0.00,0.00,0.00,0.00,0.00,0.00,0.00,0.00,0.00,0.00,0.00,0.00,0.00,0.00,0.00,0.00,0.00,0.00,0.00,0.00,0.00,197444,486097,1166320,206180,499377,1179425,0,0,0,0,0,0,0,123742,0,137.20,137.21,137.23
769,1,0,0,0,93624,93624,93624,3655,3655,3655,591,591,591,0.00,0.00,0.00,0.00,0.00,0.00,0.00,0.00,0.00,0.00,0.00,0.00,0.00,0.00,0.00,0.00,0.00,0.00,0.00,0.00,0.00,304025,425632,547776,317130,439261,563501,0,0,0,0,0,0,0,111202,0,123.46,123.51,123.56
769,2,0,0,0,93619,93619,93619,3660,3660,3660,591,591,591,0.00,0.00,0.00,0.00,0.00,0.00,0.00,0.00,0.00,0.00,0.00,0.00,0.00,0.00,0.00,0.00,0.00,0.00,0.00,0.00,0.00,205813,432732,723380,214460,445469,733864,0,0,0,0,0,0,0,101032,0,125.71,125.77,125.86
769,3,0,0,0,93660,93660,93660,3619,3619,3619,591,591,591,0.00,0.00,0.00,0.00,0.00,0.00,0.00,0.00,0.00,0.00,0.00,0.00,0.00,0.00,0.00,0.00,0.00,0.00,0.00,0.00,0.00,411487,664563,1242336,424591,678713,1258062,0,0,0,0,0,0,0,112448,0,140.12,140.16,140.22
770,0,0,0,0,93656,93656,93656,3624,3624,3624,591,591,591,0.00,0.00,0.00,0.00,0.00,0.00,0.00,0.00,0.00,0.00,0.00,0.00,0.00,0.00,0.00,0.00,0.00,0.00,0.00,0.00,0.00,296149,363781,613300,309253,377409,629026,0,0,0,0,0,0,0,109832,0,137.05,137.09,137.16
770,1,0,0,0,93624,93624,93624,3655,3655,3655,591,591,591,0.00,0.00,0.00,0.00,0.00,0.00,0.00,0.00,0.00,0.00,0.00,0.00,0.00,0.00,0.00,0.00,0.00,0.00,0.00,0.00,0.00,304025,366928,505840,317130,381081,521566,0,0,0,0,0,0,0,98954,0,123.47,123.50,123.52
770,2,0,0,0,93619,93619,93619,3660,3660,3660,591,591,591,0.00,0.00,0.00,0.00,0.00,0.00,0.00,0.00,0.00,0.00,0.00,0.00,0.00,0.00,0.00,0.00,0.00,0.00,0.00,0.00,0.00,309273,381605,644751,324980,395757,657855,0,0,0,0,0,0,0,100985,0,125.94,125.96,125.99
770,3,0,0,0,93660,93660,93660,3619,3619,3619,591,591,591,0.00,0.00,0.00,0.00,0.00,0.00,0.00,0.00,0.00,0.00,0.00,0.00,0.00,0.00,0.00,0.00,0.00,0.00,0.00,0.00,0.00,423420,493552,691933,436488,507698,705038,0,0,0,0,0,0,0,112667,0,140.09,140.14,140.22
771,0,0,0,0,93656,93656,93656,3624,3624,3624,591,591,591,0.00,0.00,0.00,0.00,0.00,0.00,0.00,0.00,0.00,0.00,0.00,0.00,0.00,0.00,0.00,0.00,0.00,0.00,0.00,0.00,0.00,309270,440317,670956,322375,454470,686682,0,0,0,0,0,0,0,109965,0,137.12,137.13,137.16
771,1,0,0,0,93624,93624,93624,3655,3655,3655,591,591,591,0.00,0.00,0.00,0.00,0.00,0.00,0.00,0.00,0.00,0.00,0.00,0.00,0.00,0.00,0.00,0.00,0.00,0.00,0.00,0.00,0.00,293495,350216,518947,306598,364329,534673,0,0,0,0,0,0,0,99037,0,123.45,123.51,123.53
771,2,0,0,0,93619,93619,93619,3660,3660,3660,591,591,591,0.00,0.00,0.00,0.00,0.00,0.00,0.00,0.00,0.00,0.00,0.00,0.00,0.00,0.00,0.00,0.00,0.00,0.00,0.00,0.00,0.00,304030,386850,668337,319756,401003,681442,0,0,0,0,0,0,0,100948,0,125.93,125.94,125.96
771,3,0,0,0,93660,93660,93660,3619,3619,3619,591,591,591,0.00,0.00,0.00,0.00,0.00,0.00,0.00,0.00,0.00,0.00,0.00,0.00,0.00,0.00,0.00,0.00,0.00,0.00,0.00,0.00,0.00,411406,449690,569603,421888,463205,584997,0,0,0,0,0,0,0,112613,0,140.28,140.34,140.38
772,0,0,0,0,93656,93656,93656,3624,3624,3624,591,591,591,0.00,0.00,0.00,0.00,0.00,0.00,0.00,0.00,0.00,0.00,0.00,0.00,0.00,0.00,0.00,0.00,0.00,0.00,0.00,0.00,0.00,293542,332334,474390,309267,346486,487495,0,0,0,0,0,0,0,109941,0,137.10,137.12,137.15
772,1,0,0,0,93624,93624,93624,3655,3655,3655,591,591,591,0.00,0.00,0.00,0.00,0.00,0.00,0.00,0.00,0.00,0.00,0.00,0.00,0.00,0.00,0.00,0.00,0.00,0.00,0.00,0.00,0.00,306647,383702,566117,322372,396457,579221,0,0,0,0,0,0,0,111279,0,123.45,123.49,123.55
772,2,0,0,0,93619,93619,93619,3660,3660,3660,591,591,591,0.00,0.00,0.00,0.00,0.00,0.00,0.00,0.00,0.00,0.00,0.00,0.00,0.00,0.00,0.00,0.00,0.00,0.00,0.00,0.00,0.00,311892,588139,1344540,324998,602293,1357645,0,0,0,0,0,0,0,101026,0,125.85,125.90,125.93
772,3,0,0,0,93660,93660,93660,3619,3619,3619,591,591,591,0.00,0.00,0.00,0.00,0.00,0.00,0.00,0.00,0.00,0.00,0.00,0.00,0.00,0.00,0.00,0.00,0.00,0.00,0.00,0.00,0.00,291799,720936,1158464,302283,734041,1174190,0,0,0,0,0,0,0,98558,0,140.21,140.22,140.24
773,0,0,0,0,93656,93656,93656,3624,3624,3624,591,591,591,0.00,0.00,0.00,0.00,0.00,0.00,0.00,0.00,0.00,0.00,0.00,0.00,0.00,0.00,0.00,0.00,0.00,0.00,0.00,0.00,0.00,197438,511952,1218730,206174,524620,1234455,0,0,0,0,0,0,0,96337,0,137.17,137.19,137.21
773,1,0,0,0,93624,93624,93624,3655,3655,3655,591,591,591,0.00,0.00,0.00,0.00,0.00,0.00,0.00,0.00,0.00,0.00,0.00,0.00,0.00,0.00,0.00,0.00,0.00,0.00,0.00,0.00,0.00,306647,403622,639513,319751,417382,652617,0,0,0,0,0,0,0,74283,0,123.41,123.47,123.52
773,2,0,0,0,93619,93619,93619,3660,3660,3660,591,591,591,0.00,0.00,0.00,0.00,0.00,0.00,0.00,0.00,0.00,0.00,0.00,0.00,0.00,0.00,0.00,0.00,0.00,0.00,0.00,0.00,0.00,205783,393882,759188,216159,406374,775633,0,0,0,0,0,0,0,75626,0,125.78,125.83,125.89
773,3,0,0,0,93660,93660,93660,3619,3619,3619,591,591,591,0.00,0.00,0.00,0.00,0.00,0.00,0.00,0.00,0.00,0.00,0.00,0.00,0.00,0.00,0.00,0.00,0.00,0.00,0.00,0.00,0.00,421962,482899,663067,435067,496659,676171,0,0,0,0,0,0,0,112472,0,140.07,140.12,140.17
774,0,0,0,0,93656,93656,93656,3624,3624,3624,591,591,591,0.00,0.00,0.00,0.00,0.00,0.00,0.00,0.00,0.00,0.00,0.00,0.00,0.00,0.00,0.00,0.00,0.00,0.00,0.00,0.00,0.00,296161,419872,676201,311887,434025,689305,0,0,0,0,0,0,0,110109,0,137.29,137.34,137.40
774,1,0,0,0,93624,93624,93624,3655,3655,3655,591,591,591,0.00,0.00,0.00,0.00,0.00,0.00,0.00,0.00,0.00,0.00,0.00,0.00,0.00,0.00,0.00,0.00,0.00,0.00,0.00,0.00,0.00,306647,366926,511082,322356,380554,524186,0,0,0,0,0,0,0,98987,0,123.48,123.52,123.56
774,2,0,0,0,93619,93619,93619,3660,3660,3660,591,591,591,0.00,0.00,0.00,0.00,0.00,0.00,0.00,0.00,0.00,0.00,0.00,0.00,0.00,0.00,0.00,0.00,0.00,0.00,0.00,0.00,0.00,311891,381083,652617,324996,395237,665722,0,0,0,0,0,0,0,100948,0,125.80,125.85,125.89
774,3,0,0,0,93660,93660,93660,3619,3619,3619,591,591,591,0.00,0.00,0.00,0.00,0.00,0.00,0.00,0.00,0.00,0.00,0.00,0.00,0.00,0.00,0.00,0.00,0.00,0.00,0.00,0.00,0.00,421971,445036,518951,437696,459189,532055,0,0,0,0,0,0,0,112641,0,140.08,140.15,140.23
775,0,0,0,0,93656,93656,93656,3624,3624,3624,591,591,591,0.00,0.00,0.00,0.00,0.00,0.00,0.00,0.00,0.00,0.00,0.00,0.00,0.00,0.00,0.00,0.00,0.00,0.00,0.00,0.00,0.00,298772,368500,615921,309255,382129,631646,0,0,0,0,0,0,0,110077,0,137.29,137.32,137.34
775,1,0,0,0,93624,93624,93624,3655,3655,3655,591,591,591,0.00,0.00,0.00,0.00,0.00,0.00,0.00,0.00,0.00,0.00,0.00,0.00,0.00,0.00,0.00,0.00,0.00,0.00,0.00,0.00,0.00,294460,382138,560874,309957,395896,579220,0,0,0,0,0,0,0,99105,0,123.48,123.52,123.60
775,2,0,0,0,93619,93619,93619,3660,3660,3660,591,591,591,0.00,0.00,0.00,0.00,0.00,0.00,0.00,0.00,0.00,0.00,0.00,0.00,0.00,0.00,0.00,0.00,0.00,0.00,0.00,0.00,0.00,311892,387370,670965,324996,400998,686690,0,0,0,0,0,0,0,113538,0,125.88,125.90,125.94
775,3,0,0,0,93660,93660,93660,3619,3619,3619,591,591,591,0.00,0.00,0.00,0.00,0.00,0.00,0.00,0.00,0.00,0.00,0.00,0.00,0.00,0.00,0.00,0.00,0.00,0.00,0.00,0.00,0.00,411490,449531,576603,427216,463645,592329,0,0,0,0,0,0,0,112534,0,140.05,140.13,140.19
776,0,0,0,0,93656,93656,93656,3624,3624,3624,591,591,591,0.00,0.00,0.00,0.00,0.00,0.00,0.00,0.00,0.00,0.00,0.00,0.00,0.00,0.00,0.00,0.00,0.00,0.00,0.00,0.00,0.00,290925,329713,466526,304029,343866,482251,0,0,0,0,0,0,0,109932,0,137.15,137.24,137.32
776,1,0,0,0,93624,93624,93624,3655,3655,3655,591,591,591,0.00,0.00,0.00,0.00,0.00,0.00,0.00,0.00,0.00,0.00,0.00,0.00,0.00,0.00,0.00,0.00,0.00,0.00,0.00,0.00,0.00,301408,369021,545153,317133,383174,558258,0,0,0,0,0,0,0,111377,0,123.51,123.55,123.60
776,2,0,0,0,93619,93619,93619,3660,3660,3660,591,591,591,0.00,0.00,0.00,0.00,0.00,0.00,0.00,0.00,0.00,0.00,0.00,0.00,0.00,0.00,0.00,0.00,0.00,0.00,0.00,0.00,0.00,311893,591805,1381210,324997,605958,1396935,0,0,0,0,0,0,0,100969,0,125.87,125.89,125.91
776,3,0,0,0,93660,93660,93660,3619,3619,3619,591,591,591,0.00,0.00,0.00,0.00,0.00,0.00,0.00,0.00,0.00,0.00,0.00,0.00,0.00,0.00,0.00,0.00,0.00,0.00,0.00,0.00,0.00,421975,692452,1231840,435080,705207,1244944,0,0,0,0,0,0,0,112425,0,140.14,140.19,140.25
777,0,0,0,0,93656,93656,93656,3624,3624,3624,591,591,591,0.00,0.00,0.00,0.00,0.00,0.00,0.00,0.00,0.00,0.00,0.00,0.00,0.00,0.00,0.00,0.00,0.00,0.00,0.00,0.00,0.00,193948,512129,1158451,204432,524709,1171555,0,0,0,0,0,0,0,110077,0,137.15,137.24,137.32
777,1,0,0,0,93624,93624,93624,3655,3655,3655,591,591,591,0.00,0.00,0.00,0.00,0.00,0.00,0.00,0.00,0.00,0.00,0.00,0.00,0.00,0.00,0.00,0.00,0.00,0.00,0.00,0.00,0.00,304026,378459,508457,317130,392611,526803,0,0,0,0,0,0,0,99003,0,123.56,123.63,123.68
777,2,0,0,0,93619,93619,93619,3660,3660,3660,591,591,591,0.00,0.00,0.00,0.00,0.00,0.00,0.00,0.00,0.00,0.00,0.00,0.00,0.00,0.00,0.00,0.00,0.00,0.00,0.00,0.00,0.00,204170,364424,692375,212677,377650,707818,0,0,0,0,0,0,0,101042,0,125.88,125.94,125.98
777,3,0,0,0,93660,93660,93660,3619,3619,3619,591,591,591,0.00,0.00,0.00,0.00,0.00,0.00,0.00,0.00,0.00,0.00,0.00,0.00,0.00,0.00,0.00,0.00,0.00,0.00,0.00,0.00,0.00,419353,483302,697167,435075,497455,710271,0,0,0,0,0,0,0,112464,0,140.09,140.17,140.24
778,0,0,0,0,93656,93656,93656,3624,3624,3624,591,591,591,0.00,0.00,0.00,0.00,0.00,0.00,0.00,0.00,0.00,0.00,0.00,0.00,0.00,0.00,0.00,0.00,0.00,0.00,0.00,0.00,0.00,298768,376886,655232,311872,391563,670958,0,0,0,0,0,0,0,110158,0,137.31,137.33,137.34
778,1,0,0,0,93624,93624,93624,3655,3655,3655,591,591,591,0.00,0.00,0.00,0.00,0.00,0.00,0.00,0.00,0.00,0.00,0.00,0.00,0.00,0.00,0.00,0.00,0.00,0.00,0.00,0.00,0.00,314511,376365,545152,327616,389994,558257,0,0,0,0,0,0,0,99039,0,123.57,123.59,123.61
778,2,0,0,0,93619,93619,93619,3660,3660,3660,591,591,591,0.00,0.00,0.00,0.00,0.00,0.00,0.00,0.00,0.00,0.00,0.00,0.00,0.00,0.00,0.00,0.00,0.00,0.00,0.00,0.00,0.00,306631,454464,686682,319735,468093,702408,0,0,0,0,0,0,0,101081,0,125.93,125.95,125.97
778,3,0,0,0,93660,93660,93660,3619,3619,3619,591,591,591,0.00,0.00,0.00,0.00,0.00,0.00,0.00,0.00,0.00,0.00,0.00,0.00,0.00,0.00,0.00,0.00,0.00,0.00,0.00,0.00,0.00,408870,436645,521568,421975,450274,534673,0,0,0,0,0,0,0,112413,0,139.94,139.97,140.01
779,0,0,0,0,93656,93656,93656,3624,3624,3624,591,591,591,0.00,0.00,0.00,0.00,0.00,0.00,0.00,0.00,0.00,0.00,0.00,0.00,0.00,0.00,0.00,0.00,0.00,0.00,0.00,0.00,0.00,293544,363261,631649,306649,376890,644754,0,0,0,0,0,0,0,110000,0,137.22,137.27,137.33
779,1,0,0,0,93624,93624,93624,3655,3655,3655,591,591,591,0.00,0.00,0.00,0.00,0.00,0.00,0.00,0.00,0.00,0.00,0.00,0.00,0.00,0.00,0.00,0.00,0.00,0.00,0.00,0.00,0.00,306645,337571,382640,319749,350151,393123,0,0,0,0,0,0,0,99028,0,123.52,123.55,123.58
779,2,0,0,0,93619,93619,93619,3660,3660,3660,591,591,591,0.00,0.00,0.00,0.00,0.00,0.00,0.00,0.00,0.00,0.00,0.00,0.00,0.00,0.00,0.00,0.00,0.00,0.00,0.00,0.00,0.00,309269,525235,1355027,324995,539388,1368131,0,0,0,0,0,0,0,113689,0,125.93,125.97,126.02
779,3,0,0,0,93660,93660,93660,3619,3619,3619,591,591,591,0.00,0.00,0.00,0.00,0.00,0.00,0.00,0.00,0.00,0.00,0.00,0.00,0.00,0.00,0.00,0.00,0.00,0.00,0.00,0.00,0.00,416732,475964,563505,432445,489243,576610,0,0,0,0,0,0,0,126551,0,139.98,140.05,140.19
780,0,0,0,0,93656,93656,93656,3624,3624,3624,591,591,591,0.00,0.00,0.00,0.00,0.00,0.00,0.00,0.00,0.00,0.00,0.00,0.00,0.00,0.00,0.00,0.00,0.00,0.00,0.00,0.00,0.00,197437,493958,1221362,206173,506713,1234467,0,0,0,0,0,0,0,96215,0,137.12,137.16,137.20
780,1,0,0,0,93624,93624,93624,3655,3655,3655,591,591,591,0.00,0.00,0.00,0.00,0.00,0.00,0.00,0.00,0.00,0.00,0.00,0.00,0.00,0.00,0.00,0.00,0.00,0.00,0.00,0.00,0.00,306647,410435,537291,322373,424588,550396,0,0,0,0,0,0,0,86440,0,123.42,123.47,123.54
780,2,0,0,0,93619,93619,93619,3660,3660,3660,591,591,591,0.00,0.00,0.00,0.00,0.00,0.00,0.00,0.00,0.00,0.00,0.00,0.00,0.00,0.00,0.00,0.00,0.00,0.00,0.00,0.00,0.00,311890,412527,665719,324997,425266,678824,0,0,0,0,0,0,0,100929,0,125.87,125.93,125.97
780,3,0,0,0,93660,93660,93660,3619,3619,3619,591,591,591,0.00,0.00,0.00,0.00,0.00,0.00,0.00,0.00,0.00,0.00,0.00,0.00,0.00,0.00,0.00,0.00,0.00,0.00,0.00,0.00,0.00,419354,662052,1155849,432459,676205,1168954,0,0,0,0,0,0,0,84261,0,140.13,140.16,140.19
781,0,0,0,0,93656,93656,93656,3624,3624,3624,591,591,591,0.00,0.00,0.00,0.00,0.00,0.00,0.00,0.00,0.00,0.00,0.00,0.00,0.00,0.00,0.00,0.00,0.00,0.00,0.00,0.00,0.00,298787,368240,553014,314513,382655,566119,0,0,0,0,0,0,0,109921,0,137.09,137.12,137.15
781,1,0,0,0,93624,93624,93624,3655,3655,3655,591,591,591,0.00,0.00,0.00,0.00,0.00,0.00,0.00,0.00,0.00,0.00,0.00,0.00,0.00,0.00,0.00,0.00,0.00,0.00,0.00,0.00,0.00,304028,359721,508461,317133,373481,524186,0,0,0,0,0,0,0,99001,0,123.40,123.45,123.49
781,2,0,0,0,93619,93619,93619,3660,3660,3660,591,591,591,0.00,0.00,0.00,0.00,0.00,0.00,0.00,0.00,0.00,0.00,0.00,0.00,0.00,0.00,0.00,0.00,0.00,0.00,0.00,0.00,0.00,301122,396448,668339,316565,410199,681444,0,0,0,0,0,0,0,75785,0,125.74,125.81,125.88
781,3,0,0,0,93660,93660,93660,3619,3619,3619,591,591,591,0.00,0.00,0.00,0.00,0.00,0.00,0.00,0.00,0.00,0.00,0.00,0.00,0.00,0.00,0.00,0.00,0.00,0.00,0.00,0.00,0.00,416732,484866,678790,432458,498626,689273,0,0,0,0,0,0,0,112637,0,140.10,140.16,140.25
782,0,0,0,0,93656,93656,93656,3624,3624,3624,591,591,591,0.00,0.00,0.00,0.00,0.00,0.00,0.00,0.00,0.00,0.00,0.00,0.00,0.00,0.00,0.00,0.00,0.00,0.00,0.00,0.00,0.00,296167,377413,668334,309271,391566,684060,0,0,0,0,0,0,0,109932,0,137.14,137.16,137.18
782,1,0,0,0,93624,93624,93624,3655,3655,3655,591,591,591,0.00,0.00,0.00,0.00,0.00,0.00,0.00,0.00,0.00,0.00,0.00,0.00,0.00,0.00,0.00,0.00,0.00,0.00,0.00,0.00,0.00,309269,385272,560881,324994,399425,573986,0,0,0,0,0,0,0,99085,0,123.50,123.55,123.60
782,2,0,0,0,93619,93619,93619,3660,3660,3660,591,591,591,0.00,0.00,0.00,0.00,0.00,0.00,0.00,0.00,0.00,0.00,0.00,0.00,0.00,0.00,0.00,0.00,0.00,0.00,0.00,0.00,0.00,309269,387372,686686,324995,401525,699791,0,0,0,0,0,0,0,101053,0,125.92,125.95,125.99
782,3,0,0,0,93660,93660,93660,3619,3619,3619,591,591,591,0.00,0.00,0.00,0.00,0.00,0.00,0.00,0.00,0.00,0.00,0.00,0.00,0.00,0.00,0.00,0.00,0.00,0.00,0.00,0.00,0.00,414103,486972,642135,427208,501125,655240,0,0,0,0,0,0,0,112592,0,140.13,140.22,140.26
783,0,0,0,0,93656,93656,93656,3624,3624,3624,591,591,591,0.00,0.00,0.00,0.00,0.00,0.00,0.00,0.00,0.00,0.00,0.00,0.00,0.00,0.00,0.00,0.00,0.00,0.00,0.00,0.00,0.00,296150,394710,608058,309270,408339,621163,0,0,0,0,0,0,0,109931,0,137.15,137.18,137.22
783,1,0,0,0,93624,93624,93624,3655,3655,3655,591,591,591,0.00,0.00,0.00,0.00,0.00,0.00,0.00,0.00,0.00,0.00,0.00,0.00,0.00,0.00,0.00,0.00,0.00,0.00,0.00,0.00,0.00,202656,288115,319750,209644,301523,332854,0,0,0,0,0,0,0,99068,0,123.48,123.54,123.58
783,2,0,0,0,93619,93619,93619,3660,3660,3660,591,591,591,0.00,0.00,0.00,0.00,0.00,0.00,0.00,0.00,0.00,0.00,0.00,0.00,0.00,0.00,0.00,0.00,0.00,0.00,0.00,0.00,0.00,314512,588121,1386397,327617,602274,1399500,0,0,0,0,0,0,0,113786,0,126.02,126.05,126.08
783,3,0,0,0,93660,93660,93660,3619,3619,3619,591,591,591,0.00,0.00,0.00,0.00,0.00,0.00,0.00,0.00,0.00,0.00,0.00,0.00,0.00,0.00,0.00,0.00,0.00,0.00,0.00,0.00,0.00,279559,589578,1431043,290042,602651,1446768,0,0,0,0,0,0,0,126647,0,139.99,140.03,140.08
784,0,0,0,0,93656,93656,93656,3624,3624,3624,591,591,591,0.00,0.00,0.00,0.00,0.00,0.00,0.00,0.00,0.00,0.00,0.00,0.00,0.00,0.00,0.00,0.00,0.00,0.00,0.00,0.00,0.00,293544,467242,1135857,306649,480657,1150513,0,0,0,0,0,0,0,123872,0,137.19,137.20,137.22
784,1,0,0,0,93624,93624,93624,3655,3655,3655,591,591,591,0.00,0.00,0.00,0.00,0.00,0.00,0.00,0.00,0.00,0.00,0.00,0.00,0.00,0.00,0.00,0.00,0.00,0.00,0.00,0.00,0.00,306644,422486,532045,322370,436115,542529,0,0,0,0,0,0,0,98774,0,123.31,123.36,123.42
784,2,0,0,0,93619,93619,93619,3660,3660,3660,591,591,591,0.00,0.00,0.00,0.00,0.00,0.00,0.00,0.00,0.00,0.00,0.00,0.00,0.00,0.00,0.00,0.00,0.00,0.00,0.00,0.00,0.00,204116,369489,702416,212765,382226,715520,0,0,0,0,0,0,0,100953,0,125.94,126.03,126.08
784,3,0,0,0,93660,93660,93660,3619,3619,3619,591,591,591,0.00,0.00,0.00,0.00,0.00,0.00,0.00,0.00,0.00,0.00,0.00,0.00,0.00,0.00,0.00,0.00,0.00,0.00,0.00,0.00,0.00,424597,554594,828227,440323,568223,838710,0,0,0,0,0,0,0,112529,0,140.04,140.10,140.18
785,0,0,0,0,93656,93656,93656,3624,3624,3624,591,591,591,0.00,0.00,0.00,0.00,0.00,0.00,0.00,0.00,0.00,0.00,0.00,0.00,0.00,0.00,0.00,0.00,0.00,0.00,0.00,0.00,0.00,197442,414798,691891,209673,427728,704995,0,0,0,0,0,0,0,109987,0,137.19,137.27,137.31
785,1,0,0,0,93624,93624,93624,3655,3655,3655,591,591,591,0.00,0.00,0.00,0.00,0.00,0.00,0.00,0.00,0.00,0.00,0.00,0.00,0.00,0.00,0.00,0.00,0.00,0.00,0.00,0.00,0.00,301406,364308,505840,314510,378460,521565,0,0,0,0,0,0,0,98990,0,123.38,123.47,123.54
785,2,0,0,0,93619,93619,93619,3660,3660,3660,591,591,591,0.00,0.00,0.00,0.00,0.00,0.00,0.00,0.00,0.00,0.00,0.00,0.00,0.00,0.00,0.00,0.00,0.00,0.00,0.00,0.00,0.00,304032,384753,678825,319758,398906,689309,0,0,0,0,0,0,0,100878,0,125.77,125.82,125.89
785,3,0,0,0,93660,93660,93660,3619,3619,3619,591,591,591,0.00,0.00,0.00,0.00,0.00,0.00,0.00,0.00,0.00,0.00,0.00,0.00,0.00,0.00,0.00,0.00,0.00,0.00,0.00,0.00,0.00,419353,440843,508464,435079,454996,521569,0,0,0,0,0,0,0,112554,0,140.15,140.17,140.19
786,0,0,0,0,93656,93656,93656,3624,3624,3624,591,591,591,0.00,0.00,0.00,0.00,0.00,0.00,0.00,0.00,0.00,0.00,0.00,0.00,0.00,0.00,0.00,0.00,0.00,0.00,0.00,0.00,0.00,296165,361164,568745,309270,375317,584471,0,0,0,0,0,0,0,110110,0,137.18,137.23,137.34
786,1,0,0,0,93624,93624,93624,3655,3655,3655,591,591,591,0.00,0.00,0.00,0.00,0.00,0.00,0.00,0.00,0.00,0.00,0.00,0.00,0.00,0.00,0.00,0.00,0.00,0.00,0.00,0.00,0.00,296167,418262,610482,311892,431803,623147,0,0,0,0,0,0,0,99020,0,123.54,123.58,123.60
786,2,0,0,0,93619,93619,93619,3660,3660,3660,591,591,591,0.00,0.00,0.00,0.00,0.00,0.00,0.00,0.00,0.00,0.00,0.00,0.00,0.00,0.00,0.00,0.00,0.00,0.00,0.00,0.00,0.00,311893,392617,691931,322376,406245,705035,0,0,0,0,0,0,0,113580,0,125.77,125.85,125.90
786,3,0,0,0,93660,93660,93660,3619,3619,3619,591,591,591,0.00,0.00,0.00,0.00,0.00,0.00,0.00,0.00,0.00,0.00,0.00,0.00,0.00,0.00,0.00,0.00,0.00,0.00,0.00,0.00,0.00,416731,449765,571363,429839,463362,584468,0,0,0,0,0,0,0,112613,0,140.14,140.16,140.19
787,0,0,0,0,93656,93656,93656,3624,3624,3624,591,591,591,0.00,0.00,0.00,0.00,0.00,0.00,0.00,0.00,0.00,0.00,0.00,0.00,0.00,0.00,0.00,0.00,0.00,0.00,0.00,0.00,0.00,296167,335479,474388,309269,349108,487493,0,0,0,0,0,0,0,109924,0,137.15,137.22,137.31
787,1,0,0,0,93624,93624,93624,3655,3655,3655,591,591,591,0.00,0.00,0.00,0.00,0.00,0.00,0.00,0.00,0.00,0.00,0.00,0.00,0.00,0.00,0.00,0.00,0.00,0.00,0.00,0.00,0.00,202685,348745,555631,213169,361849,568735,0,0,0,0,0,0,0,86548,0,123.46,123.52,123.60
787,2,0,0,0,93619,93619,93619,3660,3660,3660,591,591,591,0.00,0.00,0.00,0.00,0.00,0.00,0.00,0.00,0.00,0.00,0.00,0.00,0.00,0.00,0.00,0.00,0.00,0.00,0.00,0.00,0.00,306650,581847,1307845,319754,596000,1326192,0,0,0,0,0,0,0,100956,0,125.83,125.88,125.92
787,3,0,0,0,93660,93660,93660,3619,3619,3619,591,591,591,0.00,0.00,0.00,0.00,0.00,0.00,0.00,0.00,0.00,0.00,0.00,0.00,0.00,0.00,0.00,0.00,0.00,0.00,0.00,0.00,0.00,424595,668505,863166,435079,681085,873650,0,0,0,0,0,0,0,84343,0,140.22,140.24,140.27
788,0,0,0,0,93656,93656,93656,3624,3624,3624,591,591,591,0.00,0.00,0.00,0.00,0.00,0.00,0.00,0.00,0.00,0.00,0.00,0.00,0.00,0.00,0.00,0.00,0.00,0.00,0.00,0.00,0.00,293541,588500,1213437,309266,602854,1226541,0,0,0,0,0,0,0,82508,0,137.12,137.15,137.17
788,1,0,0,0,93624,93624,93624,3655,3655,3655,591,591,591,0.00,0.00,0.00,0.00,0.00,0.00,0.00,0.00,0.00,0.00,0.00,0.00,0.00,0.00,0.00,0.00,0.00,0.00,0.00,0.00,0.00,301403,359720,513698,317129,373480,526802,0,0,0,0,0,0,0,99004,0,123.46,123.48,123.50
788,2,0,0,0,93619,93619,93619,3660,3660,3660,591,591,591,0.00,0.00,0.00,0.00,0.00,0.00,0.00,0.00,0.00,0.00,0.00,0.00,0.00,0.00,0.00,0.00,0.00,0.00,0.00,0.00,0.00,205750,386253,715476,214394,398897,728580,0,0,0,0,0,0,0,75784,0,125.85,125.93,126.01
788,3,0,0,0,93660,93660,93660,3619,3619,3619,591,591,591,0.00,0.00,0.00,0.00,0.00,0.00,0.00,0.00,0.00,0.00,0.00,0.00,0.00,0.00,0.00,0.00,0.00,0.00,0.00,0.00,0.00,419356,503216,726011,435068,517632,741737,0,0,0,0,0,0,0,112654,0,140.27,140.36,140.43
789,0,0,0,0,93656,93656,93656,3624,3624,3624,591,591,591,0.00,0.00,0.00,0.00,0.00,0.00,0.00,0.00,0.00,0.00,0.00,0.00,0.00,0.00,0.00,0.00,0.00,0.00,0.00,0.00,0.00,199191,356970,676200,209674,369551,689305,0,0,0,0,0,0,0,110043,0,137.11,137.17,137.22
789,1,0,0,0,93624,93624,93624,3655,3655,3655,591,591,591,0.00,0.00,0.00,0.00,0.00,0.00,0.00,0.00,0.00,0.00,0.00,0.00,0.00,0.00,0.00,0.00,0.00,0.00,0.00,0.00,0.00,314509,421439,566118,327613,435592,581844,0,0,0,0,0,0,0,98958,0,123.53,123.55,123.58
789,2,0,0,0,93619,93619,93619,3660,3660,3660,591,591,591,0.00,0.00,0.00,0.00,0.00,0.00,0.00,0.00,0.00,0.00,0.00,0.00,0.00,0.00,0.00,0.00,0.00,0.00,0.00,0.00,0.00,309271,386853,655242,324996,401006,668347,0,0,0,0,0,0,0,100970,0,125.91,125.96,126.00
789,3,0,0,0,93660,93660,93660,3619,3619,3619,591,591,591,0.00,0.00,0.00,0.00,0.00,0.00,0.00,0.00,0.00,0.00,0.00,0.00,0.00,0.00,0.00,0.00,0.00,0.00,0.00,0.00,0.00,416731,439793,503213,429836,453422,518939,0,0,0,0,0,0,0,112741,0,140.27,140.31,140.35
790,0,0,0,0,93656,93656,93656,3624,3624,3624,591,591,591,0.00,0.00,0.00,0.00,0.00,0.00,0.00,0.00,0.00,0.00,0.00,0.00,0.00,0.00,0.00,0.00,0.00,0.00,0.00,0.00,0.00,296150,368500,629022,309254,382128,642126,0,0,0,0,0,0,0,109945,0,137.29,137.30,137.33
790,1,0,0,0,93624,93624,93624,3655,3655,3655,591,591,591,0.00,0.00,0.00,0.00,0.00,0.00,0.00,0.00,0.00,0.00,0.00,0.00,0.00,0.00,0.00,0.00,0.00,0.00,0.00,0.00,0.00,298786,309269,322374,314510,323422,335479,0,0,0,0,0,0,0,99051,0,123.53,123.58,123.62
790,2,0,0,0,93619,93619,93619,3660,3660,3660,591,591,591,0.00,0.00,0.00,0.00,0.00,0.00,0.00,0.00,0.00,0.00,0.00,0.00,0.00,0.00,0.00,0.00,0.00,0.00,0.00,0.00,0.00,311892,593363,1326122,324997,607516,1339226,0,0,0,0,0,0,0,113580,0,125.84,125.88,125.90
790,3,0,0,0,93660,93660,93660,3619,3619,3619,591,591,591,0.00,0.00,0.00,0.00,0.00,0.00,0.00,0.00,0.00,0.00,0.00,0.00,0.00,0.00,0.00,0.00,0.00,0.00,0.00,0.00,0.00,416750,458670,602821,432477,472823,615925,0,0,0,0,0,0,0,112659,0,140.37,140.39,140.42
791,0,0,0,0,93656,93656,93656,3624,3624,3624,591,591,591,0.00,0.00,0.00,0.00,0.00,0.00,0.00,0.00,0.00,0.00,0.00,0.00,0.00,0.00,0.00,0.00,0.00,0.00,0.00,0.00,0.00,290925,311366,377414,306651,326044,390519,0,0,0,0,0,0,0,123638,0,137.17,137.21,137.23
791,1,0,0,0,93624,93624,93624,3655,3655,3655,591,591,591,0.00,0.00,0.00,0.00,0.00,0.00,0.00,0.00,0.00,0.00,0.00,0.00,0.00,0.00,0.00,0.00,0.00,0.00,0.00,0.00,0.00,207602,398483,547775,216252,411221,560880,0,0,0,0,0,0,0,111185,0,123.45,123.51,123.59
791,2,0,0,0,93619,93619,93619,3660,3660,3660,591,591,591,0.00,0.00,0.00,0.00,0.00,0.00,0.00,0.00,0.00,0.00,0.00,0.00,0.00,0.00,0.00,0.00,0.00,0.00,0.00,0.00,0.00,311891,378462,642131,324996,392616,657857,0,0,0,0,0,0,0,100863,0,125.76,125.81,125.86
791,3,0,0,0,93660,93660,93660,3619,3619,3619,591,591,591,0.00,0.00,0.00,0.00,0.00,0.00,0.00,0.00,0.00,0.00,0.00,0.00,0.00,0.00,0.00,0.00,0.00,0.00,0.00,0.00,0.00,414083,607096,931281,429808,619850,940018,0,0,0,0,0,0,0,112495,0,140.22,140.27,140.36
792,0,0,0,0,93656,93656,93656,3624,3624,3624,591,591,591,0.00,0.00,0.00,0.00,0.00,0.00,0.00,0.00,0.00,0.00,0.00,0.00,0.00,0.00,0.00,0.00,0.00,0.00,0.00,0.00,0.00,288279,528488,1171556,304004,542053,1184660,0,0,0,0,0,0,0,109886,0,137.00,137.06,137.10
792,1,0,0,0,93624,93624,93624,3655,3655,3655,591,591,591,0.00,0.00,0.00,0.00,0.00,0.00,0.00,0.00,0.00,0.00,0.00,0.00,0.00,0.00,0.00,0.00,0.00,0.00,0.00,0.00,0.00,306648,360637,534667,319752,374266,547772,0,0,0,0,0,0,0,98947,0,123.34,123.40,123.44
792,2,0,0,0,93619,93619,93619,3660,3660,3660,591,591,591,0.00,0.00,0.00,0.00,0.00,0.00,0.00,0.00,0.00,0.00,0.00,0.00,0.00,0.00,0.00,0.00,0.00,0.00,0.00,0.00,0.00,202738,441702,720742,211256,454366,733847,0,0,0,0,0,0,0,100910,0,125.77,125.78,125.81
792,3,0,0,0,93660,93660,93660,3619,3619,3619,591,591,591,0.00,0.00,0.00,0.00,0.00,0.00,0.00,0.00,0.00,0.00,0.00,0.00,0.00,0.00,0.00,0.00,0.00,0.00,0.00,0.00,0.00,411491,476428,702416,427217,491104,715521,0,0,0,0,0,0,0,112517,0,140.07,140.14,140.20
793,0,0,0,0,93656,93656,93656,3624,3624,3624,591,591,591,0.00,0.00,0.00,0.00,0.00,0.00,0.00,0.00,0.00,0.00,0.00,0.00,0.00,0.00,0.00,0.00,0.00,0.00,0.00,0.00,0.00,202685,364477,684028,211421,377756,699753,0,0,0,0,0,0,0,110088,0,137.11,137.21,137.29
793,1,0,0,0,93624,93624,93624,3655,3655,3655,591,591,591,0.00,0.00,0.00,0.00,0.00,0.00,0.00,0.00,0.00,0.00,0.00,0.00,0.00,0.00,0.00,0.00,0.00,0.00,0.00,0.00,0.00,301401,382654,550394,317127,397331,566120,0,0,0,0,0,0,0,98944,0,123.42,123.45,123.47
793,2,0,0,0,93619,93619,93619,3660,3660,3660,591,591,591,0.00,0.00,0.00,0.00,0.00,0.00,0.00,0.00,0.00,0.00,0.00,0.00,0.00,0.00,0.00,0.00,0.00,0.00,0.00,0.00,0.00,311892,383292,657856,324997,396980,673582,0,0,0,0,0,0,0,101079,0,125.81,125.92,126.00
793,3,0,0,0,93660,93660,93660,3619,3619,3619,591,591,591,0.00,0.00,0.00,0.00,0.00,0.00,0.00,0.00,0.00,0.00,0.00,0.00,0.00,0.00,0.00,0.00,0.00,0.00,0.00,0.00,0.00,416707,489453,597582,429811,503077,610687,0,0,0,0,0,0,0,112483,0,140.03,140.04,140.06
794,0,0,0,0,93656,93656,93656,3624,3624,3624,591,591,591,0.00,0.00,0.00,0.00,0.00,0.00,0.00,0.00,0.00,0.00,0.00,0.00,0.00,0.00,0.00,0.00,0.00,0.00,0.00,0.00,0.00,293544,395759,618533,309268,409912,631637,0,0,0,0,0,0,0,110016,0,137.23,137.26,137.29
794,1,0,0,0,93624,93624,93624,3655,3655,3655,591,591,591,0.00,0.00,0.00,0.00,0.00,0.00,0.00,0.00,0.00,0.00,0.00,0.00,0.00,0.00,0.00,0.00,0.00,0.00,0.00,0.00,0.00,206177,343914,613300,214914,356626,626405,0,0,0,0,0,0,0,98954,0,123.48,123.52,123.53
794,2,0,0,0,93619,93619,93619,3660,3660,3660,591,591,591,0.00,0.00,0.00,0.00,0.00,0.00,0.00,0.00,0.00,0.00,0.00,0.00,0.00,0.00,0.00,0.00,0.00,0.00,0.00,0.00,0.00,311892,590235,1344539,327618,604389,1357644,0,0,0,0,0,0,0,113701,0,125.99,126.02,126.04
794,3,0,0,0,93660,93660,93660,3619,3619,3619,591,591,591,0.00,0.00,0.00,0.00,0.00,0.00,0.00,0.00,0.00,0.00,0.00,0.00,0.00,0.00,0.00,0.00,0.00,0.00,0.00,0.00,0.00,112684,424635,737279,125787,438135,749947,0,0,0,0,0,0,0,98421,0,140.06,140.10,140.14
795,0,0,0,0,93656,93656,93656,3624,3624,3624,591,591,591,0.00,0.00,0.00,0.00,0.00,0.00,0.00,0.00,0.00,0.00,0.00,0.00,0.00,0.00,0.00,0.00,0.00,0.00,0.00,0.00,0.00,296165,530738,1221353,309269,544497,1237078,0,0,0,0,0,0,0,96301,0,137.21,137.25,137.29
795,1,0,0,0,93624,93624,93624,3655,3655,3655,591,591,591,0.00,0.00,0.00,0.00,0.00,0.00,0.00,0.00,0.00,0.00,0.00,0.00,0.00,0.00,0.00,0.00,0.00,0.00,0.00,0.00,0.00,317129,482902,684060,330233,496662,699785,0,0,0,0,0,0,0,74093,0,123.44,123.49,123.52
795,2,0,0,0,93619,93619,93619,3660,3660,3660,591,591,591,0.00,0.00,0.00,0.00,0.00,0.00,0.00,0.00,0.00,0.00,0.00,0.00,0.00,0.00,0.00,0.00,0.00,0.00,0.00,0.00,0.00,306649,412142,720757,319754,425902,731241,0,0,0,0,0,0,0,75853,0,125.96,125.97,125.98
795,3,0,0,0,93660,93660,93660,3619,3619,3619,591,591,591,0.00,0.00,0.00,0.00,0.00,0.00,0.00,0.00,0.00,0.00,0.00,0.00,0.00,0.00,0.00,0.00,0.00,0.00,0.00,0.00,0.00,419355,752868,1166314,432460,765973,1182040,0,0,0,0,0,0,0,112661,0,140.17,140.27,140.33
796,0,0,0,0,93656,93656,93656,3624,3624,3624,591,591,591,0.00,0.00,0.00,0.00,0.00,0.00,0.00,0.00,0.00,0.00,0.00,0.00,0.00,0.00,0.00,0.00,0.00,0.00,0.00,0.00,0.00,288304,345669,539902,301409,359254,553006,0,0,0,0,0,0,0,110020,0,137.18,137.21,137.23
796,1,0,0,0,93624,93624,93624,3655,3655,3655,591,591,591,0.00,0.00,0.00,0.00,0.00,0.00,0.00,0.00,0.00,0.00,0.00,0.00,0.00,0.00,0.00,0.00,0.00,0.00,0.00,0.00,0.00,304029,366405,524185,317134,380558,539910,0,0,0,0,0,0,0,99013,0,123.31,123.39,123.48
796,2,0,0,0,93619,93619,93619,3660,3660,3660,591,591,591,0.00,0.00,0.00,0.00,0.00,0.00,0.00,0.00,0.00,0.00,0.00,0.00,0.00,0.00,0.00,0.00,0.00,0.00,0.00,0.00,0.00,303726,334521,407012,316596,347738,415671,0,0,0,0,0,0,0,100948,0,125.92,126.01,126.05
796,3,0,0,0,93660,93660,93660,3619,3619,3619,591,591,591,0.00,0.00,0.00,0.00,0.00,0.00,0.00,0.00,0.00,0.00,0.00,0.00,0.00,0.00,0.00,0.00,0.00,0.00,0.00,0.00,0.00,421970,500598,668347,437696,514226,681452,0,0,0,0,0,0,0,112504,0,140.10,140.17,140.28
797,0,0,0,0,93656,93656,93656,3624,3624,3624,591,591,591,0.00,0.00,0.00,0.00,0.00,0.00,0.00,0.00,0.00,0.00,0.00,0.00,0.00,0.00,0.00,0.00,0.00,0.00,0.00,0.00,0.00,304029,398906,610680,319754,412186,623785,0,0,0,0,0,0,0,109973,0,137.10,137.17,137.23
797,1,0,0,0,93624,93624,93624,3655,3655,3655,591,591,591,0.00,0.00,0.00,0.00,0.00,0.00,0.00,0.00,0.00,0.00,0.00,0.00,0.00,0.00,0.00,0.00,0.00,0.00,0.00,0.00,0.00,296162,356966,555636,309266,370595,571362,0,0,0,0,0,0,0,98798,0,123.37,123.49,123.55
797,2,0,0,0,93619,93619,93619,3660,3660,3660,591,591,591,0.00,0.00,0.00,0.00,0.00,0.00,0.00,0.00,0.00,0.00,0.00,0.00,0.00,0.00,0.00,0.00,0.00,0.00,0.00,0.00,0.00,307023,389547,684069,323042,403234,699795,0,0,0,0,0,0,0,100996,0,125.87,125.90,125.94
797,3,0,0,0,93660,93660,93660,3619,3619,3619,591,591,591,0.00,0.00,0.00,0.00,0.00,0.00,0.00,0.00,0.00,0.00,0.00,0.00,0.00,0.00,0.00,0.00,0.00,0.00,0.00,0.00,0.00,416733,458665,597578,429837,472818,613303,0,0,0,0,0,0,0,112629,0,140.12,140.20,140.28
798,0,0,0,0,93656,93656,93656,3624,3624,3624,591,591,591,0.00,0.00,0.00,0.00,0.00,0.00,0.00,0.00,0.00,0.00,0.00,0.00,0.00,0.00,0.00,0.00,0.00,0.00,0.00,0.00,0.00,293544,330234,461287,309270,344386,477013,0,0,0,0,0,0,0,109921,0,137.05,137.08,137.10
798,1,0,0,0,93624,93624,93624,3655,3655,3655,591,591,591,0.00,0.00,0.00,0.00,0.00,0.00,0.00,0.00,0.00,0.00,0.00,0.00,0.00,0.00,0.00,0.00,0.00,0.00,0.00,0.00,0.00,301406,321500,365181,317131,334605,375664,0,0,0,0,0,0,0,111336,0,123.35,123.41,123.50
798,2,0,0,0,93619,93619,93619,3660,3660,3660,591,591,591,0.00,0.00,0.00,0.00,0.00,0.00,0.00,0.00,0.00,0.00,0.00,0.00,0.00,0.00,0.00,0.00,0.00,0.00,0.00,0.00,0.00,309272,588659,1362894,322377,603336,1378620,0,0,0,0,0,0,0,100928,0,125.82,125.89,125.94
798,3,0,0,0,93660,93660,93660,3619,3619,3619,591,591,591,0.00,0.00,0.00,0.00,0.00,0.00,0.00,0.00,0.00,0.00,0.00,0.00,0.00,0.00,0.00,0.00,0.00,0.00,0.00,0.00,0.00,416724,684278,1340571,432450,698286,1355577,0,0,0,0,0,0,0,126907,0,140.26,140.33,140.40
799,0,0,0,0,93656,93656,93656,3624,3624,3624,591,591,591,0.00,0.00,0.00,0.00,0.00,0.00,0.00,0.00,0.00,0.00,0.00,0.00,0.00,0.00,0.00,0.00,0.00,0.00,0.00,0.00,0.00,298787,535718,1182044,311891,549347,1195149,0,0,0,0,0,0,0,123758,0,137.12,137.16,137.21
799,1,0,0,0,93624,93624,93624,3655,3655,3655,591,591,591,0.00,0.00,0.00,0.00,0.00,0.00,0.00,0.00,0.00,0.00,0.00,0.00,0.00,0.00,0.00,0.00,0.00,0.00,0.00,0.00,0.00,304026,344909,421970,319751,359061,435074,0,0,0,0,0,0,0,98889,0,123.34,123.38,123.45
799,2,0,0,0,93619,93619,93619,3660,3660,3660,591,591,591,0.00,0.00,0.00,0.00,0.00,0.00,0.00,0.00,0.00,0.00,0.00,0.00,0.00,0.00,0.00,0.00,0.00,0.00,0.00,0.00,0.00,306650,391568,707658,322375,405196,723384,0,0,0,0,0,0,0,100921,0,125.75,125.76,125.81
799,3,0,0,0,93660,93660,93660,3619,3619,3619,591,591,591,0.00,0.00,0.00,0.00,0.00,0.00,0.00,0.00,0.00,0.00,0.00,0.00,0.00,0.00,0.00,0.00,0.00,0.00,0.00,0.00,0.00,277822,450803,712899,286559,463558,728625,0,0,0,0,0,0,0,112627,0,140.38,140.43,140.49
800,0,0,0,0,93656,93656,93656,3624,3624,3624,591,591,591,0.00,0.00,0.00,0.00,0.00,0.00,0.00,0.00,0.00,0.00,0.00,0.00,0.00,0.00,0.00,0.00,0.00,0.00,0.00,0.00,0.00,202678,356695,691929,213162,369750,705034,0,0,0,0,0,0,0,110016,0,137.15,137.17,137.20
800,1,0,0,0,93624,93624,93624,3655,3655,3655,591,591,591,0.00,0.00,0.00,0.00,0.00,0.00,0.00,0.00,0.00,0.00,0.00,0.00,0.00,0.00,0.00,0.00,0.00,0.00,0.00,0.00,0.00,306648,408863,539904,322374,422492,553009,0,0,0,0,0,0,0,98970,0,123.42,123.49,123.53
800,2,0,0,0,93619,93619,93619,3660,3660,3660,591,591,591,0.00,0.00,0.00,0.00,0.00,0.00,0.00,0.00,0.00,0.00,0.00,0.00,0.00,0.00,0.00,0.00,0.00,0.00,0.00,0.00,0.00,203954,356869,655243,214325,369972,668348,0,0,0,0,0,0,0,100865,0,125.78,125.80,125.83
800,3,0,0,0,93660,93660,93660,3619,3619,3619,591,591,591,0.00,0.00,0.00,0.00,0.00,0.00,0.00,0.00,0.00,0.00,0.00,0.00,0.00,0.00,0.00,0.00,0.00,0.00,0.00,0.00,0.00,419351,440843,513703,432456,454997,526808,0,0,0,0,0,0,0,112626,0,140.22,140.26,140.34
801,0,0,0,0,93656,93656,93656,3624,3624,3624,591,591,591,0.00,0.00,0.00,0.00,0.00,0.00,0.00,0.00,0.00,0.00,0.00,0.00,0.00,0.00,0.00,0.00,0.00,0.00,0.00,0.00,0.00,296165,366406,597574,309269,380559,610679,0,0,0,0,0,0,0,110039,0,137.16,137.21,137.26
801,1,0,0,0,93624,93624,93624,3655,3655,3655,591,591,591,0.00,0.00,0.00,0.00,0.00,0.00,0.00,0.00,0.00,0.00,0.00,0.00,0.00,0.00,0.00,0.00,0.00,0.00,0.00,0.00,0.00,296165,373218,631649,311891,387371,644754,0,0,0,0,0,0,0,98942,0,123.43,123.45,123.48
801,2,0,0,0,93619,93619,93619,3660,3660,3660,591,591,591,0.00,0.00,0.00,0.00,0.00,0.00,0.00,0.00,0.00,0.00,0.00,0.00,0.00,0.00,0.00,0.00,0.00,0.00,0.00,0.00,0.00,306651,597049,1336682,322377,610678,1349786,0,0,0,0,0,0,0,113620,0,125.85,125.89,125.93
801,3,0,0,0,93660,93660,93660,3619,3619,3619,591,591,591,0.00,0.00,0.00,0.00,0.00,0.00,0.00,0.00,0.00,0.00,0.00,0.00,0.00,0.00,0.00,0.00,0.00,0.00,0.00,0.00,0.00,414108,461280,587065,429833,474908,600169,0,0,0,0,0,0,0,126707,0,140.24,140.30,140.35
802,0,0,0,0,93656,93656,93656,3624,3624,3624,591,591,591,0.00,0.00,0.00,0.00,0.00,0.00,0.00,0.00,0.00,0.00,0.00,0.00,0.00,0.00,0.00,0.00,0.00,0.00,0.00,0.00,0.00,293545,331809,466522,309271,345962,479627,0,0,0,0,0,0,0,82394,0,137.12,137.20,137.29
802,1,0,0,0,93624,93624,93624,3655,3655,3655,591,591,591,0.00,0.00,0.00,0.00,0.00,0.00,0.00,0.00,0.00,0.00,0.00,0.00,0.00,0.00,0.00,0.00,0.00,0.00,0.00,0.00,0.00,293542,385099,560872,309268,398378,576598,0,0,0,0,0,0,0,86540,0,123.47,123.48,123.49
802,2,0,0,0,93619,93619,93619,3660,3660,3660,591,591,591,0.00,0.00,0.00,0.00,0.00,0.00,0.00,0.00,0.00,0.00,0.00,0.00,0.00,0.00,0.00,0.00,0.00,0.00,0.00,0.00,0.00,311892,384753,660474,324997,398906,673578,0,0,0,0,0,0,0,100993,0,125.82,125.87,125.90
802,3,0,0,0,93660,93660,93660,3619,3619,3619,591,591,591,0.00,0.00,0.00,0.00,0.00,0.00,0.00,0.00,0.00,0.00,0.00,0.00,0.00,0.00,0.00,0.00,0.00,0.00,0.00,0.00,0.00,406186,737208,1168937,421909,751261,1179421,0,0,0,0,0,0,0,84438,0,140.29,140.32,140.38
803,0,0,0,0,93656,93656,93656,3624,3624,3624,591,591,591,0.00,0.00,0.00,0.00,0.00,0.00,0.00,0.00,0.00,0.00,0.00,0.00,0.00,0.00,0.00,0.00,0.00,0.00,0.00,0.00,0.00,296167,591015,1210864,309271,604119,1223968,0,0,0,0,0,0,0,109960,0,137.13,137.14,137.15
803,1,0,0,0,93624,93624,93624,3655,3655,3655,591,591,591,0.00,0.00,0.00,0.00,0.00,0.00,0.00,0.00,0.00,0.00,0.00,0.00,0.00,0.00,0.00,0.00,0.00,0.00,0.00,0.00,0.00,304027,362342,521564,317132,376102,537289,0,0,0,0,0,0,0,98965,0,123.51,123.54,123.59
803,2,0,0,0,93619,93619,93619,3660,3660,3660,591,591,591,0.00,0.00,0.00,0.00,0.00,0.00,0.00,0.00,0.00,0.00,0.00,0.00,0.00,0.00,0.00,0.00,0.00,0.00,0.00,0.00,0.00,306651,410828,702412,319756,424587,718138,0,0,0,0,0,0,0,75749,0,125.83,125.86,125.89
803,3,0,0,0,93660,93660,93660,3619,3619,3619,591,591,591,0.00,0.00,0.00,0.00,0.00,0.00,0.00,0.00,0.00,0.00,0.00,0.00,0.00,0.00,0.00,0.00,0.00,0.00,0.00,0.00,0.00,314515,459314,681445,324999,471763,694550,0,0,0,0,0,0,0,112707,0,140.35,140.37,140.40
804,0,0,0,0,93656,93656,93656,3624,3624,3624,591,591,591,0.00,0.00,0.00,0.00,0.00,0.00,0.00,0.00,0.00,0.00,0.00,0.00,0.00,0.00,0.00,0.00,0.00,0.00,0.00,0.00,0.00,204432,365050,712848,214916,378104,723331,0,0,0,0,0,0,0,109948,0,137.12,137.15,137.21
804,1,0,0,0,93624,93624,93624,3655,3655,3655,591,591,591,0.00,0.00,0.00,0.00,0.00,0.00,0.00,0.00,0.00,0.00,0.00,0.00,0.00,0.00,0.00,0.00,0.00,0.00,0.00,0.00,0.00,311874,370071,521568,324978,383699,534672,0,0,0,0,0,0,0,98936,0,123.41,123.46,123.51
804,2,0,0,0,93619,93619,93619,3660,3660,3660,591,591,591,0.00,0.00,0.00,0.00,0.00,0.00,0.00,0.00,0.00,0.00,0.00,0.00,0.00,0.00,0.00,0.00,0.00,0.00,0.00,0.00,0.00,208978,435793,682209,217613,449060,695853,0,0,0,0,0,0,0,100974,0,125.78,125.84,125.88
804,3,0,0,0,93660,93660,93660,3619,3619,3619,591,591,591,0.00,0.00,0.00,0.00,0.00,0.00,0.00,0.00,0.00,0.00,0.00,0.00,0.00,0.00,0.00,0.00,0.00,0.00,0.00,0.00,0.00,414112,436123,490117,427217,450277,503222,0,0,0,0,0,0,0,112670,0,140.31,140.34,140.40
805,0,0,0,0,93656,93656,93656,3624,3624,3624,591,591,591,0.00,0.00,0.00,0.00,0.00,0.00,0.00,0.00,0.00,0.00,0.00,0.00,0.00,0.00,0.00,0.00,0.00,0.00,0.00,0.00,0.00,298786,356443,573985,311890,370072,589711,0,0,0,0,0,0,0,109930,0,137.07,137.10,137.13
805,1,0,0,0,93624,93624,93624,3655,3655,3655,591,591,591,0.00,0.00,0.00,0.00,0.00,0.00,0.00,0.00,0.00,0.00,0.00,0.00,0.00,0.00,0.00,0.00,0.00,0.00,0.00,0.00,0.00,301403,306124,317133,314512,320277,332859,0,0,0,0,0,0,0,98887,0,123.28,123.36,123.42
805,2,0,0,0,93619,93619,93619,3660,3660,3660,591,591,591,0.00,0.00,0.00,0.00,0.00,0.00,0.00,0.00,0.00,0.00,0.00,0.00,0.00,0.00,0.00,0.00,0.00,0.00,0.00,0.00,0.00,317115,532571,1375999,330240,546724,1389104,0,0,0,0,0,0,0,113542,0,125.72,125.78,125.88
805,3,0,0,0,93660,93660,93660,3619,3619,3619,591,591,591,0.00,0.00,0.00,0.00,0.00,0.00,0.00,0.00,0.00,0.00,0.00,0.00,0.00,0.00,0.00,0.00,0.00,0.00,0.00,0.00,0.00,414109,454994,592334,429835,468623,605438,0,0,0,0,0,0,0,126758,0,140.30,140.34,140.37
806,0,0,0,0,93656,93656,93656,3624,3624,3624,591,591,591,0.00,0.00,0.00,0.00,0.00,0.00,0.00,0.00,0.00,0.00,0.00,0.00,0.00,0.00,0.00,0.00,0.00,0.00,0.00,0.00,0.00,296163,503743,1171559,309267,517896,1184664,0,0,0,0,0,0,0,123696,0,137.11,137.16,137.20
806,1,0,0,0,93624,93624,93624,3655,3655,3655,591,591,591,0.00,0.00,0.00,0.00,0.00,0.00,0.00,0.00,0.00,0.00,0.00,0.00,0.00,0.00,0.00,0.00,0.00,0.00,0.00,0.00,0.00,319732,360983,424591,332836,373913,437696,0,0,0,0,0,0,0,111268,0,123.31,123.42,123.51
806,2,0,0,0,93619,93619,93619,3660,3660,3660,591,591,591,0.00,0.00,0.00,0.00,0.00,0.00,0.00,0.00,0.00,0.00,0.00,0.00,0.00,0.00,0.00,0.00,0.00,0.00,0.00,0.00,0.00,309272,451848,723382,324995,465477,736487,0,0,0,0,0,0,0,101055,0,125.76,125.84,125.93
806,3,0,0,0,93660,93660,93660,3619,3619,3619,591,591,591,0.00,0.00,0.00,0.00,0.00,0.00,0.00,0.00,0.00,0.00,0.00,0.00,0.00,0.00,0.00,0.00,0.00,0.00,0.00,0.00,0.00,408816,690624,1386483,421919,704729,1402209,0,0,0,0,0,0,0,112689,0,140.34,140.40,140.47
807,0,0,0,0,93656,93656,93656,3624,3624,3624,591,591,591,0.00,0.00,0.00,0.00,0.00,0.00,0.00,0.00,0.00,0.00,0.00,0.00,0.00,0.00,0.00,0.00,0.00,0.00,0.00,0.00,0.00,296167,359069,597574,309272,372698,610679,0,0,0,0,0,0,0,110087,0,137.07,137.16,137.28
807,1,0,0,0,93624,93624,93624,3655,3655,3655,591,591,591,0.00,0.00,0.00,0.00,0.00,0.00,0.00,0.00,0.00,0.00,0.00,0.00,0.00,0.00,0.00,0.00,0.00,0.00,0.00,0.00,0.00,311892,372651,503214,324996,387326,516319,0,0,0,0,0,0,0,98959,0,123.47,123.53,123.58
807,2,0,0,0,93619,93619,93619,3660,3660,3660,591,591,591,0.00,0.00,0.00,0.00,0.00,0.00,0.00,0.00,0.00,0.00,0.00,0.00,0.00,0.00,0.00,0.00,0.00,0.00,0.00,0.00,0.00,309272,375842,623788,322377,389471,639514,0,0,0,0,0,0,0,101030,0,125.91,125.93,125.94
807,3,0,0,0,93660,93660,93660,3619,3619,3619,591,591,591,0.00,0.00,0.00,0.00,0.00,0.00,0.00,0.00,0.00,0.00,0.00,0.00,0.00,0.00,0.00,0.00,0.00,0.00,0.00,0.00,0.00,277821,484874,694546,288305,497979,710272,0,0,0,0,0,0,0,112752,0,140.41,140.48,140.54
808,0,0,0,0,93656,93656,93656,3624,3624,3624,591,591,591,0.00,0.00,0.00,0.00,0.00,0.00,0.00,0.00,0.00,0.00,0.00,0.00,0.00,0.00,0.00,0.00,0.00,0.00,0.00,0.00,0.00,206182,417405,642128,214919,430575,655233,0,0,0,0,0,0,0,110190,0,137.25,137.37,137.44
808,1,0,0,0,93624,93624,93624,3655,3655,3655,591,591,591,0.00,0.00,0.00,0.00,0.00,0.00,0.00,0.00,0.00,0.00,0.00,0.00,0.00,0.00,0.00,0.00,0.00,0.00,0.00,0.00,0.00,308969,374208,602816,324680,387834,615921,0,0,0,0,0,0,0,99074,0,123.40,123.47,123.57
808,2,0,0,0,93619,93619,93619,3660,3660,3660,591,591,591,0.00,0.00,0.00,0.00,0.00,0.00,0.00,0.00,0.00,0.00,0.00,0.00,0.00,0.00,0.00,0.00,0.00,0.00,0.00,0.00,0.00,206444,371734,676691,214975,384974,692129,0,0,0,0,0,0,0,101043,0,125.93,126.00,126.09
808,3,0,0,0,93660,93660,93660,3619,3619,3619,591,591,591,0.00,0.00,0.00,0.00,0.00,0.00,0.00,0.00,0.00,0.00,0.00,0.00,0.00,0.00,0.00,0.00,0.00,0.00,0.00,0.00,0.00,414110,440312,526781,427215,454465,542506,0,0,0,0,0,0,0,112918,0,140.41,140.47,140.54
809,0,0,0,0,93656,93656,93656,3624,3624,3624,591,591,591,0.00,0.00,0.00,0.00,0.00,0.00,0.00,0.00,0.00,0.00,0.00,0.00,0.00,0.00,0.00,0.00,0.00,0.00,0.00,0.00,0.00,293547,331718,471400,304031,345868,487113,0,0,0,0,0,0,0,109957,0,137.19,137.26,137.42
809,1,0,0,0,93624,93624,93624,3655,3655,3655,591,591,591,0.00,0.00,0.00,0.00,0.00,0.00,0.00,0.00,0.00,0.00,0.00,0.00,0.00,0.00,0.00,0.00,0.00,0.00,0.00,0.00,0.00,309255,425701,636884,322359,439813,649988,0,0,0,0,0,0,0,111317,0,123.51,123.55,123.59
809,2,0,0,0,93619,93619,93619,3660,3660,3660,591,591,591,0.00,0.00,0.00,0.00,0.00,0.00,0.00,0.00,0.00,0.00,0.00,0.00,0.00,0.00,0.00,0.00,0.00,0.00,0.00,0.00,0.00,311893,581848,1313094,322377,595477,1328819,0,0,0,0,0,0,0,101001,0,125.90,125.98,126.05
809,3,0,0,0,93660,93660,93660,3619,3619,3619,591,591,591,0.00,0.00,0.00,0.00,0.00,0.00,0.00,0.00,0.00,0.00,0.00,0.00,0.00,0.00,0.00,0.00,0.00,0.00,0.00,0.00,0.00,421973,741204,1192537,435078,754309,1205642,0,0,0,0,0,0,0,98613,0,140.40,140.47,140.54
810,0,0,0,0,93656,93656,93656,3624,3624,3624,591,591,591,0.00,0.00,0.00,0.00,0.00,0.00,0.00,0.00,0.00,0.00,0.00,0.00,0.00,0.00,0.00,0.00,0.00,0.00,0.00,0.00,0.00,298499,543205,1247902,311591,557617,1261010,0,0,0,0,0,0,0,96403,0,137.21,137.31,137.37
810,1,0,0,0,93624,93624,93624,3655,3655,3655,591,591,591,0.00,0.00,0.00,0.00,0.00,0.00,0.00,0.00,0.00,0.00,0.00,0.00,0.00,0.00,0.00,0.00,0.00,0.00,0.00,0.00,0.00,253356,385057,665719,262093,397725,678823,0,0,0,0,0,0,0,74137,0,123.41,123.43,123.47
810,2,0,0,0,93619,93619,93619,3660,3660,3660,591,591,591,0.00,0.00,0.00,0.00,0.00,0.00,0.00,0.00,0.00,0.00,0.00,0.00,0.00,0.00,0.00,0.00,0.00,0.00,0.00,0.00,0.00,311891,408867,697175,324996,423283,710280,0,0,0,0,0,0,0,75708,0,125.86,125.89,125.91
810,3,0,0,0,93660,93660,93660,3619,3619,3619,591,591,591,0.00,0.00,0.00,0.00,0.00,0.00,0.00,0.00,0.00,0.00,0.00,0.00,0.00,0.00,0.00,0.00,0.00,0.00,0.00,0.00,0.00,410940,482117,657860,426447,497132,673585,0,0,0,0,0,0,0,112751,0,140.41,140.43,140.45
811,0,0,0,0,93656,93656,93656,3624,3624,3624,591,591,591,0.00,0.00,0.00,0.00,0.00,0.00,0.00,0.00,0.00,0.00,0.00,0.00,0.00,0.00,0.00,0.00,0.00,0.00,0.00,0.00,0.00,298785,419350,663101,311895,432979,676206,0,0,0,0,0,0,0,110041,0,137.24,137.27,137.28
811,1,0,0,0,93624,93624,93624,3655,3655,3655,591,591,591,0.00,0.00,0.00,0.00,0.00,0.00,0.00,0.00,0.00,0.00,0.00,0.00,0.00,0.00,0.00,0.00,0.00,0.00,0.00,0.00,0.00,306646,367452,524181,319751,381081,539907,0,0,0,0,0,0,0,98915,0,123.45,123.50,123.54
811,2,0,0,0,93619,93619,93619,3660,3660,3660,591,591,591,0.00,0.00,0.00,0.00,0.00,0.00,0.00,0.00,0.00,0.00,0.00,0.00,0.00,0.00,0.00,0.00,0.00,0.00,0.00,0.00,0.00,309254,382653,665716,322358,396806,678821,0,0,0,0,0,0,0,100915,0,125.82,125.88,125.92
811,3,0,0,0,93660,93660,93660,3619,3619,3619,591,591,591,0.00,0.00,0.00,0.00,0.00,0.00,0.00,0.00,0.00,0.00,0.00,0.00,0.00,0.00,0.00,0.00,0.00,0.00,0.00,0.00,0.00,276067,412184,508466,286551,424765,524192,0,0,0,0,0,0,0,112804,0,140.42,140.44,140.48
812,0,0,0,0,93656,93656,93656,3624,3624,3624,591,591,591,0.00,0.00,0.00,0.00,0.00,0.00,0.00,0.00,0.00,0.00,0.00,0.00,0.00,0.00,0.00,0.00,0.00,0.00,0.00,0.00,0.00,296165,326544,415858,309270,339261,424594,0,0,0,0,0,0,0,110014,0,137.29,137.32,137.37
812,1,0,0,0,93624,93624,93624,3655,3655,3655,591,591,591,0.00,0.00,0.00,0.00,0.00,0.00,0.00,0.00,0.00,0.00,0.00,0.00,0.00,0.00,0.00,0.00,0.00,0.00,0.00,0.00,0.00,296166,362205,597536,309270,376358,613261,0,0,0,0,0,0,0,99156,0,123.47,123.54,123.64
812,2,0,0,0,93619,93619,93619,3660,3660,3660,591,591,591,0.00,0.00,0.00,0.00,0.00,0.00,0.00,0.00,0.00,0.00,0.00,0.00,0.00,0.00,0.00,0.00,0.00,0.00,0.00,0.00,0.00,308621,342608,454816,321480,355693,465192,0,0,0,0,0,0,0,113518,0,125.82,125.84,125.86
812,3,0,0,0,93660,93660,93660,3619,3619,3619,591,591,591,0.00,0.00,0.00,0.00,0.00,0.00,0.00,0.00,0.00,0.00,0.00,0.00,0.00,0.00,0.00,0.00,0.00,0.00,0.00,0.00,0.00,416732,450277,550389,429837,464430,563493,0,0,0,0,0,0,0,112886,0,140.44,140.53,140.59
813,0,0,0,0,93656,93656,93656,3624,3624,3624,591,591,591,0.00,0.00,0.00,0.00,0.00,0.00,0.00,0.00,0.00,0.00,0.00,0.00,0.00,0.00,0.00,0.00,0.00,0.00,0.00,0.00,0.00,293546,336524,474364,309270,350676,487468,0,0,0,0,0,0,0,110058,0,137.10,137.16,137.22
813,1,0,0,0,93624,93624,93624,3655,3655,3655,591,591,591,0.00,0.00,0.00,0.00,0.00,0.00,0.00,0.00,0.00,0.00,0.00,0.00,0.00,0.00,0.00,0.00,0.00,0.00,0.00,0.00,0.00,301407,368247,515084,314511,382329,527834,0,0,0,0,0,0,0,111309,0,123.47,123.56,123.63
813,2,0,0,0,93619,93619,93619,3660,3660,3660,591,591,591,0.00,0.00,0.00,0.00,0.00,0.00,0.00,0.00,0.00,0.00,0.00,0.00,0.00,0.00,0.00,0.00,0.00,0.00,0.00,0.00,0.00,306651,585506,1360246,319756,599135,1373350,0,0,0,0,0,0,0,100904,0,125.76,125.78,125.80
813,3,0,0,0,93660,93660,93660,3619,3619,3619,591,591,591,0.00,0.00,0.00,0.00,0.00,0.00,0.00,0.00,0.00,0.00,0.00,0.00,0.00,0.00,0.00,0.00,0.00,0.00,0.00,0.00,0.00,414110,700831,1488671,429836,714460,1501776,0,0,0,0,0,0,0,126979,0,140.51,140.57,140.66
814,0,0,0,0,93656,93656,93656,3624,3624,3624,591,591,591,0.00,0.00,0.00,0.00,0.00,0.00,0.00,0.00,0.00,0.00,0.00,0.00,0.00,0.00,0.00,0.00,0.00,0.00,0.00,0.00,0.00,293545,535718,1189904,306650,549871,1208250,0,0,0,0,0,0,0,110126,0,137.24,137.29,137.36
814,1,0,0,0,93624,93624,93624,3655,3655,3655,591,591,591,0.00,0.00,0.00,0.00,0.00,0.00,0.00,0.00,0.00,0.00,0.00,0.00,0.00,0.00,0.00,0.00,0.00,0.00,0.00,0.00,0.00,304027,359759,518938,319752,372514,532042,0,0,0,0,0,0,0,99009,0,123.46,123.51,123.55
814,2,0,0,0,93619,93619,93619,3660,3660,3660,591,591,591,0.00,0.00,0.00,0.00,0.00,0.00,0.00,0.00,0.00,0.00,0.00,0.00,0.00,0.00,0.00,0.00,0.00,0.00,0.00,0.00,0.00,306648,390518,707655,322368,404672,723381,0,0,0,0,0,0,0,100959,0,125.76,125.78,125.80
814,3,0,0,0,93660,93660,93660,3619,3619,3619,591,591,591,0.00,0.00,0.00,0.00,0.00,0.00,0.00,0.00,0.00,0.00,0.00,0.00,0.00,0.00,0.00,0.00,0.00,0.00,0.00,0.00,0.00,276076,446258,705026,284812,459538,720752,0,0,0,0,0,0,0,112819,0,140.48,140.65,140.75
815,0,0,0,0,93656,93656,93656,3624,3624,3624,591,591,591,0.00,0.00,0.00,0.00,0.00,0.00,0.00,0.00,0.00,0.00,0.00,0.00,0.00,0.00,0.00,0.00,0.00,0.00,0.00,0.00,0.00,298785,380057,691931,311889,393642,707656,0,0,0,0,0,0,0,110081,0,137.24,137.30,137.35
815,1,0,0,0,93624,93624,93624,3655,3655,3655,591,591,591,0.00,0.00,0.00,0.00,0.00,0.00,0.00,0.00,0.00,0.00,0.00,0.00,0.00,0.00,0.00,0.00,0.00,0.00,0.00,0.00,0.00,311887,375315,537290,324992,389468,550395,0,0,0,0,0,0,0,99023,0,123.46,123.51,123.54
815,2,0,0,0,93619,93619,93619,3660,3660,3660,591,591,591,0.00,0.00,0.00,0.00,0.00,0.00,0.00,0.00,0.00,0.00,0.00,0.00,0.00,0.00,0.00,0.00,0.00,0.00,0.00,0.00,0.00,309271,460751,691892,324997,474904,704996,0,0,0,0,0,0,0,100943,0,125.77,125.81,125.83
815,3,0,0,0,93660,93660,93660,3619,3619,3619,591,591,591,0.00,0.00,0.00,0.00,0.00,0.00,0.00,0.00,0.00,0.00,0.00,0.00,0.00,0.00,0.00,0.00,0.00,0.00,0.00,0.00,0.00,416731,436124,497978,429836,450277,511083,0,0,0,0,0,0,0,112657,0,140.30,140.34,140.41
816,0,0,0,0,93656,93656,93656,3624,3624,3624,591,591,591,0.00,0.00,0.00,0.00,0.00,0.00,0.00,0.00,0.00,0.00,0.00,0.00,0.00,0.00,0.00,0.00,0.00,0.00,0.00,0.00,0.00,200939,338441,605430,209675,351720,618534,0,0,0,0,0,0,0,110010,0,137.15,137.19,137.21
816,1,0,0,0,93624,93624,93624,3655,3655,3655,591,591,591,0.00,0.00,0.00,0.00,0.00,0.00,0.00,0.00,0.00,0.00,0.00,0.00,0.00,0.00,0.00,0.00,0.00,0.00,0.00,0.00,0.00,296165,307692,327618,309270,321845,340722,0,0,0,0,0,0,0,99027,0,123.45,123.50,123.53
816,2,0,0,0,93619,93619,93619,3660,3660,3660,591,591,591,0.00,0.00,0.00,0.00,0.00,0.00,0.00,0.00,0.00,0.00,0.00,0.00,0.00,0.00,0.00,0.00,0.00,0.00,0.00,0.00,0.00,207318,497439,1334059,215956,510186,1347164,0,0,0,0,0,0,0,113653,0,125.82,125.87,125.92
816,3,0,0,0,93660,93660,93660,3619,3619,3619,591,591,591,0.00,0.00,0.00,0.00,0.00,0.00,0.00,0.00,0.00,0.00,0.00,0.00,0.00,0.00,0.00,0.00,0.00,0.00,0.00,0.00,0.00,416732,456039,587088,429837,469668,600193,0,0,0,0,0,0,0,127013,0,140.36,140.46,140.58
817,0,0,0,0,93656,93656,93656,3624,3624,3624,591,591,591,0.00,0.00,0.00,0.00,0.00,0.00,0.00,0.00,0.00,0.00,0.00,0.00,0.00,0.00,0.00,0.00,0.00,0.00,0.00,0.00,0.00,293545,517372,1237081,306650,531001,1247565,0,0,0,0,0,0,0,96274,0,137.25,137.29,137.31
817,1,0,0,0,93624,93624,93624,3655,3655,3655,591,591,591,0.00,0.00,0.00,0.00,0.00,0.00,0.00,0.00,0.00,0.00,0.00,0.00,0.00,0.00,0.00,0.00,0.00,0.00,0.00,0.00,0.00,167716,352555,542535,180819,365250,555640,0,0,0,0,0,0,0,86549,0,123.41,123.45,123.49
817,2,0,0,0,93619,93619,93619,3660,3660,3660,591,591,591,0.00,0.00,0.00,0.00,0.00,0.00,0.00,0.00,0.00,0.00,0.00,0.00,0.00,0.00,0.00,0.00,0.00,0.00,0.00,0.00,0.00,309269,458663,699791,319753,472816,715516,0,0,0,0,0,0,0,101020,0,125.86,125.91,125.97
817,3,0,0,0,93660,93660,93660,3619,3619,3619,591,591,591,0.00,0.00,0.00,0.00,0.00,0.00,0.00,0.00,0.00,0.00,0.00,0.00,0.00,0.00,0.00,0.00,0.00,0.00,0.00,0.00,0.00,411494,702417,1410079,427219,716569,1423183,0,0,0,0,0,0,0,84489,0,140.60,140.63,140.66
818,0,0,0,0,93656,93656,93656,3624,3624,3624,591,591,591,0.00,0.00,0.00,0.00,0.00,0.00,0.00,0.00,0.00,0.00,0.00,0.00,0.00,0.00,0.00,0.00,0.00,0.00,0.00,0.00,0.00,293545,359061,537266,306649,373476,547750,0,0,0,0,0,0,0,110086,0,137.20,137.25,137.27
818,1,0,0,0,93624,93624,93624,3655,3655,3655,591,591,591,0.00,0.00,0.00,0.00,0.00,0.00,0.00,0.00,0.00,0.00,0.00,0.00,0.00,0.00,0.00,0.00,0.00,0.00,0.00,0.00,0.00,306648,372825,555632,319753,386585,568737,0,0,0,0,0,0,0,99021,0,123.47,123.52,123.56
818,2,0,0,0,93619,93619,93619,3660,3660,3660,591,591,591,0.00,0.00,0.00,0.00,0.00,0.00,0.00,0.00,0.00,0.00,0.00,0.00,0.00,0.00,0.00,0.00,0.00,0.00,0.00,0.00,0.00,311875,401655,663099,324996,415414,678824,0,0,0,0,0,0,0,75727,0,125.86,125.89,125.92
818,3,0,0,0,93660,93660,93660,3619,3619,3619,591,591,591,0.00,0.00,0.00,0.00,0.00,0.00,0.00,0.00,0.00,0.00,0.00,0.00,0.00,0.00,0.00,0.00,0.00,0.00,0.00,0.00,0.00,284810,455819,691927,295294,468268,702411,0,0,0,0,0,0,0,112686,0,140.35,140.43,140.52
819,0,0,0,0,93656,93656,93656,3624,3624,3624,591,591,591,0.00,0.00,0.00,0.00,0.00,0.00,0.00,0.00,0.00,0.00,0.00,0.00,0.00,0.00,0.00,0.00,0.00,0.00,0.00,0.00,0.00,298789,382788,689300,314514,396385,702404,0,0,0,0,0,0,0,109959,0,137.03,137.12,137.23
819,1,0,0,0,93624,93624,93624,3655,3655,3655,591,591,591,0.00,0.00,0.00,0.00,0.00,0.00,0.00,0.00,0.00,0.00,0.00,0.00,0.00,0.00,0.00,0.00,0.00,0.00,0.00,0.00,0.00,314510,389462,537264,327614,403615,550368,0,0,0,0,0,0,0,98987,0,123.53,123.56,123.59
819,2,0,0,0,93619,93619,93619,3660,3660,3660,591,591,591,0.00,0.00,0.00,0.00,0.00,0.00,0.00,0.00,0.00,0.00,0.00,0.00,0.00,0.00,0.00,0.00,0.00,0.00,0.00,0.00,0.00,306648,384752,676202,319753,398905,689306,0,0,0,0,0,0,0,100926,0,125.85,125.88,125.90
819,3,0,0,0,93660,93660,93660,3619,3619,3619,591,591,591,0.00,0.00,0.00,0.00,0.00,0.00,0.00,0.00,0.00,0.00,0.00,0.00,0.00,0.00,0.00,0.00,0.00,0.00,0.00,0.00,0.00,421973,472818,553022,435071,486971,566127,0,0,0,0,0,0,0,112757,0,140.37,140.41,140.45
820,0,0,0,0,93656,93656,93656,3624,3624,3624,591,591,591,0.00,0.00,0.00,0.00,0.00,0.00,0.00,0.00,0.00,0.00,0.00,0.00,0.00,0.00,0.00,0.00,0.00,0.00,0.00,0.00,0.00,202684,380178,626270,213168,393806,641993,0,0,0,0,0,0,0,109905,0,137.04,137.07,137.10
820,1,0,0,0,93624,93624,93624,3655,3655,3655,591,591,591,0.00,0.00,0.00,0.00,0.00,0.00,0.00,0.00,0.00,0.00,0.00,0.00,0.00,0.00,0.00,0.00,0.00,0.00,0.00,0.00,0.00,298786,363785,602816,314511,377938,615921,0,0,0,0,0,0,0,98880,0,123.43,123.49,123.52
820,2,0,0,0,93619,93619,93619,3660,3660,3660,591,591,591,0.00,0.00,0.00,0.00,0.00,0.00,0.00,0.00,0.00,0.00,0.00,0.00,0.00,0.00,0.00,0.00,0.00,0.00,0.00,0.00,0.00,214651,573683,1112493,223306,586982,1126793,0,0,0,0,0,0,0,113491,0,125.73,125.76,125.83
820,3,0,0,0,93660,93660,93660,3619,3619,3619,591,591,591,0.00,0.00,0.00,0.00,0.00,0.00,0.00,0.00,0.00,0.00,0.00,0.00,0.00,0.00,0.00,0.00,0.00,0.00,0.00,0.00,0.00,414110,694548,1357647,427215,708177,1370752,0,0,0,0,0,0,0,126934,0,140.37,140.40,140.46
821,0,0,0,0,93656,93656,93656,3624,3624,3624,591,591,591,0.00,0.00,0.00,0.00,0.00,0.00,0.00,0.00,0.00,0.00,0.00,0.00,0.00,0.00,0.00,0.00,0.00,0.00,0.00,0.00,0.00,296165,475962,1182046,311890,489591,1192530,0,0,0,0,0,0,0,123789,0,137.15,137.19,137.24
821,1,0,0,0,93624,93624,93624,3655,3655,3655,591,591,591,0.00,0.00,0.00,0.00,0.00,0.00,0.00,0.00,0.00,0.00,0.00,0.00,0.00,0.00,0.00,0.00,0.00,0.00,0.00,0.00,0.00,214907,402123,539912,225390,415168,553017,0,0,0,0,0,0,0,98876,0,123.43,123.46,123.48
821,2,0,0,0,93619,93619,93619,3660,3660,3660,591,591,591,0.00,0.00,0.00,0.00,0.00,0.00,0.00,0.00,0.00,0.00,0.00,0.00,0.00,0.00,0.00,0.00,0.00,0.00,0.00,0.00,0.00,309265,392091,715518,319748,405720,731243,0,0,0,0,0,0,0,100942,0,125.77,125.83,125.88
821,3,0,0,0,93660,93660,93660,3619,3619,3619,591,591,591,0.00,0.00,0.00,0.00,0.00,0.00,0.00,0.00,0.00,0.00,0.00,0.00,0.00,0.00,0.00,0.00,0.00,0.00,0.00,0.00,0.00,408869,508458,702415,424595,522610,718141,0,0,0,0,0,0,0,112508,0,140.31,140.40,140.50
822,0,0,0,0,93656,93656,93656,3624,3624,3624,591,591,591,0.00,0.00,0.00,0.00,0.00,0.00,0.00,0.00,0.00,0.00,0.00,0.00,0.00,0.00,0.00,0.00,0.00,0.00,0.00,0.00,0.00,293545,439794,694556,306649,453423,707660,0,0,0,0,0,0,0,110045,0,137.12,137.14,137.17
822,1,0,0,0,93624,93624,93624,3655,3655,3655,591,591,591,0.00,0.00,0.00,0.00,0.00,0.00,0.00,0.00,0.00,0.00,0.00,0.00,0.00,0.00,0.00,0.00,0.00,0.00,0.00,0.00,0.00,304026,364308,508462,317130,377936,521567,0,0,0,0,0,0,0,98974,0,123.40,123.43,123.45
822,2,0,0,0,93619,93619,93619,3660,3660,3660,591,591,591,0.00,0.00,0.00,0.00,0.00,0.00,0.00,0.00,0.00,0.00,0.00,0.00,0.00,0.00,0.00,0.00,0.00,0.00,0.00,0.00,0.00,311891,382656,647372,324997,396285,660477,0,0,0,0,0,0,0,100983,0,125.82,125.85,125.86
822,3,0,0,0,93660,93660,93660,3619,3619,3619,591,591,591,0.00,0.00,0.00,0.00,0.00,0.00,0.00,0.00,0.00,0.00,0.00,0.00,0.00,0.00,0.00,0.00,0.00,0.00,0.00,0.00,0.00,276074,415856,505842,286558,428961,521568,0,0,0,0,0,0,0,112856,0,140.26,140.35,140.55
823,0,0,0,0,93656,93656,93656,3624,3624,3624,591,591,591,0.00,0.00,0.00,0.00,0.00,0.00,0.00,0.00,0.00,0.00,0.00,0.00,0.00,0.00,0.00,0.00,0.00,0.00,0.00,0.00,0.00,192184,358677,647164,200920,371853,659754,0,0,0,0,0,0,0,109976,0,137.13,137.22,137.27
823,1,0,0,0,93624,93624,93624,3655,3655,3655,591,591,591,0.00,0.00,0.00,0.00,0.00,0.00,0.00,0.00,0.00,0.00,0.00,0.00,0.00,0.00,0.00,0.00,0.00,0.00,0.00,0.00,0.00,296165,389992,516323,309270,403621,529428,0,0,0,0,0,0,0,99028,0,123.49,123.53,123.56
823,2,0,0,0,93619,93619,93619,3660,3660,3660,591,591,591,0.00,0.00,0.00,0.00,0.00,0.00,0.00,0.00,0.00,0.00,0.00,0.00,0.00,0.00,0.00,0.00,0.00,0.00,0.00,0.00,0.00,311886,413970,689311,327601,426972,702416,0,0,0,0,0,0,0,113636,0,125.80,125.86,125.89
823,3,0,0,0,93660,93660,93660,3619,3619,3619,591,591,591,0.00,0.00,0.00,0.00,0.00,0.00,0.00,0.00,0.00,0.00,0.00,0.00,0.00,0.00,0.00,0.00,0.00,0.00,0.00,0.00,0.00,416731,452369,581844,429836,465998,597569,0,0,0,0,0,0,0,112876,0,140.49,140.58,140.65
824,0,0,0,0,93656,93656,93656,3624,3624,3624,591,591,591,0.00,0.00,0.00,0.00,0.00,0.00,0.00,0.00,0.00,0.00,0.00,0.00,0.00,0.00,0.00,0.00,0.00,0.00,0.00,0.00,0.00,296166,331285,461281,309271,345438,474386,0,0,0,0,0,0,0,110044,0,137.15,137.20,137.25
824,1,0,0,0,93624,93624,93624,3655,3655,3655,591,591,591,0.00,0.00,0.00,0.00,0.00,0.00,0.00,0.00,0.00,0.00,0.00,0.00,0.00,0.00,0.00,0.00,0.00,0.00,0.00,0.00,0.00,301407,369024,568748,314512,383177,584474,0,0,0,0,0,0,0,111343,0,123.57,123.64,123.68
824,2,0,0,0,93619,93619,93619,3660,3660,3660,591,591,591,0.00,0.00,0.00,0.00,0.00,0.00,0.00,0.00,0.00,0.00,0.00,0.00,0.00,0.00,0.00,0.00,0.00,0.00,0.00,0.00,0.00,309693,512355,957335,323042,525976,972775,0,0,0,0,0,0,0,101026,0,125.92,125.98,126.02
824,3,0,0,0,93660,93660,93660,3619,3619,3619,591,591,591,0.00,0.00,0.00,0.00,0.00,0.00,0.00,0.00,0.00,0.00,0.00,0.00,0.00,0.00,0.00,0.00,0.00,0.00,0.00,0.00,0.00,421971,750637,1176796,435076,764790,1192522,0,0,0,0,0,0,0,84431,0,140.31,140.38,140.45
825,0,0,0,0,93656,93656,93656,3624,3624,3624,591,591,591,0.00,0.00,0.00,0.00,0.00,0.00,0.00,0.00,0.00,0.00,0.00,0.00,0.00,0.00,0.00,0.00,0.00,0.00,0.00,0.00,0.00,301403,589053,1176796,314508,603468,1192522,0,0,0,0,0,0,0,82507,0,137.22,137.25,137.28
825,1,0,0,0,93624,93624,93624,3655,3655,3655,591,591,591,0.00,0.00,0.00,0.00,0.00,0.00,0.00,0.00,0.00,0.00,0.00,0.00,0.00,0.00,0.00,0.00,0.00,0.00,0.00,0.00,0.00,207928,314074,424595,218412,326524,440321,0,0,0,0,0,0,0,74221,0,123.39,123.46,123.54
825,2,0,0,0,93619,93619,93619,3660,3660,3660,591,591,591,0.00,0.00,0.00,0.00,0.00,0.00,0.00,0.00,0.00,0.00,0.00,0.00,0.00,0.00,0.00,0.00,0.00,0.00,0.00,0.00,0.00,311884,415417,723382,324988,429832,739107,0,0,0,0,0,0,0,75712,0,125.86,125.90,125.93
825,3,0,0,0,93660,93660,93660,3619,3619,3619,591,591,591,0.00,0.00,0.00,0.00,0.00,0.00,0.00,0.00,0.00,0.00,0.00,0.00,0.00,0.00,0.00,0.00,0.00,0.00,0.00,0.00,0.00,412667,488445,694549,425563,502153,710275,0,0,0,0,0,0,0,112810,0,140.32,140.39,140.45
826,0,0,0,0,93656,93656,93656,3624,3624,3624,591,591,591,0.00,0.00,0.00,0.00,0.00,0.00,0.00,0.00,0.00,0.00,0.00,0.00,0.00,0.00,0.00,0.00,0.00,0.00,0.00,0.00,0.00,298783,378984,673583,311875,392089,689309,0,0,0,0,0,0,0,109920,0,137.11,137.14,137.17
826,1,0,0,0,93624,93624,93624,3655,3655,3655,591,591,591,0.00,0.00,0.00,0.00,0.00,0.00,0.00,0.00,0.00,0.00,0.00,0.00,0.00,0.00,0.00,0.00,0.00,0.00,0.00,0.00,0.00,314511,418821,553012,327616,432975,566117,0,0,0,0,0,0,0,99010,0,123.42,123.49,123.55
826,2,0,0,0,93619,93619,93619,3660,3660,3660,591,591,591,0.00,0.00,0.00,0.00,0.00,0.00,0.00,0.00,0.00,0.00,0.00,0.00,0.00,0.00,0.00,0.00,0.00,0.00,0.00,0.00,0.00,306651,372694,623782,319756,386847,639508,0,0,0,0,0,0,0,100863,0,125.67,125.72,125.78
826,3,0,0,0,93660,93660,93660,3619,3619,3619,591,591,591,0.00,0.00,0.00,0.00,0.00,0.00,0.00,0.00,0.00,0.00,0.00,0.00,0.00,0.00,0.00,0.00,0.00,0.00,0.00,0.00,0.00,279560,438568,639500,290044,451673,649984,0,0,0,0,0,0,0,112690,0,140.36,140.42,140.49
828,0,0,0,0,93656,93656,93656,3624,3624,3624,591,591,591,0.00,0.00,0.00,0.00,0.00,0.00,0.00,0.00,0.00,0.00,0.00,0.00,0.00,0.00,0.00,0.00,0.00,0.00,0.00,0.00,0.00,192188,340045,600196,202671,353662,613301,0,0,0,0,0,0,0,261350,0,137.11,137.19,137.32
828,1,0,0,0,93624,93624,93624,3655,3655,3655,591,591,591,0.00,0.00,0.00,0.00,0.00,0.00,0.00,0.00,0.00,0.00,0.00,0.00,0.00,0.00,0.00,0.00,0.00,0.00,0.00,0.00,0.00,298784,389468,621161,311889,403359,636887,0,0,0,0,0,0,0,234888,0,123.41,123.48,123.53
828,2,0,0,0,93619,93619,93619,3660,3660,3660,591,591,591,0.00,0.00,0.00,0.00,0.00,0.00,0.00,0.00,0.00,0.00,0.00,0.00,0.00,0.00,0.00,0.00,0.00,0.00,0.00,0.00,0.00,308004,445165,900420,320628,458272,910789,0,0,0,0,0,0,0,239664,0,125.76,125.78,125.82
828,3,0,0,0,93660,93660,93660,3619,3619,3619,591,591,591,0.00,0.00,0.00,0.00,0.00,0.00,0.00,0.00,0.00,0.00,0.00,0.00,0.00,0.00,0.00,0.00,0.00,0.00,0.00,0.00,0.00,419329,598883,1216122,432449,612774,1226605,0,0,0,0,0,0,0,267265,0,140.23,140.27,140.34
829,0,0,0,0,93656,93656,93656,3624,3624,3624,591,591,591,0.00,0.00,0.00,0.00,0.00,0.00,0.00,0.00,0.00,0.00,0.00,0.00,0.00,0.00,0.00,0.00,0.00,0.00,0.00,0.00,0.00,293545,532449,1194377,306649,546077,1207474,0,0,0,0,0,0,0,110059,0,137.25,137.29,137.33
829,1,0,0,0,93624,93624,93624,3655,3655,3655,591,591,591,0.00,0.00,0.00,0.00,0.00,0.00,0.00,0.00,0.00,0.00,0.00,0.00,0.00,0.00,0.00,0.00,0.00,0.00,0.00,0.00,0.00,213169,334599,518943,225400,347529,534669,0,0,0,0,0,0,0,98916,0,123.42,123.45,123.48
829,2,0,0,0,93619,93619,93619,3660,3660,3660,591,591,591,0.00,0.00,0.00,0.00,0.00,0.00,0.00,0.00,0.00,0.00,0.00,0.00,0.00,0.00,0.00,0.00,0.00,0.00,0.00,0.00,0.00,304029,459710,705020,317134,473863,723366,0,0,0,0,0,0,0,101023,0,125.84,125.89,125.93
829,3,0,0,0,93660,93660,93660,3619,3619,3619,591,591,591,0.00,0.00,0.00,0.00,0.00,0.00,0.00,0.00,0.00,0.00,0.00,0.00,0.00,0.00,0.00,0.00,0.00,0.00,0.00,0.00,0.00,416727,487407,681012,429831,500965,693765,0,0,0,0,0,0,0,112588,0,140.09,140.14,140.20
830,0,0,0,0,93656,93656,93656,3624,3624,3624,591,591,591,0.00,0.00,0.00,0.00,0.00,0.00,0.00,0.00,0.00,0.00,0.00,0.00,0.00,0.00,0.00,0.00,0.00,0.00,0.00,0.00,0.00,295171,387547,693801,310844,401697,709569,0,0,0,0,0,0,0,109982,0,137.06,137.11,137.21
830,1,0,0,0,93624,93624,93624,3655,3655,3655,591,591,591,0.00,0.00,0.00,0.00,0.00,0.00,0.00,0.00,0.00,0.00,0.00,0.00,0.00,0.00,0.00,0.00,0.00,0.00,0.00,0.00,0.00,304022,377935,558253,317127,391564,568736,0,0,0,0,0,0,0,98918,0,123.40,123.42,123.48
830,2,0,0,0,93619,93619,93619,3660,3660,3660,591,591,591,0.00,0.00,0.00,0.00,0.00,0.00,0.00,0.00,0.00,0.00,0.00,0.00,0.00,0.00,0.00,0.00,0.00,0.00,0.00,0.00,0.00,309264,385798,684068,324990,399951,697172,0,0,0,0,0,0,0,100931,0,125.82,125.86,125.89
830,3,0,0,0,93660,93660,93660,3619,3619,3619,591,591,591,0.00,0.00,0.00,0.00,0.00,0.00,0.00,0.00,0.00,0.00,0.00,0.00,0.00,0.00,0.00,0.00,0.00,0.00,0.00,0.00,0.00,279569,435951,571366,288306,449230,584471,0,0,0,0,0,0,0,112594,0,140.14,140.16,140.22
831,0,0,0,0,93656,93656,93656,3624,3624,3624,591,591,591,0.00,0.00,0.00,0.00,0.00,0.00,0.00,0.00,0.00,0.00,0.00,0.00,0.00,0.00,0.00,0.00,0.00,0.00,0.00,0.00,0.00,228895,376913,609752,239378,389984,622781,0,0,0,0,0,0,0,109920,0,137.10,137.16,137.21
831,1,0,0,0,93624,93624,93624,3655,3655,3655,591,591,591,0.00,0.00,0.00,0.00,0.00,0.00,0.00,0.00,0.00,0.00,0.00,0.00,0.00,0.00,0.00,0.00,0.00,0.00,0.00,0.00,0.00,301389,375837,655232,311891,390514,670958,0,0,0,0,0,0,0,98987,0,123.42,123.49,123.52
831,2,0,0,0,93619,93619,93619,3660,3660,3660,591,591,591,0.00,0.00,0.00,0.00,0.00,0.00,0.00,0.00,0.00,0.00,0.00,0.00,0.00,0.00,0.00,0.00,0.00,0.00,0.00,0.00,0.00,209812,572970,1370770,216635,585867,1386496,0,0,0,0,0,0,0,113598,0,125.81,125.83,125.85
831,3,0,0,0,93660,93660,93660,3619,3619,3619,591,591,591,0.00,0.00,0.00,0.00,0.00,0.00,0.00,0.00,0.00,0.00,0.00,0.00,0.00,0.00,0.00,0.00,0.00,0.00,0.00,0.00,0.00,414106,647892,1121766,429832,662046,1137492,0,0,0,0,0,0,0,98499,0,140.16,140.20,140.26
832,0,0,0,0,93656,93656,93656,3624,3624,3624,591,591,591,0.00,0.00,0.00,0.00,0.00,0.00,0.00,0.00,0.00,0.00,0.00,0.00,0.00,0.00,0.00,0.00,0.00,0.00,0.00,0.00,0.00,296164,526151,1210870,309272,539911,1223975,0,0,0,0,0,0,0,96169,0,137.04,137.09,137.18
832,1,0,0,0,93624,93624,93624,3655,3655,3655,591,591,591,0.00,0.00,0.00,0.00,0.00,0.00,0.00,0.00,0.00,0.00,0.00,0.00,0.00,0.00,0.00,0.00,0.00,0.00,0.00,0.00,0.00,311889,414107,545157,322373,427211,555641,0,0,0,0,0,0,0,74116,0,123.40,123.42,123.46
832,2,0,0,0,93619,93619,93619,3660,3660,3660,591,591,591,0.00,0.00,0.00,0.00,0.00,0.00,0.00,0.00,0.00,0.00,0.00,0.00,0.00,0.00,0.00,0.00,0.00,0.00,0.00,0.00,0.00,309270,412143,707655,322375,426559,723381,0,0,0,0,0,0,0,75721,0,125.78,125.83,125.86
832,3,0,0,0,93660,93660,93660,3619,3619,3619,591,591,591,0.00,0.00,0.00,0.00,0.00,0.00,0.00,0.00,0.00,0.00,0.00,0.00,0.00,0.00,0.00,0.00,0.00,0.00,0.00,0.00,0.00,416728,538605,875401,429832,552365,888506,0,0,0,0,0,0,0,112598,0,140.26,140.30,140.31
833,0,0,0,0,93656,93656,93656,3624,3624,3624,591,591,591,0.00,0.00,0.00,0.00,0.00,0.00,0.00,0.00,0.00,0.00,0.00,0.00,0.00,0.00,0.00,0.00,0.00,0.00,0.00,0.00,0.00,298770,352248,553012,311889,366401,566117,0,0,0,0,0,0,0,109858,0,136.97,137.02,137.06
833,1,0,0,0,93624,93624,93624,3655,3655,3655,591,591,591,0.00,0.00,0.00,0.00,0.00,0.00,0.00,0.00,0.00,0.00,0.00,0.00,0.00,0.00,0.00,0.00,0.00,0.00,0.00,0.00,0.00,204431,345176,508458,213168,358446,521563,0,0,0,0,0,0,0,99005,0,123.42,123.47,123.50
833,2,0,0,0,93619,93619,93619,3660,3660,3660,591,591,591,0.00,0.00,0.00,0.00,0.00,0.00,0.00,0.00,0.00,0.00,0.00,0.00,0.00,0.00,0.00,0.00,0.00,0.00,0.00,0.00,0.00,311893,379507,634268,324998,393136,647373,0,0,0,0,0,0,0,100897,0,125.79,125.85,125.89
833,3,0,0,0,93660,93660,93660,3619,3619,3619,591,591,591,0.00,0.00,0.00,0.00,0.00,0.00,0.00,0.00,0.00,0.00,0.00,0.00,0.00,0.00,0.00,0.00,0.00,0.00,0.00,0.00,0.00,414113,518413,670926,427218,532566,686650,0,0,0,0,0,0,0,112597,0,140.17,140.19,140.24
834,0,0,0,0,93656,93656,93656,3624,3624,3624,591,591,591,0.00,0.00,0.00,0.00,0.00,0.00,0.00,0.00,0.00,0.00,0.00,0.00,0.00,0.00,0.00,0.00,0.00,0.00,0.00,0.00,0.00,309270,441343,670961,324995,455495,684066,0,0,0,0,0,0,0,109954,0,137.09,137.14,137.17
834,1,0,0,0,93624,93624,93624,3655,3655,3655,591,591,591,0.00,0.00,0.00,0.00,0.00,0.00,0.00,0.00,0.00,0.00,0.00,0.00,0.00,0.00,0.00,0.00,0.00,0.00,0.00,0.00,0.00,299700,358366,550398,310124,371992,563503,0,0,0,0,0,0,0,99008,0,123.44,123.49,123.54
834,2,0,0,0,93619,93619,93619,3660,3660,3660,591,591,591,0.00,0.00,0.00,0.00,0.00,0.00,0.00,0.00,0.00,0.00,0.00,0.00,0.00,0.00,0.00,0.00,0.00,0.00,0.00,0.00,0.00,306392,389449,663102,322104,403601,678828,0,0,0,0,0,0,0,100889,0,125.79,125.82,125.84
834,3,0,0,0,93660,93660,93660,3619,3619,3619,591,591,591,0.00,0.00,0.00,0.00,0.00,0.00,0.00,0.00,0.00,0.00,0.00,0.00,0.00,0.00,0.00,0.00,0.00,0.00,0.00,0.00,0.00,283065,428786,600195,291801,442066,615921,0,0,0,0,0,0,0,112795,0,140.34,140.45,140.50
835,0,0,0,0,93656,93656,93656,3624,3624,3624,591,591,591,0.00,0.00,0.00,0.00,0.00,0.00,0.00,0.00,0.00,0.00,0.00,0.00,0.00,0.00,0.00,0.00,0.00,0.00,0.00,0.00,0.00,193721,312287,479631,202369,325021,495357,0,0,0,0,0,0,0,109882,0,137.09,137.11,137.15
835,1,0,0,0,93624,93624,93624,3655,3655,3655,591,591,591,0.00,0.00,0.00,0.00,0.00,0.00,0.00,0.00,0.00,0.00,0.00,0.00,0.00,0.00,0.00,0.00,0.00,0.00,0.00,0.00,0.00,301407,349129,523077,317133,363276,536089,0,0,0,0,0,0,0,111301,0,123.45,123.52,123.58
835,2,0,0,0,93619,93619,93619,3660,3660,3660,591,591,591,0.00,0.00,0.00,0.00,0.00,0.00,0.00,0.00,0.00,0.00,0.00,0.00,0.00,0.00,0.00,0.00,0.00,0.00,0.00,0.00,0.00,306290,541298,1384992,316586,553823,1400761,0,0,0,0,0,0,0,101048,0,125.79,125.84,125.92
835,3,0,0,0,93660,93660,93660,3619,3619,3619,591,591,591,0.00,0.00,0.00,0.00,0.00,0.00,0.00,0.00,0.00,0.00,0.00,0.00,0.00,0.00,0.00,0.00,0.00,0.00,0.00,0.00,0.00,416721,700840,1446764,429826,714469,1462490,0,0,0,0,0,0,0,126882,0,140.35,140.41,140.47
836,0,0,0,0,93656,93656,93656,3624,3624,3624,591,591,591,0.00,0.00,0.00,0.00,0.00,0.00,0.00,0.00,0.00,0.00,0.00,0.00,0.00,0.00,0.00,0.00,0.00,0.00,0.00,0.00,0.00,304026,537291,1208252,317130,550920,1221357,0,0,0,0,0,0,0,123826,0,137.08,137.19,137.24
836,1,0,0,0,93624,93624,93624,3655,3655,3655,591,591,591,0.00,0.00,0.00,0.00,0.00,0.00,0.00,0.00,0.00,0.00,0.00,0.00,0.00,0.00,0.00,0.00,0.00,0.00,0.00,0.00,0.00,204048,373475,629031,212768,386764,642136,0,0,0,0,0,0,0,98950,0,123.40,123.44,123.45
836,2,0,0,0,93619,93619,93619,3660,3660,3660,591,591,591,0.00,0.00,0.00,0.00,0.00,0.00,0.00,0.00,0.00,0.00,0.00,0.00,0.00,0.00,0.00,0.00,0.00,0.00,0.00,0.00,0.00,309274,395307,728621,324999,410051,741725,0,0,0,0,0,0,0,101054,0,125.96,125.98,126.00
836,3,0,0,0,93660,93660,93660,3619,3619,3619,591,591,591,0.00,0.00,0.00,0.00,0.00,0.00,0.00,0.00,0.00,0.00,0.00,0.00,0.00,0.00,0.00,0.00,0.00,0.00,0.00,0.00,0.00,414102,477235,686694,427206,490823,699798,0,0,0,0,0,0,0,112686,0,140.34,140.38,140.43
837,0,0,0,0,93656,93656,93656,3624,3624,3624,591,591,591,0.00,0.00,0.00,0.00,0.00,0.00,0.00,0.00,0.00,0.00,0.00,0.00,0.00,0.00,0.00,0.00,0.00,0.00,0.00,0.00,0.00,298784,380034,691926,314509,394187,705031,0,0,0,0,0,0,0,110094,0,137.19,137.23,137.28
837,1,0,0,0,93624,93624,93624,3655,3655,3655,591,591,591,0.00,0.00,0.00,0.00,0.00,0.00,0.00,0.00,0.00,0.00,0.00,0.00,0.00,0.00,0.00,0.00,0.00,0.00,0.00,0.00,0.00,309271,422671,580121,324996,436816,593187,0,0,0,0,0,0,0,98936,0,123.46,123.48,123.50
837,2,0,0,0,93619,93619,93619,3660,3660,3660,591,591,591,0.00,0.00,0.00,0.00,0.00,0.00,0.00,0.00,0.00,0.00,0.00,0.00,0.00,0.00,0.00,0.00,0.00,0.00,0.00,0.00,0.00,311890,380559,649993,324996,394188,665719,0,0,0,0,0,0,0,100988,0,125.92,125.96,125.99
837,3,0,0,0,93660,93660,93660,3619,3619,3619,591,591,591,0.00,0.00,0.00,0.00,0.00,0.00,0.00,0.00,0.00,0.00,0.00,0.00,0.00,0.00,0.00,0.00,0.00,0.00,0.00,0.00,0.00,281319,407469,490115,291803,421097,505841,0,0,0,0,0,0,0,112781,0,140.42,140.50,140.54
838,0,0,0,0,93656,93656,93656,3624,3624,3624,591,591,591,0.00,0.00,0.00,0.00,0.00,0.00,0.00,0.00,0.00,0.00,0.00,0.00,0.00,0.00,0.00,0.00,0.00,0.00,0.00,0.00,0.00,290927,360633,600158,306652,374786,613262,0,0,0,0,0,0,0,110075,0,137.28,137.30,137.32
838,1,0,0,0,93624,93624,93624,3655,3655,3655,591,591,591,0.00,0.00,0.00,0.00,0.00,0.00,0.00,0.00,0.00,0.00,0.00,0.00,0.00,0.00,0.00,0.00,0.00,0.00,0.00,0.00,0.00,298786,313792,331884,311890,327935,347563,0,0,0,0,0,0,0,98965,0,123.44,123.46,123.48
838,2,0,0,0,93619,93619,93619,3660,3660,3660,591,591,591,0.00,0.00,0.00,0.00,0.00,0.00,0.00,0.00,0.00,0.00,0.00,0.00,0.00,0.00,0.00,0.00,0.00,0.00,0.00,0.00,0.00,306648,594950,1315720,319753,609103,1331446,0,0,0,0,0,0,0,113611,0,125.86,125.89,125.93
838,3,0,0,0,93660,93660,93660,3619,3619,3619,591,591,591,0.00,0.00,0.00,0.00,0.00,0.00,0.00,0.00,0.00,0.00,0.00,0.00,0.00,0.00,0.00,0.00,0.00,0.00,0.00,0.00,0.00,414113,440314,526806,427218,453943,539910,0,0,0,0,0,0,0,112626,0,140.31,140.35,140.38
839,0,0,0,0,93656,93656,93656,3624,3624,3624,591,591,591,0.00,0.00,0.00,0.00,0.00,0.00,0.00,0.00,0.00,0.00,0.00,0.00,0.00,0.00,0.00,0.00,0.00,0.00,0.00,0.00,0.00,207892,319397,477011,218374,331978,490116,0,0,0,0,0,0,0,82382,0,137.20,137.23,137.25
839,1,0,0,0,93624,93624,93624,3655,3655,3655,591,591,591,0.00,0.00,0.00,0.00,0.00,0.00,0.00,0.00,0.00,0.00,0.00,0.00,0.00,0.00,0.00,0.00,0.00,0.00,0.00,0.00,0.00,298787,390286,534641,311892,403907,547745,0,0,0,0,0,0,0,86576,0,123.48,123.53,123.57
839,2,0,0,0,93619,93619,93619,3660,3660,3660,591,591,591,0.00,0.00,0.00,0.00,0.00,0.00,0.00,0.00,0.00,0.00,0.00,0.00,0.00,0.00,0.00,0.00,0.00,0.00,0.00,0.00,0.00,207585,358580,652617,217965,370612,663100,0,0,0,0,0,0,0,100959,0,125.89,125.92,125.95
839,3,0,0,0,93660,93660,93660,3619,3619,3619,591,591,591,0.00,0.00,0.00,0.00,0.00,0.00,0.00,0.00,0.00,0.00,0.00,0.00,0.00,0.00,0.00,0.00,0.00,0.00,0.00,0.00,0.00,414110,706605,1410064,427214,720758,1423169,0,0,0,0,0,0,0,84545,0,140.35,140.42,140.46
840,0,0,0,0,93656,93656,93656,3624,3624,3624,591,591,591,0.00,0.00,0.00,0.00,0.00,0.00,0.00,0.00,0.00,0.00,0.00,0.00,0.00,0.00,0.00,0.00,0.00,0.00,0.00,0.00,0.00,298785,592132,1194354,314511,606544,1210069,0,0,0,0,0,0,0,110167,0,137.20,137.25,137.34
840,1,0,0,0,93624,93624,93624,3655,3655,3655,591,591,591,0.00,0.00,0.00,0.00,0.00,0.00,0.00,0.00,0.00,0.00,0.00,0.00,0.00,0.00,0.00,0.00,0.00,0.00,0.00,0.00,0.00,304025,318037,344346,317129,330474,354781,0,0,0,0,0,0,0,98832,0,123.39,123.44,123.52
840,2,0,0,0,93619,93619,93619,3660,3660,3660,591,591,591,0.00,0.00,0.00,0.00,0.00,0.00,0.00,0.00,0.00,0.00,0.00,0.00,0.00,0.00,0.00,0.00,0.00,0.00,0.00,0.00,0.00,309270,412798,720762,322374,427869,739109,0,0,0,0,0,0,0,75840,0,125.83,125.85,125.89
840,3,0,0,0,93660,93660,93660,3619,3619,3619,591,591,591,0.00,0.00,0.00,0.00,0.00,0.00,0.00,0.00,0.00,0.00,0.00,0.00,0.00,0.00,0.00,0.00,0.00,0.00,0.00,0.00,0.00,419348,499944,715516,435074,513704,731242,0,0,0,0,0,0,0,112760,0,140.44,140.46,140.51
841,0,0,0,0,93656,93656,93656,3624,3624,3624,591,591,591,0.00,0.00,0.00,0.00,0.00,0.00,0.00,0.00,0.00,0.00,0.00,0.00,0.00,0.00,0.00,0.00,0.00,0.00,0.00,0.00,0.00,298316,383608,707654,311875,397756,720758,0,0,0,0,0,0,0,110038,0,137.34,137.39,137.43
841,1,0,0,0,93624,93624,93624,3655,3655,3655,591,591,591,0.00,0.00,0.00,0.00,0.00,0.00,0.00,0.00,0.00,0.00,0.00,0.00,0.00,0.00,0.00,0.00,0.00,0.00,0.00,0.00,0.00,317133,375637,518946,330237,389258,532051,0,0,0,0,0,0,0,99025,0,123.46,123.54,123.60
841,2,0,0,0,93619,93619,93619,3660,3660,3660,591,591,591,0.00,0.00,0.00,0.00,0.00,0.00,0.00,0.00,0.00,0.00,0.00,0.00,0.00,0.00,0.00,0.00,0.00,0.00,0.00,0.00,0.00,309270,455510,678823,322375,469139,691927,0,0,0,0,0,0,0,101028,0,125.99,126.02,126.06
841,3,0,0,0,93660,93660,93660,3619,3619,3619,591,591,591,0.00,0.00,0.00,0.00,0.00,0.00,0.00,0.00,0.00,0.00,0.00,0.00,0.00,0.00,0.00,0.00,0.00,0.00,0.00,0.00,0.00,283063,437169,652617,293547,449749,668342,0,0,0,0,0,0,0,112583,0,140.25,140.30,140.37
842,0,0,0,0,93656,93656,93656,3624,3624,3624,591,591,591,0.00,0.00,0.00,0.00,0.00,0.00,0.00,0.00,0.00,0.00,0.00,0.00,0.00,0.00,0.00,0.00,0.00,0.00,0.00,0.00,0.00,199190,335675,580203,207926,348423,593270,0,0,0,0,0,0,0,110025,0,137.26,137.29,137.35
842,1,0,0,0,93624,93624,93624,3655,3655,3655,591,591,591,0.00,0.00,0.00,0.00,0.00,0.00,0.00,0.00,0.00,0.00,0.00,0.00,0.00,0.00,0.00,0.00,0.00,0.00,0.00,0.00,0.00,301407,305416,309729,314511,320084,325346,0,0,0,0,0,0,0,98983,0,123.39,123.42,123.49
842,2,0,0,0,93619,93619,93619,3660,3660,3660,591,591,591,0.00,0.00,0.00,0.00,0.00,0.00,0.00,0.00,0.00,0.00,0.00,0.00,0.00,0.00,0.00,0.00,0.00,0.00,0.00,0.00,0.00,311892,529953,1375994,324997,543582,1389099,0,0,0,0,0,0,0,113754,0,125.94,125.99,126.01
842,3,0,0,0,93660,93660,93660,3619,3619,3619,591,591,591,0.00,0.00,0.00,0.00,0.00,0.00,0.00,0.00,0.00,0.00,0.00,0.00,0.00,0.00,0.00,0.00,0.00,0.00,0.00,0.00,0.00,432449,467577,594958,445553,481730,610684,0,0,0,0,0,0,0,126642,0,140.23,140.30,140.35
843,0,0,0,0,93656,93656,93656,3624,3624,3624,591,591,591,0.00,0.00,0.00,0.00,0.00,0.00,0.00,0.00,0.00,0.00,0.00,0.00,0.00,0.00,0.00,0.00,0.00,0.00,0.00,0.00,0.00,293530,501764,1168940,306634,515387,1182044,0,0,0,0,0,0,0,123886,0,137.26,137.28,137.30
843,1,0,0,0,93624,93624,93624,3655,3655,3655,591,591,591,0.00,0.00,0.00,0.00,0.00,0.00,0.00,0.00,0.00,0.00,0.00,0.00,0.00,0.00,0.00,0.00,0.00,0.00,0.00,0.00,0.00,307486,417144,539911,321056,430739,553015,0,0,0,0,0,0,0,111155,0,123.34,123.38,123.43
843,2,0,0,0,93619,93619,93619,3660,3660,3660,591,591,591,0.00,0.00,0.00,0.00,0.00,0.00,0.00,0.00,0.00,0.00,0.00,0.00,0.00,0.00,0.00,0.00,0.00,0.00,0.00,0.00,0.00,204136,435261,748262,212786,448579,764708,0,0,0,0,0,0,0,100981,0,125.89,125.93,125.96
843,3,0,0,0,93660,93660,93660,3619,3619,3619,591,591,591,0.00,0.00,0.00,0.00,0.00,0.00,0.00,0.00,0.00,0.00,0.00,0.00,0.00,0.00,0.00,0.00,0.00,0.00,0.00,0.00,0.00,419329,705030,1378618,432450,719183,1391723,0,0,0,0,0,0,0,112468,0,140.15,140.18,140.21
844,0,0,0,0,93656,93656,93656,3624,3624,3624,591,591,591,0.00,0.00,0.00,0.00,0.00,0.00,0.00,0.00,0.00,0.00,0.00,0.00,0.00,0.00,0.00,0.00,0.00,0.00,0.00,0.00,0.00,296166,358597,589464,311890,372747,607884,0,0,0,0,0,0,0,110018,0,137.24,137.28,137.31
844,1,0,0,0,93624,93624,93624,3655,3655,3655,591,591,591,0.00,0.00,0.00,0.00,0.00,0.00,0.00,0.00,0.00,0.00,0.00,0.00,0.00,0.00,0.00,0.00,0.00,0.00,0.00,0.00,0.00,304026,343855,421961,319752,357135,437687,0,0,0,0,0,0,0,98944,0,123.39,123.42,123.43
844,2,0,0,0,93619,93619,93619,3660,3660,3660,591,591,591,0.00,0.00,0.00,0.00,0.00,0.00,0.00,0.00,0.00,0.00,0.00,0.00,0.00,0.00,0.00,0.00,0.00,0.00,0.00,0.00,0.00,311891,386324,676200,324996,400477,689304,0,0,0,0,0,0,0,101036,0,125.93,125.98,126.01
844,3,0,0,0,93660,93660,93660,3619,3619,3619,591,591,591,0.00,0.00,0.00,0.00,0.00,0.00,0.00,0.00,0.00,0.00,0.00,0.00,0.00,0.00,0.00,0.00,0.00,0.00,0.00,0.00,0.00,419348,516849,720762,435074,531002,731245,0,0,0,0,0,0,0,112538,0,140.09,140.17,140.22
845,0,0,0,0,93656,93656,93656,3624,3624,3624,591,591,591,0.00,0.00,0.00,0.00,0.00,0.00,0.00,0.00,0.00,0.00,0.00,0.00,0.00,0.00,0.00,0.00,0.00,0.00,0.00,0.00,0.00,306651,446429,692417,322377,460575,705432,0,0,0,0,0,0,0,109940,0,137.18,137.19,137.21
845,1,0,0,0,93624,93624,93624,3655,3655,3655,591,591,591,0.00,0.00,0.00,0.00,0.00,0.00,0.00,0.00,0.00,0.00,0.00,0.00,0.00,0.00,0.00,0.00,0.00,0.00,0.00,0.00,0.00,304024,354873,537291,314512,369026,550396,0,0,0,0,0,0,0,99015,0,123.42,123.47,123.54
845,2,0,0,0,93619,93619,93619,3660,3660,3660,591,591,591,0.00,0.00,0.00,0.00,0.00,0.00,0.00,0.00,0.00,0.00,0.00,0.00,0.00,0.00,0.00,0.00,0.00,0.00,0.00,0.00,0.00,311891,386846,657857,327614,400474,670962,0,0,0,0,0,0,0,101114,0,126.02,126.05,126.11
845,3,0,0,0,93660,93660,93660,3619,3619,3619,591,591,591,0.00,0.00,0.00,0.00,0.00,0.00,0.00,0.00,0.00,0.00,0.00,0.00,0.00,0.00,0.00,0.00,0.00,0.00,0.00,0.00,0.00,293549,426691,581856,302286,439447,594961,0,0,0,0,0,0,0,112654,0,140.18,140.21,140.23
846,0,0,0,0,93656,93656,93656,3624,3624,3624,591,591,591,0.00,0.00,0.00,0.00,0.00,0.00,0.00,0.00,0.00,0.00,0.00,0.00,0.00,0.00,0.00,0.00,0.00,0.00,0.00,0.00,0.00,190455,307176,452609,200939,319705,465467,0,0,0,0,0,0,0,110057,0,137.20,137.25,137.31
846,1,0,0,0,93624,93624,93624,3655,3655,3655,591,591,591,0.00,0.00,0.00,0.00,0.00,0.00,0.00,0.00,0.00,0.00,0.00,0.00,0.00,0.00,0.00,0.00,0.00,0.00,0.00,0.00,0.00,298784,413994,608060,311889,427620,618544,0,0,0,0,0,0,0,111349,0,123.52,123.55,123.56
846,2,0,0,0,93619,93619,93619,3660,3660,3660,591,591,591,0.00,0.00,0.00,0.00,0.00,0.00,0.00,0.00,0.00,0.00,0.00,0.00,0.00,0.00,0.00,0.00,0.00,0.00,0.00,0.00,0.00,311887,587090,1362890,324994,601243,1378616,0,0,0,0,0,0,0,101164,0,126.08,126.11,126.17
846,3,0,0,0,93660,93660,93660,3619,3619,3619,591,591,591,0.00,0.00,0.00,0.00,0.00,0.00,0.00,0.00,0.00,0.00,0.00,0.00,0.00,0.00,0.00,0.00,0.00,0.00,0.00,0.00,0.00,421973,752732,1192535,435078,766361,1205640,0,0,0,0,0,0,0,98499,0,140.16,140.19,140.23
847,0,0,0,0,93656,93656,93656,3624,3624,3624,591,591,591,0.00,0.00,0.00,0.00,0.00,0.00,0.00,0.00,0.00,0.00,0.00,0.00,0.00,0.00,0.00,0.00,0.00,0.00,0.00,0.00,0.00,296163,524185,1197766,306647,537945,1210870,0,0,0,0,0,0,0,96268,0,137.19,137.24,137.30
847,1,0,0,0,93624,93624,93624,3655,3655,3655,591,591,591,0.00,0.00,0.00,0.00,0.00,0.00,0.00,0.00,0.00,0.00,0.00,0.00,0.00,0.00,0.00,0.00,0.00,0.00,0.00,0.00,0.00,309869,382150,529431,322781,395862,545157,0,0,0,0,0,0,0,74144,0,123.40,123.46,123.49
847,2,0,0,0,93619,93619,93619,3660,3660,3660,591,591,591,0.00,0.00,0.00,0.00,0.00,0.00,0.00,0.00,0.00,0.00,0.00,0.00,0.00,0.00,0.00,0.00,0.00,0.00,0.00,0.00,0.00,204246,380629,694417,214459,393010,707519,0,0,0,0,0,0,0,75727,0,125.93,126.02,126.08
847,3,0,0,0,93660,93660,93660,3619,3619,3619,591,591,591,0.00,0.00,0.00,0.00,0.00,0.00,0.00,0.00,0.00,0.00,0.00,0.00,0.00,0.00,0.00,0.00,0.00,0.00,0.00,0.00,0.00,416732,492083,707655,429836,506498,720760,0,0,0,0,0,0,0,112805,0,140.28,140.39,140.48
848,0,0,0,0,93656,93656,93656,3624,3624,3624,591,591,591,0.00,0.00,0.00,0.00,0.00,0.00,0.00,0.00,0.00,0.00,0.00,0.00,0.00,0.00,0.00,0.00,0.00,0.00,0.00,0.00,0.00,296165,428780,681443,309270,442933,697169,0,0,0,0,0,0,0,109966,0,137.09,137.14,137.17
848,1,0,0,0,93624,93624,93624,3655,3655,3655,591,591,591,0.00,0.00,0.00,0.00,0.00,0.00,0.00,0.00,0.00,0.00,0.00,0.00,0.00,0.00,0.00,0.00,0.00,0.00,0.00,0.00,0.00,216663,351027,524185,225400,364307,537290,0,0,0,0,0,0,0,98984,0,123.39,123.42,123.45
848,2,0,0,0,93619,93619,93619,3660,3660,3660,591,591,591,0.00,0.00,0.00,0.00,0.00,0.00,0.00,0.00,0.00,0.00,0.00,0.00,0.00,0.00,0.00,0.00,0.00,0.00,0.00,0.00,0.00,306650,382648,652581,319755,396801,668306,0,0,0,0,0,0,0,100994,0,125.82,125.85,125.90
848,3,0,0,0,93660,93660,93660,3619,3619,3619,591,591,591,0.00,0.00,0.00,0.00,0.00,0.00,0.00,0.00,0.00,0.00,0.00,0.00,0.00,0.00,0.00,0.00,0.00,0.00,0.00,0.00,0.00,419327,480151,647367,435052,494304,660472,0,0,0,0,0,0,0,112719,0,140.43,140.46,140.48
849,0,0,0,0,93656,93656,93656,3624,3624,3624,591,591,591,0.00,0.00,0.00,0.00,0.00,0.00,0.00,0.00,0.00,0.00,0.00,0.00,0.00,0.00,0.00,0.00,0.00,0.00,0.00,0.00,0.00,293544,365881,610679,306648,379510,626405,0,0,0,0,0,0,0,109988,0,137.04,137.09,137.17
849,1,0,0,0,93624,93624,93624,3655,3655,3655,591,591,591,0.00,0.00,0.00,0.00,0.00,0.00,0.00,0.00,0.00,0.00,0.00,0.00,0.00,0.00,0.00,0.00,0.00,0.00,0.00,0.00,0.00,298771,358014,558255,311875,372167,571359,0,0,0,0,0,0,0,99068,0,123.49,123.53,123.58
849,2,0,0,0,93619,93619,93619,3660,3660,3660,591,591,591,0.00,0.00,0.00,0.00,0.00,0.00,0.00,0.00,0.00,0.00,0.00,0.00,0.00,0.00,0.00,0.00,0.00,0.00,0.00,0.00,0.00,309270,390517,691927,322375,404671,707653,0,0,0,0,0,0,0,113619,0,125.95,125.96,125.97
849,3,0,0,0,93660,93660,93660,3619,3619,3619,591,591,591,0.00,0.00,0.00,0.00,0.00,0.00,0.00,0.00,0.00,0.00,0.00,0.00,0.00,0.00,0.00,0.00,0.00,0.00,0.00,0.00,0.00,281319,424767,587085,288308,437697,600190,0,0,0,0,0,0,0,112649,0,140.26,140.34,140.44
850,0,0,0,0,93656,93656,93656,3624,3624,3624,591,591,591,0.00,0.00,0.00,0.00,0.00,0.00,0.00,0.00,0.00,0.00,0.00,0.00,0.00,0.00,0.00,0.00,0.00,0.00,0.00,0.00,0.00,290880,336716,500601,303983,350315,516327,0,0,0,0,0,0,0,109972,0,137.11,137.15,137.20
850,1,0,0,0,93624,93624,93624,3655,3655,3655,591,591,591,0.00,0.00,0.00,0.00,0.00,0.00,0.00,0.00,0.00,0.00,0.00,0.00,0.00,0.00,0.00,0.00,0.00,0.00,0.00,0.00,0.00,301405,372171,555640,314510,385276,568745,0,0,0,0,0,0,0,111210,0,123.45,123.55,123.60
850,2,0,0,0,93619,93619,93619,3660,3660,3660,591,591,591,0.00,0.00,0.00,0.00,0.00,0.00,0.00,0.00,0.00,0.00,0.00,0.00,0.00,0.00,0.00,0.00,0.00,0.00,0.00,0.00,0.00,309271,579223,1328792,322376,592852,1341897,0,0,0,0,0,0,0,100891,0,125.78,125.84,125.92
850,3,0,0,0,93660,93660,93660,3619,3619,3619,591,591,591,0.00,0.00,0.00,0.00,0.00,0.00,0.00,0.00,0.00,0.00,0.00,0.00,0.00,0.00,0.00,0.00,0.00,0.00,0.00,0.00,0.00,416731,698739,1399558,429838,712892,1415283,0,0,0,0,0,0,0,126707,0,140.32,140.38,140.45
851,0,0,0,0,93656,93656,93656,3624,3624,3624,591,591,591,0.00,0.00,0.00,0.00,0.00,0.00,0.00,0.00,0.00,0.00,0.00,0.00,0.00,0.00,0.00,0.00,0.00,0.00,0.00,0.00,0.00,256850,482246,959259,272575,496399,972364,0,0,0,0,0,0,0,110017,0,137.19,137.22,137.26
851,1,0,0,0,93624,93624,93624,3655,3655,3655,591,591,591,0.00,0.00,0.00,0.00,0.00,0.00,0.00,0.00,0.00,0.00,0.00,0.00,0.00,0.00,0.00,0.00,0.00,0.00,0.00,0.00,0.00,304024,391554,511022,317128,405706,526805,0,0,0,0,0,0,0,98890,0,123.37,123.43,123.49
851,2,0,0,0,93619,93619,93619,3660,3660,3660,591,591,591,0.00,0.00,0.00,0.00,0.00,0.00,0.00,0.00,0.00,0.00,0.00,0.00,0.00,0.00,0.00,0.00,0.00,0.00,0.00,0.00,0.00,298792,391092,728627,314517,405203,744353,0,0,0,0,0,0,0,100933,0,125.78,125.81,125.83
851,3,0,0,0,93660,93660,93660,3619,3619,3619,591,591,591,0.00,0.00,0.00,0.00,0.00,0.00,0.00,0.00,0.00,0.00,0.00,0.00,0.00,0.00,0.00,0.00,0.00,0.00,0.00,0.00,0.00,419330,478735,699783,432457,492321,715509,0,0,0,0,0,0,0,112581,0,140.20,140.25,140.34
852,0,0,0,0,93656,93656,93656,3624,3624,3624,591,591,591,0.00,0.00,0.00,0.00,0.00,0.00,0.00,0.00,0.00,0.00,0.00,0.00,0.00,0.00,0.00,0.00,0.00,0.00,0.00,0.00,0.00,298781,376889,663102,311891,391042,676206,0,0,0,0,0,0,0,110015,0,137.23,137.26,137.30
852,1,0,0,0,93624,93624,93624,3655,3655,3655,591,591,591,0.00,0.00,0.00,0.00,0.00,0.00,0.00,0.00,0.00,0.00,0.00,0.00,0.00,0.00,0.00,0.00,0.00,0.00,0.00,0.00,0.00,311890,377243,555639,327616,391389,568744,0,0,0,0,0,0,0,98914,0,123.43,123.45,123.48
852,2,0,0,0,93619,93619,93619,3660,3660,3660,591,591,591,0.00,0.00,0.00,0.00,0.00,0.00,0.00,0.00,0.00,0.00,0.00,0.00,0.00,0.00,0.00,0.00,0.00,0.00,0.00,0.00,0.00,311889,459711,686687,324997,473340,699792,0,0,0,0,0,0,0,101137,0,125.83,125.95,126.07
852,3,0,0,0,93660,93660,93660,3619,3619,3619,591,591,591,0.00,0.00,0.00,0.00,0.00,0.00,0.00,0.00,0.00,0.00,0.00,0.00,0.00,0.00,0.00,0.00,0.00,0.00,0.00,0.00,0.00,414109,437689,508462,429834,451842,521567,0,0,0,0,0,0,0,112715,0,140.18,140.21,140.28
853,0,0,0,0,93656,93656,93656,3624,3624,3624,591,591,591,0.00,0.00,0.00,0.00,0.00,0.00,0.00,0.00,0.00,0.00,0.00,0.00,0.00,0.00,0.00,0.00,0.00,0.00,0.00,0.00,0.00,290923,363253,608021,306649,377406,621125,0,0,0,0,0,0,0,109987,0,137.22,137.24,137.28
853,1,0,0,0,93624,93624,93624,3655,3655,3655,591,591,591,0.00,0.00,0.00,0.00,0.00,0.00,0.00,0.00,0.00,0.00,0.00,0.00,0.00,0.00,0.00,0.00,0.00,0.00,0.00,0.00,0.00,296163,368829,626404,309267,382973,639509,0,0,0,0,0,0,0,98977,0,123.41,123.43,123.44
853,2,0,0,0,93619,93619,93619,3660,3660,3660,591,591,591,0.00,0.00,0.00,0.00,0.00,0.00,0.00,0.00,0.00,0.00,0.00,0.00,0.00,0.00,0.00,0.00,0.00,0.00,0.00,0.00,0.00,311874,457612,993342,324978,471765,1009068,0,0,0,0,0,0,0,113888,0,126.07,126.09,126.14
853,3,0,0,0,93660,93660,93660,3619,3619,3619,591,591,591,0.00,0.00,0.00,0.00,0.00,0.00,0.00,0.00,0.00,0.00,0.00,0.00,0.00,0.00,0.00,0.00,0.00,0.00,0.00,0.00,0.00,414111,521036,757417,427216,534665,767900,0,0,0,0,0,0,0,126672,0,140.29,140.34,140.37
854,0,0,0,0,93656,93656,93656,3624,3624,3624,591,591,591,0.00,0.00,0.00,0.00,0.00,0.00,0.00,0.00,0.00,0.00,0.00,0.00,0.00,0.00,0.00,0.00,0.00,0.00,0.00,0.00,0.00,291189,343357,526802,306650,356935,539906,0,0,0,0,0,0,0,96300,0,137.21,137.26,137.30
854,1,0,0,0,93624,93624,93624,3655,3655,3655,591,591,591,0.00,0.00,0.00,0.00,0.00,0.00,0.00,0.00,0.00,0.00,0.00,0.00,0.00,0.00,0.00,0.00,0.00,0.00,0.00,0.00,0.00,144150,346744,521567,157255,360368,534672,0,0,0,0,0,0,0,86494,0,123.43,123.47,123.50
854,2,0,0,0,93619,93619,93619,3660,3660,3660,591,591,591,0.00,0.00,0.00,0.00,0.00,0.00,0.00,0.00,0.00,0.00,0.00,0.00,0.00,0.00,0.00,0.00,0.00,0.00,0.00,0.00,0.00,311891,382132,647368,324996,396285,663094,0,0,0,0,0,0,0,100963,0,125.90,126.01,126.12
854,3,0,0,0,93660,93660,93660,3619,3619,3619,591,591,591,0.00,0.00,0.00,0.00,0.00,0.00,0.00,0.00,0.00,0.00,0.00,0.00,0.00,0.00,0.00,0.00,0.00,0.00,0.00,0.00,0.00,186087,603342,1111283,201813,616971,1124388,0,0,0,0,0,0,0,84383,0,140.31,140.34,140.38
855,0,0,0,0,93656,93656,93656,3624,3624,3624,591,591,591,0.00,0.00,0.00,0.00,0.00,0.00,0.00,0.00,0.00,0.00,0.00,0.00,0.00,0.00,0.00,0.00,0.00,0.00,0.00,0.00,0.00,309271,553016,1263290,322375,566645,1276395,0,0,0,0,0,0,0,110016,0,137.29,137.36,137.40
855,1,0,0,0,93624,93624,93624,3655,3655,3655,591,591,591,0.00,0.00,0.00,0.00,0.00,0.00,0.00,0.00,0.00,0.00,0.00,0.00,0.00,0.00,0.00,0.00,0.00,0.00,0.00,0.00,0.00,290919,341065,490113,304024,354689,503218,0,0,0,0,0,0,0,98933,0,123.37,123.41,123.44
855,2,0,0,0,93619,93619,93619,3660,3660,3660,591,591,591,0.00,0.00,0.00,0.00,0.00,0.00,0.00,0.00,0.00,0.00,0.00,0.00,0.00,0.00,0.00,0.00,0.00,0.00,0.00,0.00,0.00,309209,456174,689307,324931,469757,699791,0,0,0,0,0,0,0,75651,0,125.77,125.84,125.88
855,3,0,0,0,93660,93660,93660,3619,3619,3619,591,591,591,0.00,0.00,0.00,0.00,0.00,0.00,0.00,0.00,0.00,0.00,0.00,0.00,0.00,0.00,0.00,0.00,0.00,0.00,0.00,0.00,0.00,415692,472090,668343,428602,486205,681448,0,0,0,0,0,0,0,112558,0,140.18,140.26,140.32
856,0,0,0,0,93656,93656,93656,3624,3624,3624,591,591,591,0.00,0.00,0.00,0.00,0.00,0.00,0.00,0.00,0.00,0.00,0.00,0.00,0.00,0.00,0.00,0.00,0.00,0.00,0.00,0.00,0.00,304011,419343,859656,317115,433496,878003,0,0,0,0,0,0,0,110012,0,137.18,137.22,137.28
856,1,0,0,0,93624,93624,93624,3655,3655,3655,591,591,591,0.00,0.00,0.00,0.00,0.00,0.00,0.00,0.00,0.00,0.00,0.00,0.00,0.00,0.00,0.00,0.00,0.00,0.00,0.00,0.00,0.00,301408,389900,631648,314513,404048,647373,0,0,0,0,0,0,0,98862,0,123.41,123.45,123.48
856,2,0,0,0,93619,93619,93619,3660,3660,3660,591,591,591,0.00,0.00,0.00,0.00,0.00,0.00,0.00,0.00,0.00,0.00,0.00,0.00,0.00,0.00,0.00,0.00,0.00,0.00,0.00,0.00,0.00,304030,384225,681445,319755,398378,694549,0,0,0,0,0,0,0,100925,0,125.77,125.83,125.88
856,3,0,0,0,93660,93660,93660,3619,3619,3619,591,591,591,0.00,0.00,0.00,0.00,0.00,0.00,0.00,0.00,0.00,0.00,0.00,0.00,0.00,0.00,0.00,0.00,0.00,0.00,0.00,0.00,0.00,414103,454993,518950,429828,469145,534675,0,0,0,0,0,0,0,112773,0,140.11,140.21,140.32
857,0,0,0,0,93656,93656,93656,3624,3624,3624,591,591,591,0.00,0.00,0.00,0.00,0.00,0.00,0.00,0.00,0.00,0.00,0.00,0.00,0.00,0.00,0.00,0.00,0.00,0.00,0.00,0.00,0.00,296162,378462,497977,311888,392091,511082,0,0,0,0,0,0,0,109933,0,136.99,137.05,137.09
857,1,0,0,0,93624,93624,93624,3655,3655,3655,591,591,591,0.00,0.00,0.00,0.00,0.00,0.00,0.00,0.00,0.00,0.00,0.00,0.00,0.00,0.00,0.00,0.00,0.00,0.00,0.00,0.00,0.00,298787,325321,414107,309271,339464,427212,0,0,0,0,0,0,0,98945,0,123.41,123.42,123.44
857,2,0,0,0,93619,93619,93619,3660,3660,3660,591,591,591,0.00,0.00,0.00,0.00,0.00,0.00,0.00,0.00,0.00,0.00,0.00,0.00,0.00,0.00,0.00,0.00,0.00,0.00,0.00,0.00,0.00,309270,596528,1433668,322375,610157,1449394,0,0,0,0,0,0,0,113720,0,125.90,125.99,126.05
857,3,0,0,0,93660,93660,93660,3619,3619,3619,591,591,591,0.00,0.00,0.00,0.00,0.00,0.00,0.00,0.00,0.00,0.00,0.00,0.00,0.00,0.00,0.00,0.00,0.00,0.00,0.00,0.00,0.00,414111,687212,1383863,427216,700842,1396968,0,0,0,0,0,0,0,126913,0,140.43,140.46,140.50
858,0,0,0,0,93656,93656,93656,3624,3624,3624,591,591,591,0.00,0.00,0.00,0.00,0.00,0.00,0.00,0.00,0.00,0.00,0.00,0.00,0.00,0.00,0.00,0.00,0.00,0.00,0.00,0.00,0.00,197459,456217,1174178,209584,469126,1187283,0,0,0,0,0,0,0,123804,0,137.16,137.18,137.22
858,1,0,0,0,93624,93624,93624,3655,3655,3655,591,591,591,0.00,0.00,0.00,0.00,0.00,0.00,0.00,0.00,0.00,0.00,0.00,0.00,0.00,0.00,0.00,0.00,0.00,0.00,0.00,0.00,0.00,299258,416711,505838,312269,430334,518453,0,0,0,0,0,0,0,98908,0,123.44,123.47,123.52
858,2,0,0,0,93619,93619,93619,3660,3660,3660,591,591,591,0.00,0.00,0.00,0.00,0.00,0.00,0.00,0.00,0.00,0.00,0.00,0.00,0.00,0.00,0.00,0.00,0.00,0.00,0.00,0.00,0.00,311874,392613,710276,324978,406765,726002,0,0,0,0,0,0,0,101074,0,126.01,126.02,126.03
858,3,0,0,0,93660,93660,93660,3619,3619,3619,591,591,591,0.00,0.00,0.00,0.00,0.00,0.00,0.00,0.00,0.00,0.00,0.00,0.00,0.00,0.00,0.00,0.00,0.00,0.00,0.00,0.00,0.00,416732,515271,689312,429836,529424,705038,0,0,0,0,0,0,0,112514,0,140.20,140.31,140.47
859,0,0,0,0,93656,93656,93656,3624,3624,3624,591,591,591,0.00,0.00,0.00,0.00,0.00,0.00,0.00,0.00,0.00,0.00,0.00,0.00,0.00,0.00,0.00,0.00,0.00,0.00,0.00,0.00,0.00,296165,429831,660481,309270,443460,673586,0,0,0,0,0,0,0,109855,0,137.03,137.07,137.14
859,1,0,0,0,93624,93624,93624,3655,3655,3655,591,591,591,0.00,0.00,0.00,0.00,0.00,0.00,0.00,0.00,0.00,0.00,0.00,0.00,0.00,0.00,0.00,0.00,0.00,0.00,0.00,0.00,0.00,211422,339286,495267,221905,352904,508369,0,0,0,0,0,0,0,99010,0,123.48,123.53,123.60
859,2,0,0,0,93619,93619,93619,3660,3660,3660,591,591,591,0.00,0.00,0.00,0.00,0.00,0.00,0.00,0.00,0.00,0.00,0.00,0.00,0.00,0.00,0.00,0.00,0.00,0.00,0.00,0.00,0.00,207269,362932,662505,215905,376220,678864,0,0,0,0,0,0,0,101099,0,126.08,126.12,126.16
859,3,0,0,0,93660,93660,93660,3619,3619,3619,591,591,591,0.00,0.00,0.00,0.00,0.00,0.00,0.00,0.00,0.00,0.00,0.00,0.00,0.00,0.00,0.00,0.00,0.00,0.00,0.00,0.00,0.00,414106,440827,518875,427210,454979,534598,0,0,0,0,0,0,0,112515,0,140.09,140.12,140.14
860,0,0,0,0,93656,93656,93656,3624,3624,3624,591,591,591,0.00,0.00,0.00,0.00,0.00,0.00,0.00,0.00,0.00,0.00,0.00,0.00,0.00,0.00,0.00,0.00,0.00,0.00,0.00,0.00,0.00,296151,369024,608060,309255,383177,621165,0,0,0,0,0,0,0,109868,0,136.97,136.99,137.02
860,1,0,0,0,93624,93624,93624,3655,3655,3655,591,591,591,0.00,0.00,0.00,0.00,0.00,0.00,0.00,0.00,0.00,0.00,0.00,0.00,0.00,0.00,0.00,0.00,0.00,0.00,0.00,0.00,0.00,298783,356858,553014,311888,370481,566119,0,0,0,0,0,0,0,99014,0,123.50,123.51,123.52
860,2,0,0,0,93619,93619,93619,3660,3660,3660,591,591,591,0.00,0.00,0.00,0.00,0.00,0.00,0.00,0.00,0.00,0.00,0.00,0.00,0.00,0.00,0.00,0.00,0.00,0.00,0.00,0.00,0.00,314509,419345,665722,327614,432974,678827,0,0,0,0,0,0,0,113485,0,125.96,126.06,126.11
860,3,0,0,0,93660,93660,93660,3619,3619,3619,591,591,591,0.00,0.00,0.00,0.00,0.00,0.00,0.00,0.00,0.00,0.00,0.00,0.00,0.00,0.00,0.00,0.00,0.00,0.00,0.00,0.00,0.00,416729,451850,579230,432454,465479,592335,0,0,0,0,0,0,0,112543,0,140.15,140.18,140.19
861,0,0,0,0,93656,93656,93656,3624,3624,3624,591,591,591,0.00,0.00,0.00,0.00,0.00,0.00,0.00,0.00,0.00,0.00,0.00,0.00,0.00,0.00,0.00,0.00,0.00,0.00,0.00,0.00,0.00,296163,339673,505838,311888,353826,516322,0,0,0,0,0,0,0,109925,0,137.00,137.09,137.15
861,1,0,0,0,93624,93624,93624,3655,3655,3655,591,591,591,0.00,0.00,0.00,0.00,0.00,0.00,0.00,0.00,0.00,0.00,0.00,0.00,0.00,0.00,0.00,0.00,0.00,0.00,0.00,0.00,0.00,301407,373153,532045,317132,387303,545150,0,0,0,0,0,0,0,111298,0,123.39,123.41,123.44
861,2,0,0,0,93619,93619,93619,3660,3660,3660,591,591,591,0.00,0.00,0.00,0.00,0.00,0.00,0.00,0.00,0.00,0.00,0.00,0.00,0.00,0.00,0.00,0.00,0.00,0.00,0.00,0.00,0.00,309272,544630,1155825,322377,558783,1171551,0,0,0,0,0,0,0,100656,0,125.53,125.68,125.85
861,3,0,0,0,93660,93660,93660,3619,3619,3619,591,591,591,0.00,0.00,0.00,0.00,0.00,0.00,0.00,0.00,0.00,0.00,0.00,0.00,0.00,0.00,0.00,0.00,0.00,0.00,0.00,0.00,0.00,86491,615392,1328812,99596,629021,1341917,0,0,0,0,0,0,0,98572,0,140.15,140.17,140.21
862,0,0,0,0,93656,93656,93656,3624,3624,3624,591,591,591,0.00,0.00,0.00,0.00,0.00,0.00,0.00,0.00,0.00,0.00,0.00,0.00,0.00,0.00,0.00,0.00,0.00,0.00,0.00,0.00,0.00,262214,480670,998570,275324,494298,1011675,0,0,0,0,0,0,0,82419,0,137.07,137.11,137.16
862,1,0,0,0,93624,93624,93624,3655,3655,3655,591,591,591,0.00,0.00,0.00,0.00,0.00,0.00,0.00,0.00,0.00,0.00,0.00,0.00,0.00,0.00,0.00,0.00,0.00,0.00,0.00,0.00,0.00,304026,389661,512034,314510,403201,527318,0,0,0,0,0,0,0,74168,0,123.40,123.43,123.50
862,2,0,0,0,93619,93619,93619,3660,3660,3660,591,591,591,0.00,0.00,0.00,0.00,0.00,0.00,0.00,0.00,0.00,0.00,0.00,0.00,0.00,0.00,0.00,0.00,0.00,0.00,0.00,0.00,0.00,309271,391569,705036,324996,405722,718141,0,0,0,0,0,0,0,75573,0,125.54,125.61,125.69
862,3,0,0,0,93660,93660,93660,3619,3619,3619,591,591,591,0.00,0.00,0.00,0.00,0.00,0.00,0.00,0.00,0.00,0.00,0.00,0.00,0.00,0.00,0.00,0.00,0.00,0.00,0.00,0.00,0.00,414108,477535,678820,429834,491164,694546,0,0,0,0,0,0,0,112505,0,140.15,140.21,140.24
863,0,0,0,0,93656,93656,93656,3624,3624,3624,591,591,591,0.00,0.00,0.00,0.00,0.00,0.00,0.00,0.00,0.00,0.00,0.00,0.00,0.00,0.00,0.00,0.00,0.00,0.00,0.00,0.00,0.00,300427,375280,663096,313489,389433,676201,0,0,0,0,0,0,0,110032,0,137.07,137.17,137.25
863,1,0,0,0,93624,93624,93624,3655,3655,3655,591,591,591,0.00,0.00,0.00,0.00,0.00,0.00,0.00,0.00,0.00,0.00,0.00,0.00,0.00,0.00,0.00,0.00,0.00,0.00,0.00,0.00,0.00,314941,391652,589708,330235,405758,605434,0,0,0,0,0,0,0,99028,0,123.55,123.60,123.64
863,2,0,0,0,93619,93619,93619,3660,3660,3660,591,591,591,0.00,0.00,0.00,0.00,0.00,0.00,0.00,0.00,0.00,0.00,0.00,0.00,0.00,0.00,0.00,0.00,0.00,0.00,0.00,0.00,0.00,298794,453246,710272,311899,466787,723376,0,0,0,0,0,0,0,100489,0,125.33,125.43,125.57
863,3,0,0,0,93660,93660,93660,3619,3619,3619,591,591,591,0.00,0.00,0.00,0.00,0.00,0.00,0.00,0.00,0.00,0.00,0.00,0.00,0.00,0.00,0.00,0.00,0.00,0.00,0.00,0.00,0.00,405741,454652,625836,418500,469280,638714,0,0,0,0,0,0,0,112568,0,140.10,140.14,140.18
864,0,0,0,0,93656,93656,93656,3624,3624,3624,591,591,591,0.00,0.00,0.00,0.00,0.00,0.00,0.00,0.00,0.00,0.00,0.00,0.00,0.00,0.00,0.00,0.00,0.00,0.00,0.00,0.00,0.00,290924,367361,626398,306649,381510,642124,0,0,0,0,0,0,0,109988,0,137.18,137.22,137.25
864,1,0,0,0,93624,93624,93624,3655,3655,3655,591,591,591,0.00,0.00,0.00,0.00,0.00,0.00,0.00,0.00,0.00,0.00,0.00,0.00,0.00,0.00,0.00,0.00,0.00,0.00,0.00,0.00,0.00,298788,377929,644709,311892,392082,657813,0,0,0,0,0,0,0,98896,0,123.39,123.43,123.50
864,2,0,0,0,93619,93619,93619,3660,3660,3660,591,591,591,0.00,0.00,0.00,0.00,0.00,0.00,0.00,0.00,0.00,0.00,0.00,0.00,0.00,0.00,0.00,0.00,0.00,0.00,0.00,0.00,0.00,309265,457613,993331,324991,471242,1006436,0,0,0,0,0,0,0,113241,0,125.33,125.41,125.52
864,3,0,0,0,93660,93660,93660,3619,3619,3619,591,591,591,0.00,0.00,0.00,0.00,0.00,0.00,0.00,0.00,0.00,0.00,0.00,0.00,0.00,0.00,0.00,0.00,0.00,0.00,0.00,0.00,0.00,416731,442938,526809,429836,456567,539914,0,0,0,0,0,0,0,126546,0,140.02,140.07,140.10
865,0,0,0,0,93656,93656,93656,3624,3624,3624,591,591,591,0.00,0.00,0.00,0.00,0.00,0.00,0.00,0.00,0.00,0.00,0.00,0.00,0.00,0.00,0.00,0.00,0.00,0.00,0.00,0.00,0.00,296168,351701,513201,311878,365328,528992,0,0,0,0,0,0,0,123706,0,137.21,137.22,137.23
865,1,0,0,0,93624,93624,93624,3655,3655,3655,591,591,591,0.00,0.00,0.00,0.00,0.00,0.00,0.00,0.00,0.00,0.00,0.00,0.00,0.00,0.00,0.00,0.00,0.00,0.00,0.00,0.00,0.00,146772,354872,547776,159877,367977,563501,0,0,0,0,0,0,0,111247,0,123.38,123.44,123.51
865,2,0,0,0,93619,93619,93619,3660,3660,3660,591,591,591,0.00,0.00,0.00,0.00,0.00,0.00,0.00,0.00,0.00,0.00,0.00,0.00,0.00,0.00,0.00,0.00,0.00,0.00,0.00,0.00,0.00,306649,377934,644752,319754,392087,657857,0,0,0,0,0,0,0,100695,0,125.55,125.58,125.62
865,3,0,0,0,93660,93660,93660,3619,3619,3619,591,591,591,0.00,0.00,0.00,0.00,0.00,0.00,0.00,0.00,0.00,0.00,0.00,0.00,0.00,0.00,0.00,0.00,0.00,0.00,0.00,0.00,0.00,411489,733337,1163698,427215,747491,1176803,0,0,0,0,0,0,0,112535,0,140.15,140.19,140.22
866,0,0,0,0,93656,93656,93656,3624,3624,3624,591,591,591,0.00,0.00,0.00,0.00,0.00,0.00,0.00,0.00,0.00,0.00,0.00,0.00,0.00,0.00,0.00,0.00,0.00,0.00,0.00,0.00,0.00,298788,537383,1196929,314512,551530,1209939,0,0,0,0,0,0,0,110093,0,137.25,137.30,137.36
866,1,0,0,0,93624,93624,93624,3655,3655,3655,591,591,591,0.00,0.00,0.00,0.00,0.00,0.00,0.00,0.00,0.00,0.00,0.00,0.00,0.00,0.00,0.00,0.00,0.00,0.00,0.00,0.00,0.00,296166,353099,529426,311892,367200,542530,0,0,0,0,0,0,0,98967,0,123.46,123.50,123.54
866,2,0,0,0,93619,93619,93619,3660,3660,3660,591,591,591,0.00,0.00,0.00,0.00,0.00,0.00,0.00,0.00,0.00,0.00,0.00,0.00,0.00,0.00,0.00,0.00,0.00,0.00,0.00,0.00,0.00,309270,455621,712882,322376,469725,725987,0,0,0,0,0,0,0,100649,0,125.45,125.48,125.51
866,3,0,0,0,93660,93660,93660,3619,3619,3619,591,591,591,0.00,0.00,0.00,0.00,0.00,0.00,0.00,0.00,0.00,0.00,0.00,0.00,0.00,0.00,0.00,0.00,0.00,0.00,0.00,0.00,0.00,419352,480149,699754,432457,493778,712858,0,0,0,0,0,0,0,112626,0,140.12,140.15,140.18
867,0,0,0,0,93656,93656,93656,3624,3624,3624,591,591,591,0.00,0.00,0.00,0.00,0.00,0.00,0.00,0.00,0.00,0.00,0.00,0.00,0.00,0.00,0.00,0.00,0.00,0.00,0.00,0.00,0.00,299288,400071,663182,312300,414218,678972,0,0,0,0,0,0,0,110105,0,137.24,137.31,137.36
867,1,0,0,0,93624,93624,93624,3655,3655,3655,591,591,591,0.00,0.00,0.00,0.00,0.00,0.00,0.00,0.00,0.00,0.00,0.00,0.00,0.00,0.00,0.00,0.00,0.00,0.00,0.00,0.00,0.00,301387,371077,537292,314490,385228,550397,0,0,0,0,0,0,0,99094,0,123.48,123.58,123.68
867,2,0,0,0,93619,93619,93619,3660,3660,3660,591,591,591,0.00,0.00,0.00,0.00,0.00,0.00,0.00,0.00,0.00,0.00,0.00,0.00,0.00,0.00,0.00,0.00,0.00,0.00,0.00,0.00,0.00,296166,382660,668345,309271,396289,681450,0,0,0,0,0,0,0,100966,0,125.48,125.54,125.58
867,3,0,0,0,93660,93660,93660,3619,3619,3619,591,591,591,0.00,0.00,0.00,0.00,0.00,0.00,0.00,0.00,0.00,0.00,0.00,0.00,0.00,0.00,0.00,0.00,0.00,0.00,0.00,0.00,0.00,277823,417123,579232,288306,430191,592337,0,0,0,0,0,0,0,112704,0,140.16,140.20,140.25
868,0,0,0,0,93656,93656,93656,3624,3624,3624,591,591,591,0.00,0.00,0.00,0.00,0.00,0.00,0.00,0.00,0.00,0.00,0.00,0.00,0.00,0.00,0.00,0.00,0.00,0.00,0.00,0.00,0.00,408868,539580,853729,424566,553207,864140,0,0,0,0,0,0,0,109862,0,137.09,137.24,137.29
868,1,0,0,0,93624,93624,93624,3655,3655,3655,591,591,591,0.00,0.00,0.00,0.00,0.00,0.00,0.00,0.00,0.00,0.00,0.00,0.00,0.00,0.00,0.00,0.00,0.00,0.00,0.00,0.00,0.00,298753,359042,592161,311857,373196,605262,0,0,0,0,0,0,0,98978,0,123.46,123.56,123.64
868,2,0,0,0,93619,93619,93619,3660,3660,3660,591,591,591,0.00,0.00,0.00,0.00,0.00,0.00,0.00,0.00,0.00,0.00,0.00,0.00,0.00,0.00,0.00,0.00,0.00,0.00,0.00,0.00,0.00,304030,575542,1271083,317135,589171,1284187,0,0,0,0,0,0,0,113072,0,125.31,125.43,125.60
868,3,0,0,0,93660,93660,93660,3619,3619,3619,591,591,591,0.00,0.00,0.00,0.00,0.00,0.00,0.00,0.00,0.00,0.00,0.00,0.00,0.00,0.00,0.00,0.00,0.00,0.00,0.00,0.00,0.00,293546,469667,828219,309272,483295,841324,0,0,0,0,0,0,0,98534,0,140.17,140.21,140.29
869,0,0,0,0,93656,93656,93656,3624,3624,3624,591,591,591,0.00,0.00,0.00,0.00,0.00,0.00,0.00,0.00,0.00,0.00,0.00,0.00,0.00,0.00,0.00,0.00,0.00,0.00,0.00,0.00,0.00,406244,705385,1598761,419348,719562,1613564,0,0,0,0,0,0,0,96261,0,137.11,137.12,137.13
869,1,0,0,0,93624,93624,93624,3655,3655,3655,591,591,591,0.00,0.00,0.00,0.00,0.00,0.00,0.00,0.00,0.00,0.00,0.00,0.00,0.00,0.00,0.00,0.00,0.00,0.00,0.00,0.00,0.00,309271,432455,545154,319754,445559,558259,0,0,0,0,0,0,0,74163,0,123.44,123.46,123.48
869,2,0,0,0,93619,93619,93619,3660,3660,3660,591,591,591,0.00,0.00,0.00,0.00,0.00,0.00,0.00,0.00,0.00,0.00,0.00,0.00,0.00,0.00,0.00,0.00,0.00,0.00,0.00,0.00,0.00,298787,399693,684066,314513,414108,697171,0,0,0,0,0,0,0,75407,0,125.34,125.40,125.43
869,3,0,0,0,93660,93660,93660,3619,3619,3619,591,591,591,0.00,0.00,0.00,0.00,0.00,0.00,0.00,0.00,0.00,0.00,0.00,0.00,0.00,0.00,0.00,0.00,0.00,0.00,0.00,0.00,0.00,290925,359070,555645,304030,373486,571371,0,0,0,0,0,0,0,112511,0,140.09,140.16,140.22
870,0,0,0,0,93656,93656,93656,3624,3624,3624,591,591,591,0.00,0.00,0.00,0.00,0.00,0.00,0.00,0.00,0.00,0.00,0.00,0.00,0.00,0.00,0.00,0.00,0.00,0.00,0.00,0.00,0.00,270828,453055,767927,279564,465809,781031,0,0,0,0,0,0,0,109978,0,137.15,137.21,137.25
870,1,0,0,0,93624,93624,93624,3655,3655,3655,591,591,591,0.00,0.00,0.00,0.00,0.00,0.00,0.00,0.00,0.00,0.00,0.00,0.00,0.00,0.00,0.00,0.00,0.00,0.00,0.00,0.00,0.00,296164,374794,542535,306648,388947,558261,0,0,0,0,0,0,0,98964,0,123.40,123.44,123.47
870,2,0,0,0,93619,93619,93619,3660,3660,3660,591,591,591,0.00,0.00,0.00,0.00,0.00,0.00,0.00,0.00,0.00,0.00,0.00,0.00,0.00,0.00,0.00,0.00,0.00,0.00,0.00,0.00,0.00,202090,357028,655240,210727,370288,670966,0,0,0,0,0,0,0,100658,0,125.47,125.51,125.56
870,3,0,0,0,93660,93660,93660,3619,3619,3619,591,591,591,0.00,0.00,0.00,0.00,0.00,0.00,0.00,0.00,0.00,0.00,0.00,0.00,0.00,0.00,0.00,0.00,0.00,0.00,0.00,0.00,0.00,293543,356448,469151,309269,370602,482255,0,0,0,0,0,0,0,112497,0,139.97,140.05,140.09
871,0,0,0,0,93656,93656,93656,3624,3624,3624,591,591,591,0.00,0.00,0.00,0.00,0.00,0.00,0.00,0.00,0.00,0.00,0.00,0.00,0.00,0.00,0.00,0.00,0.00,0.00,0.00,0.00,0.00,419349,614860,988039,432453,629012,1001143,0,0,0,0,0,0,0,109915,0,137.08,137.12,137.17
871,1,0,0,0,93624,93624,93624,3655,3655,3655,591,591,591,0.00,0.00,0.00,0.00,0.00,0.00,0.00,0.00,0.00,0.00,0.00,0.00,0.00,0.00,0.00,0.00,0.00,0.00,0.00,0.00,0.00,200939,329013,471765,207929,342467,484869,0,0,0,0,0,0,0,98950,0,123.36,123.42,123.47
871,2,0,0,0,93619,93619,93619,3660,3660,3660,591,591,591,0.00,0.00,0.00,0.00,0.00,0.00,0.00,0.00,0.00,0.00,0.00,0.00,0.00,0.00,0.00,0.00,0.00,0.00,0.00,0.00,0.00,298580,376364,657859,311450,390003,668343,0,0,0,0,0,0,0,100739,0,125.50,125.54,125.59
871,3,0,0,0,93660,93660,93660,3619,3619,3619,591,591,591,0.00,0.00,0.00,0.00,0.00,0.00,0.00,0.00,0.00,0.00,0.00,0.00,0.00,0.00,0.00,0.00,0.00,0.00,0.00,0.00,0.00,290909,312412,387896,304013,326041,403622,0,0,0,0,0,0,0,112643,0,140.15,140.22,140.25
872,0,0,0,0,93656,93656,93656,3624,3624,3624,591,591,591,0.00,0.00,0.00,0.00,0.00,0.00,0.00,0.00,0.00,0.00,0.00,0.00,0.00,0.00,0.00,0.00,0.00,0.00,0.00,0.00,0.00,403622,449226,610680,416727,462855,623785,0,0,0,0,0,0,0,109869,0,137.05,137.07,137.08
872,1,0,0,0,93624,93624,93624,3655,3655,3655,591,591,591,0.00,0.00,0.00,0.00,0.00,0.00,0.00,0.00,0.00,0.00,0.00,0.00,0.00,0.00,0.00,0.00,0.00,0.00,0.00,0.00,0.00,298790,405715,605405,311895,419868,621129,0,0,0,0,0,0,0,111277,0,123.44,123.50,123.56
872,2,0,0,0,93619,93619,93619,3660,3660,3660,591,591,591,0.00,0.00,0.00,0.00,0.00,0.00,0.00,0.00,0.00,0.00,0.00,0.00,0.00,0.00,0.00,0.00,0.00,0.00,0.00,0.00,0.00,306643,579228,1334066,319756,593381,1347171,0,0,0,0,0,0,0,100657,0,125.50,125.55,125.57
872,3,0,0,0,93660,93660,93660,3619,3619,3619,591,591,591,0.00,0.00,0.00,0.00,0.00,0.00,0.00,0.00,0.00,0.00,0.00,0.00,0.00,0.00,0.00,0.00,0.00,0.00,0.00,0.00,0.00,197446,502347,854435,206182,515626,870161,0,0,0,0,0,0,0,126430,0,140.07,140.14,140.20
873,0,0,0,0,93656,93656,93656,3624,3624,3624,591,591,591,0.00,0.00,0.00,0.00,0.00,0.00,0.00,0.00,0.00,0.00,0.00,0.00,0.00,0.00,0.00,0.00,0.00,0.00,0.00,0.00,0.00,398377,730223,1609165,414102,744339,1622269,0,0,0,0,0,0,0,123676,0,137.15,137.16,137.18
873,1,0,0,0,93624,93624,93624,3655,3655,3655,591,591,591,0.00,0.00,0.00,0.00,0.00,0.00,0.00,0.00,0.00,0.00,0.00,0.00,0.00,0.00,0.00,0.00,0.00,0.00,0.00,0.00,0.00,296020,372144,529424,309119,385772,542529,0,0,0,0,0,0,0,98953,0,123.45,123.47,123.48
873,2,0,0,0,93619,93619,93619,3660,3660,3660,591,591,591,0.00,0.00,0.00,0.00,0.00,0.00,0.00,0.00,0.00,0.00,0.00,0.00,0.00,0.00,0.00,0.00,0.00,0.00,0.00,0.00,0.00,304024,385270,691891,317128,398898,704995,0,0,0,0,0,0,0,100831,0,125.50,125.57,125.65
873,3,0,0,0,93660,93660,93660,3619,3619,3619,591,591,591,0.00,0.00,0.00,0.00,0.00,0.00,0.00,0.00,0.00,0.00,0.00,0.00,0.00,0.00,0.00,0.00,0.00,0.00,0.00,0.00,0.00,288305,335478,495362,304025,349106,511088,0,0,0,0,0,0,0,112533,0,140.00,140.04,140.09
874,0,0,0,0,93656,93656,93656,3624,3624,3624,591,591,591,0.00,0.00,0.00,0.00,0.00,0.00,0.00,0.00,0.00,0.00,0.00,0.00,0.00,0.00,0.00,0.00,0.00,0.00,0.00,0.00,0.00,276069,495529,954014,284806,508808,967118,0,0,0,0,0,0,0,109900,0,137.05,137.07,137.09
874,1,0,0,0,93624,93624,93624,3655,3655,3655,591,591,591,0.00,0.00,0.00,0.00,0.00,0.00,0.00,0.00,0.00,0.00,0.00,0.00,0.00,0.00,0.00,0.00,0.00,0.00,0.00,0.00,0.00,302257,411159,534613,315174,424751,547716,0,0,0,0,0,0,0,98979,0,123.47,123.53,123.58
874,2,0,0,0,93619,93619,93619,3660,3660,3660,591,591,591,0.00,0.00,0.00,0.00,0.00,0.00,0.00,0.00,0.00,0.00,0.00,0.00,0.00,0.00,0.00,0.00,0.00,0.00,0.00,0.00,0.00,199088,349090,629028,206013,362532,644753,0,0,0,0,0,0,0,100720,0,125.49,125.55,125.61
874,3,0,0,0,93660,93660,93660,3619,3619,3619,591,591,591,0.00,0.00,0.00,0.00,0.00,0.00,0.00,0.00,0.00,0.00,0.00,0.00,0.00,0.00,0.00,0.00,0.00,0.00,0.00,0.00,0.00,293547,331811,456037,309272,345964,469141,0,0,0,0,0,0,0,112475,0,140.08,140.11,140.15
875,0,0,0,0,93656,93656,93656,3624,3624,3624,591,591,591,0.00,0.00,0.00,0.00,0.00,0.00,0.00,0.00,0.00,0.00,0.00,0.00,0.00,0.00,0.00,0.00,0.00,0.00,0.00,0.00,0.00,401005,500068,849177,416731,513697,862282,0,0,0,0,0,0,0,109937,0,137.10,137.16,137.18
875,1,0,0,0,93624,93624,93624,3655,3655,3655,591,591,591,0.00,0.00,0.00,0.00,0.00,0.00,0.00,0.00,0.00,0.00,0.00,0.00,0.00,0.00,0.00,0.00,0.00,0.00,0.00,0.00,0.00,195697,288651,324994,204433,301930,340720,0,0,0,0,0,0,0,99039,0,123.54,123.57,123.58
875,2,0,0,0,93619,93619,93619,3660,3660,3660,591,591,591,0.00,0.00,0.00,0.00,0.00,0.00,0.00,0.00,0.00,0.00,0.00,0.00,0.00,0.00,0.00,0.00,0.00,0.00,0.00,0.00,0.00,298789,575541,1289422,311894,589694,1305147,0,0,0,0,0,0,0,113189,0,125.36,125.40,125.45
875,3,0,0,0,93660,93660,93660,3619,3619,3619,591,591,591,0.00,0.00,0.00,0.00,0.00,0.00,0.00,0.00,0.00,0.00,0.00,0.00,0.00,0.00,0.00,0.00,0.00,0.00,0.00,0.00,0.00,197445,295817,406246,206181,308572,421972,0,0,0,0,0,0,0,112612,0,140.09,140.22,140.31
876,0,0,0,0,93656,93656,93656,3624,3624,3624,591,591,591,0.00,0.00,0.00,0.00,0.00,0.00,0.00,0.00,0.00,0.00,0.00,0.00,0.00,0.00,0.00,0.00,0.00,0.00,0.00,0.00,0.00,403621,453945,636885,416725,468097,652610,0,0,0,0,0,0,0,82468,0,137.13,137.14,137.16
876,1,0,0,0,93624,93624,93624,3655,3655,3655,591,591,591,0.00,0.00,0.00,0.00,0.00,0.00,0.00,0.00,0.00,0.00,0.00,0.00,0.00,0.00,0.00,0.00,0.00,0.00,0.00,0.00,0.00,301409,405189,547774,314514,419342,560879,0,0,0,0,0,0,0,86499,0,123.49,123.51,123.55
876,2,0,0,0,93619,93619,93619,3660,3660,3660,591,591,591,0.00,0.00,0.00,0.00,0.00,0.00,0.00,0.00,0.00,0.00,0.00,0.00,0.00,0.00,0.00,0.00,0.00,0.00,0.00,0.00,0.00,306649,382131,673579,317132,395760,686683,0,0,0,0,0,0,0,100542,0,125.34,125.37,125.42
876,3,0,0,0,93660,93660,93660,3619,3619,3619,591,591,591,0.00,0.00,0.00,0.00,0.00,0.00,0.00,0.00,0.00,0.00,0.00,0.00,0.00,0.00,0.00,0.00,0.00,0.00,0.00,0.00,0.00,290925,486436,964449,306651,501113,980174,0,0,0,0,0,0,0,84362,0,140.16,140.19,140.26
877,0,0,0,0,93656,93656,93656,3624,3624,3624,591,591,591,0.00,0.00,0.00,0.00,0.00,0.00,0.00,0.00,0.00,0.00,0.00,0.00,0.00,0.00,0.00,0.00,0.00,0.00,0.00,0.00,0.00,400977,806950,1664296,414080,741384,1674780,0,0,0,0,0,0,0,109963,0,137.17,137.19,137.22
877,1,0,0,0,93624,93624,93624,3655,3655,3655,591,591,591,0.00,0.00,0.00,0.00,0.00,0.00,0.00,0.00,0.00,0.00,0.00,0.00,0.00,0.00,0.00,0.00,0.00,0.00,0.00,0.00,0.00,298788,358413,508460,314513,372172,521564,0,0,0,0,0,0,0,98911,0,123.45,123.46,123.48
877,2,0,0,0,93619,93619,93619,3660,3660,3660,591,591,591,0.00,0.00,0.00,0.00,0.00,0.00,0.00,0.00,0.00,0.00,0.00,0.00,0.00,0.00,0.00,0.00,0.00,0.00,0.00,0.00,0.00,306649,402968,691922,319755,417383,707648,0,0,0,0,0,0,0,75538,0,125.45,125.50,125.57
877,3,0,0,0,93660,93660,93660,3619,3619,3619,591,591,591,0.00,0.00,0.00,0.00,0.00,0.00,0.00,0.00,0.00,0.00,0.00,0.00,0.00,0.00,0.00,0.00,0.00,0.00,0.00,0.00,0.00,290927,340067,469147,306652,353827,482252,0,0,0,0,0,0,0,112462,0,140.12,140.19,140.22
878,0,0,0,0,93656,93656,93656,3624,3624,3624,591,591,591,0.00,0.00,0.00,0.00,0.00,0.00,0.00,0.00,0.00,0.00,0.00,0.00,0.00,0.00,0.00,0.00,0.00,0.00,0.00,0.00,0.00,411482,524178,940904,429828,541477,956630,0,0,0,0,0,0,0,110020,0,137.15,137.20,137.23
878,1,0,0,0,93624,93624,93624,3655,3655,3655,591,591,591,0.00,0.00,0.00,0.00,0.00,0.00,0.00,0.00,0.00,0.00,0.00,0.00,0.00,0.00,0.00,0.00,0.00,0.00,0.00,0.00,0.00,306598,367898,536938,322321,381974,549662,0,0,0,0,0,0,0,98969,0,123.45,123.47,123.51
878,2,0,0,0,93619,93619,93619,3660,3660,3660,591,591,591,0.00,0.00,0.00,0.00,0.00,0.00,0.00,0.00,0.00,0.00,0.00,0.00,0.00,0.00,0.00,0.00,0.00,0.00,0.00,0.00,0.00,199452,414865,635168,207976,427528,648025,0,0,0,0,0,0,0,100749,0,125.50,125.55,125.57
878,3,0,0,0,93660,93660,93660,3619,3619,3619,591,591,591,0.00,0.00,0.00,0.00,0.00,0.00,0.00,0.00,0.00,0.00,0.00,0.00,0.00,0.00,0.00,0.00,0.00,0.00,0.00,0.00,0.00,290924,305068,348585,304029,318696,361690,0,0,0,0,0,0,0,112560,0,140.02,140.08,140.18
879,0,0,0,0,93656,93656,93656,3624,3624,3624,591,591,591,0.00,0.00,0.00,0.00,0.00,0.00,0.00,0.00,0.00,0.00,0.00,0.00,0.00,0.00,0.00,0.00,0.00,0.00,0.00,0.00,0.00,411484,500597,836075,424589,551968,851800,0,0,0,0,0,0,0,109985,0,137.19,137.22,137.26
879,1,0,0,0,93624,93624,93624,3655,3655,3655,591,591,591,0.00,0.00,0.00,0.00,0.00,0.00,0.00,0.00,0.00,0.00,0.00,0.00,0.00,0.00,0.00,0.00,0.00,0.00,0.00,0.00,0.00,197437,286376,338099,207921,299481,353825,0,0,0,0,0,0,0,99137,0,123.51,123.60,123.66
879,2,0,0,0,93619,93619,93619,3660,3660,3660,591,591,591,0.00,0.00,0.00,0.00,0.00,0.00,0.00,0.00,0.00,0.00,0.00,0.00,0.00,0.00,0.00,0.00,0.00,0.00,0.00,0.00,0.00,304028,515428,1334057,317132,529642,1349782,0,0,0,0,0,0,0,113566,0,125.62,125.71,125.81
879,3,0,0,0,93660,93660,93660,3619,3619,3619,591,591,591,0.00,0.00,0.00,0.00,0.00,0.00,0.00,0.00,0.00,0.00,0.00,0.00,0.00,0.00,0.00,0.00,0.00,0.00,0.00,0.00,0.00,195697,298088,414107,206180,311193,427212,0,0,0,0,0,0,0,126606,0,140.11,140.16,140.24
880,0,0,0,0,93656,93656,93656,3624,3624,3624,591,591,591,0.00,0.00,0.00,0.00,0.00,0.00,0.00,0.00,0.00,0.00,0.00,0.00,0.00,0.00,0.00,0.00,0.00,0.00,0.00,0.00,0.00,298784,429307,615921,311889,582880,1328748,0,0,0,0,0,0,0,123798,0,137.24,137.30,137.34
880,1,0,0,0,93624,93624,93624,3655,3655,3655,591,591,591,0.00,0.00,0.00,0.00,0.00,0.00,0.00,0.00,0.00,0.00,0.00,0.00,0.00,0.00,0.00,0.00,0.00,0.00,0.00,0.00,0.00,298784,389992,550392,314510,404145,560876,0,0,0,0,0,0,0,111276,0,123.56,123.57,123.59
880,2,0,0,0,93619,93619,93619,3660,3660,3660,591,591,591,0.00,0.00,0.00,0.00,0.00,0.00,0.00,0.00,0.00,0.00,0.00,0.00,0.00,0.00,0.00,0.00,0.00,0.00,0.00,0.00,0.00,298789,449226,668338,311893,462855,681443,0,0,0,0,0,0,0,100829,0,125.63,125.68,125.77
880,3,0,0,0,93660,93660,93660,3619,3619,3619,591,591,591,0.00,0.00,0.00,0.00,0.00,0.00,0.00,0.00,0.00,0.00,0.00,0.00,0.00,0.00,0.00,0.00,0.00,0.00,0.00,0.00,0.00,290922,486447,977614,304030,500600,993340,0,0,0,0,0,0,0,112372,0,140.05,140.10,140.13
881,0,0,0,0,93656,93656,93656,3624,3624,3624,591,591,591,0.00,0.00,0.00,0.00,0.00,0.00,0.00,0.00,0.00,0.00,0.00,0.00,0.00,0.00,0.00,0.00,0.00,0.00,0.00,0.00,0.00,401685,674318,1323506,417134,505497,823836,0,0,0,0,0,0,0,109899,0,137.08,137.13,137.20
881,1,0,0,0,93624,93624,93624,3655,3655,3655,591,591,591,0.00,0.00,0.00,0.00,0.00,0.00,0.00,0.00,0.00,0.00,0.00,0.00,0.00,0.00,0.00,0.00,0.00,0.00,0.00,0.00,0.00,298785,368500,511080,311890,382129,526805,0,0,0,0,0,0,0,99007,0,123.56,123.58,123.61
881,2,0,0,0,93619,93619,93619,3660,3660,3660,591,591,591,0.00,0.00,0.00,0.00,0.00,0.00,0.00,0.00,0.00,0.00,0.00,0.00,0.00,0.00,0.00,0.00,0.00,0.00,0.00,0.00,0.00,304030,371644,631645,317134,385797,647371,0,0,0,0,0,0,0,100771,0,125.61,125.63,125.64
881,3,0,0,0,93660,93660,93660,3619,3619,3619,591,591,591,0.00,0.00,0.00,0.00,0.00,0.00,0.00,0.00,0.00,0.00,0.00,0.00,0.00,0.00,0.00,0.00,0.00,0.00,0.00,0.00,0.00,293541,349105,471771,306646,362734,484875,0,0,0,0,0,0,0,112651,0,140.06,140.15,140.27
882,0,0,0,0,93656,93656,93656,3624,3624,3624,591,591,591,0.00,0.00,0.00,0.00,0.00,0.00,0.00,0.00,0.00,0.00,0.00,0.00,0.00,0.00,0.00,0.00,0.00,0.00,0.00,0.00,0.00,408866,526281,940908,432453,626925,954012,0,0,0,0,0,0,0,109962,0,137.10,137.12,137.13
882,1,0,0,0,93624,93624,93624,3655,3655,3655,591,591,591,0.00,0.00,0.00,0.00,0.00,0.00,0.00,0.00,0.00,0.00,0.00,0.00,0.00,0.00,0.00,0.00,0.00,0.00,0.00,0.00,0.00,288268,350242,542535,301371,364355,555640,0,0,0,0,0,0,0,98852,0,123.37,123.46,123.55
882,2,0,0,0,93619,93619,93619,3660,3660,3660,591,591,591,0.00,0.00,0.00,0.00,0.00,0.00,0.00,0.00,0.00,0.00,0.00,0.00,0.00,0.00,0.00,0.00,0.00,0.00,0.00,0.00,0.00,304042,335117,430629,319749,348200,441005,0,0,0,0,0,0,0,100717,0,125.53,125.61,125.66
882,3,0,0,0,93660,93660,93660,3619,3619,3619,591,591,591,0.00,0.00,0.00,0.00,0.00,0.00,0.00,0.00,0.00,0.00,0.00,0.00,0.00,0.00,0.00,0.00,0.00,0.00,0.00,0.00,0.00,284444,313741,366932,299959,327852,382658,0,0,0,0,0,0,0,112669,0,140.24,140.28,140.30
883,0,0,0,0,93656,93656,93656,3624,3624,3624,591,591,591,0.00,0.00,0.00,0.00,0.00,0.00,0.00,0.00,0.00,0.00,0.00,0.00,0.00,0.00,0.00,0.00,0.00,0.00,0.00,0.00,0.00,400980,536238,841322,416705,465472,636890,0,0,0,0,0,0,0,110004,0,137.14,137.17,137.19
883,1,0,0,0,93624,93624,93624,3655,3655,3655,591,591,591,0.00,0.00,0.00,0.00,0.00,0.00,0.00,0.00,0.00,0.00,0.00,0.00,0.00,0.00,0.00,0.00,0.00,0.00,0.00,0.00,0.00,296161,371820,526805,311887,384400,537288,0,0,0,0,0,0,0,111295,0,123.39,123.43,123.45
883,2,0,0,0,93619,93619,93619,3660,3660,3660,591,591,591,0.00,0.00,0.00,0.00,0.00,0.00,0.00,0.00,0.00,0.00,0.00,0.00,0.00,0.00,0.00,0.00,0.00,0.00,0.00,0.00,0.00,304024,576080,1313101,317133,590233,1326206,0,0,0,0,0,0,0,100519,0,125.33,125.40,125.48
883,3,0,0,0,93660,93660,93660,3619,3619,3619,591,591,591,0.00,0.00,0.00,0.00,0.00,0.00,0.00,0.00,0.00,0.00,0.00,0.00,0.00,0.00,0.00,0.00,0.00,0.00,0.00,0.00,0.00,193951,497971,773137,202688,511251,783620,0,0,0,0,0,0,0,98443,0,140.25,140.30,140.34
884,0,0,0,0,93656,93656,93656,3624,3624,3624,591,591,591,0.00,0.00,0.00,0.00,0.00,0.00,0.00,0.00,0.00,0.00,0.00,0.00,0.00,0.00,0.00,0.00,0.00,0.00,0.00,0.00,0.00,408862,739104,1703618,419346,758106,1719343,0,0,0,0,0,0,0,96273,0,137.16,137.18,137.20
884,1,0,0,0,93624,93624,93624,3655,3655,3655,591,591,591,0.00,0.00,0.00,0.00,0.00,0.00,0.00,0.00,0.00,0.00,0.00,0.00,0.00,0.00,0.00,0.00,0.00,0.00,0.00,0.00,0.00,301406,348578,419348,314510,362993,432453,0,0,0,0,0,0,0,74187,0,123.39,123.45,123.48
884,2,0,0,0,93619,93619,93619,3660,3660,3660,591,591,591,0.00,0.00,0.00,0.00,0.00,0.00,0.00,0.00,0.00,0.00,0.00,0.00,0.00,0.00,0.00,0.00,0.00,0.00,0.00,0.00,0.00,306649,402968,681442,319754,416728,694547,0,0,0,0,0,0,0,75425,0,125.38,125.40,125.44
884,3,0,0,0,93660,93660,93660,3619,3619,3619,591,591,591,0.00,0.00,0.00,0.00,0.00,0.00,0.00,0.00,0.00,0.00,0.00,0.00,0.00,0.00,0.00,0.00,0.00,0.00,0.00,0.00,0.00,290926,334825,442941,306648,349240,458667,0,0,0,0,0,0,0,112515,0,140.19,140.23,140.26
885,0,0,0,0,93656,93656,93656,3624,3624,3624,591,591,591,0.00,0.00,0.00,0.00,0.00,0.00,0.00,0.00,0.00,0.00,0.00,0.00,0.00,0.00,0.00,0.00,0.00,0.00,0.00,0.00,0.00,395758,572777,930432,408863,586368,946157,0,0,0,0,0,0,0,110078,0,137.15,137.18,137.20
885,1,0,0,0,93624,93624,93624,3655,3655,3655,591,591,591,0.00,0.00,0.00,0.00,0.00,0.00,0.00,0.00,0.00,0.00,0.00,0.00,0.00,0.00,0.00,0.00,0.00,0.00,0.00,0.00,0.00,301403,364832,516321,314508,378460,532046,0,0,0,0,0,0,0,98999,0,123.51,123.54,123.58
885,2,0,0,0,93619,93619,93619,3660,3660,3660,591,591,591,0.00,0.00,0.00,0.00,0.00,0.00,0.00,0.00,0.00,0.00,0.00,0.00,0.00,0.00,0.00,0.00,0.00,0.00,0.00,0.00,0.00,304025,374269,649992,317135,388422,660476,0,0,0,0,0,0,0,100701,0,125.42,125.49,125.56
885,3,0,0,0,93660,93660,93660,3619,3619,3619,591,591,591,0.00,0.00,0.00,0.00,0.00,0.00,0.00,0.00,0.00,0.00,0.00,0.00,0.00,0.00,0.00,0.00,0.00,0.00,0.00,0.00,0.00,290926,325521,445558,304031,339150,461284,0,0,0,0,0,0,0,112552,0,140.17,140.20,140.26
886,0,0,0,0,93656,93656,93656,3624,3624,3624,591,591,591,0.00,0.00,0.00,0.00,0.00,0.00,0.00,0.00,0.00,0.00,0.00,0.00,0.00,0.00,0.00,0.00,0.00,0.00,0.00,0.00,0.00,283050,477532,851811,291786,490811,864915,0,0,0,0,0,0,0,109999,0,137.13,137.18,137.20
886,1,0,0,0,93624,93624,93624,3655,3655,3655,591,591,591,0.00,0.00,0.00,0.00,0.00,0.00,0.00,0.00,0.00,0.00,0.00,0.00,0.00,0.00,0.00,0.00,0.00,0.00,0.00,0.00,0.00,299126,384122,579229,312019,397359,594954,0,0,0,0,0,0,0,99059,0,123.52,123.55,123.60
886,2,0,0,0,93619,93619,93619,3660,3660,3660,591,591,591,0.00,0.00,0.00,0.00,0.00,0.00,0.00,0.00,0.00,0.00,0.00,0.00,0.00,0.00,0.00,0.00,0.00,0.00,0.00,0.00,0.00,200234,358600,644755,210591,371681,660481,0,0,0,0,0,0,0,113295,0,125.56,125.58,125.61
886,3,0,0,0,93660,93660,93660,3619,3619,3619,591,591,591,0.00,0.00,0.00,0.00,0.00,0.00,0.00,0.00,0.00,0.00,0.00,0.00,0.00,0.00,0.00,0.00,0.00,0.00,0.00,0.00,0.00,192205,287959,372155,200942,300677,385259,0,0,0,0,0,0,0,112685,0,140.27,140.30,140.34
887,0,0,0,0,93656,93656,93656,3624,3624,3624,591,591,591,0.00,0.00,0.00,0.00,0.00,0.00,0.00,0.00,0.00,0.00,0.00,0.00,0.00,0.00,0.00,0.00,0.00,0.00,0.00,0.00,0.00,403623,450800,629029,416728,464429,642134,0,0,0,0,0,0,0,110073,0,137.22,137.24,137.29
887,1,0,0,0,93624,93624,93624,3655,3655,3655,591,591,591,0.00,0.00,0.00,0.00,0.00,0.00,0.00,0.00,0.00,0.00,0.00,0.00,0.00,0.00,0.00,0.00,0.00,0.00,0.00,0.00,0.00,298784,363779,521565,314510,377933,537291,0,0,0,0,0,0,0,111291,0,123.50,123.59,123.64
887,2,0,0,0,93619,93619,93619,3660,3660,3660,591,591,591,0.00,0.00,0.00,0.00,0.00,0.00,0.00,0.00,0.00,0.00,0.00,0.00,0.00,0.00,0.00,0.00,0.00,0.00,0.00,0.00,0.00,306650,573981,1360242,319755,587610,1373347,0,0,0,0,0,0,0,100629,0,125.46,125.52,125.58
887,3,0,0,0,93660,93660,93660,3619,3619,3619,591,591,591,0.00,0.00,0.00,0.00,0.00,0.00,0.00,0.00,0.00,0.00,0.00,0.00,0.00,0.00,0.00,0.00,0.00,0.00,0.00,0.00,0.00,301409,524710,843931,317134,538863,857036,0,0,0,0,0,0,0,112347,0,140.25,140.27,140.29
888,0,0,0,0,93656,93656,93656,3624,3624,3624,591,591,591,0.00,0.00,0.00,0.00,0.00,0.00,0.00,0.00,0.00,0.00,0.00,0.00,0.00,0.00,0.00,0.00,0.00,0.00,0.00,0.00,0.00,408866,738570,1682617,421971,752723,1695721,0,0,0,0,0,0,0,109996,0,137.22,137.23,137.24
888,1,0,0,0,93624,93624,93624,3655,3655,3655,591,591,591,0.00,0.00,0.00,0.00,0.00,0.00,0.00,0.00,0.00,0.00,0.00,0.00,0.00,0.00,0.00,0.00,0.00,0.00,0.00,0.00,0.00,298785,365355,492733,311890,378984,508459,0,0,0,0,0,0,0,98942,0,123.41,123.44,123.45
888,2,0,0,0,93619,93619,93619,3660,3660,3660,591,591,591,0.00,0.00,0.00,0.00,0.00,0.00,0.00,0.00,0.00,0.00,0.00,0.00,0.00,0.00,0.00,0.00,0.00,0.00,0.00,0.00,0.00,304014,381079,678818,317118,395232,694544,0,0,0,0,0,0,0,100735,0,125.51,125.55,125.60
888,3,0,0,0,93660,93660,93660,3619,3619,3619,591,591,591,0.00,0.00,0.00,0.00,0.00,0.00,0.00,0.00,0.00,0.00,0.00,0.00,0.00,0.00,0.00,0.00,0.00,0.00,0.00,0.00,0.00,290925,328662,469139,304029,342814,484864,0,0,0,0,0,0,0,112651,0,140.19,140.24,140.27
889,0,0,0,0,93656,93656,93656,3624,3624,3624,591,591,591,0.00,0.00,0.00,0.00,0.00,0.00,0.00,0.00,0.00,0.00,0.00,0.00,0.00,0.00,0.00,0.00,0.00,0.00,0.00,0.00,0.00,281313,486416,904162,290049,499664,919886,0,0,0,0,0,0,0,109949,0,137.06,137.13,137.20
889,1,0,0,0,93624,93624,93624,3655,3655,3655,591,591,591,0.00,0.00,0.00,0.00,0.00,0.00,0.00,0.00,0.00,0.00,0.00,0.00,0.00,0.00,0.00,0.00,0.00,0.00,0.00,0.00,0.00,309263,382651,573986,324989,396280,587091,0,0,0,0,0,0,0,98939,0,123.46,123.48,123.51
889,2,0,0,0,93619,93619,93619,3660,3660,3660,591,591,591,0.00,0.00,0.00,0.00,0.00,0.00,0.00,0.00,0.00,0.00,0.00,0.00,0.00,0.00,0.00,0.00,0.00,0.00,0.00,0.00,0.00,301406,447653,684069,314511,461282,697174,0,0,0,0,0,0,0,100702,0,125.58,125.59,125.60
889,3,0,0,0,93660,93660,93660,3619,3619,3619,591,591,591,0.00,0.00,0.00,0.00,0.00,0.00,0.00,0.00,0.00,0.00,0.00,0.00,0.00,0.00,0.00,0.00,0.00,0.00,0.00,0.00,0.00,290928,327617,453424,306644,341770,469150,0,0,0,0,0,0,0,112548,0,140.16,140.22,140.30
890,0,0,0,0,93656,93656,93656,3624,3624,3624,591,591,591,0.00,0.00,0.00,0.00,0.00,0.00,0.00,0.00,0.00,0.00,0.00,0.00,0.00,0.00,0.00,0.00,0.00,0.00,0.00,0.00,0.00,406245,507931,862287,416729,521560,878012,0,0,0,0,0,0,0,110075,0,137.20,137.27,137.30
890,1,0,0,0,93624,93624,93624,3655,3655,3655,591,591,591,0.00,0.00,0.00,0.00,0.00,0.00,0.00,0.00,0.00,0.00,0.00,0.00,0.00,0.00,0.00,0.00,0.00,0.00,0.00,0.00,0.00,206177,341650,610677,214914,355401,623781,0,0,0,0,0,0,0,98934,0,123.47,123.48,123.51
890,2,0,0,0,93619,93619,93619,3660,3660,3660,591,591,591,0.00,0.00,0.00,0.00,0.00,0.00,0.00,0.00,0.00,0.00,0.00,0.00,0.00,0.00,0.00,0.00,0.00,0.00,0.00,0.00,0.00,212796,491891,1051387,223176,504530,1068483,0,0,0,0,0,0,0,113254,0,125.45,125.53,125.60
890,3,0,0,0,93660,93660,93660,3619,3619,3619,591,591,591,0.00,0.00,0.00,0.00,0.00,0.00,0.00,0.00,0.00,0.00,0.00,0.00,0.00,0.00,0.00,0.00,0.00,0.00,0.00,0.00,0.00,213170,357193,623785,223654,369721,636889,0,0,0,0,0,0,0,126512,0,140.14,140.19,140.29
891,0,0,0,0,93656,93656,93656,3624,3624,3624,591,591,591,0.00,0.00,0.00,0.00,0.00,0.00,0.00,0.00,0.00,0.00,0.00,0.00,0.00,0.00,0.00,0.00,0.00,0.00,0.00,0.00,0.00,406245,717609,1703601,419350,731763,1719327,0,0,0,0,0,0,0,96235,0,137.12,137.17,137.25
891,1,0,0,0,93624,93624,93624,3655,3655,3655,591,591,591,0.00,0.00,0.00,0.00,0.00,0.00,0.00,0.00,0.00,0.00,0.00,0.00,0.00,0.00,0.00,0.00,0.00,0.00,0.00,0.00,0.00,301403,414101,555635,314508,428254,571361,0,0,0,0,0,0,0,86495,0,123.48,123.51,123.54
891,2,0,0,0,93619,93619,93619,3660,3660,3660,591,591,591,0.00,0.00,0.00,0.00,0.00,0.00,0.00,0.00,0.00,0.00,0.00,0.00,0.00,0.00,0.00,0.00,0.00,0.00,0.00,0.00,0.00,304029,447130,689305,317133,461807,705031,0,0,0,0,0,0,0,100490,0,125.32,125.39,125.46
891,3,0,0,0,93660,93660,93660,3619,3619,3619,591,591,591,0.00,0.00,0.00,0.00,0.00,0.00,0.00,0.00,0.00,0.00,0.00,0.00,0.00,0.00,0.00,0.00,0.00,0.00,0.00,0.00,0.00,293546,452368,788903,306651,466521,802008,0,0,0,0,0,0,0,84212,0,139.95,140.00,140.06
892,0,0,0,0,93656,93656,93656,3624,3624,3624,591,591,591,0.00,0.00,0.00,0.00,0.00,0.00,0.00,0.00,0.00,0.00,0.00,0.00,0.00,0.00,0.00,0.00,0.00,0.00,0.00,0.00,0.00,408866,495355,741720,421971,509115,757445,0,0,0,0,0,0,0,110047,0,137.11,137.21,137.29
892,1,0,0,0,93624,93624,93624,3655,3655,3655,591,591,591,0.00,0.00,0.00,0.00,0.00,0.00,0.00,0.00,0.00,0.00,0.00,0.00,0.00,0.00,0.00,0.00,0.00,0.00,0.00,0.00,0.00,296165,360376,521564,309270,373481,534669,0,0,0,0,0,0,0,98980,0,123.38,123.41,123.46
892,2,0,0,0,93619,93619,93619,3660,3660,3660,591,591,591,0.00,0.00,0.00,0.00,0.00,0.00,0.00,0.00,0.00,0.00,0.00,0.00,0.00,0.00,0.00,0.00,0.00,0.00,0.00,0.00,0.00,301407,389862,644750,314511,402967,657855,0,0,0,0,0,0,0,75517,0,125.23,125.31,125.40
892,3,0,0,0,93660,93660,93660,3619,3619,3619,591,591,591,0.00,0.00,0.00,0.00,0.00,0.00,0.00,0.00,0.00,0.00,0.00,0.00,0.00,0.00,0.00,0.00,0.00,0.00,0.00,0.00,0.00,293547,342688,461289,309269,356448,474394,0,0,0,0,0,0,0,112470,0,139.90,139.94,139.97
893,0,0,0,0,93656,93656,93656,3624,3624,3624,591,591,591,0.00,0.00,0.00,0.00,0.00,0.00,0.00,0.00,0.00,0.00,0.00,0.00,0.00,0.00,0.00,0.00,0.00,0.00,0.00,0.00,0.00,283059,490698,910280,290048,503513,925452,0,0,0,0,0,0,0,109895,0,137.11,137.19,137.28
893,1,0,0,0,93624,93624,93624,3655,3655,3655,591,591,591,0.00,0.00,0.00,0.00,0.00,0.00,0.00,0.00,0.00,0.00,0.00,0.00,0.00,0.00,0.00,0.00,0.00,0.00,0.00,0.00,0.00,296166,381082,568747,309271,395236,581852,0,0,0,0,0,0,0,98864,0,123.46,123.51,123.54
893,2,0,0,0,93619,93619,93619,3660,3660,3660,591,591,591,0.00,0.00,0.00,0.00,0.00,0.00,0.00,0.00,0.00,0.00,0.00,0.00,0.00,0.00,0.00,0.00,0.00,0.00,0.00,0.00,0.00,304027,376884,647337,317132,391037,660441,0,0,0,0,0,0,0,100607,0,125.40,125.47,125.52
893,3,0,0,0,93660,93660,93660,3619,3619,3619,591,591,591,0.00,0.00,0.00,0.00,0.00,0.00,0.00,0.00,0.00,0.00,0.00,0.00,0.00,0.00,0.00,0.00,0.00,0.00,0.00,0.00,0.00,290925,342292,448182,304030,356445,463908,0,0,0,0,0,0,0,112550,0,139.94,139.99,140.06
894,0,0,0,0,93656,93656,93656,3624,3624,3624,591,591,591,0.00,0.00,0.00,0.00,0.00,0.00,0.00,0.00,0.00,0.00,0.00,0.00,0.00,0.00,0.00,0.00,0.00,0.00,0.00,0.00,0.00,406247,544592,851754,421973,558745,867479,0,0,0,0,0,0,0,109895,0,137.12,137.14,137.16
894,1,0,0,0,93624,93624,93624,3655,3655,3655,591,591,591,0.00,0.00,0.00,0.00,0.00,0.00,0.00,0.00,0.00,0.00,0.00,0.00,0.00,0.00,0.00,0.00,0.00,0.00,0.00,0.00,0.00,213160,291848,361688,220149,304742,377413,0,0,0,0,0,0,0,99004,0,123.47,123.50,123.52
894,2,0,0,0,93619,93619,93619,3660,3660,3660,591,591,591,0.00,0.00,0.00,0.00,0.00,0.00,0.00,0.00,0.00,0.00,0.00,0.00,0.00,0.00,0.00,0.00,0.00,0.00,0.00,0.00,0.00,301656,527718,967710,315004,540913,980578,0,0,0,0,0,0,0,113149,0,125.35,125.38,125.43
894,3,0,0,0,93660,93660,93660,3619,3619,3619,591,591,591,0.00,0.00,0.00,0.00,0.00,0.00,0.00,0.00,0.00,0.00,0.00,0.00,0.00,0.00,0.00,0.00,0.00,0.00,0.00,0.00,0.00,199192,409436,972376,207928,422148,985480,0,0,0,0,0,0,0,126590,0,140.08,140.14,140.21
895,0,0,0,0,93656,93656,93656,3624,3624,3624,591,591,591,0.00,0.00,0.00,0.00,0.00,0.00,0.00,0.00,0.00,0.00,0.00,0.00,0.00,0.00,0.00,0.00,0.00,0.00,0.00,0.00,0.00,411485,659954,1648581,424591,674107,1661686,0,0,0,0,0,0,0,123869,0,137.09,137.16,137.23
895,1,0,0,0,93624,93624,93624,3655,3655,3655,591,591,591,0.00,0.00,0.00,0.00,0.00,0.00,0.00,0.00,0.00,0.00,0.00,0.00,0.00,0.00,0.00,0.00,0.00,0.00,0.00,0.00,0.00,301404,449224,623782,317130,463377,636887,0,0,0,0,0,0,0,98842,0,123.37,123.40,123.43
895,2,0,0,0,93619,93619,93619,3660,3660,3660,591,591,591,0.00,0.00,0.00,0.00,0.00,0.00,0.00,0.00,0.00,0.00,0.00,0.00,0.00,0.00,0.00,0.00,0.00,0.00,0.00,0.00,0.00,298786,382656,705034,311891,396808,718138,0,0,0,0,0,0,0,100764,0,125.39,125.47,125.55
895,3,0,0,0,93660,93660,93660,3619,3619,3619,591,591,591,0.00,0.00,0.00,0.00,0.00,0.00,0.00,0.00,0.00,0.00,0.00,0.00,0.00,0.00,0.00,0.00,0.00,0.00,0.00,0.00,0.00,298783,382658,597578,311887,396811,610682,0,0,0,0,0,0,0,112563,0,140.04,140.07,140.13
896,0,0,0,0,93656,93656,93656,3624,3624,3624,591,591,591,0.00,0.00,0.00,0.00,0.00,0.00,0.00,0.00,0.00,0.00,0.00,0.00,0.00,0.00,0.00,0.00,0.00,0.00,0.00,0.00,0.00,403625,600192,933043,416730,614345,948769,0,0,0,0,0,0,0,110014,0,137.21,137.23,137.25
896,1,0,0,0,93624,93624,93624,3655,3655,3655,591,591,591,0.00,0.00,0.00,0.00,0.00,0.00,0.00,0.00,0.00,0.00,0.00,0.00,0.00,0.00,0.00,0.00,0.00,0.00,0.00,0.00,0.00,298783,374267,513701,314509,388420,526806,0,0,0,0,0,0,0,98986,0,123.38,123.42,123.45
896,2,0,0,0,93619,93619,93619,3660,3660,3660,591,591,591,0.00,0.00,0.00,0.00,0.00,0.00,0.00,0.00,0.00,0.00,0.00,0.00,0.00,0.00,0.00,0.00,0.00,0.00,0.00,0.00,0.00,304028,375838,649993,319754,389467,663098,0,0,0,0,0,0,0,100666,0,125.53,125.56,125.59
896,3,0,0,0,93660,93660,93660,3619,3619,3619,591,591,591,0.00,0.00,0.00,0.00,0.00,0.00,0.00,0.00,0.00,0.00,0.00,0.00,0.00,0.00,0.00,0.00,0.00,0.00,0.00,0.00,0.00,293529,318179,398387,309254,331808,414112,0,0,0,0,0,0,0,112626,0,140.16,140.22,140.27
897,0,0,0,0,93656,93656,93656,3624,3624,3624,591,591,591,0.00,0.00,0.00,0.00,0.00,0.00,0.00,0.00,0.00,0.00,0.00,0.00,0.00,0.00,0.00,0.00,0.00,0.00,0.00,0.00,0.00,406244,446905,566126,419349,459446,576610,0,0,0,0,0,0,0,109985,0,137.17,137.19,137.22
897,1,0,0,0,93624,93624,93624,3655,3655,3655,591,591,591,0.00,0.00,0.00,0.00,0.00,0.00,0.00,0.00,0.00,0.00,0.00,0.00,0.00,0.00,0.00,0.00,0.00,0.00,0.00,0.00,0.00,296163,409007,587831,309268,423108,603300,0,0,0,0,0,0,0,98911,0,123.44,123.48,123.52
897,2,0,0,0,93619,93619,93619,3660,3660,3660,591,591,591,0.00,0.00,0.00,0.00,0.00,0.00,0.00,0.00,0.00,0.00,0.00,0.00,0.00,0.00,0.00,0.00,0.00,0.00,0.00,0.00,0.00,298786,375840,623784,314512,389993,634268,0,0,0,0,0,0,0,113385,0,125.56,125.62,125.69
897,3,0,0,0,93660,93660,93660,3619,3619,3619,591,591,591,0.00,0.00,0.00,0.00,0.00,0.00,0.00,0.00,0.00,0.00,0.00,0.00,0.00,0.00,0.00,0.00,0.00,0.00,0.00,0.00,0.00,290923,317133,408861,304028,331286,421965,0,0,0,0,0,0,0,112437,0,140.12,140.20,140.31
898,0,0,0,0,93656,93656,93656,3624,3624,3624,591,591,591,0.00,0.00,0.00,0.00,0.00,0.00,0.00,0.00,0.00,0.00,0.00,0.00,0.00,0.00,0.00,0.00,0.00,0.00,0.00,0.00,0.00,411487,461809,647374,424592,475962,660479,0,0,0,0,0,0,0,109953,0,137.17,137.23,137.29
898,1,0,0,0,93624,93624,93624,3655,3655,3655,591,591,591,0.00,0.00,0.00,0.00,0.00,0.00,0.00,0.00,0.00,0.00,0.00,0.00,0.00,0.00,0.00,0.00,0.00,0.00,0.00,0.00,0.00,199191,343339,534668,206180,356793,550394,0,0,0,0,0,0,0,111292,0,123.50,123.54,123.58
898,2,0,0,0,93619,93619,93619,3660,3660,3660,591,591,591,0.00,0.00,0.00,0.00,0.00,0.00,0.00,0.00,0.00,0.00,0.00,0.00,0.00,0.00,0.00,0.00,0.00,0.00,0.00,0.00,0.00,299829,488312,853927,312426,501082,862587,0,0,0,0,0,0,0,100794,0,125.69,125.71,125.74
898,3,0,0,0,93660,93660,93660,3619,3619,3619,591,591,591,0.00,0.00,0.00,0.00,0.00,0.00,0.00,0.00,0.00,0.00,0.00,0.00,0.00,0.00,0.00,0.00,0.00,0.00,0.00,0.00,0.00,293546,481024,794145,309271,494303,807250,0,0,0,0,0,0,0,84153,0,140.04,140.07,140.11
899,0,0,0,0,93656,93656,93656,3624,3624,3624,591,591,591,0.00,0.00,0.00,0.00,0.00,0.00,0.00,0.00,0.00,0.00,0.00,0.00,0.00,0.00,0.00,0.00,0.00,0.00,0.00,0.00,0.00,416728,825597,1685272,429833,839357,1700998,0,0,0,0,0,0,0,82518,0,137.06,137.13,137.18
899,1,0,0,0,93624,93624,93624,3655,3655,3655,591,591,591,0.00,0.00,0.00,0.00,0.00,0.00,0.00,0.00,0.00,0.00,0.00,0.00,0.00,0.00,0.00,0.00,0.00,0.00,0.00,0.00,0.00,298787,368234,566114,311892,381339,579219,0,0,0,0,0,0,0,74208,0,123.53,123.56,123.59
899,2,0,0,0,93619,93619,93619,3660,3660,3660,591,591,591,0.00,0.00,0.00,0.00,0.00,0.00,0.00,0.00,0.00,0.00,0.00,0.00,0.00,0.00,0.00,0.00,0.00,0.00,0.00,0.00,0.00,306646,404278,686687,322371,418038,699791,0,0,0,0,0,0,0,75539,0,125.62,125.64,125.66
899,3,0,0,0,93660,93660,93660,3619,3619,3619,591,591,591,0.00,0.00,0.00,0.00,0.00,0.00,0.00,0.00,0.00,0.00,0.00,0.00,0.00,0.00,0.00,0.00,0.00,0.00,0.00,0.00,0.00,290927,349896,492735,304032,363656,508461,0,0,0,0,0,0,0,112332,0,139.97,140.00,140.03
900,0,0,0,0,93656,93656,93656,3624,3624,3624,591,591,591,0.00,0.00,0.00,0.00,0.00,0.00,0.00,0.00,0.00,0.00,0.00,0.00,0.00,0.00,0.00,0.00,0.00,0.00,0.00,0.00,0.00,408868,518419,912082,421973,532048,925187,0,0,0,0,0,0,0,110030,0,137.19,137.23,137.28
900,1,0,0,0,93624,93624,93624,3655,3655,3655,591,591,591,0.00,0.00,0.00,0.00,0.00,0.00,0.00,0.00,0.00,0.00,0.00,0.00,0.00,0.00,0.00,0.00,0.00,0.00,0.00,0.00,0.00,306647,421442,545150,322372,435595,558254,0,0,0,0,0,0,0,98998,0,123.54,123.58,123.63
900,2,0,0,0,93619,93619,93619,3660,3660,3660,591,591,591,0.00,0.00,0.00,0.00,0.00,0.00,0.00,0.00,0.00,0.00,0.00,0.00,0.00,0.00,0.00,0.00,0.00,0.00,0.00,0.00,0.00,298786,371647,644745,311891,385800,660470,0,0,0,0,0,0,0,100783,0,125.63,125.66,125.69
900,3,0,0,0,93660,93660,93660,3619,3619,3619,591,591,591,0.00,0.00,0.00,0.00,0.00,0.00,0.00,0.00,0.00,0.00,0.00,0.00,0.00,0.00,0.00,0.00,0.00,0.00,0.00,0.00,0.00,293545,319230,414108,306650,333383,429834,0,0,0,0,0,0,0,112325,0,139.87,139.93,139.99
901,0,0,0,0,93656,93656,93656,3624,3624,3624,591,591,591,0.00,0.00,0.00,0.00,0.00,0.00,0.00,0.00,0.00,0.00,0.00,0.00,0.00,0.00,0.00,0.00,0.00,0.00,0.00,0.00,0.00,279568,476617,857046,288304,489849,870151,0,0,0,0,0,0,0,109943,0,137.12,137.13,137.14
901,1,0,0,0,93624,93624,93624,3655,3655,3655,591,591,591,0.00,0.00,0.00,0.00,0.00,0.00,0.00,0.00,0.00,0.00,0.00,0.00,0.00,0.00,0.00,0.00,0.00,0.00,0.00,0.00,0.00,296166,363951,608059,309271,378058,621164,0,0,0,0,0,0,0,99046,0,123.51,123.52,123.56
901,2,0,0,0,93619,93619,93619,3660,3660,3660,591,591,591,0.00,0.00,0.00,0.00,0.00,0.00,0.00,0.00,0.00,0.00,0.00,0.00,0.00,0.00,0.00,0.00,0.00,0.00,0.00,0.00,0.00,301406,584985,1347169,314511,599138,1360274,0,0,0,0,0,0,0,113284,0,125.61,125.67,125.71
901,3,0,0,0,93660,93660,93660,3619,3619,3619,591,591,591,0.00,0.00,0.00,0.00,0.00,0.00,0.00,0.00,0.00,0.00,0.00,0.00,0.00,0.00,0.00,0.00,0.00,0.00,0.00,0.00,0.00,290917,316606,401007,306634,330234,414111,0,0,0,0,0,0,0,126418,0,139.90,139.94,139.98
902,0,0,0,0,93656,93656,93656,3624,3624,3624,591,591,591,0.00,0.00,0.00,0.00,0.00,0.00,0.00,0.00,0.00,0.00,0.00,0.00,0.00,0.00,0.00,0.00,0.00,0.00,0.00,0.00,0.00,406242,458663,647369,419346,472291,660473,0,0,0,0,0,0,0,123644,0,137.09,137.13,137.18
902,1,0,0,0,93624,93624,93624,3655,3655,3655,591,591,591,0.00,0.00,0.00,0.00,0.00,0.00,0.00,0.00,0.00,0.00,0.00,0.00,0.00,0.00,0.00,0.00,0.00,0.00,0.00,0.00,0.00,200937,379317,539909,209674,392072,555635,0,0,0,0,0,0,0,111249,0,123.45,123.50,123.58
902,2,0,0,0,93619,93619,93619,3660,3660,3660,591,591,591,0.00,0.00,0.00,0.00,0.00,0.00,0.00,0.00,0.00,0.00,0.00,0.00,0.00,0.00,0.00,0.00,0.00,0.00,0.00,0.00,0.00,199497,345407,612538,209728,357938,625407,0,0,0,0,0,0,0,100660,0,125.59,125.61,125.63
902,3,0,0,0,93660,93660,93660,3619,3619,3619,591,591,591,0.00,0.00,0.00,0.00,0.00,0.00,0.00,0.00,0.00,0.00,0.00,0.00,0.00,0.00,0.00,0.00,0.00,0.00,0.00,0.00,0.00,290927,485048,849181,304032,498327,864906,0,0,0,0,0,0,0,112499,0,140.05,140.15,140.23
903,0,0,0,0,93656,93656,93656,3624,3624,3624,591,591,591,0.00,0.00,0.00,0.00,0.00,0.00,0.00,0.00,0.00,0.00,0.00,0.00,0.00,0.00,0.00,0.00,0.00,0.00,0.00,0.00,0.00,406248,734381,1622378,419352,748534,1638104,0,0,0,0,0,0,0,109966,0,137.08,137.11,137.14
903,1,0,0,0,93624,93624,93624,3655,3655,3655,591,591,591,0.00,0.00,0.00,0.00,0.00,0.00,0.00,0.00,0.00,0.00,0.00,0.00,0.00,0.00,0.00,0.00,0.00,0.00,0.00,0.00,0.00,298784,345436,503220,309268,359589,518945,0,0,0,0,0,0,0,98865,0,123.36,123.40,123.42
903,2,0,0,0,93619,93619,93619,3660,3660,3660,591,591,591,0.00,0.00,0.00,0.00,0.00,0.00,0.00,0.00,0.00,0.00,0.00,0.00,0.00,0.00,0.00,0.00,0.00,0.00,0.00,0.00,0.00,301407,451319,723369,314511,465472,739094,0,0,0,0,0,0,0,100698,0,125.53,125.56,125.58
903,3,0,0,0,93660,93660,93660,3619,3619,3619,591,591,591,0.00,0.00,0.00,0.00,0.00,0.00,0.00,0.00,0.00,0.00,0.00,0.00,0.00,0.00,0.00,0.00,0.00,0.00,0.00,0.00,0.00,288304,333380,487496,301409,347009,500601,0,0,0,0,0,0,0,112408,0,140.11,140.19,140.24
904,0,0,0,0,93656,93656,93656,3624,3624,3624,591,591,591,0.00,0.00,0.00,0.00,0.00,0.00,0.00,0.00,0.00,0.00,0.00,0.00,0.00,0.00,0.00,0.00,0.00,0.00,0.00,0.00,0.00,414111,519808,919949,427216,533407,935675,0,0,0,0,0,0,0,109953,0,137.12,137.16,137.19
904,1,0,0,0,93624,93624,93624,3655,3655,3655,591,591,591,0.00,0.00,0.00,0.00,0.00,0.00,0.00,0.00,0.00,0.00,0.00,0.00,0.00,0.00,0.00,0.00,0.00,0.00,0.00,0.00,0.00,296164,371640,558227,311889,385793,571330,0,0,0,0,0,0,0,98930,0,123.33,123.36,123.39
904,2,0,0,0,93619,93619,93619,3660,3660,3660,591,591,591,0.00,0.00,0.00,0.00,0.00,0.00,0.00,0.00,0.00,0.00,0.00,0.00,0.00,0.00,0.00,0.00,0.00,0.00,0.00,0.00,0.00,298786,377414,665720,314511,391043,678825,0,0,0,0,0,0,0,100853,0,125.58,125.67,125.77
904,3,0,0,0,93660,93660,93660,3619,3619,3619,591,591,591,0.00,0.00,0.00,0.00,0.00,0.00,0.00,0.00,0.00,0.00,0.00,0.00,0.00,0.00,0.00,0.00,0.00,0.00,0.00,0.00,0.00,293541,326045,403629,306646,340722,419355,0,0,0,0,0,0,0,112530,0,140.05,140.09,140.13
905,0,0,0,0,93656,93656,93656,3624,3624,3624,591,591,591,0.00,0.00,0.00,0.00,0.00,0.00,0.00,0.00,0.00,0.00,0.00,0.00,0.00,0.00,0.00,0.00,0.00,0.00,0.00,0.00,0.00,277818,515251,843860,290049,528181,856963,0,0,0,0,0,0,0,109987,0,137.15,137.19,137.22
905,1,0,0,0,93624,93624,93624,3655,3655,3655,591,591,591,0.00,0.00,0.00,0.00,0.00,0.00,0.00,0.00,0.00,0.00,0.00,0.00,0.00,0.00,0.00,0.00,0.00,0.00,0.00,0.00,0.00,202683,288476,332861,211419,301231,348586,0,0,0,0,0,0,0,98947,0,123.38,123.42,123.45
905,2,0,0,0,93619,93619,93619,3660,3660,3660,591,591,591,0.00,0.00,0.00,0.00,0.00,0.00,0.00,0.00,0.00,0.00,0.00,0.00,0.00,0.00,0.00,0.00,0.00,0.00,0.00,0.00,0.00,306650,534839,1307844,319755,548100,1320949,0,0,0,0,0,0,0,113307,0,125.61,125.74,125.79
905,3,0,0,0,93660,93660,93660,3619,3619,3619,591,591,591,0.00,0.00,0.00,0.00,0.00,0.00,0.00,0.00,0.00,0.00,0.00,0.00,0.00,0.00,0.00,0.00,0.00,0.00,0.00,0.00,0.00,202687,410803,985473,213171,423369,998578,0,0,0,0,0,0,0,98419,0,139.98,140.08,140.17
906,0,0,0,0,93656,93656,93656,3624,3624,3624,591,591,591,0.00,0.00,0.00,0.00,0.00,0.00,0.00,0.00,0.00,0.00,0.00,0.00,0.00,0.00,0.00,0.00,0.00,0.00,0.00,0.00,0.00,403625,667816,1672162,416730,681445,1687888,0,0,0,0,0,0,0,96184,0,137.06,137.11,137.16
906,1,0,0,0,93624,93624,93624,3655,3655,3655,591,591,591,0.00,0.00,0.00,0.00,0.00,0.00,0.00,0.00,0.00,0.00,0.00,0.00,0.00,0.00,0.00,0.00,0.00,0.00,0.00,0.00,0.00,306627,404666,537291,322352,418819,550396,0,0,0,0,0,0,0,74226,0,123.37,123.45,123.56
906,2,0,0,0,93619,93619,93619,3660,3660,3660,591,591,591,0.00,0.00,0.00,0.00,0.00,0.00,0.00,0.00,0.00,0.00,0.00,0.00,0.00,0.00,0.00,0.00,0.00,0.00,0.00,0.00,0.00,303404,381644,665720,318831,395788,681446,0,0,0,0,0,0,0,100749,0,125.57,125.58,125.59
906,3,0,0,0,93660,93660,93660,3619,3619,3619,591,591,591,0.00,0.00,0.00,0.00,0.00,0.00,0.00,0.00,0.00,0.00,0.00,0.00,0.00,0.00,0.00,0.00,0.00,0.00,0.00,0.00,0.00,293530,387897,566125,306652,401526,579230,0,0,0,0,0,0,0,112438,0,140.00,140.02,140.05
907,0,0,0,0,93656,93656,93656,3624,3624,3624,591,591,591,0.00,0.00,0.00,0.00,0.00,0.00,0.00,0.00,0.00,0.00,0.00,0.00,0.00,0.00,0.00,0.00,0.00,0.00,0.00,0.00,0.00,408866,499288,760068,421974,513704,773172,0,0,0,0,0,0,0,109946,0,137.07,137.12,137.14
907,1,0,0,0,93624,93624,93624,3655,3655,3655,591,591,591,0.00,0.00,0.00,0.00,0.00,0.00,0.00,0.00,0.00,0.00,0.00,0.00,0.00,0.00,0.00,0.00,0.00,0.00,0.00,0.00,0.00,301406,373482,513703,314511,387242,526808,0,0,0,0,0,0,0,99000,0,123.55,123.56,123.56
907,2,0,0,0,93619,93619,93619,3660,3660,3660,591,591,591,0.00,0.00,0.00,0.00,0.00,0.00,0.00,0.00,0.00,0.00,0.00,0.00,0.00,0.00,0.00,0.00,0.00,0.00,0.00,0.00,0.00,306646,393140,631645,322371,407555,647371,0,0,0,0,0,0,0,75479,0,125.48,125.51,125.57
907,3,0,0,0,93660,93660,93660,3619,3619,3619,591,591,591,0.00,0.00,0.00,0.00,0.00,0.00,0.00,0.00,0.00,0.00,0.00,0.00,0.00,0.00,0.00,0.00,0.00,0.00,0.00,0.00,0.00,290921,321065,372177,304026,335481,387903,0,0,0,0,0,0,0,112562,0,140.02,140.06,140.11
908,0,0,0,0,93656,93656,93656,3624,3624,3624,591,591,591,0.00,0.00,0.00,0.00,0.00,0.00,0.00,0.00,0.00,0.00,0.00,0.00,0.00,0.00,0.00,0.00,0.00,0.00,0.00,0.00,0.00,416708,607917,938303,432433,621980,951408,0,0,0,0,0,0,0,109941,0,137.11,137.17,137.20
908,1,0,0,0,93624,93624,93624,3655,3655,3655,591,591,591,0.00,0.00,0.00,0.00,0.00,0.00,0.00,0.00,0.00,0.00,0.00,0.00,0.00,0.00,0.00,0.00,0.00,0.00,0.00,0.00,0.00,293545,352252,542537,304029,365881,558263,0,0,0,0,0,0,0,99003,0,123.52,123.54,123.56
908,2,0,0,0,93619,93619,93619,3660,3660,3660,591,591,591,0.00,0.00,0.00,0.00,0.00,0.00,0.00,0.00,0.00,0.00,0.00,0.00,0.00,0.00,0.00,0.00,0.00,0.00,0.00,0.00,0.00,306633,378984,652615,317134,392612,665719,0,0,0,0,0,0,0,100759,0,125.52,125.56,125.61
908,3,0,0,0,93660,93660,93660,3619,3619,3619,591,591,591,0.00,0.00,0.00,0.00,0.00,0.00,0.00,0.00,0.00,0.00,0.00,0.00,0.00,0.00,0.00,0.00,0.00,0.00,0.00,0.00,0.00,290924,315430,402985,304028,329578,418686,0,0,0,0,0,0,0,112553,0,140.10,140.14,140.18
909,0,0,0,0,93656,93656,93656,3624,3624,3624,591,591,591,0.00,0.00,0.00,0.00,0.00,0.00,0.00,0.00,0.00,0.00,0.00,0.00,0.00,0.00,0.00,0.00,0.00,0.00,0.00,0.00,0.00,267313,427731,642130,276049,441010,655235,0,0,0,0,0,0,0,109948,0,136.99,137.04,137.09
909,1,0,0,0,93624,93624,93624,3655,3655,3655,591,591,591,0.00,0.00,0.00,0.00,0.00,0.00,0.00,0.00,0.00,0.00,0.00,0.00,0.00,0.00,0.00,0.00,0.00,0.00,0.00,0.00,0.00,200930,386001,615917,209666,399245,631643,0,0,0,0,0,0,0,111355,0,123.52,123.54,123.56
909,2,0,0,0,93619,93619,93619,3660,3660,3660,591,591,591,0.00,0.00,0.00,0.00,0.00,0.00,0.00,0.00,0.00,0.00,0.00,0.00,0.00,0.00,0.00,0.00,0.00,0.00,0.00,0.00,0.00,202308,554688,1341914,210953,567425,1357640,0,0,0,0,0,0,0,100624,0,125.54,125.60,125.65
909,3,0,0,0,93660,93660,93660,3619,3619,3619,591,591,591,0.00,0.00,0.00,0.00,0.00,0.00,0.00,0.00,0.00,0.00,0.00,0.00,0.00,0.00,0.00,0.00,0.00,0.00,0.00,0.00,0.00,290928,459849,604563,302830,472403,615047,0,0,0,0,0,0,0,126572,0,140.10,140.12,140.14
910,0,0,0,0,93656,93656,93656,3624,3624,3624,591,591,591,0.00,0.00,0.00,0.00,0.00,0.00,0.00,0.00,0.00,0.00,0.00,0.00,0.00,0.00,0.00,0.00,0.00,0.00,0.00,0.00,0.00,408864,754827,1703598,419348,768456,1716703,0,0,0,0,0,0,0,123798,0,137.11,137.15,137.20
910,1,0,0,0,93624,93624,93624,3655,3655,3655,591,591,591,0.00,0.00,0.00,0.00,0.00,0.00,0.00,0.00,0.00,0.00,0.00,0.00,0.00,0.00,0.00,0.00,0.00,0.00,0.00,0.00,0.00,298784,343863,419351,311888,357492,432455,0,0,0,0,0,0,0,98997,0,123.52,123.54,123.55
910,2,0,0,0,93619,93619,93619,3660,3660,3660,591,591,591,0.00,0.00,0.00,0.00,0.00,0.00,0.00,0.00,0.00,0.00,0.00,0.00,0.00,0.00,0.00,0.00,0.00,0.00,0.00,0.00,0.00,293547,376892,681444,309273,391046,694549,0,0,0,0,0,0,0,100657,0,125.46,125.49,125.51
910,3,0,0,0,93660,93660,93660,3619,3619,3619,591,591,591,0.00,0.00,0.00,0.00,0.00,0.00,0.00,0.00,0.00,0.00,0.00,0.00,0.00,0.00,0.00,0.00,0.00,0.00,0.00,0.00,0.00,293545,333383,469147,306651,347536,484872,0,0,0,0,0,0,0,112470,0,140.15,140.23,140.26
911,0,0,0,0,93656,93656,93656,3624,3624,3624,591,591,591,0.00,0.00,0.00,0.00,0.00,0.00,0.00,0.00,0.00,0.00,0.00,0.00,0.00,0.00,0.00,0.00,0.00,0.00,0.00,0.00,0.00,424570,584988,1213494,437674,598617,1226599,0,0,0,0,0,0,0,110005,0,137.08,137.15,137.18
911,1,0,0,0,93624,93624,93624,3655,3655,3655,591,591,591,0.00,0.00,0.00,0.00,0.00,0.00,0.00,0.00,0.00,0.00,0.00,0.00,0.00,0.00,0.00,0.00,0.00,0.00,0.00,0.00,0.00,309269,414629,610679,322374,429307,623784,0,0,0,0,0,0,0,99017,0,123.45,123.48,123.50
911,2,0,0,0,93619,93619,93619,3660,3660,3660,591,591,591,0.00,0.00,0.00,0.00,0.00,0.00,0.00,0.00,0.00,0.00,0.00,0.00,0.00,0.00,0.00,0.00,0.00,0.00,0.00,0.00,0.00,298787,375313,657857,314513,389466,668341,0,0,0,0,0,0,0,100721,0,125.42,125.46,125.55
911,3,0,0,0,93660,93660,93660,3619,3619,3619,591,591,591,0.00,0.00,0.00,0.00,0.00,0.00,0.00,0.00,0.00,0.00,0.00,0.00,0.00,0.00,0.00,0.00,0.00,0.00,0.00,0.00,0.00,285684,302977,345960,301392,317129,361685,0,0,0,0,0,0,0,112654,0,140.07,140.10,140.13
912,0,0,0,0,93656,93656,93656,3624,3624,3624,591,591,591,0.00,0.00,0.00,0.00,0.00,0.00,0.00,0.00,0.00,0.00,0.00,0.00,0.00,0.00,0.00,0.00,0.00,0.00,0.00,0.00,0.00,267324,437264,634745,274313,450708,650418,0,0,0,0,0,0,0,110020,0,137.13,137.15,137.16
912,1,0,0,0,93624,93624,93624,3655,3655,3655,591,591,591,0.00,0.00,0.00,0.00,0.00,0.00,0.00,0.00,0.00,0.00,0.00,0.00,0.00,0.00,0.00,0.00,0.00,0.00,0.00,0.00,0.00,296165,316605,387900,309271,330234,401005,0,0,0,0,0,0,0,99073,0,123.59,123.61,123.64
912,2,0,0,0,93619,93619,93619,3660,3660,3660,591,591,591,0.00,0.00,0.00,0.00,0.00,0.00,0.00,0.00,0.00,0.00,0.00,0.00,0.00,0.00,0.00,0.00,0.00,0.00,0.00,0.00,0.00,298788,584992,1305230,311893,598621,1318335,0,0,0,0,0,0,0,113369,0,125.58,125.59,125.61
912,3,0,0,0,93660,93660,93660,3619,3619,3619,591,591,591,0.00,0.00,0.00,0.00,0.00,0.00,0.00,0.00,0.00,0.00,0.00,0.00,0.00,0.00,0.00,0.00,0.00,0.00,0.00,0.00,0.00,286183,311992,390521,301652,325570,401005,0,0,0,0,0,0,0,126622,0,140.10,140.13,140.15
913,0,0,0,0,93656,93656,93656,3624,3624,3624,591,591,591,0.00,0.00,0.00,0.00,0.00,0.00,0.00,0.00,0.00,0.00,0.00,0.00,0.00,0.00,0.00,0.00,0.00,0.00,0.00,0.00,0.00,411466,475432,668336,424570,489585,684061,0,0,0,0,0,0,0,82454,0,137.14,137.19,137.28
913,1,0,0,0,93624,93624,93624,3655,3655,3655,591,591,591,0.00,0.00,0.00,0.00,0.00,0.00,0.00,0.00,0.00,0.00,0.00,0.00,0.00,0.00,0.00,0.00,0.00,0.00,0.00,0.00,0.00,298787,347533,424588,314512,360813,437693,0,0,0,0,0,0,0,86648,0,123.56,123.60,123.64
913,2,0,0,0,93619,93619,93619,3660,3660,3660,591,591,591,0.00,0.00,0.00,0.00,0.00,0.00,0.00,0.00,0.00,0.00,0.00,0.00,0.00,0.00,0.00,0.00,0.00,0.00,0.00,0.00,0.00,202458,348188,618542,211110,361450,631646,0,0,0,0,0,0,0,100672,0,125.51,125.57,125.63
913,3,0,0,0,93660,93660,93660,3619,3619,3619,591,591,591,0.00,0.00,0.00,0.00,0.00,0.00,0.00,0.00,0.00,0.00,0.00,0.00,0.00,0.00,0.00,0.00,0.00,0.00,0.00,0.00,0.00,73386,424227,941799,86491,437331,952283,0,0,0,0,0,0,0,84275,0,139.97,140.03,140.12
914,0,0,0,0,93656,93656,93656,3624,3624,3624,591,591,591,0.00,0.00,0.00,0.00,0.00,0.00,0.00,0.00,0.00,0.00,0.00,0.00,0.00,0.00,0.00,0.00,0.00,0.00,0.00,0.00,0.00,408865,826245,1732417,424591,840660,1745522,0,0,0,0,0,0,0,109953,0,137.20,137.27,137.30
914,1,0,0,0,93624,93624,93624,3655,3655,3655,591,591,591,0.00,0.00,0.00,0.00,0.00,0.00,0.00,0.00,0.00,0.00,0.00,0.00,0.00,0.00,0.00,0.00,0.00,0.00,0.00,0.00,0.00,293528,353820,511079,306632,367579,524183,0,0,0,0,0,0,0,98914,0,123.53,123.54,123.57
914,2,0,0,0,93619,93619,93619,3660,3660,3660,591,591,591,0.00,0.00,0.00,0.00,0.00,0.00,0.00,0.00,0.00,0.00,0.00,0.00,0.00,0.00,0.00,0.00,0.00,0.00,0.00,0.00,0.00,301407,398380,686676,314514,412795,699781,0,0,0,0,0,0,0,75607,0,125.61,125.66,125.71
914,3,0,0,0,93660,93660,93660,3619,3619,3619,591,591,591,0.00,0.00,0.00,0.00,0.00,0.00,0.00,0.00,0.00,0.00,0.00,0.00,0.00,0.00,0.00,0.00,0.00,0.00,0.00,0.00,0.00,293547,342032,466524,306651,355792,479629,0,0,0,0,0,0,0,112364,0,140.04,140.07,140.08
915,0,0,0,0,93656,93656,93656,3624,3624,3624,591,591,591,0.00,0.00,0.00,0.00,0.00,0.00,0.00,0.00,0.00,0.00,0.00,0.00,0.00,0.00,0.00,0.00,0.00,0.00,0.00,0.00,0.00,411484,523138,914712,424589,536768,930438,0,0,0,0,0,0,0,110028,0,137.07,137.11,137.21
915,1,0,0,0,93624,93624,93624,3655,3655,3655,591,591,591,0.00,0.00,0.00,0.00,0.00,0.00,0.00,0.00,0.00,0.00,0.00,0.00,0.00,0.00,0.00,0.00,0.00,0.00,0.00,0.00,0.00,306651,376889,576605,322377,390518,587089,0,0,0,0,0,0,0,98962,0,123.52,123.53,123.54
915,2,0,0,0,93619,93619,93619,3660,3660,3660,591,591,591,0.00,0.00,0.00,0.00,0.00,0.00,0.00,0.00,0.00,0.00,0.00,0.00,0.00,0.00,0.00,0.00,0.00,0.00,0.00,0.00,0.00,304029,451850,670967,319754,465478,684071,0,0,0,0,0,0,0,100656,0,125.54,125.61,125.67
915,3,0,0,0,93660,93660,93660,3619,3619,3619,591,591,591,0.00,0.00,0.00,0.00,0.00,0.00,0.00,0.00,0.00,0.00,0.00,0.00,0.00,0.00,0.00,0.00,0.00,0.00,0.00,0.00,0.00,288304,303505,348586,301408,317658,361690,0,0,0,0,0,0,0,112643,0,140.07,140.21,140.32
916,0,0,0,0,93656,93656,93656,3624,3624,3624,591,591,591,0.00,0.00,0.00,0.00,0.00,0.00,0.00,0.00,0.00,0.00,0.00,0.00,0.00,0.00,0.00,0.00,0.00,0.00,0.00,0.00,0.00,269763,472248,820347,280205,484820,833451,0,0,0,0,0,0,0,109939,0,137.21,137.27,137.29
916,1,0,0,0,93624,93624,93624,3655,3655,3655,591,591,591,0.00,0.00,0.00,0.00,0.00,0.00,0.00,0.00,0.00,0.00,0.00,0.00,0.00,0.00,0.00,0.00,0.00,0.00,0.00,0.00,0.00,290923,300358,311893,304027,314511,324998,0,0,0,0,0,0,0,99113,0,123.47,123.52,123.56
916,2,0,0,0,93619,93619,93619,3660,3660,3660,591,591,591,0.00,0.00,0.00,0.00,0.00,0.00,0.00,0.00,0.00,0.00,0.00,0.00,0.00,0.00,0.00,0.00,0.00,0.00,0.00,0.00,0.00,306649,519989,1357642,319754,533618,1370747,0,0,0,0,0,0,0,113357,0,125.52,125.56,125.60
916,3,0,0,0,93660,93660,93660,3619,3619,3619,591,591,591,0.00,0.00,0.00,0.00,0.00,0.00,0.00,0.00,0.00,0.00,0.00,0.00,0.00,0.00,0.00,0.00,0.00,0.00,0.00,0.00,0.00,293527,311364,377413,306652,324992,387897,0,0,0,0,0,0,0,126607,0,140.13,140.20,140.25
917,0,0,0,0,93656,93656,93656,3624,3624,3624,591,591,591,0.00,0.00,0.00,0.00,0.00,0.00,0.00,0.00,0.00,0.00,0.00,0.00,0.00,0.00,0.00,0.00,0.00,0.00,0.00,0.00,0.00,411486,716039,1659050,427211,730191,1672154,0,0,0,0,0,0,0,123716,0,137.09,137.14,137.17
917,1,0,0,0,93624,93624,93624,3655,3655,3655,591,591,591,0.00,0.00,0.00,0.00,0.00,0.00,0.00,0.00,0.00,0.00,0.00,0.00,0.00,0.00,0.00,0.00,0.00,0.00,0.00,0.00,0.00,296145,365701,500597,309249,378631,513702,0,0,0,0,0,0,0,111144,0,123.42,123.50,123.60
917,2,0,0,0,93619,93619,93619,3660,3660,3660,591,591,591,0.00,0.00,0.00,0.00,0.00,0.00,0.00,0.00,0.00,0.00,0.00,0.00,0.00,0.00,0.00,0.00,0.00,0.00,0.00,0.00,0.00,195784,413957,697200,204296,427192,710306,0,0,0,0,0,0,0,100664,0,125.47,125.51,125.56
917,3,0,0,0,93660,93660,93660,3619,3619,3619,591,591,591,0.00,0.00,0.00,0.00,0.00,0.00,0.00,0.00,0.00,0.00,0.00,0.00,0.00,0.00,0.00,0.00,0.00,0.00,0.00,0.00,0.00,47176,384582,992477,60280,397861,1001214,0,0,0,0,0,0,0,112426,0,140.11,140.13,140.14
918,0,0,0,0,93656,93656,93656,3624,3624,3624,591,591,591,0.00,0.00,0.00,0.00,0.00,0.00,0.00,0.00,0.00,0.00,0.00,0.00,0.00,0.00,0.00,0.00,0.00,0.00,0.00,0.00,0.00,406240,494825,817724,421966,508979,833450,0,0,0,0,0,0,0,109866,0,137.09,137.11,137.14
918,1,0,0,0,93624,93624,93624,3655,3655,3655,591,591,591,0.00,0.00,0.00,0.00,0.00,0.00,0.00,0.00,0.00,0.00,0.00,0.00,0.00,0.00,0.00,0.00,0.00,0.00,0.00,0.00,0.00,296165,367975,513696,311890,382128,526801,0,0,0,0,0,0,0,98963,0,123.41,123.43,123.45
918,2,0,0,0,93619,93619,93619,3660,3660,3660,591,591,591,0.00,0.00,0.00,0.00,0.00,0.00,0.00,0.00,0.00,0.00,0.00,0.00,0.00,0.00,0.00,0.00,0.00,0.00,0.00,0.00,0.00,301406,373218,647371,317131,387371,660476,0,0,0,0,0,0,0,100725,0,125.50,125.54,125.59
918,3,0,0,0,93660,93660,93660,3619,3619,3619,591,591,591,0.00,0.00,0.00,0.00,0.00,0.00,0.00,0.00,0.00,0.00,0.00,0.00,0.00,0.00,0.00,0.00,0.00,0.00,0.00,0.00,0.00,293378,365351,495359,306475,378979,505842,0,0,0,0,0,0,0,112494,0,140.13,140.17,140.23
919,0,0,0,0,93656,93656,93656,3624,3624,3624,591,591,591,0.00,0.00,0.00,0.00,0.00,0.00,0.00,0.00,0.00,0.00,0.00,0.00,0.00,0.00,0.00,0.00,0.00,0.00,0.00,0.00,0.00,424591,613299,925189,437695,626928,938294,0,0,0,0,0,0,0,109870,0,137.04,137.08,137.13
919,1,0,0,0,93624,93624,93624,3655,3655,3655,591,591,591,0.00,0.00,0.00,0.00,0.00,0.00,0.00,0.00,0.00,0.00,0.00,0.00,0.00,0.00,0.00,0.00,0.00,0.00,0.00,0.00,0.00,290282,358935,558258,305973,373080,573984,0,0,0,0,0,0,0,99008,0,123.49,123.53,123.56
919,2,0,0,0,93619,93619,93619,3660,3660,3660,591,591,591,0.00,0.00,0.00,0.00,0.00,0.00,0.00,0.00,0.00,0.00,0.00,0.00,0.00,0.00,0.00,0.00,0.00,0.00,0.00,0.00,0.00,304027,385277,660481,317132,399430,673586,0,0,0,0,0,0,0,100725,0,125.52,125.54,125.56
919,3,0,0,0,93660,93660,93660,3619,3619,3619,591,591,591,0.00,0.00,0.00,0.00,0.00,0.00,0.00,0.00,0.00,0.00,0.00,0.00,0.00,0.00,0.00,0.00,0.00,0.00,0.00,0.00,0.00,292569,315580,388970,305630,329733,404739,0,0,0,0,0,0,0,112407,0,140.00,140.09,140.19
920,0,0,0,0,93656,93656,93656,3624,3624,3624,591,591,591,0.00,0.00,0.00,0.00,0.00,0.00,0.00,0.00,0.00,0.00,0.00,0.00,0.00,0.00,0.00,0.00,0.00,0.00,0.00,0.00,0.00,265589,422440,623781,274325,435679,636886,0,0,0,0,0,0,0,110036,0,137.09,137.19,137.30
920,1,0,0,0,93624,93624,93624,3655,3655,3655,591,591,591,0.00,0.00,0.00,0.00,0.00,0.00,0.00,0.00,0.00,0.00,0.00,0.00,0.00,0.00,0.00,0.00,0.00,0.00,0.00,0.00,0.00,294054,413734,624056,306951,427322,634544,0,0,0,0,0,0,0,111263,0,123.39,123.45,123.53
920,2,0,0,0,93619,93619,93619,3660,3660,3660,591,591,591,0.00,0.00,0.00,0.00,0.00,0.00,0.00,0.00,0.00,0.00,0.00,0.00,0.00,0.00,0.00,0.00,0.00,0.00,0.00,0.00,0.00,301407,573985,1297370,317133,587614,1310475,0,0,0,0,0,0,0,100862,0,125.46,125.53,125.65
920,3,0,0,0,93660,93660,93660,3619,3619,3619,591,591,591,0.00,0.00,0.00,0.00,0.00,0.00,0.00,0.00,0.00,0.00,0.00,0.00,0.00,0.00,0.00,0.00,0.00,0.00,0.00,0.00,0.00,70756,394456,799386,83859,407998,812490,0,0,0,0,0,0,0,98331,0,139.97,140.03,140.09
921,0,0,0,0,93656,93656,93656,3624,3624,3624,591,591,591,0.00,0.00,0.00,0.00,0.00,0.00,0.00,0.00,0.00,0.00,0.00,0.00,0.00,0.00,0.00,0.00,0.00,0.00,0.00,0.00,0.00,414105,729271,1664284,427210,743031,1677389,0,0,0,0,0,0,0,96292,0,137.21,137.22,137.26
921,1,0,0,0,93624,93624,93624,3655,3655,3655,591,591,591,0.00,0.00,0.00,0.00,0.00,0.00,0.00,0.00,0.00,0.00,0.00,0.00,0.00,0.00,0.00,0.00,0.00,0.00,0.00,0.00,0.00,253354,379814,649991,262090,392482,665717,0,0,0,0,0,0,0,74169,0,123.47,123.53,123.57
921,2,0,0,0,93619,93619,93619,3660,3660,3660,591,591,591,0.00,0.00,0.00,0.00,0.00,0.00,0.00,0.00,0.00,0.00,0.00,0.00,0.00,0.00,0.00,0.00,0.00,0.00,0.00,0.00,0.00,304006,344908,454452,317135,357552,463092,0,0,0,0,0,0,0,75577,0,125.63,125.69,125.73
921,3,0,0,0,93660,93660,93660,3619,3619,3619,591,591,591,0.00,0.00,0.00,0.00,0.00,0.00,0.00,0.00,0.00,0.00,0.00,0.00,0.00,0.00,0.00,0.00,0.00,0.00,0.00,0.00,0.00,296165,447742,621164,309270,460846,634269,0,0,0,0,0,0,0,112258,0,139.90,139.92,139.97
922,0,0,0,0,93656,93656,93656,3624,3624,3624,591,591,591,0.00,0.00,0.00,0.00,0.00,0.00,0.00,0.00,0.00,0.00,0.00,0.00,0.00,0.00,0.00,0.00,0.00,0.00,0.00,0.00,0.00,411485,588135,930429,424590,602288,946154,0,0,0,0,0,0,0,109972,0,137.09,137.11,137.13
922,1,0,0,0,93624,93624,93624,3655,3655,3655,591,591,591,0.00,0.00,0.00,0.00,0.00,0.00,0.00,0.00,0.00,0.00,0.00,0.00,0.00,0.00,0.00,0.00,0.00,0.00,0.00,0.00,0.00,304007,372691,529426,319731,386843,542530,0,0,0,0,0,0,0,99020,0,123.50,123.52,123.55
922,2,0,0,0,93619,93619,93619,3660,3660,3660,591,591,591,0.00,0.00,0.00,0.00,0.00,0.00,0.00,0.00,0.00,0.00,0.00,0.00,0.00,0.00,0.00,0.00,0.00,0.00,0.00,0.00,0.00,296169,372697,655234,309274,386850,670960,0,0,0,0,0,0,0,100696,0,125.52,125.62,125.67
922,3,0,0,0,93660,93660,93660,3619,3619,3619,591,591,591,0.00,0.00,0.00,0.00,0.00,0.00,0.00,0.00,0.00,0.00,0.00,0.00,0.00,0.00,0.00,0.00,0.00,0.00,0.00,0.00,0.00,290927,318182,411484,304032,331811,427209,0,0,0,0,0,0,0,112485,0,139.98,140.08,140.14
923,0,0,0,0,93656,93656,93656,3624,3624,3624,591,591,591,0.00,0.00,0.00,0.00,0.00,0.00,0.00,0.00,0.00,0.00,0.00,0.00,0.00,0.00,0.00,0.00,0.00,0.00,0.00,0.00,0.00,408868,514219,898934,424594,528372,912038,0,0,0,0,0,0,0,110012,0,137.11,137.19,137.23
923,1,0,0,0,93624,93624,93624,3655,3655,3655,591,591,591,0.00,0.00,0.00,0.00,0.00,0.00,0.00,0.00,0.00,0.00,0.00,0.00,0.00,0.00,0.00,0.00,0.00,0.00,0.00,0.00,0.00,293546,414105,605437,306651,427735,618542,0,0,0,0,0,0,0,99026,0,123.49,123.54,123.59
923,2,0,0,0,93619,93619,93619,3660,3660,3660,591,591,591,0.00,0.00,0.00,0.00,0.00,0.00,0.00,0.00,0.00,0.00,0.00,0.00,0.00,0.00,0.00,0.00,0.00,0.00,0.00,0.00,0.00,298787,377410,657846,311891,391562,673571,0,0,0,0,0,0,0,113330,0,125.49,125.53,125.59
923,3,0,0,0,93660,93660,93660,3619,3619,3619,591,591,591,0.00,0.00,0.00,0.00,0.00,0.00,0.00,0.00,0.00,0.00,0.00,0.00,0.00,0.00,0.00,0.00,0.00,0.00,0.00,0.00,0.00,290922,315033,403625,304032,328661,416730,0,0,0,0,0,0,0,112410,0,139.96,140.02,140.13
924,0,0,0,0,93656,93656,93656,3624,3624,3624,591,591,591,0.00,0.00,0.00,0.00,0.00,0.00,0.00,0.00,0.00,0.00,0.00,0.00,0.00,0.00,0.00,0.00,0.00,0.00,0.00,0.00,0.00,271461,430133,652606,281835,442691,665711,0,0,0,0,0,0,0,109962,0,137.17,137.20,137.24
924,1,0,0,0,93624,93624,93624,3655,3655,3655,591,591,591,0.00,0.00,0.00,0.00,0.00,0.00,0.00,0.00,0.00,0.00,0.00,0.00,0.00,0.00,0.00,0.00,0.00,0.00,0.00,0.00,0.00,296166,358744,504269,309270,372808,519549,0,0,0,0,0,0,0,111707,0,123.67,123.88,124.02
924,2,0,0,0,93619,93619,93619,3660,3660,3660,591,591,591,0.00,0.00,0.00,0.00,0.00,0.00,0.00,0.00,0.00,0.00,0.00,0.00,0.00,0.00,0.00,0.00,0.00,0.00,0.00,0.00,0.00,301408,573986,1326195,314512,587615,1336679,0,0,0,0,0,0,0,100687,0,125.53,125.56,125.67
924,3,0,0,0,93660,93660,93660,3619,3619,3619,591,591,591,0.00,0.00,0.00,0.00,0.00,0.00,0.00,0.00,0.00,0.00,0.00,0.00,0.00,0.00,0.00,0.00,0.00,0.00,0.00,0.00,0.00,293544,514915,884164,306649,528920,899150,0,0,0,0,0,0,0,112212,0,139.99,140.03,140.09
925,0,0,0,0,93656,93656,93656,3624,3624,3624,591,591,591,0.00,0.00,0.00,0.00,0.00,0.00,0.00,0.00,0.00,0.00,0.00,0.00,0.00,0.00,0.00,0.00,0.00,0.00,0.00,0.00,0.00,411490,743819,1648551,424594,757447,1664277,0,0,0,0,0,0,0,109937,0,137.10,137.13,137.18
925,1,0,0,0,93624,93624,93624,3655,3655,3655,591,591,591,0.00,0.00,0.00,0.00,0.00,0.00,0.00,0.00,0.00,0.00,0.00,0.00,0.00,0.00,0.00,0.00,0.00,0.00,0.00,0.00,0.00,296165,374441,503215,309270,387546,518941,0,0,0,0,0,0,0,99315,0,123.97,123.98,124.01
925,2,0,0,0,93619,93619,93619,3660,3660,3660,591,591,591,0.00,0.00,0.00,0.00,0.00,0.00,0.00,0.00,0.00,0.00,0.00,0.00,0.00,0.00,0.00,0.00,0.00,0.00,0.00,0.00,0.00,202383,360709,689309,211032,373982,702414,0,0,0,0,0,0,0,100804,0,125.56,125.62,125.64
925,3,0,0,0,93660,93660,93660,3619,3619,3619,591,591,591,0.00,0.00,0.00,0.00,0.00,0.00,0.00,0.00,0.00,0.00,0.00,0.00,0.00,0.00,0.00,0.00,0.00,0.00,0.00,0.00,0.00,193952,309794,471760,200941,323248,490106,0,0,0,0,0,0,0,112550,0,140.04,140.12,140.22
926,0,0,0,0,93656,93656,93656,3624,3624,3624,591,591,591,0.00,0.00,0.00,0.00,0.00,0.00,0.00,0.00,0.00,0.00,0.00,0.00,0.00,0.00,0.00,0.00,0.00,0.00,0.00,0.00,0.00,414085,515269,896358,429810,529422,909463,0,0,0,0,0,0,0,110245,0,137.09,137.13,137.21
926,1,0,0,0,93624,93624,93624,3655,3655,3655,591,591,591,0.00,0.00,0.00,0.00,0.00,0.00,0.00,0.00,0.00,0.00,0.00,0.00,0.00,0.00,0.00,0.00,0.00,0.00,0.00,0.00,0.00,311890,382654,545152,324994,396283,558257,0,0,0,0,0,0,0,99466,0,124.02,124.08,124.15
926,2,0,0,0,93619,93619,93619,3660,3660,3660,591,591,591,0.00,0.00,0.00,0.00,0.00,0.00,0.00,0.00,0.00,0.00,0.00,0.00,0.00,0.00,0.00,0.00,0.00,0.00,0.00,0.00,0.00,306650,444502,657862,319755,458131,670967,0,0,0,0,0,0,0,100779,0,125.64,125.67,125.71
926,3,0,0,0,93660,93660,93660,3619,3619,3619,591,591,591,0.00,0.00,0.00,0.00,0.00,0.00,0.00,0.00,0.00,0.00,0.00,0.00,0.00,0.00,0.00,0.00,0.00,0.00,0.00,0.00,0.00,290926,318702,419326,304031,332330,429809,0,0,0,0,0,0,0,112572,0,140.16,140.21,140.28
927,0,0,0,0,93656,93656,93656,3624,3624,3624,591,591,591,0.00,0.00,0.00,0.00,0.00,0.00,0.00,0.00,0.00,0.00,0.00,0.00,0.00,0.00,0.00,0.00,0.00,0.00,0.00,0.00,0.00,272578,471769,846560,281314,485048,859665,0,0,0,0,0,0,0,110017,0,137.22,137.27,137.29
927,1,0,0,0,93624,93624,93624,3655,3655,3655,591,591,591,0.00,0.00,0.00,0.00,0.00,0.00,0.00,0.00,0.00,0.00,0.00,0.00,0.00,0.00,0.00,0.00,0.00,0.00,0.00,0.00,0.00,293546,304548,327618,309269,318701,340723,0,0,0,0,0,0,0,99447,0,123.97,124.04,124.09
927,2,0,0,0,93619,93619,93619,3660,3660,3660,591,591,591,0.00,0.00,0.00,0.00,0.00,0.00,0.00,0.00,0.00,0.00,0.00,0.00,0.00,0.00,0.00,0.00,0.00,0.00,0.00,0.00,0.00,304023,510033,1305229,317134,524187,1318334,0,0,0,0,0,0,0,113306,0,125.53,125.64,125.74
927,3,0,0,0,93660,93660,93660,3619,3619,3619,591,591,591,0.00,0.00,0.00,0.00,0.00,0.00,0.00,0.00,0.00,0.00,0.00,0.00,0.00,0.00,0.00,0.00,0.00,0.00,0.00,0.00,0.00,293541,317658,411487,306653,331811,427213,0,0,0,0,0,0,0,126561,0,140.12,140.24,140.33
928,0,0,0,0,93656,93656,93656,3624,3624,3624,591,591,591,0.00,0.00,0.00,0.00,0.00,0.00,0.00,0.00,0.00,0.00,0.00,0.00,0.00,0.00,0.00,0.00,0.00,0.00,0.00,0.00,0.00,411464,711314,1700987,424590,725467,1716713,0,0,0,0,0,0,0,96311,0,137.23,137.26,137.30
928,1,0,0,0,93624,93624,93624,3655,3655,3655,591,591,591,0.00,0.00,0.00,0.00,0.00,0.00,0.00,0.00,0.00,0.00,0.00,0.00,0.00,0.00,0.00,0.00,0.00,0.00,0.00,0.00,0.00,157236,360005,579242,170340,373058,594968,0,0,0,0,0,0,0,86581,0,123.63,123.86,124.03
928,2,0,0,0,93619,93619,93619,3660,3660,3660,591,591,591,0.00,0.00,0.00,0.00,0.00,0.00,0.00,0.00,0.00,0.00,0.00,0.00,0.00,0.00,0.00,0.00,0.00,0.00,0.00,0.00,0.00,304031,452368,697173,317136,465997,710278,0,0,0,0,0,0,0,100855,0,125.50,125.63,125.72
928,3,0,0,0,93660,93660,93660,3619,3619,3619,591,591,591,0.00,0.00,0.00,0.00,0.00,0.00,0.00,0.00,0.00,0.00,0.00,0.00,0.00,0.00,0.00,0.00,0.00,0.00,0.00,0.00,0.00,293530,485446,975000,304013,498977,988105,0,0,0,0,0,0,0,84223,0,140.05,140.08,140.10
929,0,0,0,0,93656,93656,93656,3624,3624,3624,591,591,591,0.00,0.00,0.00,0.00,0.00,0.00,0.00,0.00,0.00,0.00,0.00,0.00,0.00,0.00,0.00,0.00,0.00,0.00,0.00,0.00,0.00,414108,503217,754827,427213,516322,773174,0,0,0,0,0,0,0,110032,0,137.21,137.25,137.29
929,1,0,0,0,93624,93624,93624,3655,3655,3655,591,591,591,0.00,0.00,0.00,0.00,0.00,0.00,0.00,0.00,0.00,0.00,0.00,0.00,0.00,0.00,0.00,0.00,0.00,0.00,0.00,0.00,0.00,301405,355128,508430,314509,368887,521534,0,0,0,0,0,0,0,99040,0,123.53,123.55,123.56
929,2,0,0,0,93619,93619,93619,3660,3660,3660,591,591,591,0.00,0.00,0.00,0.00,0.00,0.00,0.00,0.00,0.00,0.00,0.00,0.00,0.00,0.00,0.00,0.00,0.00,0.00,0.00,0.00,0.00,204109,364476,654602,214488,376909,668239,0,0,0,0,0,0,0,75482,0,125.57,125.64,125.75
929,3,0,0,0,93660,93660,93660,3619,3619,3619,591,591,591,0.00,0.00,0.00,0.00,0.00,0.00,0.00,0.00,0.00,0.00,0.00,0.00,0.00,0.00,0.00,0.00,0.00,0.00,0.00,0.00,0.00,195698,315605,469148,206182,328710,484874,0,0,0,0,0,0,0,112548,0,140.10,140.12,140.15
930,0,0,0,0,93656,93656,93656,3624,3624,3624,591,591,591,0.00,0.00,0.00,0.00,0.00,0.00,0.00,0.00,0.00,0.00,0.00,0.00,0.00,0.00,0.00,0.00,0.00,0.00,0.00,0.00,0.00,408866,525757,922561,424592,539910,935665,0,0,0,0,0,0,0,109966,0,137.13,137.17,137.20
930,1,0,0,0,93624,93624,93624,3655,3655,3655,591,591,591,0.00,0.00,0.00,0.00,0.00,0.00,0.00,0.00,0.00,0.00,0.00,0.00,0.00,0.00,0.00,0.00,0.00,0.00,0.00,0.00,0.00,296166,376365,547777,309270,389993,558260,0,0,0,0,0,0,0,98913,0,123.47,123.53,123.59
930,2,0,0,0,93619,93619,93619,3660,3660,3660,591,591,591,0.00,0.00,0.00,0.00,0.00,0.00,0.00,0.00,0.00,0.00,0.00,0.00,0.00,0.00,0.00,0.00,0.00,0.00,0.00,0.00,0.00,298788,378462,673581,311892,392615,689307,0,0,0,0,0,0,0,100853,0,125.61,125.67,125.75
930,3,0,0,0,93660,93660,93660,3619,3619,3619,591,591,591,0.00,0.00,0.00,0.00,0.00,0.00,0.00,0.00,0.00,0.00,0.00,0.00,0.00,0.00,0.00,0.00,0.00,0.00,0.00,0.00,0.00,293546,345441,456047,306651,359594,469152,0,0,0,0,0,0,0,112433,0,140.10,140.16,140.20
931,0,0,0,0,93656,93656,93656,3624,3624,3624,591,591,591,0.00,0.00,0.00,0.00,0.00,0.00,0.00,0.00,0.00,0.00,0.00,0.00,0.00,0.00,0.00,0.00,0.00,0.00,0.00,0.00,0.00,272577,515791,822931,283061,528895,836035,0,0,0,0,0,0,0,109901,0,137.06,137.08,137.13
931,1,0,0,0,93624,93624,93624,3655,3655,3655,591,591,591,0.00,0.00,0.00,0.00,0.00,0.00,0.00,0.00,0.00,0.00,0.00,0.00,0.00,0.00,0.00,0.00,0.00,0.00,0.00,0.00,0.00,296163,306123,324995,311889,320276,338100,0,0,0,0,0,0,0,98929,0,123.36,123.38,123.42
931,2,0,0,0,93619,93619,93619,3660,3660,3660,591,591,591,0.00,0.00,0.00,0.00,0.00,0.00,0.00,0.00,0.00,0.00,0.00,0.00,0.00,0.00,0.00,0.00,0.00,0.00,0.00,0.00,0.00,304026,574508,1341931,319751,588661,1355036,0,0,0,0,0,0,0,113309,0,125.58,125.69,125.75
931,3,0,0,0,93660,93660,93660,3619,3619,3619,591,591,591,0.00,0.00,0.00,0.00,0.00,0.00,0.00,0.00,0.00,0.00,0.00,0.00,0.00,0.00,0.00,0.00,0.00,0.00,0.00,0.00,0.00,290925,432976,988098,306634,446605,1001203,0,0,0,0,0,0,0,126767,0,140.05,140.10,140.20
932,0,0,0,0,93656,93656,93656,3624,3624,3624,591,591,591,0.00,0.00,0.00,0.00,0.00,0.00,0.00,0.00,0.00,0.00,0.00,0.00,0.00,0.00,0.00,0.00,0.00,0.00,0.00,0.00,0.00,401000,653661,1622372,416726,667814,1638098,0,0,0,0,0,0,0,123821,0,137.03,137.08,137.15
932,1,0,0,0,93624,93624,93624,3655,3655,3655,591,591,591,0.00,0.00,0.00,0.00,0.00,0.00,0.00,0.00,0.00,0.00,0.00,0.00,0.00,0.00,0.00,0.00,0.00,0.00,0.00,0.00,0.00,200936,392974,524160,211420,405997,537264,0,0,0,0,0,0,0,98741,0,123.33,123.38,123.40
932,2,0,0,0,93619,93619,93619,3660,3660,3660,591,591,591,0.00,0.00,0.00,0.00,0.00,0.00,0.00,0.00,0.00,0.00,0.00,0.00,0.00,0.00,0.00,0.00,0.00,0.00,0.00,0.00,0.00,301409,386851,684069,314514,401004,697174,0,0,0,0,0,0,0,100782,0,125.48,125.51,125.56
932,3,0,0,0,93660,93660,93660,3619,3619,3619,591,591,591,0.00,0.00,0.00,0.00,0.00,0.00,0.00,0.00,0.00,0.00,0.00,0.00,0.00,0.00,0.00,0.00,0.00,0.00,0.00,0.00,0.00,285649,375505,558263,298752,389619,573988,0,0,0,0,0,0,0,112352,0,139.99,140.12,140.22
933,0,0,0,0,93656,93656,93656,3624,3624,3624,591,591,591,0.00,0.00,0.00,0.00,0.00,0.00,0.00,0.00,0.00,0.00,0.00,0.00,0.00,0.00,0.00,0.00,0.00,0.00,0.00,0.00,0.00,408865,595995,891122,421970,609624,904227,0,0,0,0,0,0,0,110001,0,137.15,137.19,137.22
933,1,0,0,0,93624,93624,93624,3655,3655,3655,591,591,591,0.00,0.00,0.00,0.00,0.00,0.00,0.00,0.00,0.00,0.00,0.00,0.00,0.00,0.00,0.00,0.00,0.00,0.00,0.00,0.00,0.00,298783,361162,513702,311888,375315,526807,0,0,0,0,0,0,0,98919,0,123.34,123.41,123.48
933,2,0,0,0,93619,93619,93619,3660,3660,3660,591,591,591,0.00,0.00,0.00,0.00,0.00,0.00,0.00,0.00,0.00,0.00,0.00,0.00,0.00,0.00,0.00,0.00,0.00,0.00,0.00,0.00,0.00,199621,346981,620204,208152,359688,635645,0,0,0,0,0,0,0,100715,0,125.57,125.60,125.63
933,3,0,0,0,93660,93660,93660,3619,3619,3619,591,591,591,0.00,0.00,0.00,0.00,0.00,0.00,0.00,0.00,0.00,0.00,0.00,0.00,0.00,0.00,0.00,0.00,0.00,0.00,0.00,0.00,0.00,195699,298085,364312,206183,311190,382659,0,0,0,0,0,0,0,112528,0,139.99,140.05,140.12
934,0,0,0,0,93656,93656,93656,3624,3624,3624,591,591,591,0.00,0.00,0.00,0.00,0.00,0.00,0.00,0.00,0.00,0.00,0.00,0.00,0.00,0.00,0.00,0.00,0.00,0.00,0.00,0.00,0.00,408865,508460,870155,421969,522089,880638,0,0,0,0,0,0,0,109943,0,137.17,137.20,137.22
934,1,0,0,0,93624,93624,93624,3655,3655,3655,591,591,591,0.00,0.00,0.00,0.00,0.00,0.00,0.00,0.00,0.00,0.00,0.00,0.00,0.00,0.00,0.00,0.00,0.00,0.00,0.00,0.00,0.00,293528,416723,631641,309253,430352,647366,0,0,0,0,0,0,0,98878,0,123.37,123.38,123.39
934,2,0,0,0,93619,93619,93619,3660,3660,3660,591,591,591,0.00,0.00,0.00,0.00,0.00,0.00,0.00,0.00,0.00,0.00,0.00,0.00,0.00,0.00,0.00,0.00,0.00,0.00,0.00,0.00,0.00,304028,380558,663094,317134,394711,678819,0,0,0,0,0,0,0,113425,0,125.62,125.71,125.81
934,3,0,0,0,93660,93660,93660,3619,3619,3619,591,591,591,0.00,0.00,0.00,0.00,0.00,0.00,0.00,0.00,0.00,0.00,0.00,0.00,0.00,0.00,0.00,0.00,0.00,0.00,0.00,0.00,0.00,293545,317133,406242,306649,330762,419347,0,0,0,0,0,0,0,112550,0,140.12,140.17,140.21
936,0,0,0,0,93656,93656,93656,3624,3624,3624,591,591,591,0.00,0.00,0.00,0.00,0.00,0.00,0.00,0.00,0.00,0.00,0.00,0.00,0.00,0.00,0.00,0.00,0.00,0.00,0.00,0.00,0.00,276071,599705,1687885,286555,613392,1700990,0,0,0,0,0,0,0,233651,0,137.06,137.11,137.17
936,1,0,0,0,93624,93624,93624,3655,3655,3655,591,591,591,0.00,0.00,0.00,0.00,0.00,0.00,0.00,0.00,0.00,0.00,0.00,0.00,0.00,0.00,0.00,0.00,0.00,0.00,0.00,0.00,0.00,204433,348582,532053,213169,361784,547779,0,0,0,0,0,0,0,210256,0,123.41,123.48,123.53
936,2,0,0,0,93619,93619,93619,3660,3660,3660,591,591,591,0.00,0.00,0.00,0.00,0.00,0.00,0.00,0.00,0.00,0.00,0.00,0.00,0.00,0.00,0.00,0.00,0.00,0.00,0.00,0.00,0.00,304029,497972,1344519,317134,511950,1357623,0,0,0,0,0,0,0,201626,0,125.62,125.72,125.82
936,3,0,0,0,93660,93660,93660,3619,3619,3619,591,591,591,0.00,0.00,0.00,0.00,0.00,0.00,0.00,0.00,0.00,0.00,0.00,0.00,0.00,0.00,0.00,0.00,0.00,0.00,0.00,0.00,0.00,286797,439565,775786,299715,453523,791512,0,0,0,0,0,0,0,224614,0,139.97,140.01,140.07
937,0,0,0,0,93656,93656,93656,3624,3624,3624,591,591,591,0.00,0.00,0.00,0.00,0.00,0.00,0.00,0.00,0.00,0.00,0.00,0.00,0.00,0.00,0.00,0.00,0.00,0.00,0.00,0.00,0.00,408861,520516,906846,424586,534669,919950,0,0,0,0,0,0,0,110139,0,137.17,137.25,137.32
937,1,0,0,0,93624,93624,93624,3655,3655,3655,591,591,591,0.00,0.00,0.00,0.00,0.00,0.00,0.00,0.00,0.00,0.00,0.00,0.00,0.00,0.00,0.00,0.00,0.00,0.00,0.00,0.00,0.00,309266,408333,542534,322370,421962,555639,0,0,0,0,0,0,0,98984,0,123.42,123.46,123.53
937,2,0,0,0,93619,93619,93619,3660,3660,3660,591,591,591,0.00,0.00,0.00,0.00,0.00,0.00,0.00,0.00,0.00,0.00,0.00,0.00,0.00,0.00,0.00,0.00,0.00,0.00,0.00,0.00,0.00,298787,327569,426991,311891,340278,435634,0,0,0,0,0,0,0,100696,0,125.55,125.61,125.68
937,3,0,0,0,93660,93660,93660,3619,3619,3619,591,591,591,0.00,0.00,0.00,0.00,0.00,0.00,0.00,0.00,0.00,0.00,0.00,0.00,0.00,0.00,0.00,0.00,0.00,0.00,0.00,0.00,0.00,193952,283062,348585,202688,296341,361690,0,0,0,0,0,0,0,112542,0,139.94,140.00,140.08
938,0,0,0,0,93656,93656,93656,3624,3624,3624,591,591,591,0.00,0.00,0.00,0.00,0.00,0.00,0.00,0.00,0.00,0.00,0.00,0.00,0.00,0.00,0.00,0.00,0.00,0.00,0.00,0.00,0.00,411462,499543,830829,424566,513172,849176,0,0,0,0,0,0,0,109970,0,137.22,137.30,137.34
938,1,0,0,0,93624,93624,93624,3655,3655,3655,591,591,591,0.00,0.00,0.00,0.00,0.00,0.00,0.00,0.00,0.00,0.00,0.00,0.00,0.00,0.00,0.00,0.00,0.00,0.00,0.00,0.00,0.00,296164,368501,621161,309269,383179,634266,0,0,0,0,0,0,0,98973,0,123.46,123.50,123.53
938,2,0,0,0,93619,93619,93619,3660,3660,3660,591,591,591,0.00,0.00,0.00,0.00,0.00,0.00,0.00,0.00,0.00,0.00,0.00,0.00,0.00,0.00,0.00,0.00,0.00,0.00,0.00,0.00,0.00,301404,587085,1305225,314508,601237,1318330,0,0,0,0,0,0,0,113358,0,125.60,125.63,125.65
938,3,0,0,0,93660,93660,93660,3619,3619,3619,591,591,591,0.00,0.00,0.00,0.00,0.00,0.00,0.00,0.00,0.00,0.00,0.00,0.00,0.00,0.00,0.00,0.00,0.00,0.00,0.00,0.00,0.00,293544,315557,395764,306650,329710,408869,0,0,0,0,0,0,0,126677,0,140.13,140.21,140.30
939,0,0,0,0,93656,93656,93656,3624,3624,3624,591,591,591,0.00,0.00,0.00,0.00,0.00,0.00,0.00,0.00,0.00,0.00,0.00,0.00,0.00,0.00,0.00,0.00,0.00,0.00,0.00,0.00,0.00,272577,430355,652602,281314,443111,668327,0,0,0,0,0,0,0,123629,0,137.09,137.16,137.21
939,1,0,0,0,93624,93624,93624,3655,3655,3655,591,591,591,0.00,0.00,0.00,0.00,0.00,0.00,0.00,0.00,0.00,0.00,0.00,0.00,0.00,0.00,0.00,0.00,0.00,0.00,0.00,0.00,0.00,296165,407813,532049,306649,421441,545154,0,0,0,0,0,0,0,111261,0,123.49,123.51,123.54
939,2,0,0,0,93619,93619,93619,3660,3660,3660,591,591,591,0.00,0.00,0.00,0.00,0.00,0.00,0.00,0.00,0.00,0.00,0.00,0.00,0.00,0.00,0.00,0.00,0.00,0.00,0.00,0.00,0.00,304029,366930,610679,317132,381083,626405,0,0,0,0,0,0,0,100787,0,125.59,125.65,125.71
939,3,0,0,0,93660,93660,93660,3619,3619,3619,591,591,591,0.00,0.00,0.00,0.00,0.00,0.00,0.00,0.00,0.00,0.00,0.00,0.00,0.00,0.00,0.00,0.00,0.00,0.00,0.00,0.00,0.00,290927,522094,878020,304032,535723,891125,0,0,0,0,0,0,0,112394,0,140.20,140.30,140.35
940,0,0,0,0,93656,93656,93656,3624,3624,3624,591,591,591,0.00,0.00,0.00,0.00,0.00,0.00,0.00,0.00,0.00,0.00,0.00,0.00,0.00,0.00,0.00,0.00,0.00,0.00,0.00,0.00,0.00,403625,740673,1724576,419351,754826,1740302,0,0,0,0,0,0,0,109978,0,137.06,137.11,137.17
940,1,0,0,0,93624,93624,93624,3655,3655,3655,591,591,591,0.00,0.00,0.00,0.00,0.00,0.00,0.00,0.00,0.00,0.00,0.00,0.00,0.00,0.00,0.00,0.00,0.00,0.00,0.00,0.00,0.00,199189,323944,505842,207926,337224,521568,0,0,0,0,0,0,0,99102,0,123.49,123.58,123.66
940,2,0,0,0,93619,93619,93619,3660,3660,3660,591,591,591,0.00,0.00,0.00,0.00,0.00,0.00,0.00,0.00,0.00,0.00,0.00,0.00,0.00,0.00,0.00,0.00,0.00,0.00,0.00,0.00,0.00,301407,451326,699790,317133,465478,712894,0,0,0,0,0,0,0,100875,0,125.72,125.77,125.86
940,3,0,0,0,93660,93660,93660,3619,3619,3619,591,591,591,0.00,0.00,0.00,0.00,0.00,0.00,0.00,0.00,0.00,0.00,0.00,0.00,0.00,0.00,0.00,0.00,0.00,0.00,0.00,0.00,0.00,197444,307874,456047,207927,320978,469152,0,0,0,0,0,0,0,112601,0,140.12,140.15,140.20
941,0,0,0,0,93656,93656,93656,3624,3624,3624,591,591,591,0.00,0.00,0.00,0.00,0.00,0.00,0.00,0.00,0.00,0.00,0.00,0.00,0.00,0.00,0.00,0.00,0.00,0.00,0.00,0.00,0.00,414083,526802,954013,429808,540954,967118,0,0,0,0,0,0,0,109933,0,137.13,137.16,137.20
941,1,0,0,0,93624,93624,93624,3655,3655,3655,591,591,591,0.00,0.00,0.00,0.00,0.00,0.00,0.00,0.00,0.00,0.00,0.00,0.00,0.00,0.00,0.00,0.00,0.00,0.00,0.00,0.00,0.00,298785,374267,566122,311890,387896,579226,0,0,0,0,0,0,0,99023,0,123.59,123.63,123.64
941,2,0,0,0,93619,93619,93619,3660,3660,3660,591,591,591,0.00,0.00,0.00,0.00,0.00,0.00,0.00,0.00,0.00,0.00,0.00,0.00,0.00,0.00,0.00,0.00,0.00,0.00,0.00,0.00,0.00,204100,363687,710274,211019,376605,723379,0,0,0,0,0,0,0,100664,0,125.58,125.66,125.77
941,3,0,0,0,93660,93660,93660,3619,3619,3619,591,591,591,0.00,0.00,0.00,0.00,0.00,0.00,0.00,0.00,0.00,0.00,0.00,0.00,0.00,0.00,0.00,0.00,0.00,0.00,0.00,0.00,0.00,288289,323421,387901,301393,337573,401005,0,0,0,0,0,0,0,112540,0,140.09,140.12,140.16
942,0,0,0,0,93656,93656,93656,3624,3624,3624,591,591,591,0.00,0.00,0.00,0.00,0.00,0.00,0.00,0.00,0.00,0.00,0.00,0.00,0.00,0.00,0.00,0.00,0.00,0.00,0.00,0.00,0.00,284808,513004,843942,293544,526283,857046,0,0,0,0,0,0,0,109901,0,137.10,137.12,137.14
942,1,0,0,0,93624,93624,93624,3655,3655,3655,591,591,591,0.00,0.00,0.00,0.00,0.00,0.00,0.00,0.00,0.00,0.00,0.00,0.00,0.00,0.00,0.00,0.00,0.00,0.00,0.00,0.00,0.00,293525,302451,322376,306647,316604,338101,0,0,0,0,0,0,0,99028,0,123.47,123.52,123.58
942,2,0,0,0,93619,93619,93619,3660,3660,3660,591,591,591,0.00,0.00,0.00,0.00,0.00,0.00,0.00,0.00,0.00,0.00,0.00,0.00,0.00,0.00,0.00,0.00,0.00,0.00,0.00,0.00,0.00,309272,573985,1142733,319755,588138,1158459,0,0,0,0,0,0,0,100722,0,125.57,125.60,125.65
942,3,0,0,0,93660,93660,93660,3619,3619,3619,591,591,591,0.00,0.00,0.00,0.00,0.00,0.00,0.00,0.00,0.00,0.00,0.00,0.00,0.00,0.00,0.00,0.00,0.00,0.00,0.00,0.00,0.00,290922,436125,985482,304027,449754,1001207,0,0,0,0,0,0,0,126595,0,140.05,140.09,140.12
943,0,0,0,0,93656,93656,93656,3624,3624,3624,591,591,591,0.00,0.00,0.00,0.00,0.00,0.00,0.00,0.00,0.00,0.00,0.00,0.00,0.00,0.00,0.00,0.00,0.00,0.00,0.00,0.00,0.00,406223,665711,1669532,416725,679340,1685258,0,0,0,0,0,0,0,96277,0,137.15,137.19,137.24
943,1,0,0,0,93624,93624,93624,3655,3655,3655,591,591,591,0.00,0.00,0.00,0.00,0.00,0.00,0.00,0.00,0.00,0.00,0.00,0.00,0.00,0.00,0.00,0.00,0.00,0.00,0.00,0.00,0.00,301407,409912,547774,317133,424065,560879,0,0,0,0,0,0,0,74222,0,123.54,123.57,123.60
943,2,0,0,0,93619,93619,93619,3660,3660,3660,591,591,591,0.00,0.00,0.00,0.00,0.00,0.00,0.00,0.00,0.00,0.00,0.00,0.00,0.00,0.00,0.00,0.00,0.00,0.00,0.00,0.00,0.00,306644,384750,686689,319748,398378,699794,0,0,0,0,0,0,0,100819,0,125.65,125.69,125.70
943,3,0,0,0,93660,93660,93660,3619,3619,3619,591,591,591,0.00,0.00,0.00,0.00,0.00,0.00,0.00,0.00,0.00,0.00,0.00,0.00,0.00,0.00,0.00,0.00,0.00,0.00,0.00,0.00,0.00,285686,386846,579231,298791,400999,592336,0,0,0,0,0,0,0,84308,0,140.01,140.04,140.06
944,0,0,0,0,93656,93656,93656,3624,3624,3624,591,591,591,0.00,0.00,0.00,0.00,0.00,0.00,0.00,0.00,0.00,0.00,0.00,0.00,0.00,0.00,0.00,0.00,0.00,0.00,0.00,0.00,0.00,411487,587085,927807,424592,600715,938291,0,0,0,0,0,0,0,109967,0,137.18,137.20,137.22
944,1,0,0,0,93624,93624,93624,3655,3655,3655,591,591,591,0.00,0.00,0.00,0.00,0.00,0.00,0.00,0.00,0.00,0.00,0.00,0.00,0.00,0.00,0.00,0.00,0.00,0.00,0.00,0.00,0.00,304026,367449,513703,319751,381077,526807,0,0,0,0,0,0,0,99022,0,123.54,123.57,123.59
944,2,0,0,0,93619,93619,93619,3660,3660,3660,591,591,591,0.00,0.00,0.00,0.00,0.00,0.00,0.00,0.00,0.00,0.00,0.00,0.00,0.00,0.00,0.00,0.00,0.00,0.00,0.00,0.00,0.00,301410,366931,576609,314515,380560,589714,0,0,0,0,0,0,0,75562,0,125.52,125.60,125.65
944,3,0,0,0,93660,93660,93660,3619,3619,3619,591,591,591,0.00,0.00,0.00,0.00,0.00,0.00,0.00,0.00,0.00,0.00,0.00,0.00,0.00,0.00,0.00,0.00,0.00,0.00,0.00,0.00,0.00,293545,330763,463905,306650,344391,479630,0,0,0,0,0,0,0,112418,0,139.96,139.99,140.01
945,0,0,0,0,93656,93656,93656,3624,3624,3624,591,591,591,0.00,0.00,0.00,0.00,0.00,0.00,0.00,0.00,0.00,0.00,0.00,0.00,0.00,0.00,0.00,0.00,0.00,0.00,0.00,0.00,0.00,408843,506357,825586,424568,521034,841312,0,0,0,0,0,0,0,109923,0,137.10,137.12,137.15
945,1,0,0,0,93624,93624,93624,3655,3655,3655,591,591,591,0.00,0.00,0.00,0.00,0.00,0.00,0.00,0.00,0.00,0.00,0.00,0.00,0.00,0.00,0.00,0.00,0.00,0.00,0.00,0.00,0.00,290923,348058,547769,306648,362211,563494,0,0,0,0,0,0,0,98950,0,123.47,123.51,123.54
945,2,0,0,0,93619,93619,93619,3660,3660,3660,591,591,591,0.00,0.00,0.00,0.00,0.00,0.00,0.00,0.00,0.00,0.00,0.00,0.00,0.00,0.00,0.00,0.00,0.00,0.00,0.00,0.00,0.00,304028,374314,634271,319717,388416,647376,0,0,0,0,0,0,0,100663,0,125.44,125.46,125.53
945,3,0,0,0,93660,93660,93660,3619,3619,3619,591,591,591,0.00,0.00,0.00,0.00,0.00,0.00,0.00,0.00,0.00,0.00,0.00,0.00,0.00,0.00,0.00,0.00,0.00,0.00,0.00,0.00,0.00,290924,318706,406245,304029,332859,416729,0,0,0,0,0,0,0,112543,0,140.00,140.05,140.11
946,0,0,0,0,93656,93656,93656,3624,3624,3624,591,591,591,0.00,0.00,0.00,0.00,0.00,0.00,0.00,0.00,0.00,0.00,0.00,0.00,0.00,0.00,0.00,0.00,0.00,0.00,0.00,0.00,0.00,398386,459272,666146,414105,472308,678907,0,0,0,0,0,0,0,109960,0,137.07,137.10,137.13
946,1,0,0,0,93624,93624,93624,3655,3655,3655,591,591,591,0.00,0.00,0.00,0.00,0.00,0.00,0.00,0.00,0.00,0.00,0.00,0.00,0.00,0.00,0.00,0.00,0.00,0.00,0.00,0.00,0.00,293544,366405,529429,306649,380033,542534,0,0,0,0,0,0,0,111297,0,123.41,123.48,123.52
946,2,0,0,0,93619,93619,93619,3660,3660,3660,591,591,591,0.00,0.00,0.00,0.00,0.00,0.00,0.00,0.00,0.00,0.00,0.00,0.00,0.00,0.00,0.00,0.00,0.00,0.00,0.00,0.00,0.00,306649,512649,985463,319754,526802,998568,0,0,0,0,0,0,0,100691,0,125.52,125.55,125.60
946,3,0,0,0,93660,93660,93660,3619,3619,3619,591,591,591,0.00,0.00,0.00,0.00,0.00,0.00,0.00,0.00,0.00,0.00,0.00,0.00,0.00,0.00,0.00,0.00,0.00,0.00,0.00,0.00,0.00,65524,428259,893744,78629,441888,909470,0,0,0,0,0,0,0,126570,0,140.03,140.09,140.14
947,0,0,0,0,93656,93656,93656,3624,3624,3624,591,591,591,0.00,0.00,0.00,0.00,0.00,0.00,0.00,0.00,0.00,0.00,0.00,0.00,0.00,0.00,0.00,0.00,0.00,0.00,0.00,0.00,0.00,372170,667812,1323570,385275,681965,1336675,0,0,0,0,0,0,0,123708,0,137.12,137.15,137.18
947,1,0,0,0,93624,93624,93624,3655,3655,3655,591,591,591,0.00,0.00,0.00,0.00,0.00,0.00,0.00,0.00,0.00,0.00,0.00,0.00,0.00,0.00,0.00,0.00,0.00,0.00,0.00,0.00,0.00,162487,274116,343342,178212,288267,356447,0,0,0,0,0,0,0,98980,0,123.47,123.53,123.60
947,2,0,0,0,93619,93619,93619,3660,3660,3660,591,591,591,0.00,0.00,0.00,0.00,0.00,0.00,0.00,0.00,0.00,0.00,0.00,0.00,0.00,0.00,0.00,0.00,0.00,0.00,0.00,0.00,0.00,306650,382132,676201,319755,395761,689305,0,0,0,0,0,0,0,100773,0,125.57,125.60,125.62
947,3,0,0,0,93660,93660,93660,3619,3619,3619,591,591,591,0.00,0.00,0.00,0.00,0.00,0.00,0.00,0.00,0.00,0.00,0.00,0.00,0.00,0.00,0.00,0.00,0.00,0.00,0.00,0.00,0.00,290927,335482,466528,304036,349635,482254,0,0,0,0,0,0,0,112248,0,139.88,139.97,140.05
948,0,0,0,0,93656,93656,93656,3624,3624,3624,591,591,591,0.00,0.00,0.00,0.00,0.00,0.00,0.00,0.00,0.00,0.00,0.00,0.00,0.00,0.00,0.00,0.00,0.00,0.00,0.00,0.00,0.00,408842,518940,927818,421945,533093,940923,0,0,0,0,0,0,0,109896,0,137.11,137.14,137.16
948,1,0,0,0,93624,93624,93624,3655,3655,3655,591,591,591,0.00,0.00,0.00,0.00,0.00,0.00,0.00,0.00,0.00,0.00,0.00,0.00,0.00,0.00,0.00,0.00,0.00,0.00,0.00,0.00,0.00,306649,427905,543162,322375,441526,556219,0,0,0,0,0,0,0,99040,0,123.54,123.55,123.57
948,2,0,0,0,93619,93619,93619,3660,3660,3660,591,591,591,0.00,0.00,0.00,0.00,0.00,0.00,0.00,0.00,0.00,0.00,0.00,0.00,0.00,0.00,0.00,0.00,0.00,0.00,0.00,0.00,0.00,293399,374760,663094,308575,388803,678820,0,0,0,0,0,0,0,100592,0,125.48,125.55,125.60
948,3,0,0,0,93660,93660,93660,3619,3619,3619,591,591,591,0.00,0.00,0.00,0.00,0.00,0.00,0.00,0.00,0.00,0.00,0.00,0.00,0.00,0.00,0.00,0.00,0.00,0.00,0.00,0.00,0.00,290910,309267,369548,304030,323420,382653,0,0,0,0,0,0,0,112267,0,139.81,139.84,139.88
949,0,0,0,0,93656,93656,93656,3624,3624,3624,591,591,591,0.00,0.00,0.00,0.00,0.00,0.00,0.00,0.00,0.00,0.00,0.00,0.00,0.00,0.00,0.00,0.00,0.00,0.00,0.00,0.00,0.00,403625,505315,862289,419351,519468,875394,0,0,0,0,0,0,0,109955,0,137.12,137.16,137.19
949,1,0,0,0,93624,93624,93624,3655,3655,3655,591,591,591,0.00,0.00,0.00,0.00,0.00,0.00,0.00,0.00,0.00,0.00,0.00,0.00,0.00,0.00,0.00,0.00,0.00,0.00,0.00,0.00,0.00,296166,369384,623781,309271,383528,636886,0,0,0,0,0,0,0,98954,0,123.47,123.50,123.55
949,2,0,0,0,93619,93619,93619,3660,3660,3660,591,591,591,0.00,0.00,0.00,0.00,0.00,0.00,0.00,0.00,0.00,0.00,0.00,0.00,0.00,0.00,0.00,0.00,0.00,0.00,0.00,0.00,0.00,304314,573292,1292124,317661,586922,1305229,0,0,0,0,0,0,0,113250,0,125.50,125.53,125.59
949,3,0,0,0,93660,93660,93660,3619,3619,3619,591,591,591,0.00,0.00,0.00,0.00,0.00,0.00,0.00,0.00,0.00,0.00,0.00,0.00,0.00,0.00,0.00,0.00,0.00,0.00,0.00,0.00,0.00,290921,312416,385279,304025,326045,401005,0,0,0,0,0,0,0,126398,0,139.86,139.93,140.00
950,0,0,0,0,93656,93656,93656,3624,3624,3624,591,591,591,0.00,0.00,0.00,0.00,0.00,0.00,0.00,0.00,0.00,0.00,0.00,0.00,0.00,0.00,0.00,0.00,0.00,0.00,0.00,0.00,0.00,397411,473783,684440,413414,487508,697354,0,0,0,0,0,0,0,82451,0,137.17,137.20,137.23
950,1,0,0,0,93624,93624,93624,3655,3655,3655,591,591,591,0.00,0.00,0.00,0.00,0.00,0.00,0.00,0.00,0.00,0.00,0.00,0.00,0.00,0.00,0.00,0.00,0.00,0.00,0.00,0.00,0.00,159877,341030,608057,172981,353712,616794,0,0,0,0,0,0,0,86555,0,123.44,123.45,123.47
950,2,0,0,0,93619,93619,93619,3660,3660,3660,591,591,591,0.00,0.00,0.00,0.00,0.00,0.00,0.00,0.00,0.00,0.00,0.00,0.00,0.00,0.00,0.00,0.00,0.00,0.00,0.00,0.00,0.00,306643,398381,673583,319747,412141,689308,0,0,0,0,0,0,0,100609,0,125.50,125.51,125.53
950,3,0,0,0,93660,93660,93660,3619,3619,3619,591,591,591,0.00,0.00,0.00,0.00,0.00,0.00,0.00,0.00,0.00,0.00,0.00,0.00,0.00,0.00,0.00,0.00,0.00,0.00,0.00,0.00,0.00,301409,580536,799386,314514,594296,815112,0,0,0,0,0,0,0,84226,0,139.91,139.97,140.03
951,0,0,0,0,93656,93656,93656,3624,3624,3624,591,591,591,0.00,0.00,0.00,0.00,0.00,0.00,0.00,0.00,0.00,0.00,0.00,0.00,0.00,0.00,0.00,0.00,0.00,0.00,0.00,0.00,0.00,406224,748006,1727184,419328,762159,1740288,0,0,0,0,0,0,0,109978,0,137.19,137.21,137.25
951,1,0,0,0,93624,93624,93624,3655,3655,3655,591,591,591,0.00,0.00,0.00,0.00,0.00,0.00,0.00,0.00,0.00,0.00,0.00,0.00,0.00,0.00,0.00,0.00,0.00,0.00,0.00,0.00,0.00,301406,355176,484871,314511,369320,500596,0,0,0,0,0,0,0,98972,0,123.49,123.54,123.59
951,2,0,0,0,93619,93619,93619,3660,3660,3660,591,591,591,0.00,0.00,0.00,0.00,0.00,0.00,0.00,0.00,0.00,0.00,0.00,0.00,0.00,0.00,0.00,0.00,0.00,0.00,0.00,0.00,0.00,304029,385792,689257,319752,399944,704982,0,0,0,0,0,0,0,75536,0,125.45,125.46,125.50
951,3,0,0,0,93660,93660,93660,3619,3619,3619,591,591,591,0.00,0.00,0.00,0.00,0.00,0.00,0.00,0.00,0.00,0.00,0.00,0.00,0.00,0.00,0.00,0.00,0.00,0.00,0.00,0.00,0.00,283064,297563,314511,293548,310143,327616,0,0,0,0,0,0,0,112550,0,140.00,140.10,140.15
952,0,0,0,0,93656,93656,93656,3624,3624,3624,591,591,591,0.00,0.00,0.00,0.00,0.00,0.00,0.00,0.00,0.00,0.00,0.00,0.00,0.00,0.00,0.00,0.00,0.00,0.00,0.00,0.00,0.00,403619,524184,954014,416724,537813,972361,0,0,0,0,0,0,0,110050,0,137.20,137.24,137.27
952,1,0,0,0,93624,93624,93624,3655,3655,3655,591,591,591,0.00,0.00,0.00,0.00,0.00,0.00,0.00,0.00,0.00,0.00,0.00,0.00,0.00,0.00,0.00,0.00,0.00,0.00,0.00,0.00,0.00,306648,364137,511083,319752,377758,524188,0,0,0,0,0,0,0,98958,0,123.48,123.52,123.57
952,2,0,0,0,93619,93619,93619,3660,3660,3660,591,591,591,0.00,0.00,0.00,0.00,0.00,0.00,0.00,0.00,0.00,0.00,0.00,0.00,0.00,0.00,0.00,0.00,0.00,0.00,0.00,0.00,0.00,206176,415143,637702,216659,427684,650611,0,0,0,0,0,0,0,100716,0,125.53,125.56,125.60
952,3,0,0,0,93660,93660,93660,3619,3619,3619,591,591,591,0.00,0.00,0.00,0.00,0.00,0.00,0.00,0.00,0.00,0.00,0.00,0.00,0.00,0.00,0.00,0.00,0.00,0.00,0.00,0.00,0.00,293543,310319,361691,309272,324472,374795,0,0,0,0,0,0,0,112575,0,140.02,140.08,140.12
953,0,0,0,0,93656,93656,93656,3624,3624,3624,591,591,591,0.00,0.00,0.00,0.00,0.00,0.00,0.00,0.00,0.00,0.00,0.00,0.00,0.00,0.00,0.00,0.00,0.00,0.00,0.00,0.00,0.00,403621,497971,838695,419346,512124,849179,0,0,0,0,0,0,0,109937,0,137.12,137.15,137.21
953,1,0,0,0,93624,93624,93624,3655,3655,3655,591,591,591,0.00,0.00,0.00,0.00,0.00,0.00,0.00,0.00,0.00,0.00,0.00,0.00,0.00,0.00,0.00,0.00,0.00,0.00,0.00,0.00,0.00,296165,352597,568743,309270,366741,584469,0,0,0,0,0,0,0,98952,0,123.49,123.51,123.53
953,2,0,0,0,93619,93619,93619,3660,3660,3660,591,591,591,0.00,0.00,0.00,0.00,0.00,0.00,0.00,0.00,0.00,0.00,0.00,0.00,0.00,0.00,0.00,0.00,0.00,0.00,0.00,0.00,0.00,297967,516983,1333987,313379,531651,1349712,0,0,0,0,0,0,0,113334,0,125.57,125.59,125.62
953,3,0,0,0,93660,93660,93660,3619,3619,3619,591,591,591,0.00,0.00,0.00,0.00,0.00,0.00,0.00,0.00,0.00,0.00,0.00,0.00,0.00,0.00,0.00,0.00,0.00,0.00,0.00,0.00,0.00,293545,382126,594920,306650,396279,608024,0,0,0,0,0,0,0,126549,0,140.10,140.15,140.17
954,0,0,0,0,93656,93656,93656,3624,3624,3624,591,591,591,0.00,0.00,0.00,0.00,0.00,0.00,0.00,0.00,0.00,0.00,0.00,0.00,0.00,0.00,0.00,0.00,0.00,0.00,0.00,0.00,0.00,260324,679118,1624981,269060,691821,1638086,0,0,0,0,0,0,0,123836,0,137.14,137.20,137.29
954,1,0,0,0,93624,93624,93624,3655,3655,3655,591,591,591,0.00,0.00,0.00,0.00,0.00,0.00,0.00,0.00,0.00,0.00,0.00,0.00,0.00,0.00,0.00,0.00,0.00,0.00,0.00,0.00,0.00,297873,387184,526800,313550,401327,539905,0,0,0,0,0,0,0,111210,0,123.57,123.59,123.60
954,2,0,0,0,93619,93619,93619,3660,3660,3660,591,591,591,0.00,0.00,0.00,0.00,0.00,0.00,0.00,0.00,0.00,0.00,0.00,0.00,0.00,0.00,0.00,0.00,0.00,0.00,0.00,0.00,0.00,304030,447658,702414,319755,461287,718140,0,0,0,0,0,0,0,100772,0,125.56,125.60,125.67
954,3,0,0,0,93660,93660,93660,3619,3619,3619,591,591,591,0.00,0.00,0.00,0.00,0.00,0.00,0.00,0.00,0.00,0.00,0.00,0.00,0.00,0.00,0.00,0.00,0.00,0.00,0.00,0.00,0.00,288304,461020,846577,299923,474620,859682,0,0,0,0,0,0,0,112440,0,140.01,140.10,140.17
955,0,0,0,0,93656,93656,93656,3624,3624,3624,591,591,591,0.00,0.00,0.00,0.00,0.00,0.00,0.00,0.00,0.00,0.00,0.00,0.00,0.00,0.00,0.00,0.00,0.00,0.00,0.00,0.00,0.00,408865,495353,825584,421970,508982,841309,0,0,0,0,0,0,0,110057,0,137.24,137.28,137.31
955,1,0,0,0,93624,93624,93624,3655,3655,3655,591,591,591,0.00,0.00,0.00,0.00,0.00,0.00,0.00,0.00,0.00,0.00,0.00,0.00,0.00,0.00,0.00,0.00,0.00,0.00,0.00,0.00,0.00,303132,330898,390358,318812,343455,400768,0,0,0,0,0,0,0,98896,0,123.40,123.44,123.48
955,2,0,0,0,93619,93619,93619,3660,3660,3660,591,591,591,0.00,0.00,0.00,0.00,0.00,0.00,0.00,0.00,0.00,0.00,0.00,0.00,0.00,0.00,0.00,0.00,0.00,0.00,0.00,0.00,0.00,306649,370600,623784,319753,384229,636889,0,0,0,0,0,0,0,100814,0,125.66,125.72,125.75
955,3,0,0,0,93660,93660,93660,3619,3619,3619,591,591,591,0.00,0.00,0.00,0.00,0.00,0.00,0.00,0.00,0.00,0.00,0.00,0.00,0.00,0.00,0.00,0.00,0.00,0.00,0.00,0.00,0.00,199191,343869,484883,209675,357498,497988,0,0,0,0,0,0,0,112589,0,140.03,140.13,140.22
956,0,0,0,0,93656,93656,93656,3624,3624,3624,591,591,591,0.00,0.00,0.00,0.00,0.00,0.00,0.00,0.00,0.00,0.00,0.00,0.00,0.00,0.00,0.00,0.00,0.00,0.00,0.00,0.00,0.00,421972,612237,935618,435077,626390,951342,0,0,0,0,0,0,0,110048,0,137.24,137.27,137.29
956,1,0,0,0,93624,93624,93624,3655,3655,3655,591,591,591,0.00,0.00,0.00,0.00,0.00,0.00,0.00,0.00,0.00,0.00,0.00,0.00,0.00,0.00,0.00,0.00,0.00,0.00,0.00,0.00,0.00,294000,351549,542528,307009,365695,555632,0,0,0,0,0,0,0,98976,0,123.44,123.49,123.55
956,2,0,0,0,93619,93619,93619,3660,3660,3660,591,591,591,0.00,0.00,0.00,0.00,0.00,0.00,0.00,0.00,0.00,0.00,0.00,0.00,0.00,0.00,0.00,0.00,0.00,0.00,0.00,0.00,0.00,202152,356386,644753,210790,369589,655237,0,0,0,0,0,0,0,100699,0,125.61,125.65,125.72
956,3,0,0,0,93660,93660,93660,3619,3619,3619,591,591,591,0.00,0.00,0.00,0.00,0.00,0.00,0.00,0.00,0.00,0.00,0.00,0.00,0.00,0.00,0.00,0.00,0.00,0.00,0.00,0.00,0.00,285665,316081,411487,301390,329710,427213,0,0,0,0,0,0,0,112643,0,140.22,140.27,140.31
957,0,0,0,0,93656,93656,93656,3624,3624,3624,591,591,591,0.00,0.00,0.00,0.00,0.00,0.00,0.00,0.00,0.00,0.00,0.00,0.00,0.00,0.00,0.00,0.00,0.00,0.00,0.00,0.00,0.00,406242,454994,644752,419348,469147,657857,0,0,0,0,0,0,0,110024,0,137.25,137.27,137.29
957,1,0,0,0,93624,93624,93624,3655,3655,3655,591,591,591,0.00,0.00,0.00,0.00,0.00,0.00,0.00,0.00,0.00,0.00,0.00,0.00,0.00,0.00,0.00,0.00,0.00,0.00,0.00,0.00,0.00,298785,419110,621100,311890,433255,636891,0,0,0,0,0,0,0,111416,0,123.48,123.52,123.53
957,2,0,0,0,93619,93619,93619,3660,3660,3660,591,591,591,0.00,0.00,0.00,0.00,0.00,0.00,0.00,0.00,0.00,0.00,0.00,0.00,0.00,0.00,0.00,0.00,0.00,0.00,0.00,0.00,0.00,298990,574027,1320962,315007,588238,1334067,0,0,0,0,0,0,0,100640,0,125.50,125.54,125.60
957,3,0,0,0,93660,93660,93660,3619,3619,3619,591,591,591,0.00,0.00,0.00,0.00,0.00,0.00,0.00,0.00,0.00,0.00,0.00,0.00,0.00,0.00,0.00,0.00,0.00,0.00,0.00,0.00,0.00,288305,521044,804633,301410,535198,817738,0,0,0,0,0,0,0,98465,0,140.17,140.22,140.29
958,0,0,0,0,93656,93656,93656,3624,3624,3624,591,591,591,0.00,0.00,0.00,0.00,0.00,0.00,0.00,0.00,0.00,0.00,0.00,0.00,0.00,0.00,0.00,0.00,0.00,0.00,0.00,0.00,0.00,270426,693334,1664209,280827,705762,1677313,0,0,0,0,0,0,0,96355,0,137.21,137.25,137.27
958,1,0,0,0,93624,93624,93624,3655,3655,3655,591,591,591,0.00,0.00,0.00,0.00,0.00,0.00,0.00,0.00,0.00,0.00,0.00,0.00,0.00,0.00,0.00,0.00,0.00,0.00,0.00,0.00,0.00,296162,342560,408867,309266,356312,424593,0,0,0,0,0,0,0,74192,0,123.52,123.54,123.58
958,2,0,0,0,93619,93619,93619,3660,3660,3660,591,591,591,0.00,0.00,0.00,0.00,0.00,0.00,0.00,0.00,0.00,0.00,0.00,0.00,0.00,0.00,0.00,0.00,0.00,0.00,0.00,0.00,0.00,306650,404924,686648,319755,418683,699752,0,0,0,0,0,0,0,75481,0,125.52,125.54,125.56
958,3,0,0,0,93660,93660,93660,3619,3619,3619,591,591,591,0.00,0.00,0.00,0.00,0.00,0.00,0.00,0.00,0.00,0.00,0.00,0.00,0.00,0.00,0.00,0.00,0.00,0.00,0.00,0.00,0.00,290925,340069,482262,304030,353725,497572,0,0,0,0,0,0,0,112516,0,140.16,140.20,140.26
959,0,0,0,0,93656,93656,93656,3624,3624,3624,591,591,591,0.00,0.00,0.00,0.00,0.00,0.00,0.00,0.00,0.00,0.00,0.00,0.00,0.00,0.00,0.00,0.00,0.00,0.00,0.00,0.00,0.00,411482,648418,1176806,424587,662571,1192531,0,0,0,0,0,0,0,109985,0,137.15,137.18,137.20
959,1,0,0,0,93624,93624,93624,3655,3655,3655,591,591,591,0.00,0.00,0.00,0.00,0.00,0.00,0.00,0.00,0.00,0.00,0.00,0.00,0.00,0.00,0.00,0.00,0.00,0.00,0.00,0.00,0.00,298565,326014,387878,311660,338593,400982,0,0,0,0,0,0,0,98984,0,123.47,123.51,123.57
959,2,0,0,0,93619,93619,93619,3660,3660,3660,591,591,591,0.00,0.00,0.00,0.00,0.00,0.00,0.00,0.00,0.00,0.00,0.00,0.00,0.00,0.00,0.00,0.00,0.00,0.00,0.00,0.00,0.00,298787,371647,642127,314512,385800,655232,0,0,0,0,0,0,0,100847,0,125.49,125.55,125.64
959,3,0,0,0,93660,93660,93660,3619,3619,3619,591,591,591,0.00,0.00,0.00,0.00,0.00,0.00,0.00,0.00,0.00,0.00,0.00,0.00,0.00,0.00,0.00,0.00,0.00,0.00,0.00,0.00,0.00,197445,291621,343346,207929,304725,356451,0,0,0,0,0,0,0,112506,0,140.12,140.23,140.29
960,0,0,0,0,93656,93656,93656,3624,3624,3624,591,591,591,0.00,0.00,0.00,0.00,0.00,0.00,0.00,0.00,0.00,0.00,0.00,0.00,0.00,0.00,0.00,0.00,0.00,0.00,0.00,0.00,0.00,408867,482774,715513,424593,496927,728617,0,0,0,0,0,0,0,110123,0,137.19,137.25,137.31
960,1,0,0,0,93624,93624,93624,3655,3655,3655,591,591,591,0.00,0.00,0.00,0.00,0.00,0.00,0.00,0.00,0.00,0.00,0.00,0.00,0.00,0.00,0.00,0.00,0.00,0.00,0.00,0.00,0.00,290923,354319,521564,304027,368470,534668,0,0,0,0,0,0,0,99019,0,123.49,123.51,123.56
960,2,0,0,0,93619,93619,93619,3660,3660,3660,591,591,591,0.00,0.00,0.00,0.00,0.00,0.00,0.00,0.00,0.00,0.00,0.00,0.00,0.00,0.00,0.00,0.00,0.00,0.00,0.00,0.00,0.00,209282,419132,668328,217930,431668,681432,0,0,0,0,0,0,0,113348,0,125.73,125.77,125.78
960,3,0,0,0,93660,93660,93660,3619,3619,3619,591,591,591,0.00,0.00,0.00,0.00,0.00,0.00,0.00,0.00,0.00,0.00,0.00,0.00,0.00,0.00,0.00,0.00,0.00,0.00,0.00,0.00,0.00,288305,313989,401006,301410,327618,414111,0,0,0,0,0,0,0,112661,0,140.09,140.12,140.21
961,0,0,0,0,93656,93656,93656,3624,3624,3624,591,591,591,0.00,0.00,0.00,0.00,0.00,0.00,0.00,0.00,0.00,0.00,0.00,0.00,0.00,0.00,0.00,0.00,0.00,0.00,0.00,0.00,0.00,408863,447652,594953,421972,461280,608057,0,0,0,0,0,0,0,110020,0,137.27,137.30,137.32
961,1,0,0,0,93624,93624,93624,3655,3655,3655,591,591,591,0.00,0.00,0.00,0.00,0.00,0.00,0.00,0.00,0.00,0.00,0.00,0.00,0.00,0.00,0.00,0.00,0.00,0.00,0.00,0.00,0.00,293544,358981,521568,309269,373130,534672,0,0,0,0,0,0,0,111357,0,123.51,123.54,123.57
961,2,0,0,0,93619,93619,93619,3660,3660,3660,591,591,591,0.00,0.00,0.00,0.00,0.00,0.00,0.00,0.00,0.00,0.00,0.00,0.00,0.00,0.00,0.00,0.00,0.00,0.00,0.00,0.00,0.00,304029,529087,1085980,319754,543524,1103128,0,0,0,0,0,0,0,100866,0,125.70,125.73,125.76
961,3,0,0,0,93660,93660,93660,3619,3619,3619,591,591,591,0.00,0.00,0.00,0.00,0.00,0.00,0.00,0.00,0.00,0.00,0.00,0.00,0.00,0.00,0.00,0.00,0.00,0.00,0.00,0.00,0.00,293545,517889,854383,306650,532042,867487,0,0,0,0,0,0,0,112387,0,140.16,140.18,140.22
962,0,0,0,0,93656,93656,93656,3624,3624,3624,591,591,591,0.00,0.00,0.00,0.00,0.00,0.00,0.00,0.00,0.00,0.00,0.00,0.00,0.00,0.00,0.00,0.00,0.00,0.00,0.00,0.00,0.00,274324,724768,1659017,283060,737523,1674742,0,0,0,0,0,0,0,110113,0,137.25,137.29,137.32
962,1,0,0,0,93624,93624,93624,3655,3655,3655,591,591,591,0.00,0.00,0.00,0.00,0.00,0.00,0.00,0.00,0.00,0.00,0.00,0.00,0.00,0.00,0.00,0.00,0.00,0.00,0.00,0.00,0.00,296161,363906,477009,309265,377499,490114,0,0,0,0,0,0,0,98983,0,123.58,123.61,123.65
962,2,0,0,0,93619,93619,93619,3660,3660,3660,591,591,591,0.00,0.00,0.00,0.00,0.00,0.00,0.00,0.00,0.00,0.00,0.00,0.00,0.00,0.00,0.00,0.00,0.00,0.00,0.00,0.00,0.00,301406,378463,657856,314511,392092,670960,0,0,0,0,0,0,0,100823,0,125.80,125.83,125.85
962,3,0,0,0,93660,93660,93660,3619,3619,3619,591,591,591,0.00,0.00,0.00,0.00,0.00,0.00,0.00,0.00,0.00,0.00,0.00,0.00,0.00,0.00,0.00,0.00,0.00,0.00,0.00,0.00,0.00,290925,343867,495363,304029,357496,508468,0,0,0,0,0,0,0,112525,0,140.06,140.10,140.14
963,0,0,0,0,93656,93656,93656,3624,3624,3624,591,591,591,0.00,0.00,0.00,0.00,0.00,0.00,0.00,0.00,0.00,0.00,0.00,0.00,0.00,0.00,0.00,0.00,0.00,0.00,0.00,0.00,0.00,403618,582883,1252749,421965,597036,1263232,0,0,0,0,0,0,0,109997,0,137.28,137.32,137.37
963,1,0,0,0,93624,93624,93624,3655,3655,3655,591,591,591,0.00,0.00,0.00,0.00,0.00,0.00,0.00,0.00,0.00,0.00,0.00,0.00,0.00,0.00,0.00,0.00,0.00,0.00,0.00,0.00,0.00,207925,373919,605437,218409,387023,621162,0,0,0,0,0,0,0,99026,0,123.57,123.60,123.63
963,2,0,0,0,93619,93619,93619,3660,3660,3660,591,591,591,0.00,0.00,0.00,0.00,0.00,0.00,0.00,0.00,0.00,0.00,0.00,0.00,0.00,0.00,0.00,0.00,0.00,0.00,0.00,0.00,0.00,298770,440838,652615,314495,454991,665720,0,0,0,0,0,0,0,100796,0,125.64,125.67,125.69
963,3,0,0,0,93660,93660,93660,3619,3619,3619,591,591,591,0.00,0.00,0.00,0.00,0.00,0.00,0.00,0.00,0.00,0.00,0.00,0.00,0.00,0.00,0.00,0.00,0.00,0.00,0.00,0.00,0.00,193950,319751,424592,204434,332855,437697,0,0,0,0,0,0,0,112349,0,139.97,140.07,140.14
964,0,0,0,0,93656,93656,93656,3624,3624,3624,591,591,591,0.00,0.00,0.00,0.00,0.00,0.00,0.00,0.00,0.00,0.00,0.00,0.00,0.00,0.00,0.00,0.00,0.00,0.00,0.00,0.00,0.00,400997,462855,665710,414102,477008,681435,0,0,0,0,0,0,0,110101,0,137.21,137.26,137.33
964,1,0,0,0,93624,93624,93624,3655,3655,3655,591,591,591,0.00,0.00,0.00,0.00,0.00,0.00,0.00,0.00,0.00,0.00,0.00,0.00,0.00,0.00,0.00,0.00,0.00,0.00,0.00,0.00,0.00,290924,311261,361667,306125,325409,374770,0,0,0,0,0,0,0,98936,0,123.46,123.51,123.58
964,2,0,0,0,93619,93619,93619,3660,3660,3660,591,591,591,0.00,0.00,0.00,0.00,0.00,0.00,0.00,0.00,0.00,0.00,0.00,0.00,0.00,0.00,0.00,0.00,0.00,0.00,0.00,0.00,0.00,299017,459486,942072,312366,472489,954941,0,0,0,0,0,0,0,113418,0,125.65,125.70,125.74
964,3,0,0,0,93660,93660,93660,3619,3619,3619,591,591,591,0.00,0.00,0.00,0.00,0.00,0.00,0.00,0.00,0.00,0.00,0.00,0.00,0.00,0.00,0.00,0.00,0.00,0.00,0.00,0.00,0.00,293541,350157,573987,304030,364310,589712,0,0,0,0,0,0,0,126540,0,139.97,140.03,140.10
965,0,0,0,0,93656,93656,93656,3624,3624,3624,591,591,591,0.00,0.00,0.00,0.00,0.00,0.00,0.00,0.00,0.00,0.00,0.00,0.00,0.00,0.00,0.00,0.00,0.00,0.00,0.00,0.00,0.00,270831,692083,1729724,279567,705363,1745449,0,0,0,0,0,0,0,96366,0,137.26,137.30,137.34
965,1,0,0,0,93624,93624,93624,3655,3655,3655,591,591,591,0.00,0.00,0.00,0.00,0.00,0.00,0.00,0.00,0.00,0.00,0.00,0.00,0.00,0.00,0.00,0.00,0.00,0.00,0.00,0.00,0.00,298907,387213,542532,312017,400835,555636,0,0,0,0,0,0,0,86479,0,123.45,123.47,123.49
965,2,0,0,0,93619,93619,93619,3660,3660,3660,591,591,591,0.00,0.00,0.00,0.00,0.00,0.00,0.00,0.00,0.00,0.00,0.00,0.00,0.00,0.00,0.00,0.00,0.00,0.00,0.00,0.00,0.00,298788,451847,686685,314514,465476,697168,0,0,0,0,0,0,0,100796,0,125.56,125.59,125.65
965,3,0,0,0,93660,93660,93660,3619,3619,3619,591,591,591,0.00,0.00,0.00,0.00,0.00,0.00,0.00,0.00,0.00,0.00,0.00,0.00,0.00,0.00,0.00,0.00,0.00,0.00,0.00,0.00,0.00,293546,462858,828220,306653,476486,841325,0,0,0,0,0,0,0,84197,0,140.07,140.09,140.11
966,0,0,0,0,93656,93656,93656,3624,3624,3624,591,591,591,0.00,0.00,0.00,0.00,0.00,0.00,0.00,0.00,0.00,0.00,0.00,0.00,0.00,0.00,0.00,0.00,0.00,0.00,0.00,0.00,0.00,424593,509770,720755,437698,523529,733859,0,0,0,0,0,0,0,110112,0,137.29,137.31,137.33
966,1,0,0,0,93624,93624,93624,3655,3655,3655,591,591,591,0.00,0.00,0.00,0.00,0.00,0.00,0.00,0.00,0.00,0.00,0.00,0.00,0.00,0.00,0.00,0.00,0.00,0.00,0.00,0.00,0.00,298783,349420,492735,309267,363845,508460,0,0,0,0,0,0,0,99076,0,123.45,123.51,123.57
966,2,0,0,0,93619,93619,93619,3660,3660,3660,591,591,591,0.00,0.00,0.00,0.00,0.00,0.00,0.00,0.00,0.00,0.00,0.00,0.00,0.00,0.00,0.00,0.00,0.00,0.00,0.00,0.00,0.00,304029,389860,642132,317134,404274,657857,0,0,0,0,0,0,0,75615,0,125.67,125.72,125.76
966,3,0,0,0,93660,93660,93660,3619,3619,3619,591,591,591,0.00,0.00,0.00,0.00,0.00,0.00,0.00,0.00,0.00,0.00,0.00,0.00,0.00,0.00,0.00,0.00,0.00,0.00,0.00,0.00,0.00,286484,329129,442941,299389,342839,458667,0,0,0,0,0,0,0,112596,0,140.13,140.16,140.20
967,0,0,0,0,93656,93656,93656,3624,3624,3624,591,591,591,0.00,0.00,0.00,0.00,0.00,0.00,0.00,0.00,0.00,0.00,0.00,0.00,0.00,0.00,0.00,0.00,0.00,0.00,0.00,0.00,0.00,419348,582369,1205618,435073,595998,1218723,0,0,0,0,0,0,0,110193,0,137.28,137.30,137.32
967,1,0,0,0,93624,93624,93624,3655,3655,3655,591,591,591,0.00,0.00,0.00,0.00,0.00,0.00,0.00,0.00,0.00,0.00,0.00,0.00,0.00,0.00,0.00,0.00,0.00,0.00,0.00,0.00,0.00,261782,359528,621157,270508,372805,634262,0,0,0,0,0,0,0,98979,0,123.54,123.62,123.67
967,2,0,0,0,93619,93619,93619,3660,3660,3660,591,591,591,0.00,0.00,0.00,0.00,0.00,0.00,0.00,0.00,0.00,0.00,0.00,0.00,0.00,0.00,0.00,0.00,0.00,0.00,0.00,0.00,0.00,304028,381083,665720,317132,394712,678825,0,0,0,0,0,0,0,100738,0,125.63,125.67,125.71
967,3,0,0,0,93660,93660,93660,3619,3619,3619,591,591,591,0.00,0.00,0.00,0.00,0.00,0.00,0.00,0.00,0.00,0.00,0.00,0.00,0.00,0.00,0.00,0.00,0.00,0.00,0.00,0.00,0.00,193951,325520,448181,204435,338625,463907,0,0,0,0,0,0,0,112623,0,140.24,140.27,140.30
968,0,0,0,0,93656,93656,93656,3624,3624,3624,591,591,591,0.00,0.00,0.00,0.00,0.00,0.00,0.00,0.00,0.00,0.00,0.00,0.00,0.00,0.00,0.00,0.00,0.00,0.00,0.00,0.00,0.00,414087,523133,678825,429812,537286,694545,0,0,0,0,0,0,0,110002,0,137.19,137.23,137.28
968,1,0,0,0,93624,93624,93624,3655,3655,3655,591,591,591,0.00,0.00,0.00,0.00,0.00,0.00,0.00,0.00,0.00,0.00,0.00,0.00,0.00,0.00,0.00,0.00,0.00,0.00,0.00,0.00,0.00,293542,313817,374792,306646,327439,387897,0,0,0,0,0,0,0,99030,0,123.50,123.52,123.57
968,2,0,0,0,93619,93619,93619,3660,3660,3660,591,591,591,0.00,0.00,0.00,0.00,0.00,0.00,0.00,0.00,0.00,0.00,0.00,0.00,0.00,0.00,0.00,0.00,0.00,0.00,0.00,0.00,0.00,304379,525585,1003513,320399,538011,1013806,0,0,0,0,0,0,0,113379,0,125.54,125.59,125.64
968,3,0,0,0,93660,93660,93660,3619,3619,3619,591,591,591,0.00,0.00,0.00,0.00,0.00,0.00,0.00,0.00,0.00,0.00,0.00,0.00,0.00,0.00,0.00,0.00,0.00,0.00,0.00,0.00,0.00,293544,486960,935628,304028,500588,948732,0,0,0,0,0,0,0,126683,0,140.19,140.22,140.23
969,0,0,0,0,93656,93656,93656,3624,3624,3624,591,591,591,0.00,0.00,0.00,0.00,0.00,0.00,0.00,0.00,0.00,0.00,0.00,0.00,0.00,0.00,0.00,0.00,0.00,0.00,0.00,0.00,0.00,277819,629547,1588287,288303,642652,1601392,0,0,0,0,0,0,0,123830,0,137.18,137.20,137.22
969,1,0,0,0,93624,93624,93624,3655,3655,3655,591,591,591,0.00,0.00,0.00,0.00,0.00,0.00,0.00,0.00,0.00,0.00,0.00,0.00,0.00,0.00,0.00,0.00,0.00,0.00,0.00,0.00,0.00,298786,398592,520017,311891,412735,535696,0,0,0,0,0,0,0,98882,0,123.49,123.52,123.55
969,2,0,0,0,93619,93619,93619,3660,3660,3660,591,591,591,0.00,0.00,0.00,0.00,0.00,0.00,0.00,0.00,0.00,0.00,0.00,0.00,0.00,0.00,0.00,0.00,0.00,0.00,0.00,0.00,0.00,304029,391043,733865,317134,405196,746970,0,0,0,0,0,0,0,100679,0,125.54,125.59,125.67
969,3,0,0,0,93660,93660,93660,3619,3619,3619,591,591,591,0.00,0.00,0.00,0.00,0.00,0.00,0.00,0.00,0.00,0.00,0.00,0.00,0.00,0.00,0.00,0.00,0.00,0.00,0.00,0.00,0.00,293544,358021,456047,309270,372174,469152,0,0,0,0,0,0,0,112559,0,140.20,140.22,140.23
970,0,0,0,0,93656,93656,93656,3624,3624,3624,591,591,591,0.00,0.00,0.00,0.00,0.00,0.00,0.00,0.00,0.00,0.00,0.00,0.00,0.00,0.00,0.00,0.00,0.00,0.00,0.00,0.00,0.00,411488,597046,914707,424593,611199,930433,0,0,0,0,0,0,0,109925,0,137.12,137.19,137.22
970,1,0,0,0,93624,93624,93624,3655,3655,3655,591,591,591,0.00,0.00,0.00,0.00,0.00,0.00,0.00,0.00,0.00,0.00,0.00,0.00,0.00,0.00,0.00,0.00,0.00,0.00,0.00,0.00,0.00,279566,346180,474387,290050,359254,490112,0,0,0,0,0,0,0,99038,0,123.49,123.51,123.54
970,2,0,0,0,93619,93619,93619,3660,3660,3660,591,591,591,0.00,0.00,0.00,0.00,0.00,0.00,0.00,0.00,0.00,0.00,0.00,0.00,0.00,0.00,0.00,0.00,0.00,0.00,0.00,0.00,0.00,301407,369553,618545,314512,383706,634271,0,0,0,0,0,0,0,100839,0,125.58,125.64,125.71
970,3,0,0,0,93660,93660,93660,3619,3619,3619,591,591,591,0.00,0.00,0.00,0.00,0.00,0.00,0.00,0.00,0.00,0.00,0.00,0.00,0.00,0.00,0.00,0.00,0.00,0.00,0.00,0.00,0.00,290926,319749,414099,306650,333902,429824,0,0,0,0,0,0,0,112632,0,140.13,140.15,140.19
971,0,0,0,0,93656,93656,93656,3624,3624,3624,591,591,591,0.00,0.00,0.00,0.00,0.00,0.00,0.00,0.00,0.00,0.00,0.00,0.00,0.00,0.00,0.00,0.00,0.00,0.00,0.00,0.00,0.00,406245,506883,836077,421971,520512,849182,0,0,0,0,0,0,0,110060,0,137.15,137.23,137.28
971,1,0,0,0,93624,93624,93624,3655,3655,3655,591,591,591,0.00,0.00,0.00,0.00,0.00,0.00,0.00,0.00,0.00,0.00,0.00,0.00,0.00,0.00,0.00,0.00,0.00,0.00,0.00,0.00,0.00,290922,350699,555249,304027,364320,568407,0,0,0,0,0,0,0,99177,0,123.54,123.62,123.68
971,2,0,0,0,93619,93619,93619,3660,3660,3660,591,591,591,0.00,0.00,0.00,0.00,0.00,0.00,0.00,0.00,0.00,0.00,0.00,0.00,0.00,0.00,0.00,0.00,0.00,0.00,0.00,0.00,0.00,304011,381080,649993,317130,394709,663098,0,0,0,0,0,0,0,113281,0,125.63,125.71,125.78
971,3,0,0,0,93660,93660,93660,3619,3619,3619,591,591,591,0.00,0.00,0.00,0.00,0.00,0.00,0.00,0.00,0.00,0.00,0.00,0.00,0.00,0.00,0.00,0.00,0.00,0.00,0.00,0.00,0.00,193951,298259,406239,202688,311538,419344,0,0,0,0,0,0,0,112534,0,140.19,140.22,140.26
972,0,0,0,0,93656,93656,93656,3624,3624,3624,591,591,591,0.00,0.00,0.00,0.00,0.00,0.00,0.00,0.00,0.00,0.00,0.00,0.00,0.00,0.00,0.00,0.00,0.00,0.00,0.00,0.00,0.00,403628,453943,642121,416733,467572,655226,0,0,0,0,0,0,0,110031,0,137.30,137.31,137.33
972,1,0,0,0,93624,93624,93624,3655,3655,3655,591,591,591,0.00,0.00,0.00,0.00,0.00,0.00,0.00,0.00,0.00,0.00,0.00,0.00,0.00,0.00,0.00,0.00,0.00,0.00,0.00,0.00,0.00,298786,368240,532047,311890,381862,547773,0,0,0,0,0,0,0,111406,0,123.57,123.62,123.69
972,2,0,0,0,93619,93619,93619,3660,3660,3660,591,591,591,0.00,0.00,0.00,0.00,0.00,0.00,0.00,0.00,0.00,0.00,0.00,0.00,0.00,0.00,0.00,0.00,0.00,0.00,0.00,0.00,0.00,295069,483182,857921,310201,496783,868320,0,0,0,0,0,0,0,100663,0,125.37,125.46,125.56
972,3,0,0,0,93660,93660,93660,3619,3619,3619,591,591,591,0.00,0.00,0.00,0.00,0.00,0.00,0.00,0.00,0.00,0.00,0.00,0.00,0.00,0.00,0.00,0.00,0.00,0.00,0.00,0.00,0.00,293545,488017,964493,304030,501646,977598,0,0,0,0,0,0,0,98579,0,140.18,140.24,140.28
973,0,0,0,0,93656,93656,93656,3624,3624,3624,591,591,591,0.00,0.00,0.00,0.00,0.00,0.00,0.00,0.00,0.00,0.00,0.00,0.00,0.00,0.00,0.00,0.00,0.00,0.00,0.00,0.00,0.00,270831,785837,1672152,279567,798505,1687877,0,0,0,0,0,0,0,82592,0,137.26,137.28,137.31
973,1,0,0,0,93624,93624,93624,3655,3655,3655,591,591,591,0.00,0.00,0.00,0.00,0.00,0.00,0.00,0.00,0.00,0.00,0.00,0.00,0.00,0.00,0.00,0.00,0.00,0.00,0.00,0.00,0.00,295706,368697,557920,311407,383123,573710,0,0,0,0,0,0,0,74306,0,123.60,123.64,123.66
973,2,0,0,0,93619,93619,93619,3660,3660,3660,591,591,591,0.00,0.00,0.00,0.00,0.00,0.00,0.00,0.00,0.00,0.00,0.00,0.00,0.00,0.00,0.00,0.00,0.00,0.00,0.00,0.00,0.00,304010,402307,689307,317133,416067,702412,0,0,0,0,0,0,0,75503,0,125.45,125.50,125.55
973,3,0,0,0,93660,93660,93660,3619,3619,3619,591,591,591,0.00,0.00,0.00,0.00,0.00,0.00,0.00,0.00,0.00,0.00,0.00,0.00,0.00,0.00,0.00,0.00,0.00,0.00,0.00,0.00,0.00,288305,338755,471764,304030,352515,484869,0,0,0,0,0,0,0,112484,0,140.18,140.24,140.26
974,0,0,0,0,93656,93656,93656,3624,3624,3624,591,591,591,0.00,0.00,0.00,0.00,0.00,0.00,0.00,0.00,0.00,0.00,0.00,0.00,0.00,0.00,0.00,0.00,0.00,0.00,0.00,0.00,0.00,411485,518418,925186,427211,532571,938291,0,0,0,0,0,0,0,110060,0,137.29,137.31,137.35
974,1,0,0,0,93624,93624,93624,3655,3655,3655,591,591,591,0.00,0.00,0.00,0.00,0.00,0.00,0.00,0.00,0.00,0.00,0.00,0.00,0.00,0.00,0.00,0.00,0.00,0.00,0.00,0.00,0.00,206172,408360,547776,214908,421111,560881,0,0,0,0,0,0,0,99101,0,123.65,123.67,123.69
974,2,0,0,0,93619,93619,93619,3660,3660,3660,591,591,591,0.00,0.00,0.00,0.00,0.00,0.00,0.00,0.00,0.00,0.00,0.00,0.00,0.00,0.00,0.00,0.00,0.00,0.00,0.00,0.00,0.00,304027,377412,663088,319752,391041,676193,0,0,0,0,0,0,0,100650,0,125.47,125.52,125.56
974,3,0,0,0,93660,93660,93660,3619,3619,3619,591,591,591,0.00,0.00,0.00,0.00,0.00,0.00,0.00,0.00,0.00,0.00,0.00,0.00,0.00,0.00,0.00,0.00,0.00,0.00,0.00,0.00,0.00,192203,292145,380037,202686,305249,395763,0,0,0,0,0,0,0,112548,0,140.03,140.09,140.16
975,0,0,0,0,93656,93656,93656,3624,3624,3624,591,591,591,0.00,0.00,0.00,0.00,0.00,0.00,0.00,0.00,0.00,0.00,0.00,0.00,0.00,0.00,0.00,0.00,0.00,0.00,0.00,0.00,0.00,406245,505315,857049,419350,519468,870154,0,0,0,0,0,0,0,110124,0,137.29,137.31,137.34
975,1,0,0,0,93624,93624,93624,3655,3655,3655,591,591,591,0.00,0.00,0.00,0.00,0.00,0.00,0.00,0.00,0.00,0.00,0.00,0.00,0.00,0.00,0.00,0.00,0.00,0.00,0.00,0.00,0.00,296168,367289,615921,309272,381434,629026,0,0,0,0,0,0,0,99034,0,123.59,123.64,123.69
975,2,0,0,0,93619,93619,93619,3660,3660,3660,591,591,591,0.00,0.00,0.00,0.00,0.00,0.00,0.00,0.00,0.00,0.00,0.00,0.00,0.00,0.00,0.00,0.00,0.00,0.00,0.00,0.00,0.00,306648,584990,1347157,319753,599144,1360262,0,0,0,0,0,0,0,113329,0,125.41,125.48,125.51
975,3,0,0,0,93660,93660,93660,3619,3619,3619,591,591,591,0.00,0.00,0.00,0.00,0.00,0.00,0.00,0.00,0.00,0.00,0.00,0.00,0.00,0.00,0.00,0.00,0.00,0.00,0.00,0.00,0.00,293545,317658,406248,306649,331287,421974,0,0,0,0,0,0,0,126740,0,140.19,140.29,140.38
976,0,0,0,0,93656,93656,93656,3624,3624,3624,591,591,591,0.00,0.00,0.00,0.00,0.00,0.00,0.00,0.00,0.00,0.00,0.00,0.00,0.00,0.00,0.00,0.00,0.00,0.00,0.00,0.00,0.00,403621,456038,647365,419346,470190,663090,0,0,0,0,0,0,0,123688,0,137.20,137.25,137.31
976,1,0,0,0,93624,93624,93624,3655,3655,3655,591,591,591,0.00,0.00,0.00,0.00,0.00,0.00,0.00,0.00,0.00,0.00,0.00,0.00,0.00,0.00,0.00,0.00,0.00,0.00,0.00,0.00,0.00,297972,409226,539910,313654,422846,553015,0,0,0,0,0,0,0,111341,0,123.55,123.56,123.58
976,2,0,0,0,93619,93619,93619,3660,3660,3660,591,591,591,0.00,0.00,0.00,0.00,0.00,0.00,0.00,0.00,0.00,0.00,0.00,0.00,0.00,0.00,0.00,0.00,0.00,0.00,0.00,0.00,0.00,201381,341672,602678,209914,354910,618400,0,0,0,0,0,0,0,100701,0,125.46,125.52,125.55
976,3,0,0,0,93660,93660,93660,3619,3619,3619,591,591,591,0.00,0.00,0.00,0.00,0.00,0.00,0.00,0.00,0.00,0.00,0.00,0.00,0.00,0.00,0.00,0.00,0.00,0.00,0.00,0.00,0.00,296165,518417,864911,309273,532570,878016,0,0,0,0,0,0,0,112601,0,140.41,140.49,140.56
977,0,0,0,0,93656,93656,93656,3624,3624,3624,591,591,591,0.00,0.00,0.00,0.00,0.00,0.00,0.00,0.00,0.00,0.00,0.00,0.00,0.00,0.00,0.00,0.00,0.00,0.00,0.00,0.00,0.00,276074,694220,1549171,286557,707150,1561407,0,0,0,0,0,0,0,110023,0,137.12,137.16,137.21
977,1,0,0,0,93624,93624,93624,3655,3655,3655,591,591,591,0.00,0.00,0.00,0.00,0.00,0.00,0.00,0.00,0.00,0.00,0.00,0.00,0.00,0.00,0.00,0.00,0.00,0.00,0.00,0.00,0.00,293543,345549,494258,306648,359646,507129,0,0,0,0,0,0,0,99094,0,123.61,123.67,123.69
977,2,0,0,0,93619,93619,93619,3660,3660,3660,591,591,591,0.00,0.00,0.00,0.00,0.00,0.00,0.00,0.00,0.00,0.00,0.00,0.00,0.00,0.00,0.00,0.00,0.00,0.00,0.00,0.00,0.00,304030,453946,697171,319755,467575,710275,0,0,0,0,0,0,0,100589,0,125.46,125.53,125.58
977,3,0,0,0,93660,93660,93660,3619,3619,3619,591,591,591,0.00,0.00,0.00,0.00,0.00,0.00,0.00,0.00,0.00,0.00,0.00,0.00,0.00,0.00,0.00,0.00,0.00,0.00,0.00,0.00,0.00,293546,340198,477012,304030,353827,492738,0,0,0,0,0,0,0,112745,0,140.31,140.33,140.38
978,0,0,0,0,93656,93656,93656,3624,3624,3624,591,591,591,0.00,0.00,0.00,0.00,0.00,0.00,0.00,0.00,0.00,0.00,0.00,0.00,0.00,0.00,0.00,0.00,0.00,0.00,0.00,0.00,0.00,414104,521034,917315,424588,534663,933041,0,0,0,0,0,0,0,109823,0,137.05,137.15,137.23
978,1,0,0,0,93624,93624,93624,3655,3655,3655,591,591,591,0.00,0.00,0.00,0.00,0.00,0.00,0.00,0.00,0.00,0.00,0.00,0.00,0.00,0.00,0.00,0.00,0.00,0.00,0.00,0.00,0.00,293543,331633,374788,306647,344389,390514,0,0,0,0,0,0,0,99041,0,123.54,123.58,123.65
978,2,0,0,0,93619,93619,93619,3660,3660,3660,591,591,591,0.00,0.00,0.00,0.00,0.00,0.00,0.00,0.00,0.00,0.00,0.00,0.00,0.00,0.00,0.00,0.00,0.00,0.00,0.00,0.00,0.00,298787,373738,649954,314513,387891,663058,0,0,0,0,0,0,0,100766,0,125.44,125.52,125.64
978,3,0,0,0,93660,93660,93660,3619,3619,3619,591,591,591,0.00,0.00,0.00,0.00,0.00,0.00,0.00,0.00,0.00,0.00,0.00,0.00,0.00,0.00,0.00,0.00,0.00,0.00,0.00,0.00,0.00,193951,315033,403604,202687,328312,416708,0,0,0,0,0,0,0,112699,0,140.35,140.40,140.45
979,0,0,0,0,93656,93656,93656,3624,3624,3624,591,591,591,0.00,0.00,0.00,0.00,0.00,0.00,0.00,0.00,0.00,0.00,0.00,0.00,0.00,0.00,0.00,0.00,0.00,0.00,0.00,0.00,0.00,408869,545153,854420,421974,559306,870145,0,0,0,0,0,0,0,109815,0,136.99,137.01,137.03
979,1,0,0,0,93624,93624,93624,3655,3655,3655,591,591,591,0.00,0.00,0.00,0.00,0.00,0.00,0.00,0.00,0.00,0.00,0.00,0.00,0.00,0.00,0.00,0.00,0.00,0.00,0.00,0.00,0.00,293545,363257,621162,306650,377409,634267,0,0,0,0,0,0,0,99051,0,123.54,123.58,123.60
979,2,0,0,0,93619,93619,93619,3660,3660,3660,591,591,591,0.00,0.00,0.00,0.00,0.00,0.00,0.00,0.00,0.00,0.00,0.00,0.00,0.00,0.00,0.00,0.00,0.00,0.00,0.00,0.00,0.00,306649,534616,1305225,322376,547876,1315708,0,0,0,0,0,0,0,113304,0,125.58,125.67,125.71
979,3,0,0,0,93660,93660,93660,3619,3619,3619,591,591,591,0.00,0.00,0.00,0.00,0.00,0.00,0.00,0.00,0.00,0.00,0.00,0.00,0.00,0.00,0.00,0.00,0.00,0.00,0.00,0.00,0.00,288305,466003,820359,304031,480156,833464,0,0,0,0,0,0,0,126686,0,140.20,140.26,140.37
980,0,0,0,0,93656,93656,93656,3624,3624,3624,591,591,591,0.00,0.00,0.00,0.00,0.00,0.00,0.00,0.00,0.00,0.00,0.00,0.00,0.00,0.00,0.00,0.00,0.00,0.00,0.00,0.00,0.00,408865,657577,1643335,421970,671164,1656440,0,0,0,0,0,0,0,96322,0,137.01,137.13,137.20
980,1,0,0,0,93624,93624,93624,3655,3655,3655,591,591,591,0.00,0.00,0.00,0.00,0.00,0.00,0.00,0.00,0.00,0.00,0.00,0.00,0.00,0.00,0.00,0.00,0.00,0.00,0.00,0.00,0.00,301407,386848,550391,317133,401001,566116,0,0,0,0,0,0,0,74339,0,123.59,123.65,123.71
980,2,0,0,0,93619,93619,93619,3660,3660,3660,591,591,591,0.00,0.00,0.00,0.00,0.00,0.00,0.00,0.00,0.00,0.00,0.00,0.00,0.00,0.00,0.00,0.00,0.00,0.00,0.00,0.00,0.00,296202,384706,715518,309544,398336,731244,0,0,0,0,0,0,0,100853,0,125.52,125.62,125.71
980,3,0,0,0,93660,93660,93660,3619,3619,3619,591,591,591,0.00,0.00,0.00,0.00,0.00,0.00,0.00,0.00,0.00,0.00,0.00,0.00,0.00,0.00,0.00,0.00,0.00,0.00,0.00,0.00,0.00,293542,390520,576607,304025,404149,589712,0,0,0,0,0,0,0,84354,0,140.20,140.23,140.27
981,0,0,0,0,93656,93656,93656,3624,3624,3624,591,591,591,0.00,0.00,0.00,0.00,0.00,0.00,0.00,0.00,0.00,0.00,0.00,0.00,0.00,0.00,0.00,0.00,0.00,0.00,0.00,0.00,0.00,274322,474779,793959,284805,487228,807060,0,0,0,0,0,0,0,109887,0,137.12,137.18,137.23
981,1,0,0,0,93624,93624,93624,3655,3655,3655,591,591,591,0.00,0.00,0.00,0.00,0.00,0.00,0.00,0.00,0.00,0.00,0.00,0.00,0.00,0.00,0.00,0.00,0.00,0.00,0.00,0.00,0.00,293539,366462,511087,307251,380173,524192,0,0,0,0,0,0,0,99087,0,123.61,123.68,123.73
981,2,0,0,0,93619,93619,93619,3660,3660,3660,591,591,591,0.00,0.00,0.00,0.00,0.00,0.00,0.00,0.00,0.00,0.00,0.00,0.00,0.00,0.00,0.00,0.00,0.00,0.00,0.00,0.00,0.00,304028,387892,618543,314512,401652,634269,0,0,0,0,0,0,0,75592,0,125.69,125.69,125.70
981,3,0,0,0,93660,93660,93660,3619,3619,3619,591,591,591,0.00,0.00,0.00,0.00,0.00,0.00,0.00,0.00,0.00,0.00,0.00,0.00,0.00,0.00,0.00,0.00,0.00,0.00,0.00,0.00,0.00,290862,319160,387897,303963,333519,403623,0,0,0,0,0,0,0,112660,0,140.20,140.25,140.29
982,0,0,0,0,93656,93656,93656,3624,3624,3624,591,591,591,0.00,0.00,0.00,0.00,0.00,0.00,0.00,0.00,0.00,0.00,0.00,0.00,0.00,0.00,0.00,0.00,0.00,0.00,0.00,0.00,0.00,427208,609103,896359,437692,622732,912085,0,0,0,0,0,0,0,110061,0,137.09,137.14,137.25
982,1,0,0,0,93624,93624,93624,3655,3655,3655,591,591,591,0.00,0.00,0.00,0.00,0.00,0.00,0.00,0.00,0.00,0.00,0.00,0.00,0.00,0.00,0.00,0.00,0.00,0.00,0.00,0.00,0.00,211422,335820,573947,220158,349099,587051,0,0,0,0,0,0,0,99020,0,123.60,123.63,123.65
982,2,0,0,0,93619,93619,93619,3660,3660,3660,591,591,591,0.00,0.00,0.00,0.00,0.00,0.00,0.00,0.00,0.00,0.00,0.00,0.00,0.00,0.00,0.00,0.00,0.00,0.00,0.00,0.00,0.00,304030,381083,655235,319755,395236,670961,0,0,0,0,0,0,0,100909,0,125.70,125.75,125.83
982,3,0,0,0,93660,93660,93660,3619,3619,3619,591,591,591,0.00,0.00,0.00,0.00,0.00,0.00,0.00,0.00,0.00,0.00,0.00,0.00,0.00,0.00,0.00,0.00,0.00,0.00,0.00,0.00,0.00,190458,294944,411485,200942,308048,424590,0,0,0,0,0,0,0,112508,0,140.16,140.24,140.31
983,0,0,0,0,93656,93656,93656,3624,3624,3624,591,591,591,0.00,0.00,0.00,0.00,0.00,0.00,0.00,0.00,0.00,0.00,0.00,0.00,0.00,0.00,0.00,0.00,0.00,0.00,0.00,0.00,0.00,403622,456034,652575,419348,470186,665678,0,0,0,0,0,0,0,110031,0,137.21,137.25,137.28
983,1,0,0,0,93624,93624,93624,3655,3655,3655,591,591,591,0.00,0.00,0.00,0.00,0.00,0.00,0.00,0.00,0.00,0.00,0.00,0.00,0.00,0.00,0.00,0.00,0.00,0.00,0.00,0.00,0.00,296163,354872,534668,309268,369025,550393,0,0,0,0,0,0,0,111267,0,123.53,123.55,123.59
983,2,0,0,0,93619,93619,93619,3660,3660,3660,591,591,591,0.00,0.00,0.00,0.00,0.00,0.00,0.00,0.00,0.00,0.00,0.00,0.00,0.00,0.00,0.00,0.00,0.00,0.00,0.00,0.00,0.00,202328,548391,1320924,210974,561128,1336649,0,0,0,0,0,0,0,100720,0,125.64,125.74,125.81
983,3,0,0,0,93660,93660,93660,3619,3619,3619,591,591,591,0.00,0.00,0.00,0.00,0.00,0.00,0.00,0.00,0.00,0.00,0.00,0.00,0.00,0.00,0.00,0.00,0.00,0.00,0.00,0.00,0.00,293544,486963,985470,306650,500592,1001196,0,0,0,0,0,0,0,126720,0,140.09,140.13,140.19
984,0,0,0,0,93656,93656,93656,3624,3624,3624,591,591,591,0.00,0.00,0.00,0.00,0.00,0.00,0.00,0.00,0.00,0.00,0.00,0.00,0.00,0.00,0.00,0.00,0.00,0.00,0.00,0.00,0.00,406244,735786,1664266,421969,749860,1679991,0,0,0,0,0,0,0,123788,0,137.19,137.22,137.26
984,1,0,0,0,93624,93624,93624,3655,3655,3655,591,591,591,0.00,0.00,0.00,0.00,0.00,0.00,0.00,0.00,0.00,0.00,0.00,0.00,0.00,0.00,0.00,0.00,0.00,0.00,0.00,0.00,0.00,293545,363780,503218,309270,377409,516323,0,0,0,0,0,0,0,98963,0,123.44,123.46,123.50
984,2,0,0,0,93619,93619,93619,3660,3660,3660,591,591,591,0.00,0.00,0.00,0.00,0.00,0.00,0.00,0.00,0.00,0.00,0.00,0.00,0.00,0.00,0.00,0.00,0.00,0.00,0.00,0.00,0.00,304301,382077,676203,317648,396746,691929,0,0,0,0,0,0,0,100759,0,125.62,125.64,125.67
984,3,0,0,0,93660,93660,93660,3619,3619,3619,591,591,591,0.00,0.00,0.00,0.00,0.00,0.00,0.00,0.00,0.00,0.00,0.00,0.00,0.00,0.00,0.00,0.00,0.00,0.00,0.00,0.00,0.00,290924,337577,487491,301408,351731,500596,0,0,0,0,0,0,0,112583,0,140.29,140.32,140.35
985,0,0,0,0,93656,93656,93656,3624,3624,3624,591,591,591,0.00,0.00,0.00,0.00,0.00,0.00,0.00,0.00,0.00,0.00,0.00,0.00,0.00,0.00,0.00,0.00,0.00,0.00,0.00,0.00,0.00,276071,495521,938295,284807,508276,951399,0,0,0,0,0,0,0,109993,0,137.33,137.36,137.40
985,1,0,0,0,93624,93624,93624,3655,3655,3655,591,591,591,0.00,0.00,0.00,0.00,0.00,0.00,0.00,0.00,0.00,0.00,0.00,0.00,0.00,0.00,0.00,0.00,0.00,0.00,0.00,0.00,0.00,306647,423258,537286,322372,436828,550390,0,0,0,0,0,0,0,99040,0,123.53,123.57,123.61
985,2,0,0,0,93619,93619,93619,3660,3660,3660,591,591,591,0.00,0.00,0.00,0.00,0.00,0.00,0.00,0.00,0.00,0.00,0.00,0.00,0.00,0.00,0.00,0.00,0.00,0.00,0.00,0.00,0.00,306649,374794,647372,317135,388423,663098,0,0,0,0,0,0,0,100753,0,125.64,125.68,125.72
985,3,0,0,0,93660,93660,93660,3619,3619,3619,591,591,591,0.00,0.00,0.00,0.00,0.00,0.00,0.00,0.00,0.00,0.00,0.00,0.00,0.00,0.00,0.00,0.00,0.00,0.00,0.00,0.00,0.00,286382,316748,414108,299282,330337,429834,0,0,0,0,0,0,0,112537,0,140.27,140.31,140.34
986,0,0,0,0,93656,93656,93656,3624,3624,3624,591,591,591,0.00,0.00,0.00,0.00,0.00,0.00,0.00,0.00,0.00,0.00,0.00,0.00,0.00,0.00,0.00,0.00,0.00,0.00,0.00,0.00,0.00,403625,497447,820354,416730,512124,833459,0,0,0,0,0,0,0,110085,0,137.23,137.26,137.29
986,1,0,0,0,93624,93624,93624,3655,3655,3655,591,591,591,0.00,0.00,0.00,0.00,0.00,0.00,0.00,0.00,0.00,0.00,0.00,0.00,0.00,0.00,0.00,0.00,0.00,0.00,0.00,0.00,0.00,195696,283930,324978,204433,296685,340703,0,0,0,0,0,0,0,98942,0,123.46,123.51,123.58
986,2,0,0,0,93619,93619,93619,3660,3660,3660,591,591,591,0.00,0.00,0.00,0.00,0.00,0.00,0.00,0.00,0.00,0.00,0.00,0.00,0.00,0.00,0.00,0.00,0.00,0.00,0.00,0.00,0.00,304029,584987,1334061,317134,598616,1347166,0,0,0,0,0,0,0,113431,0,125.58,125.62,125.70
986,3,0,0,0,93660,93660,93660,3619,3619,3619,591,591,591,0.00,0.00,0.00,0.00,0.00,0.00,0.00,0.00,0.00,0.00,0.00,0.00,0.00,0.00,0.00,0.00,0.00,0.00,0.00,0.00,0.00,263835,288127,298789,272571,301406,311893,0,0,0,0,0,0,0,112585,0,140.21,140.26,140.30
987,0,0,0,0,93656,93656,93656,3624,3624,3624,591,591,591,0.00,0.00,0.00,0.00,0.00,0.00,0.00,0.00,0.00,0.00,0.00,0.00,0.00,0.00,0.00,0.00,0.00,0.00,0.00,0.00,0.00,403626,450799,623772,419352,464428,636877,0,0,0,0,0,0,0,82440,0,137.15,137.19,137.26
987,1,0,0,0,93624,93624,93624,3655,3655,3655,591,591,591,0.00,0.00,0.00,0.00,0.00,0.00,0.00,0.00,0.00,0.00,0.00,0.00,0.00,0.00,0.00,0.00,0.00,0.00,0.00,0.00,0.00,298789,416203,555633,314515,430881,571358,0,0,0,0,0,0,0,86605,0,123.50,123.54,123.60
987,2,0,0,0,93619,93619,93619,3660,3660,3660,591,591,591,0.00,0.00,0.00,0.00,0.00,0.00,0.00,0.00,0.00,0.00,0.00,0.00,0.00,0.00,0.00,0.00,0.00,0.00,0.00,0.00,0.00,202377,346805,626406,211026,360466,644753,0,0,0,0,0,0,0,100770,0,125.67,125.74,125.79
987,3,0,0,0,93660,93660,93660,3619,3619,3619,591,591,591,0.00,0.00,0.00,0.00,0.00,0.00,0.00,0.00,0.00,0.00,0.00,0.00,0.00,0.00,0.00,0.00,0.00,0.00,0.00,0.00,0.00,293545,488019,951408,306650,502172,964513,0,0,0,0,0,0,0,84471,0,140.30,140.36,140.40
988,0,0,0,0,93656,93656,93656,3624,3624,3624,591,591,591,0.00,0.00,0.00,0.00,0.00,0.00,0.00,0.00,0.00,0.00,0.00,0.00,0.00,0.00,0.00,0.00,0.00,0.00,0.00,0.00,0.00,400117,826017,1706222,415605,840372,1721948,0,0,0,0,0,0,0,110064,0,137.23,137.25,137.27
988,1,0,0,0,93624,93624,93624,3655,3655,3655,591,591,591,0.00,0.00,0.00,0.00,0.00,0.00,0.00,0.00,0.00,0.00,0.00,0.00,0.00,0.00,0.00,0.00,0.00,0.00,0.00,0.00,0.00,306648,354481,490116,319752,368241,505842,0,0,0,0,0,0,0,99037,0,123.56,123.58,123.60
988,2,0,0,0,93619,93619,93619,3660,3660,3660,591,591,591,0.00,0.00,0.00,0.00,0.00,0.00,0.00,0.00,0.00,0.00,0.00,0.00,0.00,0.00,0.00,0.00,0.00,0.00,0.00,0.00,0.00,304012,405069,702963,319737,418971,716640,0,0,0,0,0,0,0,75579,0,125.50,125.54,125.58
988,3,0,0,0,93660,93660,93660,3619,3619,3619,591,591,591,0.00,0.00,0.00,0.00,0.00,0.00,0.00,0.00,0.00,0.00,0.00,0.00,0.00,0.00,0.00,0.00,0.00,0.00,0.00,0.00,0.00,293546,341377,461287,309272,355137,474391,0,0,0,0,0,0,0,112509,0,140.12,140.19,140.29
989,0,0,0,0,93656,93656,93656,3624,3624,3624,591,591,591,0.00,0.00,0.00,0.00,0.00,0.00,0.00,0.00,0.00,0.00,0.00,0.00,0.00,0.00,0.00,0.00,0.00,0.00,0.00,0.00,0.00,393071,460046,625525,406173,472801,634262,0,0,0,0,0,0,0,109983,0,137.22,137.24,137.25
989,1,0,0,0,93624,93624,93624,3655,3655,3655,591,591,591,0.00,0.00,0.00,0.00,0.00,0.00,0.00,0.00,0.00,0.00,0.00,0.00,0.00,0.00,0.00,0.00,0.00,0.00,0.00,0.00,0.00,304027,370618,534644,317034,384203,547748,0,0,0,0,0,0,0,98964,0,123.52,123.58,123.62
989,2,0,0,0,93619,93619,93619,3660,3660,3660,591,591,591,0.00,0.00,0.00,0.00,0.00,0.00,0.00,0.00,0.00,0.00,0.00,0.00,0.00,0.00,0.00,0.00,0.00,0.00,0.00,0.00,0.00,306644,448179,668342,319748,461808,681446,0,0,0,0,0,0,0,100722,0,125.57,125.59,125.63
989,3,0,0,0,93660,93660,93660,3619,3619,3619,591,591,591,0.00,0.00,0.00,0.00,0.00,0.00,0.00,0.00,0.00,0.00,0.00,0.00,0.00,0.00,0.00,0.00,0.00,0.00,0.00,0.00,0.00,293532,327091,448183,306636,340720,461288,0,0,0,0,0,0,0,112467,0,140.09,140.12,140.15
990,0,0,0,0,93656,93656,93656,3624,3624,3624,591,591,591,0.00,0.00,0.00,0.00,0.00,0.00,0.00,0.00,0.00,0.00,0.00,0.00,0.00,0.00,0.00,0.00,0.00,0.00,0.00,0.00,0.00,403626,498500,846556,416731,512653,859661,0,0,0,0,0,0,0,110030,0,137.16,137.22,137.26
990,1,0,0,0,93624,93624,93624,3655,3655,3655,591,591,591,0.00,0.00,0.00,0.00,0.00,0.00,0.00,0.00,0.00,0.00,0.00,0.00,0.00,0.00,0.00,0.00,0.00,0.00,0.00,0.00,0.00,197444,348759,613303,209675,361689,626408,0,0,0,0,0,0,0,99002,0,123.47,123.51,123.58
990,2,0,0,0,93619,93619,93619,3660,3660,3660,591,591,591,0.00,0.00,0.00,0.00,0.00,0.00,0.00,0.00,0.00,0.00,0.00,0.00,0.00,0.00,0.00,0.00,0.00,0.00,0.00,0.00,0.00,304028,519466,1334047,317133,533094,1349772,0,0,0,0,0,0,0,113380,0,125.51,125.56,125.60
990,3,0,0,0,93660,93660,93660,3619,3619,3619,591,591,591,0.00,0.00,0.00,0.00,0.00,0.00,0.00,0.00,0.00,0.00,0.00,0.00,0.00,0.00,0.00,0.00,0.00,0.00,0.00,0.00,0.00,260351,353479,615923,270835,366583,629028,0,0,0,0,0,0,0,126607,0,140.15,140.20,140.25
991,0,0,0,0,93656,93656,93656,3624,3624,3624,591,591,591,0.00,0.00,0.00,0.00,0.00,0.00,0.00,0.00,0.00,0.00,0.00,0.00,0.00,0.00,0.00,0.00,0.00,0.00,0.00,0.00,0.00,398382,709218,1677404,414108,723371,1690508,0,0,0,0,0,0,0,123975,0,137.31,137.37,137.44
991,1,0,0,0,93624,93624,93624,3655,3655,3655,591,591,591,0.00,0.00,0.00,0.00,0.00,0.00,0.00,0.00,0.00,0.00,0.00,0.00,0.00,0.00,0.00,0.00,0.00,0.00,0.00,0.00,0.00,298786,407293,521564,311891,421446,537289,0,0,0,0,0,0,0,111270,0,123.54,123.57,123.59
991,2,0,0,0,93619,93619,93619,3660,3660,3660,591,591,591,0.00,0.00,0.00,0.00,0.00,0.00,0.00,0.00,0.00,0.00,0.00,0.00,0.00,0.00,0.00,0.00,0.00,0.00,0.00,0.00,0.00,199352,415683,670833,207872,428919,683935,0,0,0,0,0,0,0,100602,0,125.43,125.49,125.57
991,3,0,0,0,93660,93660,93660,3619,3619,3619,591,591,591,0.00,0.00,0.00,0.00,0.00,0.00,0.00,0.00,0.00,0.00,0.00,0.00,0.00,0.00,0.00,0.00,0.00,0.00,0.00,0.00,0.00,296163,460235,854430,311889,474388,867535,0,0,0,0,0,0,0,112631,0,140.21,140.25,140.31
992,0,0,0,0,93656,93656,93656,3624,3624,3624,591,591,591,0.00,0.00,0.00,0.00,0.00,0.00,0.00,0.00,0.00,0.00,0.00,0.00,0.00,0.00,0.00,0.00,0.00,0.00,0.00,0.00,0.00,395762,483194,786275,408866,496778,802000,0,0,0,0,0,0,0,110008,0,137.21,137.30,137.39
992,1,0,0,0,93624,93624,93624,3655,3655,3655,591,591,591,0.00,0.00,0.00,0.00,0.00,0.00,0.00,0.00,0.00,0.00,0.00,0.00,0.00,0.00,0.00,0.00,0.00,0.00,0.00,0.00,0.00,296167,357492,503219,311893,371645,516324,0,0,0,0,0,0,0,98980,0,123.53,123.55,123.56
992,2,0,0,0,93619,93619,93619,3660,3660,3660,591,591,591,0.00,0.00,0.00,0.00,0.00,0.00,0.00,0.00,0.00,0.00,0.00,0.00,0.00,0.00,0.00,0.00,0.00,0.00,0.00,0.00,0.00,301484,373760,649993,317132,387914,665719,0,0,0,0,0,0,0,100705,0,125.50,125.58,125.66
992,3,0,0,0,93660,93660,93660,3619,3619,3619,591,591,591,0.00,0.00,0.00,0.00,0.00,0.00,0.00,0.00,0.00,0.00,0.00,0.00,0.00,0.00,0.00,0.00,0.00,0.00,0.00,0.00,0.00,293546,342080,482257,309269,356175,495362,0,0,0,0,0,0,0,112752,0,140.39,140.47,140.52
993,0,0,0,0,93656,93656,93656,3624,3624,3624,591,591,591,0.00,0.00,0.00,0.00,0.00,0.00,0.00,0.00,0.00,0.00,0.00,0.00,0.00,0.00,0.00,0.00,0.00,0.00,0.00,0.00,0.00,286553,585685,954018,297037,598790,967122,0,0,0,0,0,0,0,109902,0,137.12,137.18,137.24
993,1,0,0,0,93624,93624,93624,3655,3655,3655,591,591,591,0.00,0.00,0.00,0.00,0.00,0.00,0.00,0.00,0.00,0.00,0.00,0.00,0.00,0.00,0.00,0.00,0.00,0.00,0.00,0.00,0.00,296162,350499,531195,311887,364048,543903,0,0,0,0,0,0,0,98967,0,123.41,123.46,123.53
993,2,0,0,0,93619,93619,93619,3660,3660,3660,591,591,591,0.00,0.00,0.00,0.00,0.00,0.00,0.00,0.00,0.00,0.00,0.00,0.00,0.00,0.00,0.00,0.00,0.00,0.00,0.00,0.00,0.00,304028,387896,694551,319754,401524,707655,0,0,0,0,0,0,0,100507,0,125.26,125.37,125.52
993,3,0,0,0,93660,93660,93660,3619,3619,3619,591,591,591,0.00,0.00,0.00,0.00,0.00,0.00,0.00,0.00,0.00,0.00,0.00,0.00,0.00,0.00,0.00,0.00,0.00,0.00,0.00,0.00,0.00,193944,296689,393135,202681,309444,408860,0,0,0,0,0,0,0,112656,0,140.27,140.33,140.40
994,0,0,0,0,93656,93656,93656,3624,3624,3624,591,591,591,0.00,0.00,0.00,0.00,0.00,0.00,0.00,0.00,0.00,0.00,0.00,0.00,0.00,0.00,0.00,0.00,0.00,0.00,0.00,0.00,0.00,406245,462331,660474,421970,475960,670958,0,0,0,0,0,0,0,110056,0,137.09,137.20,137.33
994,1,0,0,0,93624,93624,93624,3655,3655,3655,591,591,591,0.00,0.00,0.00,0.00,0.00,0.00,0.00,0.00,0.00,0.00,0.00,0.00,0.00,0.00,0.00,0.00,0.00,0.00,0.00,0.00,0.00,298769,366925,526804,314494,379505,537288,0,0,0,0,0,0,0,111402,0,123.50,123.56,123.60
994,2,0,0,0,93619,93619,93619,3660,3660,3660,591,591,591,0.00,0.00,0.00,0.00,0.00,0.00,0.00,0.00,0.00,0.00,0.00,0.00,0.00,0.00,0.00,0.00,0.00,0.00,0.00,0.00,0.00,298789,567696,1286884,311893,581849,1305230,0,0,0,0,0,0,0,100670,0,125.31,125.43,125.49
994,3,0,0,0,93660,93660,93660,3619,3619,3619,591,591,591,0.00,0.00,0.00,0.00,0.00,0.00,0.00,0.00,0.00,0.00,0.00,0.00,0.00,0.00,0.00,0.00,0.00,0.00,0.00,0.00,0.00,296168,522616,802007,309273,536769,817733,0,0,0,0,0,0,0,98658,0,140.34,140.40,140.45
995,0,0,0,0,93656,93656,93656,3624,3624,3624,591,591,591,0.00,0.00,0.00,0.00,0.00,0.00,0.00,0.00,0.00,0.00,0.00,0.00,0.00,0.00,0.00,0.00,0.00,0.00,0.00,0.00,0.00,411480,750897,1727204,427205,764657,1740309,0,0,0,0,0,0,0,96323,0,137.18,137.24,137.30
995,1,0,0,0,93624,93624,93624,3655,3655,3655,591,591,591,0.00,0.00,0.00,0.00,0.00,0.00,0.00,0.00,0.00,0.00,0.00,0.00,0.00,0.00,0.00,0.00,0.00,0.00,0.00,0.00,0.00,296164,351203,427214,311889,365618,440319,0,0,0,0,0,0,0,74211,0,123.44,123.46,123.49
995,2,0,0,0,93619,93619,93619,3660,3660,3660,591,591,591,0.00,0.00,0.00,0.00,0.00,0.00,0.00,0.00,0.00,0.00,0.00,0.00,0.00,0.00,0.00,0.00,0.00,0.00,0.00,0.00,0.00,301125,342446,463221,313993,355031,471863,0,0,0,0,0,0,0,75391,0,125.43,125.49,125.51
995,3,0,0,0,93660,93660,93660,3619,3619,3619,591,591,591,0.00,0.00,0.00,0.00,0.00,0.00,0.00,0.00,0.00,0.00,0.00,0.00,0.00,0.00,0.00,0.00,0.00,0.00,0.00,0.00,0.00,290925,339412,479634,304030,353172,492739,0,0,0,0,0,0,0,112538,0,140.28,140.30,140.34
996,0,0,0,0,93656,93656,93656,3624,3624,3624,591,591,591,0.00,0.00,0.00,0.00,0.00,0.00,0.00,0.00,0.00,0.00,0.00,0.00,0.00,0.00,0.00,0.00,0.00,0.00,0.00,0.00,0.00,400415,579612,930349,413331,593727,943452,0,0,0,0,0,0,0,110139,0,137.13,137.21,137.31
996,1,0,0,0,93624,93624,93624,3655,3655,3655,591,591,591,0.00,0.00,0.00,0.00,0.00,0.00,0.00,0.00,0.00,0.00,0.00,0.00,0.00,0.00,0.00,0.00,0.00,0.00,0.00,0.00,0.00,301406,370596,513696,314510,384225,526800,0,0,0,0,0,0,0,99012,0,123.52,123.56,123.59
996,2,0,0,0,93619,93619,93619,3660,3660,3660,591,591,591,0.00,0.00,0.00,0.00,0.00,0.00,0.00,0.00,0.00,0.00,0.00,0.00,0.00,0.00,0.00,0.00,0.00,0.00,0.00,0.00,0.00,298982,379022,665719,314999,393233,678824,0,0,0,0,0,0,0,100438,0,125.29,125.33,125.41
996,3,0,0,0,93660,93660,93660,3619,3619,3619,591,591,591,0.00,0.00,0.00,0.00,0.00,0.00,0.00,0.00,0.00,0.00,0.00,0.00,0.00,0.00,0.00,0.00,0.00,0.00,0.00,0.00,0.00,280415,314161,415012,296140,328301,430673,0,0,0,0,0,0,0,112521,0,140.13,140.21,140.28
997,0,0,0,0,93656,93656,93656,3624,3624,3624,591,591,591,0.00,0.00,0.00,0.00,0.00,0.00,0.00,0.00,0.00,0.00,0.00,0.00,0.00,0.00,0.00,0.00,0.00,0.00,0.00,0.00,0.00,293544,473863,820358,302280,487143,833463,0,0,0,0,0,0,0,110114,0,137.33,137.35,137.38
997,1,0,0,0,93624,93624,93624,3655,3655,3655,591,591,591,0.00,0.00,0.00,0.00,0.00,0.00,0.00,0.00,0.00,0.00,0.00,0.00,0.00,0.00,0.00,0.00,0.00,0.00,0.00,0.00,0.00,199190,327726,542533,207926,340959,555638,0,0,0,0,0,0,0,99124,0,123.56,123.60,123.62
997,2,0,0,0,93619,93619,93619,3660,3660,3660,591,591,591,0.00,0.00,0.00,0.00,0.00,0.00,0.00,0.00,0.00,0.00,0.00,0.00,0.00,0.00,0.00,0.00,0.00,0.00,0.00,0.00,0.00,301409,375316,642118,317134,389469,657843,0,0,0,0,0,0,0,113056,0,125.23,125.31,125.34
997,3,0,0,0,93660,93660,93660,3619,3619,3619,591,591,591,0.00,0.00,0.00,0.00,0.00,0.00,0.00,0.00,0.00,0.00,0.00,0.00,0.00,0.00,0.00,0.00,0.00,0.00,0.00,0.00,0.00,207928,296341,395763,216665,309097,411489,0,0,0,0,0,0,0,112711,0,140.11,140.25,140.33
998,0,0,0,0,93656,93656,93656,3624,3624,3624,591,591,591,0.00,0.00,0.00,0.00,0.00,0.00,0.00,0.00,0.00,0.00,0.00,0.00,0.00,0.00,0.00,0.00,0.00,0.00,0.00,0.00,0.00,401004,456036,644740,416729,470188,660465,0,0,0,0,0,0,0,109991,0,137.24,137.28,137.32
998,1,0,0,0,93624,93624,93624,3655,3655,3655,591,591,591,0.00,0.00,0.00,0.00,0.00,0.00,0.00,0.00,0.00,0.00,0.00,0.00,0.00,0.00,0.00,0.00,0.00,0.00,0.00,0.00,0.00,298781,364830,524186,311886,378983,539911,0,0,0,0,0,0,0,111348,0,123.59,123.62,123.64
998,2,0,0,0,93619,93619,93619,3660,3660,3660,591,591,591,0.00,0.00,0.00,0.00,0.00,0.00,0.00,0.00,0.00,0.00,0.00,0.00,0.00,0.00,0.00,0.00,0.00,0.00,0.00,0.00,0.00,306633,579223,1344545,319737,593376,1357650,0,0,0,0,0,0,0,100527,0,125.35,125.37,125.40
998,3,0,0,0,93660,93660,93660,3619,3619,3619,591,591,591,0.00,0.00,0.00,0.00,0.00,0.00,0.00,0.00,0.00,0.00,0.00,0.00,0.00,0.00,0.00,0.00,0.00,0.00,0.00,0.00,0.00,290926,485920,961885,301410,500073,977610,0,0,0,0,0,0,0,126676,0,140.21,140.26,140.30
999,0,0,0,0,93656,93656,93656,3624,3624,3624,591,591,591,0.00,0.00,0.00,0.00,0.00,0.00,0.00,0.00,0.00,0.00,0.00,0.00,0.00,0.00,0.00,0.00,0.00,0.00,0.00,0.00,0.00,406248,738577,1627591,419353,752206,1640695,0,0,0,0,0,0,0,110018,0,137.15,137.18,137.24
999,1,0,0,0,93624,93624,93624,3655,3655,3655,591,591,591,0.00,0.00,0.00,0.00,0.00,0.00,0.00,0.00,0.00,0.00,0.00,0.00,0.00,0.00,0.00,0.00,0.00,0.00,0.00,0.00,0.00,301389,376884,518943,314493,390512,532047,0,0,0,0,0,0,0,98952,0,123.53,123.54,123.57
999,2,0,0,0,93619,93619,93619,3660,3660,3660,591,591,591,0.00,0.00,0.00,0.00,0.00,0.00,0.00,0.00,0.00,0.00,0.00,0.00,0.00,0.00,0.00,0.00,0.00,0.00,0.00,0.00,0.00,200514,361415,670950,209156,374172,689296,0,0,0,0,0,0,0,100478,0,125.17,125.22,125.32
999,3,0,0,0,93660,93660,93660,3619,3619,3619,591,591,591,0.00,0.00,0.00,0.00,0.00,0.00,0.00,0.00,0.00,0.00,0.00,0.00,0.00,0.00,0.00,0.00,0.00,0.00,0.00,0.00,0.00,288305,333385,490119,304031,347013,503223,0,0,0,0,0,0,0,112629,0,140.30,140.32,140.35
1000,0,0,0,0,93656,93656,93656,3624,3624,3624,591,591,591,0.00,0.00,0.00,0.00,0.00,0.00,0.00,0.00,0.00,0.00,0.00,0.00,0.00,0.00,0.00,0.00,0.00,0.00,0.00,0.00,0.00,406245,518227,919234,421962,531739,934386,0,0,0,0,0,0,0,110166,0,137.21,137.34,137.42
1000,1,0,0,0,93624,93624,93624,3655,3655,3655,591,591,591,0.00,0.00,0.00,0.00,0.00,0.00,0.00,0.00,0.00,0.00,0.00,0.00,0.00,0.00,0.00,0.00,0.00,0.00,0.00,0.00,0.00,306645,376364,539917,322371,390518,553022,0,0,0,0,0,0,0,99070,0,123.58,123.62,123.66
1000,2,0,0,0,93619,93619,93619,3660,3660,3660,591,591,591,0.00,0.00,0.00,0.00,0.00,0.00,0.00,0.00,0.00,0.00,0.00,0.00,0.00,0.00,0.00,0.00,0.00,0.00,0.00,0.00,0.00,304028,445034,665718,317132,458663,678823,0,0,0,0,0,0,0,100592,0,125.33,125.39,125.44
1000,3,0,0,0,93660,93660,93660,3619,3619,3619,591,591,591,0.00,0.00,0.00,0.00,0.00,0.00,0.00,0.00,0.00,0.00,0.00,0.00,0.00,0.00,0.00,0.00,0.00,0.00,0.00,0.00,0.00,286696,317861,421978,299610,331976,437704,0,0,0,0,0,0,0,112623,0,140.25,140.32,140.40
1001,0,0,0,0,93656,93656,93656,3624,3624,3624,591,591,591,0.00,0.00,0.00,0.00,0.00,0.00,0.00,0.00,0.00,0.00,0.00,0.00,0.00,0.00,0.00,0.00,0.00,0.00,0.00,0.00,0.00,288264,473238,846092,298747,486341,861809,0,0,0,0,0,0,0,110016,0,137.17,137.26,137.33
1001,1,0,0,0,93624,93624,93624,3655,3655,3655,591,591,591,0.00,0.00,0.00,0.00,0.00,0.00,0.00,0.00,0.00,0.00,0.00,0.00,0.00,0.00,0.00,0.00,0.00,0.00,0.00,0.00,0.00,297285,322248,386149,312796,334785,396633,0,0,0,0,0,0,0,99030,0,123.50,123.54,123.58
1001,2,0,0,0,93619,93619,93619,3660,3660,3660,591,591,591,0.00,0.00,0.00,0.00,0.00,0.00,0.00,0.00,0.00,0.00,0.00,0.00,0.00,0.00,0.00,0.00,0.00,0.00,0.00,0.00,0.00,301391,505837,1292124,314512,519990,1305229,0,0,0,0,0,0,0,113050,0,125.24,125.33,125.46
1001,3,0,0,0,93660,93660,93660,3619,3619,3619,591,591,591,0.00,0.00,0.00,0.00,0.00,0.00,0.00,0.00,0.00,0.00,0.00,0.00,0.00,0.00,0.00,0.00,0.00,0.00,0.00,0.00,0.00,193943,367455,631648,204426,380559,644752,0,0,0,0,0,0,0,126449,0,140.11,140.20,140.30
1002,0,0,0,0,93656,93656,93656,3624,3624,3624,591,591,591,0.00,0.00,0.00,0.00,0.00,0.00,0.00,0.00,0.00,0.00,0.00,0.00,0.00,0.00,0.00,0.00,0.00,0.00,0.00,0.00,0.00,414105,720234,1677408,427209,734387,1693134,0,0,0,0,0,0,0,96235,0,137.20,137.24,137.27
1002,1,0,0,0,93624,93624,93624,3655,3655,3655,591,591,591,0.00,0.00,0.00,0.00,0.00,0.00,0.00,0.00,0.00,0.00,0.00,0.00,0.00,0.00,0.00,0.00,0.00,0.00,0.00,0.00,0.00,301387,388940,532047,317111,403093,545152,0,0,0,0,0,0,0,86635,0,123.58,123.63,123.66
1002,2,0,0,0,93619,93619,93619,3660,3660,3660,591,591,591,0.00,0.00,0.00,0.00,0.00,0.00,0.00,0.00,0.00,0.00,0.00,0.00,0.00,0.00,0.00,0.00,0.00,0.00,0.00,0.00,0.00,304028,449230,684070,317132,463383,699796,0,0,0,0,0,0,0,100567,0,125.25,125.37,125.44
1002,3,0,0,0,93660,93660,93660,3619,3619,3619,591,591,591,0.00,0.00,0.00,0.00,0.00,0.00,0.00,0.00,0.00,0.00,0.00,0.00,0.00,0.00,0.00,0.00,0.00,0.00,0.00,0.00,0.00,288304,450802,775801,301409,464431,786285,0,0,0,0,0,0,0,84342,0,140.08,140.14,140.21
1003,0,0,0,0,93656,93656,93656,3624,3624,3624,591,591,591,0.00,0.00,0.00,0.00,0.00,0.00,0.00,0.00,0.00,0.00,0.00,0.00,0.00,0.00,0.00,0.00,0.00,0.00,0.00,0.00,0.00,414106,503218,757449,427210,516977,773174,0,0,0,0,0,0,0,110042,0,137.15,137.21,137.28
1003,1,0,0,0,93624,93624,93624,3655,3655,3655,591,591,591,0.00,0.00,0.00,0.00,0.00,0.00,0.00,0.00,0.00,0.00,0.00,0.00,0.00,0.00,0.00,0.00,0.00,0.00,0.00,0.00,0.00,306650,363652,513699,322375,378067,526804,0,0,0,0,0,0,0,99096,0,123.64,123.66,123.70
1003,2,0,0,0,93619,93619,93619,3660,3660,3660,591,591,591,0.00,0.00,0.00,0.00,0.00,0.00,0.00,0.00,0.00,0.00,0.00,0.00,0.00,0.00,0.00,0.00,0.00,0.00,0.00,0.00,0.00,214373,358951,610830,223018,371596,623937,0,0,0,0,0,0,0,75381,0,125.40,125.41,125.42
1003,3,0,0,0,93660,93660,93660,3619,3619,3619,591,591,591,0.00,0.00,0.00,0.00,0.00,0.00,0.00,0.00,0.00,0.00,0.00,0.00,0.00,0.00,0.00,0.00,0.00,0.00,0.00,0.00,0.00,293542,338099,466520,306653,352514,482245,0,0,0,0,0,0,0,112538,0,140.15,140.17,140.20
1004,0,0,0,0,93656,93656,93656,3624,3624,3624,591,591,591,0.00,0.00,0.00,0.00,0.00,0.00,0.00,0.00,0.00,0.00,0.00,0.00,0.00,0.00,0.00,0.00,0.00,0.00,0.00,0.00,0.00,411486,526118,943539,424591,540227,956644,0,0,0,0,0,0,0,110047,0,137.27,137.31,137.36
1004,1,0,0,0,93624,93624,93624,3655,3655,3655,591,591,591,0.00,0.00,0.00,0.00,0.00,0.00,0.00,0.00,0.00,0.00,0.00,0.00,0.00,0.00,0.00,0.00,0.00,0.00,0.00,0.00,0.00,304029,383176,545154,317133,396804,558259,0,0,0,0,0,0,0,99074,0,123.60,123.66,123.71
1004,2,0,0,0,93619,93619,93619,3660,3660,3660,591,591,591,0.00,0.00,0.00,0.00,0.00,0.00,0.00,0.00,0.00,0.00,0.00,0.00,0.00,0.00,0.00,0.00,0.00,0.00,0.00,0.00,0.00,304029,374268,647371,317134,387897,660475,0,0,0,0,0,0,0,100765,0,125.46,125.56,125.67
1004,3,0,0,0,93660,93660,93660,3619,3619,3619,591,591,591,0.00,0.00,0.00,0.00,0.00,0.00,0.00,0.00,0.00,0.00,0.00,0.00,0.00,0.00,0.00,0.00,0.00,0.00,0.00,0.00,0.00,280440,331283,416709,290923,344912,429813,0,0,0,0,0,0,0,112576,0,140.11,140.13,140.15
1005,0,0,0,0,93656,93656,93656,3624,3624,3624,591,591,591,0.00,0.00,0.00,0.00,0.00,0.00,0.00,0.00,0.00,0.00,0.00,0.00,0.00,0.00,0.00,0.00,0.00,0.00,0.00,0.00,0.00,416727,548300,820354,429835,561929,833459,0,0,0,0,0,0,0,109982,0,137.16,137.21,137.25
1005,1,0,0,0,93624,93624,93624,3655,3655,3655,591,591,591,0.00,0.00,0.00,0.00,0.00,0.00,0.00,0.00,0.00,0.00,0.00,0.00,0.00,0.00,0.00,0.00,0.00,0.00,0.00,0.00,0.00,298783,311364,330235,311888,325517,343340,0,0,0,0,0,0,0,99188,0,123.58,123.61,123.64
1005,2,0,0,0,93619,93619,93619,3660,3660,3660,591,591,591,0.00,0.00,0.00,0.00,0.00,0.00,0.00,0.00,0.00,0.00,0.00,0.00,0.00,0.00,0.00,0.00,0.00,0.00,0.00,0.00,0.00,309265,579751,1415314,322370,593904,1431039,0,0,0,0,0,0,0,113117,0,125.34,125.48,125.61
1005,3,0,0,0,93660,93660,93660,3619,3619,3619,591,591,591,0.00,0.00,0.00,0.00,0.00,0.00,0.00,0.00,0.00,0.00,0.00,0.00,0.00,0.00,0.00,0.00,0.00,0.00,0.00,0.00,0.00,60311,246844,293546,73422,260472,309272,0,0,0,0,0,0,0,126756,0,140.19,140.21,140.22
1006,0,0,0,0,93656,93656,93656,3624,3624,3624,591,591,591,0.00,0.00,0.00,0.00,0.00,0.00,0.00,0.00,0.00,0.00,0.00,0.00,0.00,0.00,0.00,0.00,0.00,0.00,0.00,0.00,0.00,348584,584988,1334052,361689,599141,1349778,0,0,0,0,0,0,0,123804,0,137.19,137.20,137.22
1006,1,0,0,0,93624,93624,93624,3655,3655,3655,591,591,591,0.00,0.00,0.00,0.00,0.00,0.00,0.00,0.00,0.00,0.00,0.00,0.00,0.00,0.00,0.00,0.00,0.00,0.00,0.00,0.00,0.00,162496,345435,550393,172980,359064,563498,0,0,0,0,0,0,0,98850,0,123.56,123.62,123.66
1006,2,0,0,0,93619,93619,93619,3660,3660,3660,591,591,591,0.00,0.00,0.00,0.00,0.00,0.00,0.00,0.00,0.00,0.00,0.00,0.00,0.00,0.00,0.00,0.00,0.00,0.00,0.00,0.00,0.00,304006,382129,689310,317134,395757,702414,0,0,0,0,0,0,0,100737,0,125.33,125.45,125.56
1006,3,0,0,0,93660,93660,93660,3619,3619,3619,591,591,591,0.00,0.00,0.00,0.00,0.00,0.00,0.00,0.00,0.00,0.00,0.00,0.00,0.00,0.00,0.00,0.00,0.00,0.00,0.00,0.00,0.00,290033,476469,896372,305711,490620,912098,0,0,0,0,0,0,0,112724,0,140.18,140.25,140.32
1007,0,0,0,0,93656,93656,93656,3624,3624,3624,591,591,591,0.00,0.00,0.00,0.00,0.00,0.00,0.00,0.00,0.00,0.00,0.00,0.00,0.00,0.00,0.00,0.00,0.00,0.00,0.00,0.00,0.00,406244,493784,815114,419349,507413,828219,0,0,0,0,0,0,0,110069,0,137.11,137.14,137.20
1007,1,0,0,0,93624,93624,93624,3655,3655,3655,591,591,591,0.00,0.00,0.00,0.00,0.00,0.00,0.00,0.00,0.00,0.00,0.00,0.00,0.00,0.00,0.00,0.00,0.00,0.00,0.00,0.00,0.00,296167,364304,513704,309272,377933,529430,0,0,0,0,0,0,0,98963,0,123.42,123.45,123.49
1007,2,0,0,0,93619,93619,93619,3660,3660,3660,591,591,591,0.00,0.00,0.00,0.00,0.00,0.00,0.00,0.00,0.00,0.00,0.00,0.00,0.00,0.00,0.00,0.00,0.00,0.00,0.00,0.00,0.00,301412,366321,607633,314517,380367,622823,0,0,0,0,0,0,0,100718,0,125.53,125.54,125.57
1007,3,0,0,0,93660,93660,93660,3619,3619,3619,591,591,591,0.00,0.00,0.00,0.00,0.00,0.00,0.00,0.00,0.00,0.00,0.00,0.00,0.00,0.00,0.00,0.00,0.00,0.00,0.00,0.00,0.00,294549,362274,468444,307582,375900,481603,0,0,0,0,0,0,0,112562,0,140.38,140.45,140.51
1008,0,0,0,0,93656,93656,93656,3624,3624,3624,591,591,591,0.00,0.00,0.00,0.00,0.00,0.00,0.00,0.00,0.00,0.00,0.00,0.00,0.00,0.00,0.00,0.00,0.00,0.00,0.00,0.00,0.00,415947,606325,909466,431448,620445,922571,0,0,0,0,0,0,0,110053,0,137.28,137.31,137.34
1008,1,0,0,0,93624,93624,93624,3655,3655,3655,591,591,591,0.00,0.00,0.00,0.00,0.00,0.00,0.00,0.00,0.00,0.00,0.00,0.00,0.00,0.00,0.00,0.00,0.00,0.00,0.00,0.00,0.00,291757,352421,553012,304667,366535,566117,0,0,0,0,0,0,0,99058,0,123.45,123.48,123.52
1008,2,0,0,0,93619,93619,93619,3660,3660,3660,591,591,591,0.00,0.00,0.00,0.00,0.00,0.00,0.00,0.00,0.00,0.00,0.00,0.00,0.00,0.00,0.00,0.00,0.00,0.00,0.00,0.00,0.00,298788,384221,678830,314513,398374,691935,0,0,0,0,0,0,0,113181,0,125.45,125.53,125.57
1008,3,0,0,0,93660,93660,93660,3619,3619,3619,591,591,591,0.00,0.00,0.00,0.00,0.00,0.00,0.00,0.00,0.00,0.00,0.00,0.00,0.00,0.00,0.00,0.00,0.00,0.00,0.00,0.00,0.00,290930,322051,413866,304035,336197,426881,0,0,0,0,0,0,0,112680,0,140.22,140.26,140.32
1009,0,0,0,0,93656,93656,93656,3624,3624,3624,591,591,591,0.00,0.00,0.00,0.00,0.00,0.00,0.00,0.00,0.00,0.00,0.00,0.00,0.00,0.00,0.00,0.00,0.00,0.00,0.00,0.00,0.00,406248,471245,710277,421974,485398,723382,0,0,0,0,0,0,0,110031,0,137.19,137.23,137.29
1009,1,0,0,0,93624,93624,93624,3655,3655,3655,591,591,591,0.00,0.00,0.00,0.00,0.00,0.00,0.00,0.00,0.00,0.00,0.00,0.00,0.00,0.00,0.00,0.00,0.00,0.00,0.00,0.00,0.00,298768,414625,613298,314493,428778,626403,0,0,0,0,0,0,0,111242,0,123.52,123.55,123.59
1009,2,0,0,0,93619,93619,93619,3660,3660,3660,591,591,591,0.00,0.00,0.00,0.00,0.00,0.00,0.00,0.00,0.00,0.00,0.00,0.00,0.00,0.00,0.00,0.00,0.00,0.00,0.00,0.00,0.00,306640,506347,948741,319744,519976,961845,0,0,0,0,0,0,0,100544,0,125.36,125.40,125.46
1009,3,0,0,0,93660,93660,93660,3619,3619,3619,591,591,591,0.00,0.00,0.00,0.00,0.00,0.00,0.00,0.00,0.00,0.00,0.00,0.00,0.00,0.00,0.00,0.00,0.00,0.00,0.00,0.00,0.00,290909,521491,775619,304013,535639,788633,0,0,0,0,0,0,0,84434,0,140.31,140.38,140.44
1010,0,0,0,0,93656,93656,93656,3624,3624,3624,591,591,591,0.00,0.00,0.00,0.00,0.00,0.00,0.00,0.00,0.00,0.00,0.00,0.00,0.00,0.00,0.00,0.00,0.00,0.00,0.00,0.00,0.00,408866,751680,1737665,421970,765309,1750770,0,0,0,0,0,0,0,82546,0,137.18,137.20,137.22
1010,1,0,0,0,93624,93624,93624,3655,3655,3655,591,591,591,0.00,0.00,0.00,0.00,0.00,0.00,0.00,0.00,0.00,0.00,0.00,0.00,0.00,0.00,0.00,0.00,0.00,0.00,0.00,0.00,0.00,296163,339146,419346,309268,352775,435072,0,0,0,0,0,0,0,74148,0,123.42,123.46,123.51
1010,2,0,0,0,93619,93619,93619,3660,3660,3660,591,591,591,0.00,0.00,0.00,0.00,0.00,0.00,0.00,0.00,0.00,0.00,0.00,0.00,0.00,0.00,0.00,0.00,0.00,0.00,0.00,0.00,0.00,306639,384741,684045,317124,398894,699770,0,0,0,0,0,0,0,75562,0,125.39,125.56,125.67
1010,3,0,0,0,93660,93660,93660,3619,3619,3619,591,591,591,0.00,0.00,0.00,0.00,0.00,0.00,0.00,0.00,0.00,0.00,0.00,0.00,0.00,0.00,0.00,0.00,0.00,0.00,0.00,0.00,0.00,293545,338699,497054,306650,352320,510066,0,0,0,0,0,0,0,112703,0,140.39,140.43,140.49
1011,0,0,0,0,93656,93656,93656,3624,3624,3624,591,591,591,0.00,0.00,0.00,0.00,0.00,0.00,0.00,0.00,0.00,0.00,0.00,0.00,0.00,0.00,0.00,0.00,0.00,0.00,0.00,0.00,0.00,411485,525231,917329,424589,539384,933055,0,0,0,0,0,0,0,110201,0,137.21,137.28,137.35
1011,1,0,0,0,93624,93624,93624,3655,3655,3655,591,591,591,0.00,0.00,0.00,0.00,0.00,0.00,0.00,0.00,0.00,0.00,0.00,0.00,0.00,0.00,0.00,0.00,0.00,0.00,0.00,0.00,0.00,306649,395760,503222,319754,409913,518947,0,0,0,0,0,0,0,98933,0,123.43,123.46,123.50
1011,2,0,0,0,93619,93619,93619,3660,3660,3660,591,591,591,0.00,0.00,0.00,0.00,0.00,0.00,0.00,0.00,0.00,0.00,0.00,0.00,0.00,0.00,0.00,0.00,0.00,0.00,0.00,0.00,0.00,301407,371814,637706,314512,385396,653196,0,0,0,0,0,0,0,100652,0,125.45,125.51,125.62
1011,3,0,0,0,93660,93660,93660,3619,3619,3619,591,591,591,0.00,0.00,0.00,0.00,0.00,0.00,0.00,0.00,0.00,0.00,0.00,0.00,0.00,0.00,0.00,0.00,0.00,0.00,0.00,0.00,0.00,288866,305733,356431,301878,319869,372156,0,0,0,0,0,0,0,112819,0,140.43,140.50,140.52
1012,0,0,0,0,93656,93656,93656,3624,3624,3624,591,591,591,0.00,0.00,0.00,0.00,0.00,0.00,0.00,0.00,0.00,0.00,0.00,0.00,0.00,0.00,0.00,0.00,0.00,0.00,0.00,0.00,0.00,283361,471326,845601,292000,484612,861915,0,0,0,0,0,0,0,110218,0,137.33,137.39,137.49
1012,1,0,0,0,93624,93624,93624,3655,3655,3655,591,591,591,0.00,0.00,0.00,0.00,0.00,0.00,0.00,0.00,0.00,0.00,0.00,0.00,0.00,0.00,0.00,0.00,0.00,0.00,0.00,0.00,0.00,290872,354967,577141,303975,368506,589798,0,0,0,0,0,0,0,98942,0,123.39,123.44,123.48
1012,2,0,0,0,93619,93619,93619,3660,3660,3660,591,591,591,0.00,0.00,0.00,0.00,0.00,0.00,0.00,0.00,0.00,0.00,0.00,0.00,0.00,0.00,0.00,0.00,0.00,0.00,0.00,0.00,0.00,306649,587538,1347169,317133,601687,1362894,0,0,0,0,0,0,0,113336,0,125.48,125.53,125.56
1012,3,0,0,0,93660,93660,93660,3619,3619,3619,591,591,591,0.00,0.00,0.00,0.00,0.00,0.00,0.00,0.00,0.00,0.00,0.00,0.00,0.00,0.00,0.00,0.00,0.00,0.00,0.00,0.00,0.00,270834,287387,298791,279571,300140,311896,0,0,0,0,0,0,0,126917,0,140.47,140.52,140.57
1013,0,0,0,0,93656,93656,93656,3624,3624,3624,591,591,591,0.00,0.00,0.00,0.00,0.00,0.00,0.00,0.00,0.00,0.00,0.00,0.00,0.00,0.00,0.00,0.00,0.00,0.00,0.00,0.00,0.00,411490,451845,605433,424594,465474,618538,0,0,0,0,0,0,0,123894,0,137.33,137.44,137.49
1013,1,0,0,0,93624,93624,93624,3655,3655,3655,591,591,591,0.00,0.00,0.00,0.00,0.00,0.00,0.00,0.00,0.00,0.00,0.00,0.00,0.00,0.00,0.00,0.00,0.00,0.00,0.00,0.00,0.00,200935,364133,516322,213166,377063,529426,0,0,0,0,0,0,0,111258,0,123.48,123.50,123.52
1013,2,0,0,0,93619,93619,93619,3660,3660,3660,591,591,591,0.00,0.00,0.00,0.00,0.00,0.00,0.00,0.00,0.00,0.00,0.00,0.00,0.00,0.00,0.00,0.00,0.00,0.00,0.00,0.00,0.00,301391,374608,641214,317116,388756,656917,0,0,0,0,0,0,0,100746,0,125.55,125.56,125.59
1013,3,0,0,0,93660,93660,93660,3619,3619,3619,591,591,591,0.00,0.00,0.00,0.00,0.00,0.00,0.00,0.00,0.00,0.00,0.00,0.00,0.00,0.00,0.00,0.00,0.00,0.00,0.00,0.00,0.00,295681,520419,851806,311381,534567,864910,0,0,0,0,0,0,0,112659,0,140.46,140.53,140.60
1014,0,0,0,0,93656,93656,93656,3624,3624,3624,591,591,591,0.00,0.00,0.00,0.00,0.00,0.00,0.00,0.00,0.00,0.00,0.00,0.00,0.00,0.00,0.00,0.00,0.00,0.00,0.00,0.00,0.00,414110,744346,1645953,429834,758500,1661679,0,0,0,0,0,0,0,110008,0,137.25,137.31,137.38
1014,1,0,0,0,93624,93624,93624,3655,3655,3655,591,591,591,0.00,0.00,0.00,0.00,0.00,0.00,0.00,0.00,0.00,0.00,0.00,0.00,0.00,0.00,0.00,0.00,0.00,0.00,0.00,0.00,0.00,293542,344382,495328,306647,358535,508432,0,0,0,0,0,0,0,99092,0,123.46,123.54,123.61
1014,2,0,0,0,93619,93619,93619,3660,3660,3660,591,591,591,0.00,0.00,0.00,0.00,0.00,0.00,0.00,0.00,0.00,0.00,0.00,0.00,0.00,0.00,0.00,0.00,0.00,0.00,0.00,0.00,0.00,303170,446436,665719,317133,460056,678824,0,0,0,0,0,0,0,100643,0,125.52,125.56,125.62
1014,3,0,0,0,93660,93660,93660,3619,3619,3619,591,591,591,0.00,0.00,0.00,0.00,0.00,0.00,0.00,0.00,0.00,0.00,0.00,0.00,0.00,0.00,0.00,0.00,0.00,0.00,0.00,0.00,0.00,293545,338451,495362,306650,352595,508467,0,0,0,0,0,0,0,112801,0,140.34,140.42,140.45
1015,0,0,0,0,93656,93656,93656,3624,3624,3624,591,591,591,0.00,0.00,0.00,0.00,0.00,0.00,0.00,0.00,0.00,0.00,0.00,0.00,0.00,0.00,0.00,0.00,0.00,0.00,0.00,0.00,0.00,408865,529953,940917,421969,544106,954021,0,0,0,0,0,0,0,110103,0,137.19,137.21,137.28
1015,1,0,0,0,93624,93624,93624,3655,3655,3655,591,591,591,0.00,0.00,0.00,0.00,0.00,0.00,0.00,0.00,0.00,0.00,0.00,0.00,0.00,0.00,0.00,0.00,0.00,0.00,0.00,0.00,0.00,311890,369550,524187,324994,383703,537292,0,0,0,0,0,0,0,98950,0,123.47,123.55,123.64
1015,2,0,0,0,93619,93619,93619,3660,3660,3660,591,591,591,0.00,0.00,0.00,0.00,0.00,0.00,0.00,0.00,0.00,0.00,0.00,0.00,0.00,0.00,0.00,0.00,0.00,0.00,0.00,0.00,0.00,202166,353378,650002,212446,366442,660486,0,0,0,0,0,0,0,100715,0,125.43,125.48,125.57
1015,3,0,0,0,93660,93660,93660,3619,3619,3619,591,591,591,0.00,0.00,0.00,0.00,0.00,0.00,0.00,0.00,0.00,0.00,0.00,0.00,0.00,0.00,0.00,0.00,0.00,0.00,0.00,0.00,0.00,289525,320885,392330,304029,334938,405151,0,0,0,0,0,0,0,112728,0,140.31,140.39,140.49
1016,0,0,0,0,93656,93656,93656,3624,3624,3624,591,591,591,0.00,0.00,0.00,0.00,0.00,0.00,0.00,0.00,0.00,0.00,0.00,0.00,0.00,0.00,0.00,0.00,0.00,0.00,0.00,0.00,0.00,276029,475796,768905,286512,488310,779056,0,0,0,0,0,0,0,110116,0,137.36,137.42,137.47
1016,1,0,0,0,93624,93624,93624,3655,3655,3655,591,591,591,0.00,0.00,0.00,0.00,0.00,0.00,0.00,0.00,0.00,0.00,0.00,0.00,0.00,0.00,0.00,0.00,0.00,0.00,0.00,0.00,0.00,190433,342312,623787,199168,355023,636891,0,0,0,0,0,0,0,99064,0,123.46,123.53,123.59
1016,2,0,0,0,93619,93619,93619,3660,3660,3660,591,591,591,0.00,0.00,0.00,0.00,0.00,0.00,0.00,0.00,0.00,0.00,0.00,0.00,0.00,0.00,0.00,0.00,0.00,0.00,0.00,0.00,0.00,309270,578702,1294745,322376,592331,1307849,0,0,0,0,0,0,0,113270,0,125.49,125.53,125.55
1016,3,0,0,0,93660,93660,93660,3619,3619,3619,591,591,591,0.00,0.00,0.00,0.00,0.00,0.00,0.00,0.00,0.00,0.00,0.00,0.00,0.00,0.00,0.00,0.00,0.00,0.00,0.00,0.00,0.00,214909,441367,815115,223645,454122,828220,0,0,0,0,0,0,0,126891,0,140.27,140.36,140.47
1017,0,0,0,0,93656,93656,93656,3624,3624,3624,591,591,591,0.00,0.00,0.00,0.00,0.00,0.00,0.00,0.00,0.00,0.00,0.00,0.00,0.00,0.00,0.00,0.00,0.00,0.00,0.00,0.00,0.00,395765,678822,1724578,408869,692451,1737683,0,0,0,0,0,0,0,96268,0,137.12,137.19,137.29
1017,1,0,0,0,93624,93624,93624,3655,3655,3655,591,591,591,0.00,0.00,0.00,0.00,0.00,0.00,0.00,0.00,0.00,0.00,0.00,0.00,0.00,0.00,0.00,0.00,0.00,0.00,0.00,0.00,0.00,298782,415146,555596,314507,429299,571321,0,0,0,0,0,0,0,74213,0,123.50,123.53,123.58
1017,2,0,0,0,93619,93619,93619,3660,3660,3660,591,591,591,0.00,0.00,0.00,0.00,0.00,0.00,0.00,0.00,0.00,0.00,0.00,0.00,0.00,0.00,0.00,0.00,0.00,0.00,0.00,0.00,0.00,304030,381608,684070,317133,395762,699796,0,0,0,0,0,0,0,100732,0,125.47,125.53,125.59
1017,3,0,0,0,93660,93660,93660,3619,3619,3619,591,591,591,0.00,0.00,0.00,0.00,0.00,0.00,0.00,0.00,0.00,0.00,0.00,0.00,0.00,0.00,0.00,0.00,0.00,0.00,0.00,0.00,0.00,293542,386327,587095,306647,400480,600200,0,0,0,0,0,0,0,84582,0,140.52,140.54,140.56
1018,0,0,0,0,93656,93656,93656,3624,3624,3624,591,591,591,0.00,0.00,0.00,0.00,0.00,0.00,0.00,0.00,0.00,0.00,0.00,0.00,0.00,0.00,0.00,0.00,0.00,0.00,0.00,0.00,0.00,406222,483555,699785,419326,497970,715510,0,0,0,0,0,0,0,110014,0,137.16,137.21,137.26
1018,1,0,0,0,93624,93624,93624,3655,3655,3655,591,591,591,0.00,0.00,0.00,0.00,0.00,0.00,0.00,0.00,0.00,0.00,0.00,0.00,0.00,0.00,0.00,0.00,0.00,0.00,0.00,0.00,0.00,306645,377412,516323,319750,391172,529428,0,0,0,0,0,0,0,99101,0,123.57,123.61,123.64
1018,2,0,0,0,93619,93619,93619,3660,3660,3660,591,591,591,0.00,0.00,0.00,0.00,0.00,0.00,0.00,0.00,0.00,0.00,0.00,0.00,0.00,0.00,0.00,0.00,0.00,0.00,0.00,0.00,0.00,306645,388549,621163,319750,402965,636889,0,0,0,0,0,0,0,75610,0,125.62,125.64,125.67
1018,3,0,0,0,93660,93660,93660,3619,3619,3619,591,591,591,0.00,0.00,0.00,0.00,0.00,0.00,0.00,0.00,0.00,0.00,0.00,0.00,0.00,0.00,0.00,0.00,0.00,0.00,0.00,0.00,0.00,288302,313202,369554,301407,326961,382658,0,0,0,0,0,0,0,112568,0,140.26,140.34,140.40
1019,0,0,0,0,93656,93656,93656,3624,3624,3624,591,591,591,0.00,0.00,0.00,0.00,0.00,0.00,0.00,0.00,0.00,0.00,0.00,0.00,0.00,0.00,0.00,0.00,0.00,0.00,0.00,0.00,0.00,424593,612776,935679,437697,626928,948783,0,0,0,0,0,0,0,110041,0,137.26,137.29,137.31
1019,1,0,0,0,93624,93624,93624,3655,3655,3655,591,591,591,0.00,0.00,0.00,0.00,0.00,0.00,0.00,0.00,0.00,0.00,0.00,0.00,0.00,0.00,0.00,0.00,0.00,0.00,0.00,0.00,0.00,293544,359063,571356,304028,372692,584461,0,0,0,0,0,0,0,99067,0,123.58,123.59,123.61
1019,2,0,0,0,93619,93619,93619,3660,3660,3660,591,591,591,0.00,0.00,0.00,0.00,0.00,0.00,0.00,0.00,0.00,0.00,0.00,0.00,0.00,0.00,0.00,0.00,0.00,0.00,0.00,0.00,0.00,201042,358633,664109,211265,371144,679554,0,0,0,0,0,0,0,100695,0,125.57,125.63,125.67
1019,3,0,0,0,93660,93660,93660,3619,3619,3619,591,591,591,0.00,0.00,0.00,0.00,0.00,0.00,0.00,0.00,0.00,0.00,0.00,0.00,0.00,0.00,0.00,0.00,0.00,0.00,0.00,0.00,0.00,290909,310995,377409,306634,325108,393134,0,0,0,0,0,0,0,112611,0,140.25,140.28,140.30
1020,0,0,0,0,93656,93656,93656,3624,3624,3624,591,591,591,0.00,0.00,0.00,0.00,0.00,0.00,0.00,0.00,0.00,0.00,0.00,0.00,0.00,0.00,0.00,0.00,0.00,0.00,0.00,0.00,0.00,270829,440897,665718,279565,453091,678823,0,0,0,0,0,0,0,110029,0,137.23,137.27,137.28
1020,1,0,0,0,93624,93624,93624,3655,3655,3655,591,591,591,0.00,0.00,0.00,0.00,0.00,0.00,0.00,0.00,0.00,0.00,0.00,0.00,0.00,0.00,0.00,0.00,0.00,0.00,0.00,0.00,0.00,197443,326217,497976,207927,339322,511081,0,0,0,0,0,0,0,111295,0,123.43,123.49,123.59
1020,2,0,0,0,93619,93619,93619,3660,3660,3660,591,591,591,0.00,0.00,0.00,0.00,0.00,0.00,0.00,0.00,0.00,0.00,0.00,0.00,0.00,0.00,0.00,0.00,0.00,0.00,0.00,0.00,0.00,298788,571361,1328799,314514,585514,1344524,0,0,0,0,0,0,0,100687,0,125.54,125.56,125.58
1020,3,0,0,0,93660,93660,93660,3619,3619,3619,591,591,591,0.00,0.00,0.00,0.00,0.00,0.00,0.00,0.00,0.00,0.00,0.00,0.00,0.00,0.00,0.00,0.00,0.00,0.00,0.00,0.00,0.00,192205,464077,1024785,200941,476832,1040511,0,0,0,0,0,0,0,126625,0,140.15,140.23,140.29
1021,0,0,0,0,93656,93656,93656,3624,3624,3624,591,591,591,0.00,0.00,0.00,0.00,0.00,0.00,0.00,0.00,0.00,0.00,0.00,0.00,0.00,0.00,0.00,0.00,0.00,0.00,0.00,0.00,0.00,411485,750629,1656426,424589,765306,1672151,0,0,0,0,0,0,0,123952,0,137.31,137.38,137.43
1021,1,0,0,0,93624,93624,93624,3655,3655,3655,591,591,591,0.00,0.00,0.00,0.00,0.00,0.00,0.00,0.00,0.00,0.00,0.00,0.00,0.00,0.00,0.00,0.00,0.00,0.00,0.00,0.00,0.00,296164,363258,516320,311889,377410,529425,0,0,0,0,0,0,0,98838,0,123.38,123.42,123.46
1021,2,0,0,0,93619,93619,93619,3660,3660,3660,591,591,591,0.00,0.00,0.00,0.00,0.00,0.00,0.00,0.00,0.00,0.00,0.00,0.00,0.00,0.00,0.00,0.00,0.00,0.00,0.00,0.00,0.00,301408,385801,710273,314513,399430,725999,0,0,0,0,0,0,0,100826,0,125.56,125.61,125.69
1021,3,0,0,0,93660,93660,93660,3619,3619,3619,591,591,591,0.00,0.00,0.00,0.00,0.00,0.00,0.00,0.00,0.00,0.00,0.00,0.00,0.00,0.00,0.00,0.00,0.00,0.00,0.00,0.00,0.00,293531,332857,484871,306635,347010,497976,0,0,0,0,0,0,0,112728,0,140.17,140.29,140.45
1022,0,0,0,0,93656,93656,93656,3624,3624,3624,591,591,591,0.00,0.00,0.00,0.00,0.00,0.00,0.00,0.00,0.00,0.00,0.00,0.00,0.00,0.00,0.00,0.00,0.00,0.00,0.00,0.00,0.00,414102,577653,1192526,427207,591282,1208251,0,0,0,0,0,0,0,109980,0,137.20,137.29,137.38
1022,1,0,0,0,93624,93624,93624,3655,3655,3655,591,591,591,0.00,0.00,0.00,0.00,0.00,0.00,0.00,0.00,0.00,0.00,0.00,0.00,0.00,0.00,0.00,0.00,0.00,0.00,0.00,0.00,0.00,309269,429825,668342,319753,443454,681447,0,0,0,0,0,0,0,98907,0,123.31,123.37,123.40
1022,2,0,0,0,93619,93619,93619,3660,3660,3660,591,591,591,0.00,0.00,0.00,0.00,0.00,0.00,0.00,0.00,0.00,0.00,0.00,0.00,0.00,0.00,0.00,0.00,0.00,0.00,0.00,0.00,0.00,301409,375317,642123,314513,389470,655227,0,0,0,0,0,0,0,100698,0,125.58,125.64,125.70
1022,3,0,0,0,93660,93660,93660,3619,3619,3619,591,591,591,0.00,0.00,0.00,0.00,0.00,0.00,0.00,0.00,0.00,0.00,0.00,0.00,0.00,0.00,0.00,0.00,0.00,0.00,0.00,0.00,0.00,290926,303505,343343,306651,317658,356448,0,0,0,0,0,0,0,112919,0,140.38,140.39,140.43
1023,0,0,0,0,93656,93656,93656,3624,3624,3624,591,591,591,0.00,0.00,0.00,0.00,0.00,0.00,0.00,0.00,0.00,0.00,0.00,0.00,0.00,0.00,0.00,0.00,0.00,0.00,0.00,0.00,0.00,288277,452972,691927,297013,466235,705032,0,0,0,0,0,0,0,110100,0,137.21,137.25,137.28
1023,1,0,0,0,93624,93624,93624,3655,3655,3655,591,591,591,0.00,0.00,0.00,0.00,0.00,0.00,0.00,0.00,0.00,0.00,0.00,0.00,0.00,0.00,0.00,0.00,0.00,0.00,0.00,0.00,0.00,296164,307172,345965,309270,321326,356449,0,0,0,0,0,0,0,98875,0,123.35,123.40,123.45
1023,2,0,0,0,93619,93619,93619,3660,3660,3660,591,591,591,0.00,0.00,0.00,0.00,0.00,0.00,0.00,0.00,0.00,0.00,0.00,0.00,0.00,0.00,0.00,0.00,0.00,0.00,0.00,0.00,0.00,301391,538077,1344537,314495,551340,1360262,0,0,0,0,0,0,0,113406,0,125.59,125.63,125.66
1023,3,0,0,0,93660,93660,93660,3619,3619,3619,591,591,591,0.00,0.00,0.00,0.00,0.00,0.00,0.00,0.00,0.00,0.00,0.00,0.00,0.00,0.00,0.00,0.00,0.00,0.00,0.00,0.00,0.00,283061,305253,364314,298786,318844,377419,0,0,0,0,0,0,0,126866,0,140.47,140.55,140.61
1024,0,0,0,0,93656,93656,93656,3624,3624,3624,591,591,591,0.00,0.00,0.00,0.00,0.00,0.00,0.00,0.00,0.00,0.00,0.00,0.00,0.00,0.00,0.00,0.00,0.00,0.00,0.00,0.00,0.00,419351,475437,668338,435076,489066,681443,0,0,0,0,0,0,0,82495,0,137.19,137.22,137.25
1024,1,0,0,0,93624,93624,93624,3655,3655,3655,591,591,591,0.00,0.00,0.00,0.00,0.00,0.00,0.00,0.00,0.00,0.00,0.00,0.00,0.00,0.00,0.00,0.00,0.00,0.00,0.00,0.00,0.00,200938,361893,516290,211421,374969,529394,0,0,0,0,0,0,0,86588,0,123.36,123.46,123.58
1024,2,0,0,0,93619,93619,93619,3660,3660,3660,591,591,591,0.00,0.00,0.00,0.00,0.00,0.00,0.00,0.00,0.00,0.00,0.00,0.00,0.00,0.00,0.00,0.00,0.00,0.00,0.00,0.00,0.00,304028,372172,623786,319753,385801,636891,0,0,0,0,0,0,0,100811,0,125.72,125.75,125.77
1024,3,0,0,0,93660,93660,93660,3619,3619,3619,591,591,591,0.00,0.00,0.00,0.00,0.00,0.00,0.00,0.00,0.00,0.00,0.00,0.00,0.00,0.00,0.00,0.00,0.00,0.00,0.00,0.00,0.00,293547,478584,794144,306652,491340,807249,0,0,0,0,0,0,0,84493,0,140.35,140.39,140.43
1025,0,0,0,0,93656,93656,93656,3624,3624,3624,591,591,591,0.00,0.00,0.00,0.00,0.00,0.00,0.00,0.00,0.00,0.00,0.00,0.00,0.00,0.00,0.00,0.00,0.00,0.00,0.00,0.00,0.00,414106,819695,1674773,427210,833455,1690499,0,0,0,0,0,0,0,110108,0,137.28,137.33,137.37
1025,1,0,0,0,93624,93624,93624,3655,3655,3655,591,591,591,0.00,0.00,0.00,0.00,0.00,0.00,0.00,0.00,0.00,0.00,0.00,0.00,0.00,0.00,0.00,0.00,0.00,0.00,0.00,0.00,0.00,301407,361686,529425,314512,375446,542530,0,0,0,0,0,0,0,98884,0,123.47,123.57,123.62
1025,2,0,0,0,93619,93619,93619,3660,3660,3660,591,591,591,0.00,0.00,0.00,0.00,0.00,0.00,0.00,0.00,0.00,0.00,0.00,0.00,0.00,0.00,0.00,0.00,0.00,0.00,0.00,0.00,0.00,298788,399035,686674,314514,413450,699779,0,0,0,0,0,0,0,75569,0,125.53,125.61,125.69
1025,3,0,0,0,93660,93660,93660,3619,3619,3619,591,591,591,0.00,0.00,0.00,0.00,0.00,0.00,0.00,0.00,0.00,0.00,0.00,0.00,0.00,0.00,0.00,0.00,0.00,0.00,0.00,0.00,0.00,293547,343344,484878,309273,357759,497983,0,0,0,0,0,0,0,112692,0,140.33,140.38,140.40
1026,0,0,0,0,93656,93656,93656,3624,3624,3624,591,591,591,0.00,0.00,0.00,0.00,0.00,0.00,0.00,0.00,0.00,0.00,0.00,0.00,0.00,0.00,0.00,0.00,0.00,0.00,0.00,0.00,0.00,411464,523658,946157,424568,537811,961882,0,0,0,0,0,0,0,109993,0,137.18,137.24,137.33
1026,1,0,0,0,93624,93624,93624,3655,3655,3655,591,591,591,0.00,0.00,0.00,0.00,0.00,0.00,0.00,0.00,0.00,0.00,0.00,0.00,0.00,0.00,0.00,0.00,0.00,0.00,0.00,0.00,0.00,306650,375840,545156,319754,389993,558261,0,0,0,0,0,0,0,99000,0,123.44,123.49,123.56
1026,2,0,0,0,93619,93619,93619,3660,3660,3660,591,591,591,0.00,0.00,0.00,0.00,0.00,0.00,0.00,0.00,0.00,0.00,0.00,0.00,0.00,0.00,0.00,0.00,0.00,0.00,0.00,0.00,0.00,298787,447653,676204,314513,461282,689309,0,0,0,0,0,0,0,100784,0,125.52,125.54,125.62
1026,3,0,0,0,93660,93660,93660,3619,3619,3619,591,591,591,0.00,0.00,0.00,0.00,0.00,0.00,0.00,0.00,0.00,0.00,0.00,0.00,0.00,0.00,0.00,0.00,0.00,0.00,0.00,0.00,0.00,290906,317131,416734,301389,331284,432460,0,0,0,0,0,0,0,112636,0,140.22,140.28,140.32
1027,0,0,0,0,93656,93656,93656,3624,3624,3624,591,591,591,0.00,0.00,0.00,0.00,0.00,0.00,0.00,0.00,0.00,0.00,0.00,0.00,0.00,0.00,0.00,0.00,0.00,0.00,0.00,0.00,0.00,318005,484955,867529,326741,498211,883254,0,0,0,0,0,0,0,110047,0,137.24,137.27,137.28
1027,1,0,0,0,93624,93624,93624,3655,3655,3655,591,591,591,0.00,0.00,0.00,0.00,0.00,0.00,0.00,0.00,0.00,0.00,0.00,0.00,0.00,0.00,0.00,0.00,0.00,0.00,0.00,0.00,0.00,296145,359587,597577,306648,373216,610681,0,0,0,0,0,0,0,99017,0,123.54,123.56,123.59
1027,2,0,0,0,93619,93619,93619,3660,3660,3660,591,591,591,0.00,0.00,0.00,0.00,0.00,0.00,0.00,0.00,0.00,0.00,0.00,0.00,0.00,0.00,0.00,0.00,0.00,0.00,0.00,0.00,0.00,200404,497699,1360272,209042,510959,1373377,0,0,0,0,0,0,0,113252,0,125.45,125.55,125.63
1027,3,0,0,0,93660,93660,93660,3619,3619,3619,591,591,591,0.00,0.00,0.00,0.00,0.00,0.00,0.00,0.00,0.00,0.00,0.00,0.00,0.00,0.00,0.00,0.00,0.00,0.00,0.00,0.00,0.00,287408,335652,403626,300354,348201,416730,0,0,0,0,0,0,0,126728,0,140.30,140.33,140.36
1028,0,0,0,0,93656,93656,93656,3624,3624,3624,591,591,591,0.00,0.00,0.00,0.00,0.00,0.00,0.00,0.00,0.00,0.00,0.00,0.00,0.00,0.00,0.00,0.00,0.00,0.00,0.00,0.00,0.00,406243,678292,1661669,419347,692445,1677394,0,0,0,0,0,0,0,123829,0,137.28,137.28,137.29
1028,1,0,0,0,93624,93624,93624,3655,3655,3655,591,591,591,0.00,0.00,0.00,0.00,0.00,0.00,0.00,0.00,0.00,0.00,0.00,0.00,0.00,0.00,0.00,0.00,0.00,0.00,0.00,0.00,0.00,296165,375665,529428,311891,388945,542532,0,0,0,0,0,0,0,111281,0,123.56,123.59,123.62
1028,2,0,0,0,93619,93619,93619,3660,3660,3660,591,591,591,0.00,0.00,0.00,0.00,0.00,0.00,0.00,0.00,0.00,0.00,0.00,0.00,0.00,0.00,0.00,0.00,0.00,0.00,0.00,0.00,0.00,301405,439791,681450,317131,453944,697176,0,0,0,0,0,0,0,100577,0,125.48,125.51,125.55
1028,3,0,0,0,93660,93660,93660,3619,3619,3619,591,591,591,0.00,0.00,0.00,0.00,0.00,0.00,0.00,0.00,0.00,0.00,0.00,0.00,0.00,0.00,0.00,0.00,0.00,0.00,0.00,0.00,0.00,290910,461809,893750,306635,475962,906855,0,0,0,0,0,0,0,112534,0,140.28,140.29,140.32
1029,0,0,0,0,93656,93656,93656,3624,3624,3624,591,591,591,0.00,0.00,0.00,0.00,0.00,0.00,0.00,0.00,0.00,0.00,0.00,0.00,0.00,0.00,0.00,0.00,0.00,0.00,0.00,0.00,0.00,411487,493258,794129,424592,506887,807233,0,0,0,0,0,0,0,110013,0,137.15,137.18,137.20
1029,1,0,0,0,93624,93624,93624,3655,3655,3655,591,591,591,0.00,0.00,0.00,0.00,0.00,0.00,0.00,0.00,0.00,0.00,0.00,0.00,0.00,0.00,0.00,0.00,0.00,0.00,0.00,0.00,0.00,293543,364826,524181,309269,378455,537286,0,0,0,0,0,0,0,99041,0,123.48,123.50,123.53
1029,2,0,0,0,93619,93619,93619,3660,3660,3660,591,591,591,0.00,0.00,0.00,0.00,0.00,0.00,0.00,0.00,0.00,0.00,0.00,0.00,0.00,0.00,0.00,0.00,0.00,0.00,0.00,0.00,0.00,298786,372172,629025,314512,385801,642129,0,0,0,0,0,0,0,100663,0,125.38,125.41,125.46
1029,3,0,0,0,93660,93660,93660,3619,3619,3619,591,591,591,0.00,0.00,0.00,0.00,0.00,0.00,0.00,0.00,0.00,0.00,0.00,0.00,0.00,0.00,0.00,0.00,0.00,0.00,0.00,0.00,0.00,296164,367456,490118,309271,381085,503222,0,0,0,0,0,0,0,112687,0,140.28,140.33,140.36
1030,0,0,0,0,93656,93656,93656,3624,3624,3624,591,591,591,0.00,0.00,0.00,0.00,0.00,0.00,0.00,0.00,0.00,0.00,0.00,0.00,0.00,0.00,0.00,0.00,0.00,0.00,0.00,0.00,0.00,427213,610678,912085,440318,624831,925190,0,0,0,0,0,0,0,110086,0,137.22,137.27,137.33
1030,1,0,0,0,93624,93624,93624,3655,3655,3655,591,591,591,0.00,0.00,0.00,0.00,0.00,0.00,0.00,0.00,0.00,0.00,0.00,0.00,0.00,0.00,0.00,0.00,0.00,0.00,0.00,0.00,0.00,293545,354873,545151,309267,369026,560876,0,0,0,0,0,0,0,98928,0,123.49,123.54,123.56
1030,2,0,0,0,93619,93619,93619,3660,3660,3660,591,591,591,0.00,0.00,0.00,0.00,0.00,0.00,0.00,0.00,0.00,0.00,0.00,0.00,0.00,0.00,0.00,0.00,0.00,0.00,0.00,0.00,0.00,216164,359318,668344,226540,372401,681448,0,0,0,0,0,0,0,100698,0,125.48,125.54,125.58
1030,3,0,0,0,93660,93660,93660,3619,3619,3619,591,591,591,0.00,0.00,0.00,0.00,0.00,0.00,0.00,0.00,0.00,0.00,0.00,0.00,0.00,0.00,0.00,0.00,0.00,0.00,0.00,0.00,0.00,290923,316610,408867,306649,330239,421972,0,0,0,0,0,0,0,112672,0,140.28,140.30,140.32
1031,0,0,0,0,93656,93656,93656,3624,3624,3624,591,591,591,0.00,0.00,0.00,0.00,0.00,0.00,0.00,0.00,0.00,0.00,0.00,0.00,0.00,0.00,0.00,0.00,0.00,0.00,0.00,0.00,0.00,272016,432336,657847,282412,445423,670952,0,0,0,0,0,0,0,110027,0,137.19,137.22,137.26
1031,1,0,0,0,93624,93624,93624,3655,3655,3655,591,591,591,0.00,0.00,0.00,0.00,0.00,0.00,0.00,0.00,0.00,0.00,0.00,0.00,0.00,0.00,0.00,0.00,0.00,0.00,0.00,0.00,0.00,293546,378812,629027,306651,391567,644752,0,0,0,0,0,0,0,111396,0,123.50,123.53,123.56
1031,2,0,0,0,93619,93619,93619,3660,3660,3660,591,591,591,0.00,0.00,0.00,0.00,0.00,0.00,0.00,0.00,0.00,0.00,0.00,0.00,0.00,0.00,0.00,0.00,0.00,0.00,0.00,0.00,0.00,304029,581005,1043373,319754,594583,1054776,0,0,0,0,0,0,0,100734,0,125.60,125.62,125.66
1031,3,0,0,0,93660,93660,93660,3619,3619,3619,591,591,591,0.00,0.00,0.00,0.00,0.00,0.00,0.00,0.00,0.00,0.00,0.00,0.00,0.00,0.00,0.00,0.00,0.00,0.00,0.00,0.00,0.00,78626,424621,938308,91731,438198,948791,0,0,0,0,0,0,0,98584,0,140.34,140.38,140.41
1032,0,0,0,0,93656,93656,93656,3624,3624,3624,591,591,591,0.00,0.00,0.00,0.00,0.00,0.00,0.00,0.00,0.00,0.00,0.00,0.00,0.00,0.00,0.00,0.00,0.00,0.00,0.00,0.00,0.00,408864,739105,1674783,421968,752733,1687888,0,0,0,0,0,0,0,96388,0,137.21,137.24,137.27
1032,1,0,0,0,93624,93624,93624,3655,3655,3655,591,591,591,0.00,0.00,0.00,0.00,0.00,0.00,0.00,0.00,0.00,0.00,0.00,0.00,0.00,0.00,0.00,0.00,0.00,0.00,0.00,0.00,0.00,298784,386317,655227,311889,400470,670952,0,0,0,0,0,0,0,74162,0,123.44,123.50,123.53
1032,2,0,0,0,93619,93619,93619,3660,3660,3660,591,591,591,0.00,0.00,0.00,0.00,0.00,0.00,0.00,0.00,0.00,0.00,0.00,0.00,0.00,0.00,0.00,0.00,0.00,0.00,0.00,0.00,0.00,301408,386850,699793,314513,400479,712898,0,0,0,0,0,0,0,75494,0,125.60,125.62,125.64
1032,3,0,0,0,93660,93660,93660,3619,3619,3619,591,591,591,0.00,0.00,0.00,0.00,0.00,0.00,0.00,0.00,0.00,0.00,0.00,0.00,0.00,0.00,0.00,0.00,0.00,0.00,0.00,0.00,0.00,290923,329715,469150,304027,343343,484876,0,0,0,0,0,0,0,112663,0,140.43,140.45,140.49
1033,0,0,0,0,93656,93656,93656,3623,3623,3624,591,591,591,0.00,0.00,0.00,0.00,0.00,0.00,0.00,0.00,0.00,0.00,0.00,0.00,0.00,0.00,0.00,0.00,0.00,0.00,0.00,0.00,0.00,411465,518416,919951,424569,532045,933055,0,0,0,0,0,0,0,110234,0,137.25,137.32,137.44
1033,1,0,0,0,93624,93624,93624,3655,3655,3655,591,591,591,0.00,0.00,0.00,0.00,0.00,0.00,0.00,0.00,0.00,0.00,0.00,0.00,0.00,0.00,0.00,0.00,0.00,0.00,0.00,0.00,0.00,306649,414104,573984,317133,428257,589709,0,0,0,0,0,0,0,98999,0,123.47,123.51,123.56
1033,2,0,0,0,93619,93619,93619,3660,3660,3660,591,591,591,0.00,0.00,0.00,0.00,0.00,0.00,0.00,0.00,0.00,0.00,0.00,0.00,0.00,0.00,0.00,0.00,0.00,0.00,0.00,0.00,0.00,306631,364306,587090,319755,378983,602816,0,0,0,0,0,0,0,100936,0,125.65,125.73,125.83
1033,3,0,0,0,93660,93660,93660,3619,3619,3619,591,591,591,0.00,0.00,0.00,0.00,0.00,0.00,0.00,0.00,0.00,0.00,0.00,0.00,0.00,0.00,0.00,0.00,0.00,0.00,0.00,0.00,0.00,293530,306647,351201,306634,320276,364306,0,0,0,0,0,0,0,112662,0,140.40,140.42,140.44
1034,0,0,0,0,93656,93656,93656,3623,3623,3623,591,591,591,0.00,0.00,0.00,0.00,0.00,0.00,0.00,0.00,0.00,0.00,0.00,0.00,0.00,0.00,0.00,0.00,0.00,0.00,0.00,0.00,0.00,408867,503220,846564,421971,517373,857048,0,0,0,0,0,0,0,110120,0,137.36,137.45,137.51
1034,1,0,0,0,93624,93624,93624,3655,3655,3655,591,591,591,0.00,0.00,0.00,0.00,0.00,0.00,0.00,0.00,0.00,0.00,0.00,0.00,0.00,0.00,0.00,0.00,0.00,0.00,0.00,0.00,0.00,293542,315031,351206,306646,328660,364311,0,0,0,0,0,0,0,99020,0,123.48,123.52,123.56
1034,2,0,0,0,93619,93619,93619,3660,3660,3660,591,591,591,0.00,0.00,0.00,0.00,0.00,0.00,0.00,0.00,0.00,0.00,0.00,0.00,0.00,0.00,0.00,0.00,0.00,0.00,0.00,0.00,0.00,298789,571334,1255279,314515,584770,1267419,0,0,0,0,0,0,0,113289,0,125.58,125.66,125.70
1034,3,0,0,0,93660,93660,93660,3619,3619,3619,591,591,591,0.00,0.00,0.00,0.00,0.00,0.00,0.00,0.00,0.00,0.00,0.00,0.00,0.00,0.00,0.00,0.00,0.00,0.00,0.00,0.00,0.00,290928,309795,369550,306652,323948,382655,0,0,0,0,0,0,0,112642,0,140.33,140.37,140.46
1035,0,0,0,0,93656,93656,93656,3623,3623,3623,591,591,591,0.00,0.00,0.00,0.00,0.00,0.00,0.00,0.00,0.00,0.00,0.00,0.00,0.00,0.00,0.00,0.00,0.00,0.00,0.00,0.00,0.00,408862,469146,699787,421967,483299,715513,0,0,0,0,0,0,0,110172,0,137.27,137.32,137.42
1035,1,0,0,0,93624,93624,93624,3655,3655,3655,591,591,591,0.00,0.00,0.00,0.00,0.00,0.00,0.00,0.00,0.00,0.00,0.00,0.00,0.00,0.00,0.00,0.00,0.00,0.00,0.00,0.00,0.00,157255,330759,537288,170360,344912,553014,0,0,0,0,0,0,0,111380,0,123.51,123.58,123.63
1035,2,0,0,0,93619,93619,93619,3660,3660,3660,591,591,591,0.00,0.00,0.00,0.00,0.00,0.00,0.00,0.00,0.00,0.00,0.00,0.00,0.00,0.00,0.00,0.00,0.00,0.00,0.00,0.00,0.00,304027,368503,608054,317136,382132,618538,0,0,0,0,0,0,0,100605,0,125.41,125.49,125.60
1035,3,0,0,0,93660,93660,93660,3619,3619,3619,591,591,591,0.00,0.00,0.00,0.00,0.00,0.00,0.00,0.00,0.00,0.00,0.00,0.00,0.00,0.00,0.00,0.00,0.00,0.00,0.00,0.00,0.00,62902,430359,935677,78628,444512,948781,0,0,0,0,0,0,0,126759,0,140.31,140.39,140.44
1036,0,0,0,0,93656,93656,93656,3623,3623,3623,591,591,591,0.00,0.00,0.00,0.00,0.00,0.00,0.00,0.00,0.00,0.00,0.00,0.00,0.00,0.00,0.00,0.00,0.00,0.00,0.00,0.00,0.00,374773,669905,1344532,387877,683534,1357637,0,0,0,0,0,0,0,110059,0,137.28,137.38,137.42
1036,1,0,0,0,93624,93624,93624,3655,3655,3655,591,591,591,0.00,0.00,0.00,0.00,0.00,0.00,0.00,0.00,0.00,0.00,0.00,0.00,0.00,0.00,0.00,0.00,0.00,0.00,0.00,0.00,0.00,262088,340194,511079,275192,354347,524183,0,0,0,0,0,0,0,99051,0,123.46,123.51,123.60
1036,2,0,0,0,93619,93619,93619,3660,3660,3660,591,591,591,0.00,0.00,0.00,0.00,0.00,0.00,0.00,0.00,0.00,0.00,0.00,0.00,0.00,0.00,0.00,0.00,0.00,0.00,0.00,0.00,0.00,301407,445551,668299,314512,459704,686644,0,0,0,0,0,0,0,100518,0,125.34,125.36,125.39
1036,3,0,0,0,93660,93660,93660,3619,3619,3619,591,591,591,0.00,0.00,0.00,0.00,0.00,0.00,0.00,0.00,0.00,0.00,0.00,0.00,0.00,0.00,0.00,0.00,0.00,0.00,0.00,0.00,0.00,293529,343865,505846,306653,357494,518951,0,0,0,0,0,0,0,112679,0,140.35,140.40,140.45
1037,0,0,0,0,93656,93656,93656,3623,3623,3623,591,591,591,0.00,0.00,0.00,0.00,0.00,0.00,0.00,0.00,0.00,0.00,0.00,0.00,0.00,0.00,0.00,0.00,0.00,0.00,0.00,0.00,0.00,306649,429834,901605,319754,443987,912089,0,0,0,0,0,0,0,110250,0,137.33,137.36,137.46
1037,1,0,0,0,93624,93624,93624,3655,3655,3655,591,591,591,0.00,0.00,0.00,0.00,0.00,0.00,0.00,0.00,0.00,0.00,0.00,0.00,0.00,0.00,0.00,0.00,0.00,0.00,0.00,0.00,0.00,411485,537285,859663,424590,550914,872768,0,0,0,0,0,0,0,98991,0,123.58,123.63,123.67
1037,2,0,0,0,93619,93619,93619,3660,3660,3660,591,591,591,0.00,0.00,0.00,0.00,0.00,0.00,0.00,0.00,0.00,0.00,0.00,0.00,0.00,0.00,0.00,0.00,0.00,0.00,0.00,0.00,0.00,298788,375841,660475,311893,389994,676200,0,0,0,0,0,0,0,100893,0,125.45,125.65,125.80
1037,3,0,0,0,93660,93660,93660,3619,3619,3619,591,591,591,0.00,0.00,0.00,0.00,0.00,0.00,0.00,0.00,0.00,0.00,0.00,0.00,0.00,0.00,0.00,0.00,0.00,0.00,0.00,0.00,0.00,298788,358545,471773,314514,372699,484878,0,0,0,0,0,0,0,112778,0,140.40,140.46,140.51
1038,0,0,0,0,93656,93656,93656,3623,3623,3623,591,591,591,0.00,0.00,0.00,0.00,0.00,0.00,0.00,0.00,0.00,0.00,0.00,0.00,0.00,0.00,0.00,0.00,0.00,0.00,0.00,0.00,0.00,298771,341707,484869,311875,355334,500594,0,0,0,0,0,0,0,110145,0,137.38,137.42,137.47
1038,1,0,0,0,93624,93624,93624,3655,3655,3655,591,591,591,0.00,0.00,0.00,0.00,0.00,0.00,0.00,0.00,0.00,0.00,0.00,0.00,0.00,0.00,0.00,0.00,0.00,0.00,0.00,0.00,0.00,406245,444328,571363,419350,458442,587088,0,0,0,0,0,0,0,99066,0,123.52,123.55,123.57
1038,2,0,0,0,93619,93619,93619,3660,3660,3660,591,591,591,0.00,0.00,0.00,0.00,0.00,0.00,0.00,0.00,0.00,0.00,0.00,0.00,0.00,0.00,0.00,0.00,0.00,0.00,0.00,0.00,0.00,306595,453183,965985,319697,466765,981482,0,0,0,0,0,0,0,113534,0,125.74,125.77,125.81
1038,3,0,0,0,93660,93660,93660,3619,3619,3619,591,591,591,0.00,0.00,0.00,0.00,0.00,0.00,0.00,0.00,0.00,0.00,0.00,0.00,0.00,0.00,0.00,0.00,0.00,0.00,0.00,0.00,0.00,295337,354704,576925,310614,368117,589412,0,0,0,0,0,0,0,126830,0,140.46,140.49,140.53
1039,0,0,0,0,93656,93656,93656,3623,3623,3623,591,591,591,0.00,0.00,0.00,0.00,0.00,0.00,0.00,0.00,0.00,0.00,0.00,0.00,0.00,0.00,0.00,0.00,0.00,0.00,0.00,0.00,0.00,296163,350549,495357,311889,364965,508462,0,0,0,0,0,0,0,96334,0,137.33,137.35,137.38
1039,1,0,0,0,93624,93624,93624,3655,3655,3655,591,591,591,0.00,0.00,0.00,0.00,0.00,0.00,0.00,0.00,0.00,0.00,0.00,0.00,0.00,0.00,0.00,0.00,0.00,0.00,0.00,0.00,0.00,406214,569632,763691,418908,583420,779940,0,0,0,0,0,0,0,86571,0,123.56,123.57,123.58
1039,2,0,0,0,93619,93619,93619,3660,3660,3660,591,591,591,0.00,0.00,0.00,0.00,0.00,0.00,0.00,0.00,0.00,0.00,0.00,0.00,0.00,0.00,0.00,0.00,0.00,0.00,0.00,0.00,0.00,306648,389898,639644,319753,404314,652752,0,0,0,0,0,0,0,100667,0,125.56,125.63,125.71
1039,3,0,0,0,93660,93660,93660,3619,3619,3619,591,591,591,0.00,0.00,0.00,0.00,0.00,0.00,0.00,0.00,0.00,0.00,0.00,0.00,0.00,0.00,0.00,0.00,0.00,0.00,0.00,0.00,0.00,298785,520289,854554,311889,534218,868337,0,0,0,0,0,0,0,84345,0,140.34,140.39,140.43
1040,0,0,0,0,93656,93656,93656,3623,3623,3623,591,591,591,0.00,0.00,0.00,0.00,0.00,0.00,0.00,0.00,0.00,0.00,0.00,0.00,0.00,0.00,0.00,0.00,0.00,0.00,0.00,0.00,0.00,296165,544631,1263298,311890,558260,1276403,0,0,0,0,0,0,0,110122,0,137.32,137.34,137.36
1040,1,0,0,0,93624,93624,93624,3655,3655,3655,591,591,591,0.00,0.00,0.00,0.00,0.00,0.00,0.00,0.00,0.00,0.00,0.00,0.00,0.00,0.00,0.00,0.00,0.00,0.00,0.00,0.00,0.00,414103,471765,665720,429828,485394,678825,0,0,0,0,0,0,0,98951,0,123.50,123.53,123.57
1040,2,0,0,0,93619,93619,93619,3660,3660,3660,591,591,591,0.00,0.00,0.00,0.00,0.00,0.00,0.00,0.00,0.00,0.00,0.00,0.00,0.00,0.00,0.00,0.00,0.00,0.00,0.00,0.00,0.00,304028,448704,686687,317133,462333,697171,0,0,0,0,0,0,0,75540,0,125.40,125.45,125.49
1040,3,0,0,0,93660,93660,93660,3619,3619,3619,591,591,591,0.00,0.00,0.00,0.00,0.00,0.00,0.00,0.00,0.00,0.00,0.00,0.00,0.00,0.00,0.00,0.00,0.00,0.00,0.00,0.00,0.00,301404,332860,435082,314508,347013,448187,0,0,0,0,0,0,0,112713,0,140.33,140.35,140.38
1041,0,0,0,0,93656,93656,93656,3623,3623,3623,591,591,591,0.00,0.00,0.00,0.00,0.00,0.00,0.00,0.00,0.00,0.00,0.00,0.00,0.00,0.00,0.00,0.00,0.00,0.00,0.00,0.00,0.00,301406,381076,676166,314511,395229,691891,0,0,0,0,0,0,0,110149,0,137.36,137.38,137.40
1041,1,0,0,0,93624,93624,93624,3655,3655,3655,591,591,591,0.00,0.00,0.00,0.00,0.00,0.00,0.00,0.00,0.00,0.00,0.00,0.00,0.00,0.00,0.00,0.00,0.00,0.00,0.00,0.00,0.00,429826,523136,718136,442931,537814,733862,0,0,0,0,0,0,0,99038,0,123.50,123.56,123.58
1041,2,0,0,0,93619,93619,93619,3660,3660,3660,591,591,591,0.00,0.00,0.00,0.00,0.00,0.00,0.00,0.00,0.00,0.00,0.00,0.00,0.00,0.00,0.00,0.00,0.00,0.00,0.00,0.00,0.00,301409,375839,655239,314514,389992,668344,0,0,0,0,0,0,0,100817,0,125.50,125.57,125.62
1041,3,0,0,0,93660,93660,93660,3619,3619,3619,591,591,591,0.00,0.00,0.00,0.00,0.00,0.00,0.00,0.00,0.00,0.00,0.00,0.00,0.00,0.00,0.00,0.00,0.00,0.00,0.00,0.00,0.00,298790,348582,466527,311895,362735,482253,0,0,0,0,0,0,0,112753,0,140.34,140.36,140.38
1042,0,0,0,0,93656,93656,93656,3623,3623,3623,591,591,591,0.00,0.00,0.00,0.00,0.00,0.00,0.00,0.00,0.00,0.00,0.00,0.00,0.00,0.00,0.00,0.00,0.00,0.00,0.00,0.00,0.00,195696,377239,613296,204433,390518,626401,0,0,0,0,0,0,0,110127,0,137.34,137.36,137.38
1042,1,0,0,0,93624,93624,93624,3655,3655,3655,591,591,591,0.00,0.00,0.00,0.00,0.00,0.00,0.00,0.00,0.00,0.00,0.00,0.00,0.00,0.00,0.00,0.00,0.00,0.00,0.00,0.00,0.00,408864,495872,822927,419347,509500,838652,0,0,0,0,0,0,0,99052,0,123.48,123.52,123.55
1042,2,0,0,0,93619,93619,93619,3660,3660,3660,591,591,591,0.00,0.00,0.00,0.00,0.00,0.00,0.00,0.00,0.00,0.00,0.00,0.00,0.00,0.00,0.00,0.00,0.00,0.00,0.00,0.00,0.00,293827,489674,915392,306492,502435,924127,0,0,0,0,0,0,0,113468,0,125.68,125.73,125.77
1042,3,0,0,0,93660,93660,93660,3619,3619,3619,591,591,591,0.00,0.00,0.00,0.00,0.00,0.00,0.00,0.00,0.00,0.00,0.00,0.00,0.00,0.00,0.00,0.00,0.00,0.00,0.00,0.00,0.00,301409,490645,998607,314514,504137,1011028,0,0,0,0,0,0,0,126686,0,140.24,140.28,140.36
1043,0,0,0,0,93656,93656,93656,3623,3623,3623,591,591,591,0.00,0.00,0.00,0.00,0.00,0.00,0.00,0.00,0.00,0.00,0.00,0.00,0.00,0.00,0.00,0.00,0.00,0.00,0.00,0.00,0.00,296167,485908,1210809,309272,499537,1223913,0,0,0,0,0,0,0,123885,0,137.23,137.29,137.38
1043,1,0,0,0,93624,93624,93624,3655,3655,3655,591,591,591,0.00,0.00,0.00,0.00,0.00,0.00,0.00,0.00,0.00,0.00,0.00,0.00,0.00,0.00,0.00,0.00,0.00,0.00,0.00,0.00,0.00,419345,534601,718676,432450,547109,731418,0,0,0,0,0,0,0,98957,0,123.61,123.63,123.67
1043,2,0,0,0,93619,93619,93619,3660,3660,3660,591,591,591,0.00,0.00,0.00,0.00,0.00,0.00,0.00,0.00,0.00,0.00,0.00,0.00,0.00,0.00,0.00,0.00,0.00,0.00,0.00,0.00,0.00,301408,383696,702372,317133,397849,712855,0,0,0,0,0,0,0,100818,0,125.70,125.73,125.75
1043,3,0,0,0,93660,93660,93660,3619,3619,3619,591,591,591,0.00,0.00,0.00,0.00,0.00,0.00,0.00,0.00,0.00,0.00,0.00,0.00,0.00,0.00,0.00,0.00,0.00,0.00,0.00,0.00,0.00,202687,346136,466534,211424,359415,482260,0,0,0,0,0,0,0,112532,0,140.20,140.26,140.29
1045,0,0,0,0,93656,93656,93656,3623,3623,3623,591,591,591,0.00,0.00,0.00,0.00,0.00,0.00,0.00,0.00,0.00,0.00,0.00,0.00,0.00,0.00,0.00,0.00,0.00,0.00,0.00,0.00,0.00,296166,399954,668336,306650,413845,681441,0,0,0,0,0,0,0,247853,0,137.31,137.43,137.57
1045,1,0,0,0,93624,93624,93624,3655,3655,3655,591,591,591,0.00,0.00,0.00,0.00,0.00,0.00,0.00,0.00,0.00,0.00,0.00,0.00,0.00,0.00,0.00,0.00,0.00,0.00,0.00,0.00,0.00,408867,502164,809855,421972,516055,822960,0,0,0,0,0,0,0,222911,0,123.51,123.63,123.71
1045,2,0,0,0,93619,93619,93619,3660,3660,3660,591,591,591,0.00,0.00,0.00,0.00,0.00,0.00,0.00,0.00,0.00,0.00,0.00,0.00,0.00,0.00,0.00,0.00,0.00,0.00,0.00,0.00,0.00,304025,380296,691917,317130,394187,705021,0,0,0,0,0,0,0,239064,0,125.36,125.53,125.72
1045,3,0,0,0,93660,93660,93660,3619,3619,3619,591,591,591,0.00,0.00,0.00,0.00,0.00,0.00,0.00,0.00,0.00,0.00,0.00,0.00,0.00,0.00,0.00,0.00,0.00,0.00,0.00,0.00,0.00,296167,326831,469146,309272,340985,484872,0,0,0,0,0,0,0,254050,0,140.22,140.44,140.58
1046,0,0,0,0,93656,93656,93656,3623,3623,3623,591,591,591,0.00,0.00,0.00,0.00,0.00,0.00,0.00,0.00,0.00,0.00,0.00,0.00,0.00,0.00,0.00,0.00,0.00,0.00,0.00,0.00,0.00,211422,320099,477007,220159,333379,492733,0,0,0,0,0,0,0,110149,0,137.24,137.31,137.37
1046,1,0,0,0,93624,93624,93624,3655,3655,3655,591,591,591,0.00,0.00,0.00,0.00,0.00,0.00,0.00,0.00,0.00,0.00,0.00,0.00,0.00,0.00,0.00,0.00,0.00,0.00,0.00,0.00,0.00,408866,512113,744342,424592,526203,754826,0,0,0,0,0,0,0,111371,0,123.47,123.53,123.57
1046,2,0,0,0,93619,93619,93619,3660,3660,3660,591,591,591,0.00,0.00,0.00,0.00,0.00,0.00,0.00,0.00,0.00,0.00,0.00,0.00,0.00,0.00,0.00,0.00,0.00,0.00,0.00,0.00,0.00,203634,549722,1281654,213901,562784,1294759,0,0,0,0,0,0,0,100633,0,125.35,125.45,125.51
1046,3,0,0,0,93660,93660,93660,3619,3619,3619,591,591,591,0.00,0.00,0.00,0.00,0.00,0.00,0.00,0.00,0.00,0.00,0.00,0.00,0.00,0.00,0.00,0.00,0.00,0.00,0.00,0.00,0.00,288270,493917,995908,303994,507480,1009012,0,0,0,0,0,0,0,98844,0,140.44,140.53,140.62
1047,0,0,0,0,93656,93656,93656,3623,3623,3623,591,591,591,0.00,0.00,0.00,0.00,0.00,0.00,0.00,0.00,0.00,0.00,0.00,0.00,0.00,0.00,0.00,0.00,0.00,0.00,0.00,0.00,0.00,301407,600191,1221345,317133,613951,1234450,0,0,0,0,0,0,0,82642,0,137.39,137.42,137.45
1047,1,0,0,0,93624,93624,93624,3655,3655,3655,591,591,591,0.00,0.00,0.00,0.00,0.00,0.00,0.00,0.00,0.00,0.00,0.00,0.00,0.00,0.00,0.00,0.00,0.00,0.00,0.00,0.00,0.00,212258,397278,527676,225361,409727,538160,0,0,0,0,0,0,0,74298,0,123.56,123.59,123.64
1047,2,0,0,0,93619,93619,93619,3660,3660,3660,591,591,591,0.00,0.00,0.00,0.00,0.00,0.00,0.00,0.00,0.00,0.00,0.00,0.00,0.00,0.00,0.00,0.00,0.00,0.00,0.00,0.00,0.00,304029,403623,699791,317133,417382,715517,0,0,0,0,0,0,0,75515,0,125.50,125.55,125.57
1047,3,0,0,0,93660,93660,93660,3619,3619,3619,591,591,591,0.00,0.00,0.00,0.00,0.00,0.00,0.00,0.00,0.00,0.00,0.00,0.00,0.00,0.00,0.00,0.00,0.00,0.00,0.00,0.00,0.00,204435,323688,490122,214919,336792,505848,0,0,0,0,0,0,0,112659,0,140.41,140.54,140.66
1048,0,0,0,0,93656,93656,93656,3623,3623,3623,591,591,591,0.00,0.00,0.00,0.00,0.00,0.00,0.00,0.00,0.00,0.00,0.00,0.00,0.00,0.00,0.00,0.00,0.00,0.00,0.00,0.00,0.00,298786,380027,670926,314512,394180,686651,0,0,0,0,0,0,0,110177,0,137.39,137.43,137.46
1048,1,0,0,0,93624,93624,93624,3655,3655,3655,591,591,591,0.00,0.00,0.00,0.00,0.00,0.00,0.00,0.00,0.00,0.00,0.00,0.00,0.00,0.00,0.00,0.00,0.00,0.00,0.00,0.00,0.00,432447,582890,765307,448173,597043,778411,0,0,0,0,0,0,0,99041,0,123.63,123.65,123.68
1048,2,0,0,0,93619,93619,93619,3660,3660,3660,591,591,591,0.00,0.00,0.00,0.00,0.00,0.00,0.00,0.00,0.00,0.00,0.00,0.00,0.00,0.00,0.00,0.00,0.00,0.00,0.00,0.00,0.00,306651,379506,642116,322376,393658,652600,0,0,0,0,0,0,0,100670,0,125.50,125.54,125.57
1048,3,0,0,0,93660,93660,93660,3619,3619,3619,591,591,591,0.00,0.00,0.00,0.00,0.00,0.00,0.00,0.00,0.00,0.00,0.00,0.00,0.00,0.00,0.00,0.00,0.00,0.00,0.00,0.00,0.00,298788,333383,456042,314511,347013,469147,0,0,0,0,0,0,0,112763,0,140.32,140.39,140.46
1049,0,0,0,0,93656,93656,93656,3623,3623,3623,591,591,591,0.00,0.00,0.00,0.00,0.00,0.00,0.00,0.00,0.00,0.00,0.00,0.00,0.00,0.00,0.00,0.00,0.00,0.00,0.00,0.00,0.00,298787,366931,613299,311892,381084,626403,0,0,0,0,0,0,0,110069,0,137.32,137.37,137.41
1049,1,0,0,0,93624,93624,93624,3655,3655,3655,591,591,591,0.00,0.00,0.00,0.00,0.00,0.00,0.00,0.00,0.00,0.00,0.00,0.00,0.00,0.00,0.00,0.00,0.00,0.00,0.00,0.00,0.00,414111,515263,875341,429824,528892,888445,0,0,0,0,0,0,0,99070,0,123.54,123.58,123.60
1049,2,0,0,0,93619,93619,93619,3660,3660,3660,591,591,591,0.00,0.00,0.00,0.00,0.00,0.00,0.00,0.00,0.00,0.00,0.00,0.00,0.00,0.00,0.00,0.00,0.00,0.00,0.00,0.00,0.00,306645,583420,1323576,319749,597573,1339301,0,0,0,0,0,0,0,113261,0,125.44,125.50,125.55
1049,3,0,0,0,93660,93660,93660,3619,3619,3619,591,591,591,0.00,0.00,0.00,0.00,0.00,0.00,0.00,0.00,0.00,0.00,0.00,0.00,0.00,0.00,0.00,0.00,0.00,0.00,0.00,0.00,0.00,298770,329187,414111,311874,342815,429836,0,0,0,0,0,0,0,126712,0,140.34,140.40,140.49
1050,0,0,0,0,93656,93656,93656,3623,3623,3623,591,591,591,0.00,0.00,0.00,0.00,0.00,0.00,0.00,0.00,0.00,0.00,0.00,0.00,0.00,0.00,0.00,0.00,0.00,0.00,0.00,0.00,0.00,199191,312414,458659,207927,325169,471764,0,0,0,0,0,0,0,123957,0,137.31,137.39,137.51
1050,1,0,0,0,93624,93624,93624,3655,3655,3655,591,591,591,0.00,0.00,0.00,0.00,0.00,0.00,0.00,0.00,0.00,0.00,0.00,0.00,0.00,0.00,0.00,0.00,0.00,0.00,0.00,0.00,0.00,416727,537487,749589,429832,551585,765315,0,0,0,0,0,0,0,111370,0,123.60,123.62,123.68
1050,2,0,0,0,93619,93619,93619,3660,3660,3660,591,591,591,0.00,0.00,0.00,0.00,0.00,0.00,0.00,0.00,0.00,0.00,0.00,0.00,0.00,0.00,0.00,0.00,0.00,0.00,0.00,0.00,0.00,301411,328331,415040,314514,340366,425416,0,0,0,0,0,0,0,100785,0,125.54,125.60,125.67
1050,3,0,0,0,93660,93660,93660,3619,3619,3619,591,591,591,0.00,0.00,0.00,0.00,0.00,0.00,0.00,0.00,0.00,0.00,0.00,0.00,0.00,0.00,0.00,0.00,0.00,0.00,0.00,0.00,0.00,293486,532743,885888,306588,546858,898993,0,0,0,0,0,0,0,112695,0,140.32,140.43,140.49
1051,0,0,0,0,93656,93656,93656,3623,3623,3623,591,591,591,0.00,0.00,0.00,0.00,0.00,0.00,0.00,0.00,0.00,0.00,0.00,0.00,0.00,0.00,0.00,0.00,0.00,0.00,0.00,0.00,0.00,301406,544092,1221293,314511,558245,1237018,0,0,0,0,0,0,0,110127,0,137.43,137.52,137.56
1051,1,0,0,0,93624,93624,93624,3655,3655,3655,591,591,591,0.00,0.00,0.00,0.00,0.00,0.00,0.00,0.00,0.00,0.00,0.00,0.00,0.00,0.00,0.00,0.00,0.00,0.00,0.00,0.00,0.00,286551,458835,710272,297035,471416,725998,0,0,0,0,0,0,0,98948,0,123.50,123.53,123.58
1051,2,0,0,0,93619,93619,93619,3660,3660,3660,591,591,591,0.00,0.00,0.00,0.00,0.00,0.00,0.00,0.00,0.00,0.00,0.00,0.00,0.00,0.00,0.00,0.00,0.00,0.00,0.00,0.00,0.00,306629,456564,686688,319733,471241,702413,0,0,0,0,0,0,0,100599,0,125.45,125.58,125.67
1051,3,0,0,0,93660,93660,93660,3619,3619,3619,591,591,591,0.00,0.00,0.00,0.00,0.00,0.00,0.00,0.00,0.00,0.00,0.00,0.00,0.00,0.00,0.00,0.00,0.00,0.00,0.00,0.00,0.00,204434,324994,511085,213170,337749,526811,0,0,0,0,0,0,0,112863,0,140.54,140.56,140.58
1052,0,0,0,0,93656,93656,93656,3623,3623,3623,591,591,591,0.00,0.00,0.00,0.00,0.00,0.00,0.00,0.00,0.00,0.00,0.00,0.00,0.00,0.00,0.00,0.00,0.00,0.00,0.00,0.00,0.00,296165,394710,718130,311891,408339,728614,0,0,0,0,0,0,0,110177,0,137.34,137.40,137.43
1052,1,0,0,0,93624,93624,93624,3655,3655,3655,591,591,591,0.00,0.00,0.00,0.00,0.00,0.00,0.00,0.00,0.00,0.00,0.00,0.00,0.00,0.00,0.00,0.00,0.00,0.00,0.00,0.00,0.00,411484,518936,728617,427209,533613,739101,0,0,0,0,0,0,0,99030,0,123.50,123.52,123.53
1052,2,0,0,0,93619,93619,93619,3660,3660,3660,591,591,591,0.00,0.00,0.00,0.00,0.00,0.00,0.00,0.00,0.00,0.00,0.00,0.00,0.00,0.00,0.00,0.00,0.00,0.00,0.00,0.00,0.00,301407,374269,642132,314512,387898,657857,0,0,0,0,0,0,0,100535,0,125.33,125.38,125.42
1052,3,0,0,0,93660,93660,93660,3619,3619,3619,591,591,591,0.00,0.00,0.00,0.00,0.00,0.00,0.00,0.00,0.00,0.00,0.00,0.00,0.00,0.00,0.00,0.00,0.00,0.00,0.00,0.00,0.00,301407,350683,429839,314512,365360,445565,0,0,0,0,0,0,0,112733,0,140.31,140.36,140.45
1053,0,0,0,0,93656,93656,93656,3623,3623,3623,591,591,591,0.00,0.00,0.00,0.00,0.00,0.00,0.00,0.00,0.00,0.00,0.00,0.00,0.00,0.00,0.00,0.00,0.00,0.00,0.00,0.00,0.00,293529,376188,691928,305777,389817,707653,0,0,0,0,0,0,0,110163,0,137.29,137.32,137.37
1053,1,0,0,0,93624,93624,93624,3655,3655,3655,591,591,591,0.00,0.00,0.00,0.00,0.00,0.00,0.00,0.00,0.00,0.00,0.00,0.00,0.00,0.00,0.00,0.00,0.00,0.00,0.00,0.00,0.00,411484,475434,715510,424589,489062,728615,0,0,0,0,0,0,0,99125,0,123.55,123.63,123.69
1053,2,0,0,0,93619,93619,93619,3660,3660,3660,591,591,591,0.00,0.00,0.00,0.00,0.00,0.00,0.00,0.00,0.00,0.00,0.00,0.00,0.00,0.00,0.00,0.00,0.00,0.00,0.00,0.00,0.00,309266,584991,1336684,324980,599144,1352410,0,0,0,0,0,0,0,113240,0,125.46,125.54,125.58
1053,3,0,0,0,93660,93660,93660,3619,3619,3619,591,591,591,0.00,0.00,0.00,0.00,0.00,0.00,0.00,0.00,0.00,0.00,0.00,0.00,0.00,0.00,0.00,0.00,0.00,0.00,0.00,0.00,0.00,301408,470712,820312,314513,484341,836037,0,0,0,0,0,0,0,126776,0,140.34,140.38,140.39
1054,0,0,0,0,93656,93656,93656,3623,3623,3623,591,591,591,0.00,0.00,0.00,0.00,0.00,0.00,0.00,0.00,0.00,0.00,0.00,0.00,0.00,0.00,0.00,0.00,0.00,0.00,0.00,0.00,0.00,296165,480677,1197766,309267,494306,1210871,0,0,0,0,0,0,0,96508,0,137.41,137.51,137.57
1054,1,0,0,0,93624,93624,93624,3655,3655,3655,591,591,591,0.00,0.00,0.00,0.00,0.00,0.00,0.00,0.00,0.00,0.00,0.00,0.00,0.00,0.00,0.00,0.00,0.00,0.00,0.00,0.00,0.00,283058,561533,800057,293541,574622,813088,0,0,0,0,0,0,0,74166,0,123.45,123.52,123.63
1054,2,0,0,0,93619,93619,93619,3660,3660,3660,591,591,591,0.00,0.00,0.00,0.00,0.00,0.00,0.00,0.00,0.00,0.00,0.00,0.00,0.00,0.00,0.00,0.00,0.00,0.00,0.00,0.00,0.00,205571,360873,673588,214208,373609,686693,0,0,0,0,0,0,0,100515,0,125.27,125.35,125.49
1054,3,0,0,0,93660,93660,93660,3619,3619,3619,591,591,591,0.00,0.00,0.00,0.00,0.00,0.00,0.00,0.00,0.00,0.00,0.00,0.00,0.00,0.00,0.00,0.00,0.00,0.00,0.00,0.00,0.00,294450,406427,631654,307365,420018,644759,0,0,0,0,0,0,0,84646,0,140.30,140.38,140.46
1055,0,0,0,0,93656,93656,93656,3623,3623,3623,591,591,591,0.00,0.00,0.00,0.00,0.00,0.00,0.00,0.00,0.00,0.00,0.00,0.00,0.00,0.00,0.00,0.00,0.00,0.00,0.00,0.00,0.00,301407,366273,558254,311890,380033,571359,0,0,0,0,0,0,0,110076,0,137.30,137.35,137.43
1055,1,0,0,0,93624,93624,93624,3655,3655,3655,591,591,591,0.00,0.00,0.00,0.00,0.00,0.00,0.00,0.00,0.00,0.00,0.00,0.00,0.00,0.00,0.00,0.00,0.00,0.00,0.00,0.00,0.00,421962,526150,718136,435067,539254,731241,0,0,0,0,0,0,0,99110,0,123.55,123.58,123.60
1055,2,0,0,0,93619,93619,93619,3660,3660,3660,591,591,591,0.00,0.00,0.00,0.00,0.00,0.00,0.00,0.00,0.00,0.00,0.00,0.00,0.00,0.00,0.00,0.00,0.00,0.00,0.00,0.00,0.00,306650,388553,576610,317134,402313,592336,0,0,0,0,0,0,0,75601,0,125.26,125.39,125.51
1055,3,0,0,0,93660,93660,93660,3619,3619,3619,591,591,591,0.00,0.00,0.00,0.00,0.00,0.00,0.00,0.00,0.00,0.00,0.00,0.00,0.00,0.00,0.00,0.00,0.00,0.00,0.00,0.00,0.00,199195,302063,390522,209679,315168,406248,0,0,0,0,0,0,0,112786,0,140.47,140.51,140.57
1056,0,0,0,0,93656,93656,93656,3623,3623,3623,591,591,591,0.00,0.00,0.00,0.00,0.00,0.00,0.00,0.00,0.00,0.00,0.00,0.00,0.00,0.00,0.00,0.00,0.00,0.00,0.00,0.00,0.00,311875,446603,665716,324979,460232,678821,0,0,0,0,0,0,0,110149,0,137.30,137.35,137.38
1056,1,0,0,0,93624,93624,93624,3655,3655,3655,591,591,591,0.00,0.00,0.00,0.00,0.00,0.00,0.00,0.00,0.00,0.00,0.00,0.00,0.00,0.00,0.00,0.00,0.00,0.00,0.00,0.00,0.00,414105,499023,773171,427210,513176,786276,0,0,0,0,0,0,0,99046,0,123.64,123.67,123.70
1056,2,0,0,0,93619,93619,93619,3660,3660,3660,591,591,591,0.00,0.00,0.00,0.00,0.00,0.00,0.00,0.00,0.00,0.00,0.00,0.00,0.00,0.00,0.00,0.00,0.00,0.00,0.00,0.00,0.00,306652,383177,665721,322377,397330,681447,0,0,0,0,0,0,0,100708,0,125.51,125.55,125.58
1056,3,0,0,0,93660,93660,93660,3619,3619,3619,591,591,591,0.00,0.00,0.00,0.00,0.00,0.00,0.00,0.00,0.00,0.00,0.00,0.00,0.00,0.00,0.00,0.00,0.00,0.00,0.00,0.00,0.00,298772,326041,411482,311876,340194,427207,0,0,0,0,0,0,0,112706,0,140.33,140.35,140.37
1057,0,0,0,0,93656,93656,93656,3623,3623,3623,591,591,591,0.00,0.00,0.00,0.00,0.00,0.00,0.00,0.00,0.00,0.00,0.00,0.00,0.00,0.00,0.00,0.00,0.00,0.00,0.00,0.00,0.00,192192,312460,463265,200928,325678,476063,0,0,0,0,0,0,0,110042,0,137.32,137.43,137.50
1057,1,0,0,0,93624,93624,93624,3655,3655,3655,591,591,591,0.00,0.00,0.00,0.00,0.00,0.00,0.00,0.00,0.00,0.00,0.00,0.00,0.00,0.00,0.00,0.00,0.00,0.00,0.00,0.00,0.00,414106,581317,875392,429831,595470,891118,0,0,0,0,0,0,0,111596,0,123.55,123.64,123.75
1057,2,0,0,0,93619,93619,93619,3660,3660,3660,591,591,591,0.00,0.00,0.00,0.00,0.00,0.00,0.00,0.00,0.00,0.00,0.00,0.00,0.00,0.00,0.00,0.00,0.00,0.00,0.00,0.00,0.00,306652,572933,1336652,322377,587086,1352378,0,0,0,0,0,0,0,100739,0,125.53,125.56,125.58
1057,3,0,0,0,93660,93660,93660,3619,3619,3619,591,591,591,0.00,0.00,0.00,0.00,0.00,0.00,0.00,0.00,0.00,0.00,0.00,0.00,0.00,0.00,0.00,0.00,0.00,0.00,0.00,0.00,0.00,309272,540436,883246,322377,554065,896351,0,0,0,0,0,0,0,126740,0,140.43,140.44,140.47
1058,0,0,0,0,93656,93656,93656,3623,3623,3623,591,591,591,0.00,0.00,0.00,0.00,0.00,0.00,0.00,0.00,0.00,0.00,0.00,0.00,0.00,0.00,0.00,0.00,0.00,0.00,0.00,0.00,0.00,306650,540429,1179408,319755,554582,1192513,0,0,0,0,0,0,0,123914,0,137.27,137.33,137.41
1058,1,0,0,0,93624,93624,93624,3655,3655,3655,591,591,591,0.00,0.00,0.00,0.00,0.00,0.00,0.00,0.00,0.00,0.00,0.00,0.00,0.00,0.00,0.00,0.00,0.00,0.00,0.00,0.00,0.00,283060,452371,587083,293544,465476,602808,0,0,0,0,0,0,0,99334,0,123.83,123.92,124.02
1058,2,0,0,0,93619,93619,93619,3660,3660,3660,591,591,591,0.00,0.00,0.00,0.00,0.00,0.00,0.00,0.00,0.00,0.00,0.00,0.00,0.00,0.00,0.00,0.00,0.00,0.00,0.00,0.00,0.00,200855,370709,745752,209512,383960,759461,0,0,0,0,0,0,0,100586,0,125.35,125.47,125.54
1058,3,0,0,0,93660,93660,93660,3619,3619,3619,591,591,591,0.00,0.00,0.00,0.00,0.00,0.00,0.00,0.00,0.00,0.00,0.00,0.00,0.00,0.00,0.00,0.00,0.00,0.00,0.00,0.00,0.00,298789,341247,497983,311896,355400,511088,0,0,0,0,0,0,0,112707,0,140.31,140.34,140.41
1059,0,0,0,0,93656,93656,93656,3623,3623,3623,591,591,591,0.00,0.00,0.00,0.00,0.00,0.00,0.00,0.00,0.00,0.00,0.00,0.00,0.00,0.00,0.00,0.00,0.00,0.00,0.00,0.00,0.00,301406,382132,689309,314510,395761,702414,0,0,0,0,0,0,0,110164,0,137.41,137.46,137.50
1059,1,0,0,0,93624,93624,93624,3655,3655,3655,591,591,591,0.00,0.00,0.00,0.00,0.00,0.00,0.00,0.00,0.00,0.00,0.00,0.00,0.00,0.00,0.00,0.00,0.00,0.00,0.00,0.00,0.00,432447,584459,765310,442931,598088,778414,0,0,0,0,0,0,0,99029,0,123.61,123.77,123.92
1059,2,0,0,0,93619,93619,93619,3660,3660,3660,591,591,591,0.00,0.00,0.00,0.00,0.00,0.00,0.00,0.00,0.00,0.00,0.00,0.00,0.00,0.00,0.00,0.00,0.00,0.00,0.00,0.00,0.00,301408,369551,631641,314513,383180,644746,0,0,0,0,0,0,0,100665,0,125.35,125.39,125.45
1059,3,0,0,0,93660,93660,93660,3619,3619,3619,591,591,591,0.00,0.00,0.00,0.00,0.00,0.00,0.00,0.00,0.00,0.00,0.00,0.00,0.00,0.00,0.00,0.00,0.00,0.00,0.00,0.00,0.00,202681,311017,450806,211417,324297,463911,0,0,0,0,0,0,0,112639,0,140.34,140.38,140.42
1060,0,0,0,0,93656,93656,93656,3623,3623,3623,591,591,591,0.00,0.00,0.00,0.00,0.00,0.00,0.00,0.00,0.00,0.00,0.00,0.00,0.00,0.00,0.00,0.00,0.00,0.00,0.00,0.00,0.00,298785,367453,615916,311890,381606,631642,0,0,0,0,0,0,0,110141,0,137.43,137.46,137.50
1060,1,0,0,0,93624,93624,93624,3655,3655,3655,591,591,591,0.00,0.00,0.00,0.00,0.00,0.00,0.00,0.00,0.00,0.00,0.00,0.00,0.00,0.00,0.00,0.00,0.00,0.00,0.00,0.00,0.00,421969,516846,857046,435073,530999,872771,0,0,0,0,0,0,0,99011,0,123.52,123.57,123.61
1060,2,0,0,0,93619,93619,93619,3660,3660,3660,591,591,591,0.00,0.00,0.00,0.00,0.00,0.00,0.00,0.00,0.00,0.00,0.00,0.00,0.00,0.00,0.00,0.00,0.00,0.00,0.00,0.00,0.00,304029,579752,1284262,317134,593905,1299987,0,0,0,0,0,0,0,113213,0,125.42,125.44,125.47
1060,3,0,0,0,93660,93660,93660,3619,3619,3619,591,591,591,0.00,0.00,0.00,0.00,0.00,0.00,0.00,0.00,0.00,0.00,0.00,0.00,0.00,0.00,0.00,0.00,0.00,0.00,0.00,0.00,0.00,304026,325521,398383,317136,339150,411488,0,0,0,0,0,0,0,126966,0,140.41,140.52,140.64
1061,0,0,0,0,93656,93656,93656,3623,3623,3623,591,591,591,0.00,0.00,0.00,0.00,0.00,0.00,0.00,0.00,0.00,0.00,0.00,0.00,0.00,0.00,0.00,0.00,0.00,0.00,0.00,0.00,0.00,202672,313828,463903,211408,327070,479629,0,0,0,0,0,0,0,82578,0,137.29,137.36,137.40
1061,1,0,0,0,93624,93624,93624,3655,3655,3655,591,591,591,0.00,0.00,0.00,0.00,0.00,0.00,0.00,0.00,0.00,0.00,0.00,0.00,0.00,0.00,0.00,0.00,0.00,0.00,0.00,0.00,0.00,411488,545153,783660,421972,559307,799386,0,0,0,0,0,0,0,86615,0,123.46,123.51,123.59
1061,2,0,0,0,93619,93619,93619,3660,3660,3660,591,591,591,0.00,0.00,0.00,0.00,0.00,0.00,0.00,0.00,0.00,0.00,0.00,0.00,0.00,0.00,0.00,0.00,0.00,0.00,0.00,0.00,0.00,195860,359967,660443,204375,372678,676167,0,0,0,0,0,0,0,100875,0,125.44,125.55,125.70
1061,3,0,0,0,93660,93660,93660,3619,3619,3619,591,591,591,0.00,0.00,0.00,0.00,0.00,0.00,0.00,0.00,0.00,0.00,0.00,0.00,0.00,0.00,0.00,0.00,0.00,0.00,0.00,0.00,0.00,304032,540957,822978,319758,555110,836083,0,0,0,0,0,0,0,84596,0,140.60,140.63,140.69
1062,0,0,0,0,93656,93656,93656,3623,3623,3623,591,591,591,0.00,0.00,0.00,0.00,0.00,0.00,0.00,0.00,0.00,0.00,0.00,0.00,0.00,0.00,0.00,0.00,0.00,0.00,0.00,0.00,0.00,304031,602813,1244942,317136,616573,1258047,0,0,0,0,0,0,0,110156,0,137.24,137.29,137.34
1062,1,0,0,0,93624,93624,93624,3655,3655,3655,591,591,591,0.00,0.00,0.00,0.00,0.00,0.00,0.00,0.00,0.00,0.00,0.00,0.00,0.00,0.00,0.00,0.00,0.00,0.00,0.00,0.00,0.00,281311,468043,723369,290048,480711,739095,0,0,0,0,0,0,0,99040,0,123.61,123.63,123.65
1062,2,0,0,0,93619,93619,93619,3660,3660,3660,591,591,591,0.00,0.00,0.00,0.00,0.00,0.00,0.00,0.00,0.00,0.00,0.00,0.00,0.00,0.00,0.00,0.00,0.00,0.00,0.00,0.00,0.00,301407,395088,670812,314512,409503,686534,0,0,0,0,0,0,0,75883,0,125.79,125.98,126.09
1062,3,0,0,0,93660,93660,93660,3619,3619,3619,591,591,591,0.00,0.00,0.00,0.00,0.00,0.00,0.00,0.00,0.00,0.00,0.00,0.00,0.00,0.00,0.00,0.00,0.00,0.00,0.00,0.00,0.00,207927,388774,550404,218411,401223,563509,0,0,0,0,0,0,0,112682,0,140.29,140.42,140.56
1063,0,0,0,0,93656,93656,93656,3623,3623,3623,591,591,591,0.00,0.00,0.00,0.00,0.00,0.00,0.00,0.00,0.00,0.00,0.00,0.00,0.00,0.00,0.00,0.00,0.00,0.00,0.00,0.00,0.00,301406,382126,663088,317132,396280,676193,0,0,0,0,0,0,0,110067,0,137.31,137.41,137.48
1063,1,0,0,0,93624,93624,93624,3655,3655,3655,591,591,591,0.00,0.00,0.00,0.00,0.00,0.00,0.00,0.00,0.00,0.00,0.00,0.00,0.00,0.00,0.00,0.00,0.00,0.00,0.00,0.00,0.00,429830,529425,767935,442934,543054,781040,0,0,0,0,0,0,0,99008,0,123.55,123.59,123.63
1063,2,0,0,0,93619,93619,93619,3660,3660,3660,591,591,591,0.00,0.00,0.00,0.00,0.00,0.00,0.00,0.00,0.00,0.00,0.00,0.00,0.00,0.00,0.00,0.00,0.00,0.00,0.00,0.00,0.00,304023,450792,673542,317133,464421,689267,0,0,0,0,0,0,0,101167,0,126.05,126.10,126.14
1063,3,0,0,0,93660,93660,93660,3619,3619,3619,591,591,591,0.00,0.00,0.00,0.00,0.00,0.00,0.00,0.00,0.00,0.00,0.00,0.00,0.00,0.00,0.00,0.00,0.00,0.00,0.00,0.00,0.00,306652,340198,469149,319757,354352,484875,0,0,0,0,0,0,0,112725,0,140.29,140.36,140.42
1064,0,0,0,0,93656,93656,93656,3623,3623,3623,591,591,591,0.00,0.00,0.00,0.00,0.00,0.00,0.00,0.00,0.00,0.00,0.00,0.00,0.00,0.00,0.00,0.00,0.00,0.00,0.00,0.00,0.00,296167,363785,608054,309272,377414,621159,0,0,0,0,0,0,0,109975,0,137.19,137.22,137.25
1064,1,0,0,0,93624,93624,93624,3655,3655,3655,591,591,591,0.00,0.00,0.00,0.00,0.00,0.00,0.00,0.00,0.00,0.00,0.00,0.00,0.00,0.00,0.00,0.00,0.00,0.00,0.00,0.00,0.00,411482,421439,445557,424586,435592,461283,0,0,0,0,0,0,0,99157,0,123.53,123.59,123.64
1064,2,0,0,0,93619,93619,93619,3660,3660,3660,591,591,591,0.00,0.00,0.00,0.00,0.00,0.00,0.00,0.00,0.00,0.00,0.00,0.00,0.00,0.00,0.00,0.00,0.00,0.00,0.00,0.00,0.00,309272,518423,1341931,322376,532052,1352415,0,0,0,0,0,0,0,113880,0,126.10,126.16,126.19
1064,3,0,0,0,93660,93660,93660,3619,3619,3619,591,591,591,0.00,0.00,0.00,0.00,0.00,0.00,0.00,0.00,0.00,0.00,0.00,0.00,0.00,0.00,0.00,0.00,0.00,0.00,0.00,0.00,0.00,304030,334427,435055,319755,348056,448159,0,0,0,0,0,0,0,126964,0,140.38,140.43,140.47
1065,0,0,0,0,93656,93656,93656,3623,3623,3623,591,591,591,0.00,0.00,0.00,0.00,0.00,0.00,0.00,0.00,0.00,0.00,0.00,0.00,0.00,0.00,0.00,0.00,0.00,0.00,0.00,0.00,0.00,193925,488173,1208254,202661,500889,1221359,0,0,0,0,0,0,0,123822,0,137.16,137.21,137.24
1065,1,0,0,0,93624,93624,93624,3655,3655,3655,591,591,591,0.00,0.00,0.00,0.00,0.00,0.00,0.00,0.00,0.00,0.00,0.00,0.00,0.00,0.00,0.00,0.00,0.00,0.00,0.00,0.00,0.00,406243,539386,752200,419348,553014,767926,0,0,0,0,0,0,0,111389,0,123.70,123.71,123.73
1065,2,0,0,0,93619,93619,93619,3660,3660,3660,591,591,591,0.00,0.00,0.00,0.00,0.00,0.00,0.00,0.00,0.00,0.00,0.00,0.00,0.00,0.00,0.00,0.00,0.00,0.00,0.00,0.00,0.00,301402,397790,631648,317127,411396,647374,0,0,0,0,0,0,0,101063,0,126.02,126.07,126.11
1065,3,0,0,0,93660,93660,93660,3619,3619,3619,591,591,591,0.00,0.00,0.00,0.00,0.00,0.00,0.00,0.00,0.00,0.00,0.00,0.00,0.00,0.00,0.00,0.00,0.00,0.00,0.00,0.00,0.00,301412,512134,1003825,314517,526287,1016930,0,0,0,0,0,0,0,112585,0,140.30,140.42,140.49
1066,0,0,0,0,93656,93656,93656,3623,3623,3623,591,591,591,0.00,0.00,0.00,0.00,0.00,0.00,0.00,0.00,0.00,0.00,0.00,0.00,0.00,0.00,0.00,0.00,0.00,0.00,0.00,0.00,0.00,296165,362209,592329,311890,376885,605433,0,0,0,0,0,0,0,110203,0,137.27,137.37,137.45
1066,1,0,0,0,93624,93624,93624,3655,3655,3655,591,591,591,0.00,0.00,0.00,0.00,0.00,0.00,0.00,0.00,0.00,0.00,0.00,0.00,0.00,0.00,0.00,0.00,0.00,0.00,0.00,0.00,0.00,279564,474211,699786,290048,487316,712891,0,0,0,0,0,0,0,99006,0,123.53,123.58,123.63
1066,2,0,0,0,93619,93619,93619,3660,3660,3660,591,591,591,0.00,0.00,0.00,0.00,0.00,0.00,0.00,0.00,0.00,0.00,0.00,0.00,0.00,0.00,0.00,0.00,0.00,0.00,0.00,0.00,0.00,303712,375839,655233,316581,389469,668337,0,0,0,0,0,0,0,101348,0,126.09,126.19,126.32
1066,3,0,0,0,93660,93660,93660,3619,3619,3619,591,591,591,0.00,0.00,0.00,0.00,0.00,0.00,0.00,0.00,0.00,0.00,0.00,0.00,0.00,0.00,0.00,0.00,0.00,0.00,0.00,0.00,0.00,202682,327267,471768,209671,340721,484872,0,0,0,0,0,0,0,112585,0,140.16,140.20,140.23
1067,0,0,0,0,93656,93656,93656,3623,3623,3623,591,591,591,0.00,0.00,0.00,0.00,0.00,0.00,0.00,0.00,0.00,0.00,0.00,0.00,0.00,0.00,0.00,0.00,0.00,0.00,0.00,0.00,0.00,309272,444509,697167,319756,458138,710271,0,0,0,0,0,0,0,110171,0,137.41,137.44,137.47
1067,1,0,0,0,93624,93624,93624,3655,3655,3655,591,591,591,0.00,0.00,0.00,0.00,0.00,0.00,0.00,0.00,0.00,0.00,0.00,0.00,0.00,0.00,0.00,0.00,0.00,0.00,0.00,0.00,0.00,406242,488535,723382,419347,502688,739108,0,0,0,0,0,0,0,98975,0,123.44,123.48,123.52
1067,2,0,0,0,93619,93619,93619,3660,3660,3660,591,591,591,0.00,0.00,0.00,0.00,0.00,0.00,0.00,0.00,0.00,0.00,0.00,0.00,0.00,0.00,0.00,0.00,0.00,0.00,0.00,0.00,0.00,306646,385802,655239,319756,399431,670965,0,0,0,0,0,0,0,101185,0,126.13,126.24,126.33
1067,3,0,0,0,93660,93660,93660,3619,3619,3619,591,591,591,0.00,0.00,0.00,0.00,0.00,0.00,0.00,0.00,0.00,0.00,0.00,0.00,0.00,0.00,0.00,0.00,0.00,0.00,0.00,0.00,0.00,301408,325521,414107,314513,339150,429833,0,0,0,0,0,0,0,112747,0,140.25,140.31,140.41
1068,0,0,0,0,93656,93656,93656,3623,3623,3623,591,591,591,0.00,0.00,0.00,0.00,0.00,0.00,0.00,0.00,0.00,0.00,0.00,0.00,0.00,0.00,0.00,0.00,0.00,0.00,0.00,0.00,0.00,296164,334949,469124,309269,349102,482228,0,0,0,0,0,0,0,110165,0,137.39,137.40,137.42
1068,1,0,0,0,93624,93624,93624,3655,3655,3655,591,591,591,0.00,0.00,0.00,0.00,0.00,0.00,0.00,0.00,0.00,0.00,0.00,0.00,0.00,0.00,0.00,0.00,0.00,0.00,0.00,0.00,0.00,416721,494831,744352,429826,508984,760078,0,0,0,0,0,0,0,111457,0,123.56,123.65,123.71
1068,2,0,0,0,93619,93619,93619,3660,3660,3660,591,591,591,0.00,0.00,0.00,0.00,0.00,0.00,0.00,0.00,0.00,0.00,0.00,0.00,0.00,0.00,0.00,0.00,0.00,0.00,0.00,0.00,0.00,301409,572926,1310449,314514,587079,1326174,0,0,0,0,0,0,0,100915,0,125.83,125.97,126.07
1068,3,0,0,0,93660,93660,93660,3619,3619,3619,591,591,591,0.00,0.00,0.00,0.00,0.00,0.00,0.00,0.00,0.00,0.00,0.00,0.00,0.00,0.00,0.00,0.00,0.00,0.00,0.00,0.00,0.00,301409,502166,1014300,317135,515795,1030026,0,0,0,0,0,0,0,126745,0,140.27,140.31,140.36
1069,0,0,0,0,93656,93656,93656,3623,3623,3623,591,591,591,0.00,0.00,0.00,0.00,0.00,0.00,0.00,0.00,0.00,0.00,0.00,0.00,0.00,0.00,0.00,0.00,0.00,0.00,0.00,0.00,0.00,198751,524625,1247573,209120,537182,1260678,0,0,0,0,0,0,0,96546,0,137.40,137.45,137.48
1069,1,0,0,0,93624,93624,93624,3655,3655,3655,591,591,591,0.00,0.00,0.00,0.00,0.00,0.00,0.00,0.00,0.00,0.00,0.00,0.00,0.00,0.00,0.00,0.00,0.00,0.00,0.00,0.00,0.00,276069,472459,720763,284806,485215,733868,0,0,0,0,0,0,0,74167,0,123.52,123.57,123.64
1069,2,0,0,0,93619,93619,93619,3660,3660,3660,591,591,591,0.00,0.00,0.00,0.00,0.00,0.00,0.00,0.00,0.00,0.00,0.00,0.00,0.00,0.00,0.00,0.00,0.00,0.00,0.00,0.00,0.00,202356,363898,691930,212733,376982,705035,0,0,0,0,0,0,0,101120,0,125.84,125.94,126.08
1069,3,0,0,0,93660,93660,93660,3619,3619,3619,591,591,591,0.00,0.00,0.00,0.00,0.00,0.00,0.00,0.00,0.00,0.00,0.00,0.00,0.00,0.00,0.00,0.00,0.00,0.00,0.00,0.00,0.00,296167,337053,469140,306651,351206,484865,0,0,0,0,0,0,0,84422,0,140.24,140.26,140.29
1070,0,0,0,0,93656,93656,93656,3623,3623,3623,591,591,591,0.00,0.00,0.00,0.00,0.00,0.00,0.00,0.00,0.00,0.00,0.00,0.00,0.00,0.00,0.00,0.00,0.00,0.00,0.00,0.00,0.00,298784,394448,670960,311889,408208,684064,0,0,0,0,0,0,0,110238,0,137.41,137.42,137.43
1070,1,0,0,0,93624,93624,93624,3655,3655,3655,591,591,591,0.00,0.00,0.00,0.00,0.00,0.00,0.00,0.00,0.00,0.00,0.00,0.00,0.00,0.00,0.00,0.00,0.00,0.00,0.00,0.00,0.00,429831,526803,702403,442935,540563,718129,0,0,0,0,0,0,0,98988,0,123.50,123.51,123.52
1070,2,0,0,0,93619,93619,93619,3660,3660,3660,591,591,591,0.00,0.00,0.00,0.00,0.00,0.00,0.00,0.00,0.00,0.00,0.00,0.00,0.00,0.00,0.00,0.00,0.00,0.00,0.00,0.00,0.00,296165,395762,663100,309269,410177,676205,0,0,0,0,0,0,0,75758,0,126.09,126.13,126.15
1070,3,0,0,0,93660,93660,93660,3619,3619,3619,591,591,591,0.00,0.00,0.00,0.00,0.00,0.00,0.00,0.00,0.00,0.00,0.00,0.00,0.00,0.00,0.00,0.00,0.00,0.00,0.00,0.00,0.00,200941,290050,351202,211425,303155,364307,0,0,0,0,0,0,0,112652,0,140.24,140.29,140.37
1071,0,0,0,0,93656,93656,93656,3623,3623,3623,591,591,591,0.00,0.00,0.00,0.00,0.00,0.00,0.00,0.00,0.00,0.00,0.00,0.00,0.00,0.00,0.00,0.00,0.00,0.00,0.00,0.00,0.00,301409,370071,602815,314514,384224,615919,0,0,0,0,0,0,0,110213,0,137.46,137.48,137.49
1071,1,0,0,0,93624,93624,93624,3655,3655,3655,591,591,591,0.00,0.00,0.00,0.00,0.00,0.00,0.00,0.00,0.00,0.00,0.00,0.00,0.00,0.00,0.00,0.00,0.00,0.00,0.00,0.00,0.00,411485,587564,854422,424590,601717,867527,0,0,0,0,0,0,0,99096,0,123.53,123.62,123.69
1071,2,0,0,0,93619,93619,93619,3660,3660,3660,591,591,591,0.00,0.00,0.00,0.00,0.00,0.00,0.00,0.00,0.00,0.00,0.00,0.00,0.00,0.00,0.00,0.00,0.00,0.00,0.00,0.00,0.00,306650,381074,668288,319755,394702,681391,0,0,0,0,0,0,0,113639,0,125.99,126.02,126.06
1071,3,0,0,0,93660,93660,93660,3619,3619,3619,591,591,591,0.00,0.00,0.00,0.00,0.00,0.00,0.00,0.00,0.00,0.00,0.00,0.00,0.00,0.00,0.00,0.00,0.00,0.00,0.00,0.00,0.00,301405,320799,390502,314515,334952,403606,0,0,0,0,0,0,0,112667,0,140.33,140.37,140.40
1072,0,0,0,0,93656,93656,93656,3623,3623,3623,591,591,591,0.00,0.00,0.00,0.00,0.00,0.00,0.00,0.00,0.00,0.00,0.00,0.00,0.00,0.00,0.00,0.00,0.00,0.00,0.00,0.00,0.00,293543,336528,484875,306647,350681,497979,0,0,0,0,0,0,0,110217,0,137.47,137.48,137.51
1072,1,0,0,0,93624,93624,93624,3655,3655,3655,591,591,591,0.00,0.00,0.00,0.00,0.00,0.00,0.00,0.00,0.00,0.00,0.00,0.00,0.00,0.00,0.00,0.00,0.00,0.00,0.00,0.00,0.00,414102,506815,770562,427207,520964,783667,0,0,0,0,0,0,0,111413,0,123.66,123.69,123.72
1072,2,0,0,0,93619,93619,93619,3660,3660,3660,591,591,591,0.00,0.00,0.00,0.00,0.00,0.00,0.00,0.00,0.00,0.00,0.00,0.00,0.00,0.00,0.00,0.00,0.00,0.00,0.00,0.00,0.00,304030,569791,1318331,317135,583420,1331436,0,0,0,0,0,0,0,101100,0,125.97,126.01,126.05
1072,3,0,0,0,93660,93660,93660,3619,3619,3619,591,591,591,0.00,0.00,0.00,0.00,0.00,0.00,0.00,0.00,0.00,0.00,0.00,0.00,0.00,0.00,0.00,0.00,0.00,0.00,0.00,0.00,0.00,306653,537818,864915,322378,551446,880641,0,0,0,0,0,0,0,112424,0,140.25,140.28,140.32
1073,0,0,0,0,93656,93656,93656,3623,3623,3623,591,591,591,0.00,0.00,0.00,0.00,0.00,0.00,0.00,0.00,0.00,0.00,0.00,0.00,0.00,0.00,0.00,0.00,0.00,0.00,0.00,0.00,0.00,195696,520335,1213490,204433,533615,1226595,0,0,0,0,0,0,0,110158,0,137.45,137.49,137.52
1073,1,0,0,0,93624,93624,93624,3655,3655,3655,591,591,591,0.00,0.00,0.00,0.00,0.00,0.00,0.00,0.00,0.00,0.00,0.00,0.00,0.00,0.00,0.00,0.00,0.00,0.00,0.00,0.00,0.00,419351,503810,737702,432455,516562,750736,0,0,0,0,0,0,0,99035,0,123.58,123.60,123.62
1073,2,0,0,0,93619,93619,93619,3660,3660,3660,591,591,591,0.00,0.00,0.00,0.00,0.00,0.00,0.00,0.00,0.00,0.00,0.00,0.00,0.00,0.00,0.00,0.00,0.00,0.00,0.00,0.00,0.00,202303,363171,705019,212678,376156,718124,0,0,0,0,0,0,0,101022,0,125.94,126.00,126.04
1073,3,0,0,0,93660,93660,93660,3619,3619,3619,591,591,591,0.00,0.00,0.00,0.00,0.00,0.00,0.00,0.00,0.00,0.00,0.00,0.00,0.00,0.00,0.00,0.00,0.00,0.00,0.00,0.00,0.00,300136,340469,490124,313073,354589,505850,0,0,0,0,0,0,0,112601,0,140.23,140.29,140.31
1074,0,0,0,0,93656,93656,93656,3623,3623,3623,591,591,591,0.00,0.00,0.00,0.00,0.00,0.00,0.00,0.00,0.00,0.00,0.00,0.00,0.00,0.00,0.00,0.00,0.00,0.00,0.00,0.00,0.00,301405,382130,670950,314510,395758,686675,0,0,0,0,0,0,0,110245,0,137.42,137.47,137.50
1074,1,0,0,0,93624,93624,93624,3655,3655,3655,591,591,591,0.00,0.00,0.00,0.00,0.00,0.00,0.00,0.00,0.00,0.00,0.00,0.00,0.00,0.00,0.00,0.00,0.00,0.00,0.00,0.00,0.00,432456,529179,762646,445560,543323,773129,0,0,0,0,0,0,0,99059,0,123.60,123.62,123.64
1074,2,0,0,0,93619,93619,93619,3660,3660,3660,591,591,591,0.00,0.00,0.00,0.00,0.00,0.00,0.00,0.00,0.00,0.00,0.00,0.00,0.00,0.00,0.00,0.00,0.00,0.00,0.00,0.00,0.00,306649,451220,659955,322375,465480,673591,0,0,0,0,0,0,0,101025,0,125.96,125.98,126.00
1074,3,0,0,0,93660,93660,93660,3619,3619,3619,591,591,591,0.00,0.00,0.00,0.00,0.00,0.00,0.00,0.00,0.00,0.00,0.00,0.00,0.00,0.00,0.00,0.00,0.00,0.00,0.00,0.00,0.00,199187,307698,429834,207923,320453,442938,0,0,0,0,0,0,0,112728,0,140.34,140.40,140.47
1075,0,0,0,0,93656,93656,93656,3623,3623,3623,591,591,591,0.00,0.00,0.00,0.00,0.00,0.00,0.00,0.00,0.00,0.00,0.00,0.00,0.00,0.00,0.00,0.00,0.00,0.00,0.00,0.00,0.00,293544,362736,608052,306648,376889,621156,0,0,0,0,0,0,0,110133,0,137.38,137.42,137.49
1075,1,0,0,0,93624,93624,93624,3655,3655,3655,591,591,591,0.00,0.00,0.00,0.00,0.00,0.00,0.00,0.00,0.00,0.00,0.00,0.00,0.00,0.00,0.00,0.00,0.00,0.00,0.00,0.00,0.00,411488,507173,864907,427211,520794,878011,0,0,0,0,0,0,0,99063,0,123.58,123.62,123.66
1075,2,0,0,0,93619,93619,93619,3660,3660,3660,591,591,591,0.00,0.00,0.00,0.00,0.00,0.00,0.00,0.00,0.00,0.00,0.00,0.00,0.00,0.00,0.00,0.00,0.00,0.00,0.00,0.00,0.00,306651,514226,1307843,319756,527855,1323569,0,0,0,0,0,0,0,113779,0,125.95,125.98,126.00
1075,3,0,0,0,93660,93660,93660,3619,3619,3619,591,591,591,0.00,0.00,0.00,0.00,0.00,0.00,0.00,0.00,0.00,0.00,0.00,0.00,0.00,0.00,0.00,0.00,0.00,0.00,0.00,0.00,0.00,298789,396287,621168,314514,410440,634273,0,0,0,0,0,0,0,126810,0,140.42,140.45,140.50
1076,0,0,0,0,93656,93656,93656,3623,3623,3623,591,591,591,0.00,0.00,0.00,0.00,0.00,0.00,0.00,0.00,0.00,0.00,0.00,0.00,0.00,0.00,0.00,0.00,0.00,0.00,0.00,0.00,0.00,200939,495699,1218727,209676,508979,1234453,0,0,0,0,0,0,0,96438,0,137.40,137.44,137.48
1076,1,0,0,0,93624,93624,93624,3655,3655,3655,591,591,591,0.00,0.00,0.00,0.00,0.00,0.00,0.00,0.00,0.00,0.00,0.00,0.00,0.00,0.00,0.00,0.00,0.00,0.00,0.00,0.00,0.00,412834,542279,752214,428512,556423,767939,0,0,0,0,0,0,0,86643,0,123.60,123.65,123.71
1076,2,0,0,0,93619,93619,93619,3660,3660,3660,591,591,591,0.00,0.00,0.00,0.00,0.00,0.00,0.00,0.00,0.00,0.00,0.00,0.00,0.00,0.00,0.00,0.00,0.00,0.00,0.00,0.00,0.00,306650,453420,678826,319755,467572,691931,0,0,0,0,0,0,0,101070,0,125.98,126.01,126.04
1076,3,0,0,0,93660,93660,93660,3619,3619,3619,591,591,591,0.00,0.00,0.00,0.00,0.00,0.00,0.00,0.00,0.00,0.00,0.00,0.00,0.00,0.00,0.00,0.00,0.00,0.00,0.00,0.00,0.00,298773,469148,822983,314498,482777,836088,0,0,0,0,0,0,0,84434,0,140.32,140.35,140.40
1077,0,0,0,0,93656,93656,93656,3623,3623,3623,591,591,591,0.00,0.00,0.00,0.00,0.00,0.00,0.00,0.00,0.00,0.00,0.00,0.00,0.00,0.00,0.00,0.00,0.00,0.00,0.00,0.00,0.00,311889,376757,560872,322372,390517,579218,0,0,0,0,0,0,0,110215,0,137.38,137.42,137.47
1077,1,0,0,0,93624,93624,93624,3655,3655,3655,591,591,591,0.00,0.00,0.00,0.00,0.00,0.00,0.00,0.00,0.00,0.00,0.00,0.00,0.00,0.00,0.00,0.00,0.00,0.00,0.00,0.00,0.00,416730,433898,473514,429835,447210,482250,0,0,0,0,0,0,0,98941,0,123.53,123.63,123.74
1077,2,0,0,0,93619,93619,93619,3660,3660,3660,591,591,591,0.00,0.00,0.00,0.00,0.00,0.00,0.00,0.00,0.00,0.00,0.00,0.00,0.00,0.00,0.00,0.00,0.00,0.00,0.00,0.00,0.00,199403,368263,660346,209629,381302,676069,0,0,0,0,0,0,0,75848,0,125.97,125.99,126.03
1077,3,0,0,0,93660,93660,93660,3619,3619,3619,591,591,591,0.00,0.00,0.00,0.00,0.00,0.00,0.00,0.00,0.00,0.00,0.00,0.00,0.00,0.00,0.00,0.00,0.00,0.00,0.00,0.00,0.00,304024,353906,464222,317133,368216,479527,0,0,0,0,0,0,0,112695,0,140.37,140.41,140.45
1078,0,0,0,0,93656,93656,93656,3623,3623,3623,591,591,591,0.00,0.00,0.00,0.00,0.00,0.00,0.00,0.00,0.00,0.00,0.00,0.00,0.00,0.00,0.00,0.00,0.00,0.00,0.00,0.00,0.00,298786,426158,878006,311891,440312,891111,0,0,0,0,0,0,0,110268,0,137.38,137.45,137.48
1078,1,0,0,0,93624,93624,93624,3655,3655,3655,591,591,591,0.00,0.00,0.00,0.00,0.00,0.00,0.00,0.00,0.00,0.00,0.00,0.00,0.00,0.00,0.00,0.00,0.00,0.00,0.00,0.00,0.00,414106,464524,554311,429832,478670,567323,0,0,0,0,0,0,0,98924,0,123.42,123.45,123.48
1078,2,0,0,0,93619,93619,93619,3660,3660,3660,591,591,591,0.00,0.00,0.00,0.00,0.00,0.00,0.00,0.00,0.00,0.00,0.00,0.00,0.00,0.00,0.00,0.00,0.00,0.00,0.00,0.00,0.00,304023,373757,644754,314592,387387,655238,0,0,0,0,0,0,0,101120,0,126.02,126.08,126.13
1078,3,0,0,0,93660,93660,93660,3619,3619,3619,591,591,591,0.00,0.00,0.00,0.00,0.00,0.00,0.00,0.00,0.00,0.00,0.00,0.00,0.00,0.00,0.00,0.00,0.00,0.00,0.00,0.00,0.00,199194,329190,453427,209678,342295,466532,0,0,0,0,0,0,0,112810,0,140.26,140.31,140.36
1079,0,0,0,0,93656,93656,93656,3623,3623,3623,591,591,591,0.00,0.00,0.00,0.00,0.00,0.00,0.00,0.00,0.00,0.00,0.00,0.00,0.00,0.00,0.00,0.00,0.00,0.00,0.00,0.00,0.00,301408,389994,524190,317134,403622,534673,0,0,0,0,0,0,0,110144,0,137.35,137.39,137.42
1079,1,0,0,0,93624,93624,93624,3655,3655,3655,591,591,591,0.00,0.00,0.00,0.00,0.00,0.00,0.00,0.00,0.00,0.00,0.00,0.00,0.00,0.00,0.00,0.00,0.00,0.00,0.00,0.00,0.00,408865,468037,652472,424360,481658,665626,0,0,0,0,0,0,0,99000,0,123.43,123.46,123.50
1079,2,0,0,0,93619,93619,93619,3660,3660,3660,591,591,591,0.00,0.00,0.00,0.00,0.00,0.00,0.00,0.00,0.00,0.00,0.00,0.00,0.00,0.00,0.00,0.00,0.00,0.00,0.00,0.00,0.00,304024,575033,1357650,319749,589186,1370755,0,0,0,0,0,0,0,113668,0,125.93,126.02,126.10
1079,3,0,0,0,93660,93660,93660,3619,3619,3619,591,591,591,0.00,0.00,0.00,0.00,0.00,0.00,0.00,0.00,0.00,0.00,0.00,0.00,0.00,0.00,0.00,0.00,0.00,0.00,0.00,0.00,0.00,301410,501120,980237,314497,514749,995963,0,0,0,0,0,0,0,126773,0,140.20,140.26,140.34
1080,0,0,0,0,93656,93656,93656,3623,3623,3623,591,591,591,0.00,0.00,0.00,0.00,0.00,0.00,0.00,0.00,0.00,0.00,0.00,0.00,0.00,0.00,0.00,0.00,0.00,0.00,0.00,0.00,0.00,213169,467226,1182048,223653,480331,1195153,0,0,0,0,0,0,0,124009,0,137.36,137.40,137.45
1080,1,0,0,0,93624,93624,93624,3655,3655,3655,591,591,591,0.00,0.00,0.00,0.00,0.00,0.00,0.00,0.00,0.00,0.00,0.00,0.00,0.00,0.00,0.00,0.00,0.00,0.00,0.00,0.00,0.00,432386,562972,702818,442868,576564,715833,0,0,0,0,0,0,0,98949,0,123.49,123.53,123.56
1080,2,0,0,0,93619,93619,93619,3660,3660,3660,591,591,591,0.00,0.00,0.00,0.00,0.00,0.00,0.00,0.00,0.00,0.00,0.00,0.00,0.00,0.00,0.00,0.00,0.00,0.00,0.00,0.00,0.00,304030,389470,718137,319749,403099,731241,0,0,0,0,0,0,0,101057,0,125.97,126.02,126.06
1080,3,0,0,0,93660,93660,93660,3619,3619,3619,591,591,591,0.00,0.00,0.00,0.00,0.00,0.00,0.00,0.00,0.00,0.00,0.00,0.00,0.00,0.00,0.00,0.00,0.00,0.00,0.00,0.00,0.00,298783,369553,490117,311888,383706,503222,0,0,0,0,0,0,0,112499,0,140.18,140.25,140.32
1081,0,0,0,0,93656,93656,93656,3623,3623,3623,591,591,591,0.00,0.00,0.00,0.00,0.00,0.00,0.00,0.00,0.00,0.00,0.00,0.00,0.00,0.00,0.00,0.00,0.00,0.00,0.00,0.00,0.00,298786,439785,702409,311891,453413,715514,0,0,0,0,0,0,0,110083,0,137.25,137.31,137.41
1081,1,0,0,0,93624,93624,93624,3655,3655,3655,591,591,591,0.00,0.00,0.00,0.00,0.00,0.00,0.00,0.00,0.00,0.00,0.00,0.00,0.00,0.00,0.00,0.00,0.00,0.00,0.00,0.00,0.00,411483,456563,532046,424588,469667,545151,0,0,0,0,0,0,0,99039,0,123.51,123.53,123.55
1081,2,0,0,0,93619,93619,93619,3660,3660,3660,591,591,591,0.00,0.00,0.00,0.00,0.00,0.00,0.00,0.00,0.00,0.00,0.00,0.00,0.00,0.00,0.00,0.00,0.00,0.00,0.00,0.00,0.00,304026,330129,418821,317131,343392,427474,0,0,0,0,0,0,0,101028,0,125.94,126.01,126.05
1081,3,0,0,0,93660,93660,93660,3619,3619,3619,591,591,591,0.00,0.00,0.00,0.00,0.00,0.00,0.00,0.00,0.00,0.00,0.00,0.00,0.00,0.00,0.00,0.00,0.00,0.00,0.00,0.00,0.00,209678,297731,366930,220162,310836,382656,0,0,0,0,0,0,0,112682,0,140.15,140.26,140.34
1082,0,0,0,0,93656,93656,93656,3623,3623,3623,591,591,591,0.00,0.00,0.00,0.00,0.00,0.00,0.00,0.00,0.00,0.00,0.00,0.00,0.00,0.00,0.00,0.00,0.00,0.00,0.00,0.00,0.00,296165,366930,610683,311891,381083,621167,0,0,0,0,0,0,0,109938,0,137.17,137.23,137.28
1082,1,0,0,0,93624,93624,93624,3655,3655,3655,591,591,591,0.00,0.00,0.00,0.00,0.00,0.00,0.00,0.00,0.00,0.00,0.00,0.00,0.00,0.00,0.00,0.00,0.00,0.00,0.00,0.00,0.00,414107,489537,762428,427211,503689,778148,0,0,0,0,0,0,0,99074,0,123.56,123.59,123.61
1082,2,0,0,0,93619,93619,93619,3660,3660,3660,591,591,591,0.00,0.00,0.00,0.00,0.00,0.00,0.00,0.00,0.00,0.00,0.00,0.00,0.00,0.00,0.00,0.00,0.00,0.00,0.00,0.00,0.00,301411,382132,670954,314516,395761,684059,0,0,0,0,0,0,0,113476,0,125.82,125.89,125.94
1082,3,0,0,0,93660,93660,93660,3619,3619,3619,591,591,591,0.00,0.00,0.00,0.00,0.00,0.00,0.00,0.00,0.00,0.00,0.00,0.00,0.00,0.00,0.00,0.00,0.00,0.00,0.00,0.00,0.00,298789,323424,416731,309273,337053,427215,0,0,0,0,0,0,0,112553,0,140.22,140.26,140.34
1083,0,0,0,0,93656,93656,93656,3623,3623,3623,591,591,591,0.00,0.00,0.00,0.00,0.00,0.00,0.00,0.00,0.00,0.00,0.00,0.00,0.00,0.00,0.00,0.00,0.00,0.00,0.00,0.00,0.00,293546,330758,466528,306650,344387,479633,0,0,0,0,0,0,0,110035,0,137.13,137.20,137.29
1083,1,0,0,0,93624,93624,93624,3655,3655,3655,591,591,591,0.00,0.00,0.00,0.00,0.00,0.00,0.00,0.00,0.00,0.00,0.00,0.00,0.00,0.00,0.00,0.00,0.00,0.00,0.00,0.00,0.00,411486,517336,794141,427211,530963,807245,0,0,0,0,0,0,0,111378,0,123.48,123.52,123.55
1083,2,0,0,0,93619,93619,93619,3660,3660,3660,591,591,591,0.00,0.00,0.00,0.00,0.00,0.00,0.00,0.00,0.00,0.00,0.00,0.00,0.00,0.00,0.00,0.00,0.00,0.00,0.00,0.00,0.00,306650,579749,1339305,322376,593901,1355030,0,0,0,0,0,0,0,101114,0,125.80,125.87,126.00
1083,3,0,0,0,93660,93660,93660,3619,3619,3619,591,591,591,0.00,0.00,0.00,0.00,0.00,0.00,0.00,0.00,0.00,0.00,0.00,0.00,0.00,0.00,0.00,0.00,0.00,0.00,0.00,0.00,0.00,296169,501646,990719,309274,515274,1003824,0,0,0,0,0,0,0,98543,0,140.24,140.26,140.27
1084,0,0,0,0,93656,93656,93656,3623,3623,3623,591,591,591,0.00,0.00,0.00,0.00,0.00,0.00,0.00,0.00,0.00,0.00,0.00,0.00,0.00,0.00,0.00,0.00,0.00,0.00,0.00,0.00,0.00,197444,563716,1168929,206181,577040,1184655,0,0,0,0,0,0,0,82604,0,137.29,137.33,137.36
1084,1,0,0,0,93624,93624,93624,3655,3655,3655,591,591,591,0.00,0.00,0.00,0.00,0.00,0.00,0.00,0.00,0.00,0.00,0.00,0.00,0.00,0.00,0.00,0.00,0.00,0.00,0.00,0.00,0.00,419324,470339,578490,432428,484058,594196,0,0,0,0,0,0,0,74336,0,123.56,123.57,123.58
1084,2,0,0,0,93619,93619,93619,3660,3660,3660,591,591,591,0.00,0.00,0.00,0.00,0.00,0.00,0.00,0.00,0.00,0.00,0.00,0.00,0.00,0.00,0.00,0.00,0.00,0.00,0.00,0.00,0.00,304029,407556,715516,317134,421315,728620,0,0,0,0,0,0,0,75799,0,126.02,126.05,126.08
1084,3,0,0,0,93660,93660,93660,3619,3619,3619,591,591,591,0.00,0.00,0.00,0.00,0.00,0.00,0.00,0.00,0.00,0.00,0.00,0.00,0.00,0.00,0.00,0.00,0.00,0.00,0.00,0.00,0.00,298788,349920,487502,311893,363627,500607,0,0,0,0,0,0,0,112576,0,140.20,140.23,140.25
1085,0,0,0,0,93656,93656,93656,3623,3623,3623,591,591,591,0.00,0.00,0.00,0.00,0.00,0.00,0.00,0.00,0.00,0.00,0.00,0.00,0.00,0.00,0.00,0.00,0.00,0.00,0.00,0.00,0.00,301407,380035,665719,314512,393664,678824,0,0,0,0,0,0,0,110025,0,137.31,137.42,137.48
1085,1,0,0,0,93624,93624,93624,3655,3655,3655,591,591,591,0.00,0.00,0.00,0.00,0.00,0.00,0.00,0.00,0.00,0.00,0.00,0.00,0.00,0.00,0.00,0.00,0.00,0.00,0.00,0.00,0.00,288300,547773,770554,298784,560877,783658,0,0,0,0,0,0,0,99000,0,123.56,123.59,123.63
1085,2,0,0,0,93619,93619,93619,3660,3660,3660,591,591,591,0.00,0.00,0.00,0.00,0.00,0.00,0.00,0.00,0.00,0.00,0.00,0.00,0.00,0.00,0.00,0.00,0.00,0.00,0.00,0.00,0.00,204087,343255,605440,214464,356359,621166,0,0,0,0,0,0,0,101115,0,126.00,126.04,126.06
1085,3,0,0,0,93660,93660,93660,3619,3619,3619,591,591,591,0.00,0.00,0.00,0.00,0.00,0.00,0.00,0.00,0.00,0.00,0.00,0.00,0.00,0.00,0.00,0.00,0.00,0.00,0.00,0.00,0.00,200940,296516,372177,209676,309795,385281,0,0,0,0,0,0,0,112618,0,140.18,140.21,140.24
1086,0,0,0,0,93656,93656,93656,3623,3623,3623,591,591,591,0.00,0.00,0.00,0.00,0.00,0.00,0.00,0.00,0.00,0.00,0.00,0.00,0.00,0.00,0.00,0.00,0.00,0.00,0.00,0.00,0.00,296165,365877,610671,309272,380030,626396,0,0,0,0,0,0,0,110017,0,137.09,137.16,137.21
1086,1,0,0,0,93624,93624,93624,3655,3655,3655,591,591,591,0.00,0.00,0.00,0.00,0.00,0.00,0.00,0.00,0.00,0.00,0.00,0.00,0.00,0.00,0.00,0.00,0.00,0.00,0.00,0.00,0.00,414108,430879,463905,427209,445032,479630,0,0,0,0,0,0,0,99044,0,123.51,123.52,123.54
1086,2,0,0,0,93619,93619,93619,3660,3660,3660,591,591,591,0.00,0.00,0.00,0.00,0.00,0.00,0.00,0.00,0.00,0.00,0.00,0.00,0.00,0.00,0.00,0.00,0.00,0.00,0.00,0.00,0.00,306627,591279,1341921,319731,604907,1355025,0,0,0,0,0,0,0,113833,0,126.06,126.11,126.14
1086,3,0,0,0,93660,93660,93660,3619,3619,3619,591,591,591,0.00,0.00,0.00,0.00,0.00,0.00,0.00,0.00,0.00,0.00,0.00,0.00,0.00,0.00,0.00,0.00,0.00,0.00,0.00,0.00,0.00,296152,323945,414110,311877,338622,427215,0,0,0,0,0,0,0,112440,0,140.18,140.22,140.28
1087,0,0,0,0,93656,93656,93656,3623,3623,3623,591,591,591,0.00,0.00,0.00,0.00,0.00,0.00,0.00,0.00,0.00,0.00,0.00,0.00,0.00,0.00,0.00,0.00,0.00,0.00,0.00,0.00,0.00,296166,335480,474391,309270,349108,487496,0,0,0,0,0,0,0,123990,0,137.26,137.37,137.43
1087,1,0,0,0,93624,93624,93624,3655,3655,3655,591,591,591,0.00,0.00,0.00,0.00,0.00,0.00,0.00,0.00,0.00,0.00,0.00,0.00,0.00,0.00,0.00,0.00,0.00,0.00,0.00,0.00,0.00,416888,577512,760076,429997,591136,775802,0,0,0,0,0,0,0,111317,0,123.45,123.47,123.53
1087,2,0,0,0,93619,93619,93619,3660,3660,3660,591,591,591,0.00,0.00,0.00,0.00,0.00,0.00,0.00,0.00,0.00,0.00,0.00,0.00,0.00,0.00,0.00,0.00,0.00,0.00,0.00,0.00,0.00,306650,372171,610669,319755,386324,626394,0,0,0,0,0,0,0,101001,0,125.99,126.07,126.15
1087,3,0,0,0,93660,93660,93660,3619,3619,3619,591,591,591,0.00,0.00,0.00,0.00,0.00,0.00,0.00,0.00,0.00,0.00,0.00,0.00,0.00,0.00,0.00,0.00,0.00,0.00,0.00,0.00,0.00,298789,500077,1022168,311893,513705,1035273,0,0,0,0,0,0,0,112550,0,140.16,140.31,140.38
1088,0,0,0,0,93656,93656,93656,3623,3623,3623,591,591,591,0.00,0.00,0.00,0.00,0.00,0.00,0.00,0.00,0.00,0.00,0.00,0.00,0.00,0.00,0.00,0.00,0.00,0.00,0.00,0.00,0.00,204427,510817,1123126,213163,524417,1137839,0,0,0,0,0,0,0,110020,0,137.22,137.33,137.46
1088,1,0,0,0,93624,93624,93624,3655,3655,3655,591,591,591,0.00,0.00,0.00,0.00,0.00,0.00,0.00,0.00,0.00,0.00,0.00,0.00,0.00,0.00,0.00,0.00,0.00,0.00,0.00,0.00,0.00,414103,486911,699786,429829,501064,712891,0,0,0,0,0,0,0,99057,0,123.46,123.50,123.53
1088,2,0,0,0,93619,93619,93619,3660,3660,3660,591,591,591,0.00,0.00,0.00,0.00,0.00,0.00,0.00,0.00,0.00,0.00,0.00,0.00,0.00,0.00,0.00,0.00,0.00,0.00,0.00,0.00,0.00,301402,449745,670960,317127,463897,684064,0,0,0,0,0,0,0,101159,0,125.95,126.02,126.08
1088,3,0,0,0,93660,93660,93660,3619,3619,3619,591,591,591,0.00,0.00,0.00,0.00,0.00,0.00,0.00,0.00,0.00,0.00,0.00,0.00,0.00,0.00,0.00,0.00,0.00,0.00,0.00,0.00,0.00,298787,345440,505845,311892,359069,518949,0,0,0,0,0,0,0,112609,0,140.13,140.20,140.32
1089,0,0,0,0,93656,93656,93656,3623,3623,3623,591,591,591,0.00,0.00,0.00,0.00,0.00,0.00,0.00,0.00,0.00,0.00,0.00,0.00,0.00,0.00,0.00,0.00,0.00,0.00,0.00,0.00,0.00,298785,391566,681437,309269,405195,697163,0,0,0,0,0,0,0,110176,0,137.18,137.25,137.29
1089,1,0,0,0,93624,93624,93624,3655,3655,3655,591,591,591,0.00,0.00,0.00,0.00,0.00,0.00,0.00,0.00,0.00,0.00,0.00,0.00,0.00,0.00,0.00,0.00,0.00,0.00,0.00,0.00,0.00,349088,485491,786271,357815,498769,801997,0,0,0,0,0,0,0,99055,0,123.56,123.60,123.63
1089,2,0,0,0,93619,93619,93619,3660,3660,3660,591,591,591,0.00,0.00,0.00,0.00,0.00,0.00,0.00,0.00,0.00,0.00,0.00,0.00,0.00,0.00,0.00,0.00,0.00,0.00,0.00,0.00,0.00,204045,359441,679982,214420,372510,690905,0,0,0,0,0,0,0,101110,0,126.06,126.10,126.12
1089,3,0,0,0,93660,93660,93660,3619,3619,3619,591,591,591,0.00,0.00,0.00,0.00,0.00,0.00,0.00,0.00,0.00,0.00,0.00,0.00,0.00,0.00,0.00,0.00,0.00,0.00,0.00,0.00,0.00,199195,312937,395764,206185,326391,408868,0,0,0,0,0,0,0,112671,0,140.21,140.23,140.24
1090,0,0,0,0,93656,93656,93656,3623,3623,3623,591,591,591,0.00,0.00,0.00,0.00,0.00,0.00,0.00,0.00,0.00,0.00,0.00,0.00,0.00,0.00,0.00,0.00,0.00,0.00,0.00,0.00,0.00,298783,406243,686688,311892,419873,699793,0,0,0,0,0,0,0,110083,0,137.23,137.29,137.33
1090,1,0,0,0,93624,93624,93624,3655,3655,3655,591,591,591,0.00,0.00,0.00,0.00,0.00,0.00,0.00,0.00,0.00,0.00,0.00,0.00,0.00,0.00,0.00,0.00,0.00,0.00,0.00,0.00,0.00,412923,479916,728614,427210,493536,739098,0,0,0,0,0,0,0,99089,0,123.65,123.66,123.68
1090,2,0,0,0,93619,93619,93619,3660,3660,3660,591,591,591,0.00,0.00,0.00,0.00,0.00,0.00,0.00,0.00,0.00,0.00,0.00,0.00,0.00,0.00,0.00,0.00,0.00,0.00,0.00,0.00,0.00,306647,587614,1326196,322377,601243,1339300,0,0,0,0,0,0,0,113680,0,125.99,126.04,126.11
1090,3,0,0,0,93660,93660,93660,3619,3619,3619,591,591,591,0.00,0.00,0.00,0.00,0.00,0.00,0.00,0.00,0.00,0.00,0.00,0.00,0.00,0.00,0.00,0.00,0.00,0.00,0.00,0.00,0.00,298789,477013,859674,314513,491166,875400,0,0,0,0,0,0,0,126640,0,140.17,140.21,140.27
1091,0,0,0,0,93656,93656,93656,3623,3623,3623,591,591,591,0.00,0.00,0.00,0.00,0.00,0.00,0.00,0.00,0.00,0.00,0.00,0.00,0.00,0.00,0.00,0.00,0.00,0.00,0.00,0.00,0.00,293530,483785,1213479,309255,497884,1226584,0,0,0,0,0,0,0,96328,0,137.29,137.32,137.35
1091,1,0,0,0,93624,93624,93624,3655,3655,3655,591,591,591,0.00,0.00,0.00,0.00,0.00,0.00,0.00,0.00,0.00,0.00,0.00,0.00,0.00,0.00,0.00,0.00,0.00,0.00,0.00,0.00,0.00,416729,538937,747338,432455,553081,763016,0,0,0,0,0,0,0,74193,0,123.52,123.59,123.62
1091,2,0,0,0,93619,93619,93619,3660,3660,3660,591,591,591,0.00,0.00,0.00,0.00,0.00,0.00,0.00,0.00,0.00,0.00,0.00,0.00,0.00,0.00,0.00,0.00,0.00,0.00,0.00,0.00,0.00,306649,383178,678828,319754,396807,691933,0,0,0,0,0,0,0,101188,0,126.03,126.14,126.20
1091,3,0,0,0,93660,93660,93660,3619,3619,3619,591,591,591,0.00,0.00,0.00,0.00,0.00,0.00,0.00,0.00,0.00,0.00,0.00,0.00,0.00,0.00,0.00,0.00,0.00,0.00,0.00,0.00,0.00,301392,407815,602816,314496,421968,615921,0,0,0,0,0,0,0,84462,0,140.15,140.19,140.24
1092,0,0,0,0,93656,93656,93656,3623,3623,3623,591,591,591,0.00,0.00,0.00,0.00,0.00,0.00,0.00,0.00,0.00,0.00,0.00,0.00,0.00,0.00,0.00,0.00,0.00,0.00,0.00,0.00,0.00,204430,345936,573880,213167,358603,586982,0,0,0,0,0,0,0,110080,0,137.28,137.30,137.31
1092,1,0,0,0,93624,93624,93624,3655,3655,3655,591,591,591,0.00,0.00,0.00,0.00,0.00,0.00,0.00,0.00,0.00,0.00,0.00,0.00,0.00,0.00,0.00,0.00,0.00,0.00,0.00,0.00,0.00,370425,480103,610676,379161,492758,623780,0,0,0,0,0,0,0,99083,0,123.51,123.54,123.60
1092,2,0,0,0,93619,93619,93619,3660,3660,3660,591,591,591,0.00,0.00,0.00,0.00,0.00,0.00,0.00,0.00,0.00,0.00,0.00,0.00,0.00,0.00,0.00,0.00,0.00,0.00,0.00,0.00,0.00,306649,390520,621165,322375,404935,631648,0,0,0,0,0,0,0,75826,0,126.09,126.12,126.16
1092,3,0,0,0,93660,93660,93660,3619,3619,3619,591,591,591,0.00,0.00,0.00,0.00,0.00,0.00,0.00,0.00,0.00,0.00,0.00,0.00,0.00,0.00,0.00,0.00,0.00,0.00,0.00,0.00,0.00,306649,356447,490111,317133,370208,508458,0,0,0,0,0,0,0,112491,0,140.04,140.09,140.15
1093,0,0,0,0,93656,93656,93656,3623,3623,3623,591,591,591,0.00,0.00,0.00,0.00,0.00,0.00,0.00,0.00,0.00,0.00,0.00,0.00,0.00,0.00,0.00,0.00,0.00,0.00,0.00,0.00,0.00,309272,442409,665712,322377,456562,678816,0,0,0,0,0,0,0,110115,0,137.30,137.32,137.35
1093,1,0,0,0,93624,93624,93624,3655,3655,3655,591,591,591,0.00,0.00,0.00,0.00,0.00,0.00,0.00,0.00,0.00,0.00,0.00,0.00,0.00,0.00,0.00,0.00,0.00,0.00,0.00,0.00,0.00,416727,498490,752607,429831,512632,765764,0,0,0,0,0,0,0,98950,0,123.46,123.58,123.65
1093,2,0,0,0,93619,93619,93619,3660,3660,3660,591,591,591,0.00,0.00,0.00,0.00,0.00,0.00,0.00,0.00,0.00,0.00,0.00,0.00,0.00,0.00,0.00,0.00,0.00,0.00,0.00,0.00,0.00,201182,359977,660352,209707,372690,676075,0,0,0,0,0,0,0,101127,0,126.03,126.05,126.07
1093,3,0,0,0,93660,93660,93660,3619,3619,3619,591,591,591,0.00,0.00,0.00,0.00,0.00,0.00,0.00,0.00,0.00,0.00,0.00,0.00,0.00,0.00,0.00,0.00,0.00,0.00,0.00,0.00,0.00,202688,303155,408862,211425,315910,421966,0,0,0,0,0,0,0,112610,0,140.15,140.24,140.31
1094,0,0,0,0,93656,93656,93656,3623,3623,3623,591,591,591,0.00,0.00,0.00,0.00,0.00,0.00,0.00,0.00,0.00,0.00,0.00,0.00,0.00,0.00,0.00,0.00,0.00,0.00,0.00,0.00,0.00,298784,335478,474392,311889,349107,487497,0,0,0,0,0,0,0,110048,0,137.30,137.36,137.41
1094,1,0,0,0,93624,93624,93624,3655,3655,3655,591,591,591,0.00,0.00,0.00,0.00,0.00,0.00,0.00,0.00,0.00,0.00,0.00,0.00,0.00,0.00,0.00,0.00,0.00,0.00,0.00,0.00,0.00,411238,487787,752206,424252,501411,765311,0,0,0,0,0,0,0,111302,0,123.41,123.45,123.49
1094,2,0,0,0,93619,93619,93619,3660,3660,3660,591,591,591,0.00,0.00,0.00,0.00,0.00,0.00,0.00,0.00,0.00,0.00,0.00,0.00,0.00,0.00,0.00,0.00,0.00,0.00,0.00,0.00,0.00,304029,575030,1349760,317133,589183,1362865,0,0,0,0,0,0,0,101120,0,126.06,126.07,126.11
1094,3,0,0,0,93660,93660,93660,3619,3619,3619,591,591,591,0.00,0.00,0.00,0.00,0.00,0.00,0.00,0.00,0.00,0.00,0.00,0.00,0.00,0.00,0.00,0.00,0.00,0.00,0.00,0.00,0.00,304014,501643,1001182,317119,515796,1014287,0,0,0,0,0,0,0,126828,0,140.24,140.27,140.33
1095,0,0,0,0,93656,93656,93656,3623,3623,3623,591,591,591,0.00,0.00,0.00,0.00,0.00,0.00,0.00,0.00,0.00,0.00,0.00,0.00,0.00,0.00,0.00,0.00,0.00,0.00,0.00,0.00,0.00,293545,537504,1216118,309271,552089,1231844,0,0,0,0,0,0,0,123897,0,137.28,137.31,137.36
1095,1,0,0,0,93624,93624,93624,3655,3655,3655,591,591,591,0.00,0.00,0.00,0.00,0.00,0.00,0.00,0.00,0.00,0.00,0.00,0.00,0.00,0.00,0.00,0.00,0.00,0.00,0.00,0.00,0.00,416309,480351,592081,429400,494496,607870,0,0,0,0,0,0,0,99144,0,123.51,123.61,123.67
1095,2,0,0,0,93619,93619,93619,3660,3660,3660,591,591,591,0.00,0.00,0.00,0.00,0.00,0.00,0.00,0.00,0.00,0.00,0.00,0.00,0.00,0.00,0.00,0.00,0.00,0.00,0.00,0.00,0.00,301402,384228,702412,314506,398381,718138,0,0,0,0,0,0,0,101087,0,126.06,126.08,126.12
1095,3,0,0,0,93660,93660,93660,3619,3619,3619,591,591,591,0.00,0.00,0.00,0.00,0.00,0.00,0.00,0.00,0.00,0.00,0.00,0.00,0.00,0.00,0.00,0.00,0.00,0.00,0.00,0.00,0.00,298790,347013,497974,314515,360641,513699,0,0,0,0,0,0,0,112608,0,140.32,140.35,140.38
1096,0,0,0,0,93656,93656,93656,3623,3623,3623,591,591,591,0.00,0.00,0.00,0.00,0.00,0.00,0.00,0.00,0.00,0.00,0.00,0.00,0.00,0.00,0.00,0.00,0.00,0.00,0.00,0.00,0.00,199189,357488,684066,207925,370242,699791,0,0,0,0,0,0,0,110103,0,137.25,137.29,137.33
1096,1,0,0,0,93624,93624,93624,3655,3655,3655,591,591,591,0.00,0.00,0.00,0.00,0.00,0.00,0.00,0.00,0.00,0.00,0.00,0.00,0.00,0.00,0.00,0.00,0.00,0.00,0.00,0.00,0.00,288302,554085,804621,298786,567186,817726,0,0,0,0,0,0,0,99184,0,123.63,123.68,123.72
1096,2,0,0,0,93619,93619,93619,3660,3660,3660,591,591,591,0.00,0.00,0.00,0.00,0.00,0.00,0.00,0.00,0.00,0.00,0.00,0.00,0.00,0.00,0.00,0.00,0.00,0.00,0.00,0.00,0.00,306650,376357,647324,319755,389986,663048,0,0,0,0,0,0,0,101141,0,126.04,126.10,126.13
1096,3,0,0,0,93660,93660,93660,3619,3619,3619,591,591,591,0.00,0.00,0.00,0.00,0.00,0.00,0.00,0.00,0.00,0.00,0.00,0.00,0.00,0.00,0.00,0.00,0.00,0.00,0.00,0.00,0.00,200940,290747,351187,211424,303852,364291,0,0,0,0,0,0,0,112646,0,140.26,140.29,140.31
1097,0,0,0,0,93656,93656,93656,3623,3623,3623,591,591,591,0.00,0.00,0.00,0.00,0.00,0.00,0.00,0.00,0.00,0.00,0.00,0.00,0.00,0.00,0.00,0.00,0.00,0.00,0.00,0.00,0.00,301407,371647,629019,314511,385799,642123,0,0,0,0,0,0,0,110084,0,137.32,137.37,137.42
1097,1,0,0,0,93624,93624,93624,3655,3655,3655,591,591,591,0.00,0.00,0.00,0.00,0.00,0.00,0.00,0.00,0.00,0.00,0.00,0.00,0.00,0.00,0.00,0.00,0.00,0.00,0.00,0.00,0.00,406248,511857,867530,421969,525478,880635,0,0,0,0,0,0,0,99047,0,123.60,123.66,123.71
1097,2,0,0,0,93619,93619,93619,3660,3660,3660,591,591,591,0.00,0.00,0.00,0.00,0.00,0.00,0.00,0.00,0.00,0.00,0.00,0.00,0.00,0.00,0.00,0.00,0.00,0.00,0.00,0.00,0.00,309273,540316,1315725,322378,552873,1326209,0,0,0,0,0,0,0,113950,0,126.16,126.24,126.33
1097,3,0,0,0,93660,93660,93660,3619,3619,3619,591,591,591,0.00,0.00,0.00,0.00,0.00,0.00,0.00,0.00,0.00,0.00,0.00,0.00,0.00,0.00,0.00,0.00,0.00,0.00,0.00,0.00,0.00,296168,323424,393142,311893,337577,406247,0,0,0,0,0,0,0,126744,0,140.28,140.34,140.37
1098,0,0,0,0,93656,93656,93656,3623,3623,3623,591,591,591,0.00,0.00,0.00,0.00,0.00,0.00,0.00,0.00,0.00,0.00,0.00,0.00,0.00,0.00,0.00,0.00,0.00,0.00,0.00,0.00,0.00,301408,342813,482248,314513,356442,497974,0,0,0,0,0,0,0,82595,0,137.32,137.34,137.41
1098,1,0,0,0,93624,93624,93624,3655,3655,3655,591,591,591,0.00,0.00,0.00,0.00,0.00,0.00,0.00,0.00,0.00,0.00,0.00,0.00,0.00,0.00,0.00,0.00,0.00,0.00,0.00,0.00,0.00,408866,560112,723382,421970,574255,736486,0,0,0,0,0,0,0,86574,0,123.56,123.58,123.59
1098,2,0,0,0,93619,93619,93619,3660,3660,3660,591,591,591,0.00,0.00,0.00,0.00,0.00,0.00,0.00,0.00,0.00,0.00,0.00,0.00,0.00,0.00,0.00,0.00,0.00,0.00,0.00,0.00,0.00,301390,373216,642121,314494,387893,657847,0,0,0,0,0,0,0,101245,0,126.23,126.26,126.28
1098,3,0,0,0,93660,93660,93660,3619,3619,3619,591,591,591,0.00,0.00,0.00,0.00,0.00,0.00,0.00,0.00,0.00,0.00,0.00,0.00,0.00,0.00,0.00,0.00,0.00,0.00,0.00,0.00,0.00,301393,536243,828218,314497,549872,841323,0,0,0,0,0,0,0,84305,0,140.11,140.19,140.30
1099,0,0,0,0,93656,93656,93656,3623,3623,3623,591,591,591,0.00,0.00,0.00,0.00,0.00,0.00,0.00,0.00,0.00,0.00,0.00,0.00,0.00,0.00,0.00,0.00,0.00,0.00,0.00,0.00,0.00,289647,597252,1237078,302577,610969,1250182,0,0,0,0,0,0,0,110123,0,137.41,137.43,137.46
1099,1,0,0,0,93624,93624,93624,3655,3655,3655,591,591,591,0.00,0.00,0.00,0.00,0.00,0.00,0.00,0.00,0.00,0.00,0.00,0.00,0.00,0.00,0.00,0.00,0.00,0.00,0.00,0.00,0.00,411485,494688,711406,427211,508385,724294,0,0,0,0,0,0,0,98894,0,123.44,123.49,123.53
1099,2,0,0,0,93619,93619,93619,3660,3660,3660,591,591,591,0.00,0.00,0.00,0.00,0.00,0.00,0.00,0.00,0.00,0.00,0.00,0.00,0.00,0.00,0.00,0.00,0.00,0.00,0.00,0.00,0.00,306651,402970,686688,322375,416730,699793,0,0,0,0,0,0,0,75887,0,126.11,126.17,126.25
1099,3,0,0,0,93660,93660,93660,3619,3619,3619,591,591,591,0.00,0.00,0.00,0.00,0.00,0.00,0.00,0.00,0.00,0.00,0.00,0.00,0.00,0.00,0.00,0.00,0.00,0.00,0.00,0.00,0.00,296646,353948,500603,309544,367657,516329,0,0,0,0,0,0,0,112479,0,140.06,140.08,140.11
1100,0,0,0,0,93656,93656,93656,3623,3623,3623,591,591,591,0.00,0.00,0.00,0.00,0.00,0.00,0.00,0.00,0.00,0.00,0.00,0.00,0.00,0.00,0.00,0.00,0.00,0.00,0.00,0.00,0.00,285683,338798,480503,301409,352078,489239,0,0,0,0,0,0,0,110114,0,137.28,137.33,137.38
1100,1,0,0,0,93624,93624,93624,3655,3655,3655,591,591,591,0.00,0.00,0.00,0.00,0.00,0.00,0.00,0.00,0.00,0.00,0.00,0.00,0.00,0.00,0.00,0.00,0.00,0.00,0.00,0.00,0.00,416689,474903,555629,432413,488007,568734,0,0,0,0,0,0,0,98921,0,123.37,123.39,123.42
1100,2,0,0,0,93619,93619,93619,3660,3660,3660,591,591,591,0.00,0.00,0.00,0.00,0.00,0.00,0.00,0.00,0.00,0.00,0.00,0.00,0.00,0.00,0.00,0.00,0.00,0.00,0.00,0.00,0.00,306649,451326,673585,319753,464955,686690,0,0,0,0,0,0,0,101046,0,125.90,125.94,126.02
1100,3,0,0,0,93660,93660,93660,3619,3619,3619,591,591,591,0.00,0.00,0.00,0.00,0.00,0.00,0.00,0.00,0.00,0.00,0.00,0.00,0.00,0.00,0.00,0.00,0.00,0.00,0.00,0.00,0.00,202687,292149,351207,211423,305428,364311,0,0,0,0,0,0,0,112587,0,140.06,140.15,140.28
1101,0,0,0,0,93656,93656,93656,3623,3623,3623,591,591,591,0.00,0.00,0.00,0.00,0.00,0.00,0.00,0.00,0.00,0.00,0.00,0.00,0.00,0.00,0.00,0.00,0.00,0.00,0.00,0.00,0.00,296166,361681,602784,306650,375310,618509,0,0,0,0,0,0,0,110004,0,137.20,137.23,137.28
1101,1,0,0,0,93624,93624,93624,3655,3655,3655,591,591,591,0.00,0.00,0.00,0.00,0.00,0.00,0.00,0.00,0.00,0.00,0.00,0.00,0.00,0.00,0.00,0.00,0.00,0.00,0.00,0.00,0.00,414104,426162,448178,427209,439791,461283,0,0,0,0,0,0,0,99112,0,123.46,123.53,123.61
1101,2,0,0,0,93619,93619,93619,3660,3660,3660,591,591,591,0.00,0.00,0.00,0.00,0.00,0.00,0.00,0.00,0.00,0.00,0.00,0.00,0.00,0.00,0.00,0.00,0.00,0.00,0.00,0.00,0.00,200495,491909,1339304,209137,505171,1352409,0,0,0,0,0,0,0,113826,0,125.97,126.00,126.02
1101,3,0,0,0,93660,93660,93660,3619,3619,3619,591,591,591,0.00,0.00,0.00,0.00,0.00,0.00,0.00,0.00,0.00,0.00,0.00,0.00,0.00,0.00,0.00,0.00,0.00,0.00,0.00,0.00,0.00,301393,323421,387899,314497,337049,401004,0,0,0,0,0,0,0,126690,0,140.28,140.30,140.34
1102,0,0,0,0,93656,93656,93656,3623,3623,3623,591,591,591,0.00,0.00,0.00,0.00,0.00,0.00,0.00,0.00,0.00,0.00,0.00,0.00,0.00,0.00,0.00,0.00,0.00,0.00,0.00,0.00,0.00,298788,515799,1189900,311892,529952,1203005,0,0,0,0,0,0,0,123985,0,137.24,137.35,137.41
1102,1,0,0,0,93624,93624,93624,3655,3655,3655,591,591,591,0.00,0.00,0.00,0.00,0.00,0.00,0.00,0.00,0.00,0.00,0.00,0.00,0.00,0.00,0.00,0.00,0.00,0.00,0.00,0.00,0.00,414105,582885,744348,427210,597037,760074,0,0,0,0,0,0,0,111254,0,123.52,123.58,123.63
1102,2,0,0,0,93619,93619,93619,3660,3660,3660,591,591,591,0.00,0.00,0.00,0.00,0.00,0.00,0.00,0.00,0.00,0.00,0.00,0.00,0.00,0.00,0.00,0.00,0.00,0.00,0.00,0.00,0.00,306649,445035,681446,319754,459188,697172,0,0,0,0,0,0,0,101066,0,126.04,126.07,126.09
1102,3,0,0,0,93660,93660,93660,3619,3619,3619,591,591,591,0.00,0.00,0.00,0.00,0.00,0.00,0.00,0.00,0.00,0.00,0.00,0.00,0.00,0.00,0.00,0.00,0.00,0.00,0.00,0.00,0.00,301405,500601,1006447,314515,514754,1022173,0,0,0,0,0,0,0,112636,0,140.29,140.36,140.44
1103,0,0,0,0,93656,93656,93656,3623,3623,3623,591,591,591,0.00,0.00,0.00,0.00,0.00,0.00,0.00,0.00,0.00,0.00,0.00,0.00,0.00,0.00,0.00,0.00,0.00,0.00,0.00,0.00,0.00,293528,360752,597573,309252,374864,610677,0,0,0,0,0,0,0,110096,0,137.33,137.42,137.48
1103,1,0,0,0,93624,93624,93624,3655,3655,3655,591,591,591,0.00,0.00,0.00,0.00,0.00,0.00,0.00,0.00,0.00,0.00,0.00,0.00,0.00,0.00,0.00,0.00,0.00,0.00,0.00,0.00,0.00,414104,499285,733861,427208,512882,749587,0,0,0,0,0,0,0,98901,0,123.39,123.43,123.47
1103,2,0,0,0,93619,93619,93619,3660,3660,3660,591,591,591,0.00,0.00,0.00,0.00,0.00,0.00,0.00,0.00,0.00,0.00,0.00,0.00,0.00,0.00,0.00,0.00,0.00,0.00,0.00,0.00,0.00,301410,379507,676202,314514,393136,689307,0,0,0,0,0,0,0,100906,0,125.86,125.93,125.97
1103,3,0,0,0,93660,93660,93660,3619,3619,3619,591,591,591,0.00,0.00,0.00,0.00,0.00,0.00,0.00,0.00,0.00,0.00,0.00,0.00,0.00,0.00,0.00,0.00,0.00,0.00,0.00,0.00,0.00,299162,359146,508463,312057,373257,524189,0,0,0,0,0,0,0,112695,0,140.41,140.48,140.55
1104,0,0,0,0,93656,93656,93656,3623,3623,3623,591,591,591,0.00,0.00,0.00,0.00,0.00,0.00,0.00,0.00,0.00,0.00,0.00,0.00,0.00,0.00,0.00,0.00,0.00,0.00,0.00,0.00,0.00,209673,430880,702411,218410,443636,715516,0,0,0,0,0,0,0,110172,0,137.32,137.37,137.44
1104,1,0,0,0,93624,93624,93624,3655,3655,3655,591,591,591,0.00,0.00,0.00,0.00,0.00,0.00,0.00,0.00,0.00,0.00,0.00,0.00,0.00,0.00,0.00,0.00,0.00,0.00,0.00,0.00,0.00,293543,462325,757445,304027,475429,770549,0,0,0,0,0,0,0,98955,0,123.33,123.37,123.40
1104,2,0,0,0,93619,93619,93619,3660,3660,3660,591,591,591,0.00,0.00,0.00,0.00,0.00,0.00,0.00,0.00,0.00,0.00,0.00,0.00,0.00,0.00,0.00,0.00,0.00,0.00,0.00,0.00,0.00,219611,354241,642134,226528,367156,655239,0,0,0,0,0,0,0,100956,0,125.73,125.80,125.83
1104,3,0,0,0,93660,93660,93660,3619,3619,3619,591,591,591,0.00,0.00,0.00,0.00,0.00,0.00,0.00,0.00,0.00,0.00,0.00,0.00,0.00,0.00,0.00,0.00,0.00,0.00,0.00,0.00,0.00,277822,297213,304032,288306,310317,317137,0,0,0,0,0,0,0,112659,0,140.15,140.25,140.30
1105,0,0,0,0,93656,93656,93656,3623,3623,3623,591,591,591,0.00,0.00,0.00,0.00,0.00,0.00,0.00,0.00,0.00,0.00,0.00,0.00,0.00,0.00,0.00,0.00,0.00,0.00,0.00,0.00,0.00,298786,336003,479631,314511,350156,490115,0,0,0,0,0,0,0,110166,0,137.38,137.41,137.43
1105,1,0,0,0,93624,93624,93624,3655,3655,3655,591,591,591,0.00,0.00,0.00,0.00,0.00,0.00,0.00,0.00,0.00,0.00,0.00,0.00,0.00,0.00,0.00,0.00,0.00,0.00,0.00,0.00,0.00,406247,571359,843923,419352,585512,859648,0,0,0,0,0,0,0,111412,0,123.47,123.56,123.62
1105,2,0,0,0,93619,93619,93619,3660,3660,3660,591,591,591,0.00,0.00,0.00,0.00,0.00,0.00,0.00,0.00,0.00,0.00,0.00,0.00,0.00,0.00,0.00,0.00,0.00,0.00,0.00,0.00,0.00,304029,571888,1281622,317134,586041,1294727,0,0,0,0,0,0,0,101009,0,125.86,125.88,125.93
1105,3,0,0,0,93660,93660,93660,3619,3619,3619,591,591,591,0.00,0.00,0.00,0.00,0.00,0.00,0.00,0.00,0.00,0.00,0.00,0.00,0.00,0.00,0.00,0.00,0.00,0.00,0.00,0.00,0.00,304028,538341,820350,314511,551970,836076,0,0,0,0,0,0,0,126625,0,140.28,140.31,140.34
1106,0,0,0,0,93656,93656,93656,3623,3623,3623,591,591,591,0.00,0.00,0.00,0.00,0.00,0.00,0.00,0.00,0.00,0.00,0.00,0.00,0.00,0.00,0.00,0.00,0.00,0.00,0.00,0.00,0.00,298769,539383,1244935,314494,553012,1258039,0,0,0,0,0,0,0,96447,0,137.37,137.38,137.39
1106,1,0,0,0,93624,93624,93624,3655,3655,3655,591,591,591,0.00,0.00,0.00,0.00,0.00,0.00,0.00,0.00,0.00,0.00,0.00,0.00,0.00,0.00,0.00,0.00,0.00,0.00,0.00,0.00,0.00,414108,501120,725998,429833,515273,739103,0,0,0,0,0,0,0,74180,0,123.52,123.58,123.61
1106,2,0,0,0,93619,93619,93619,3660,3660,3660,591,591,591,0.00,0.00,0.00,0.00,0.00,0.00,0.00,0.00,0.00,0.00,0.00,0.00,0.00,0.00,0.00,0.00,0.00,0.00,0.00,0.00,0.00,301408,389467,707656,314512,404144,723382,0,0,0,0,0,0,0,101035,0,126.00,126.06,126.13
1106,3,0,0,0,93660,93660,93660,3619,3619,3619,591,591,591,0.00,0.00,0.00,0.00,0.00,0.00,0.00,0.00,0.00,0.00,0.00,0.00,0.00,0.00,0.00,0.00,0.00,0.00,0.00,0.00,0.00,301394,340195,477008,314512,353823,490113,0,0,0,0,0,0,0,84613,0,140.29,140.36,140.41
1107,0,0,0,0,93656,93656,93656,3623,3623,3623,591,591,591,0.00,0.00,0.00,0.00,0.00,0.00,0.00,0.00,0.00,0.00,0.00,0.00,0.00,0.00,0.00,0.00,0.00,0.00,0.00,0.00,0.00,297075,397941,691875,312575,412299,704979,0,0,0,0,0,0,0,110125,0,137.32,137.36,137.40
1107,1,0,0,0,93624,93624,93624,3655,3655,3655,591,591,591,0.00,0.00,0.00,0.00,0.00,0.00,0.00,0.00,0.00,0.00,0.00,0.00,0.00,0.00,0.00,0.00,0.00,0.00,0.00,0.00,0.00,419356,526971,718081,432461,540016,731185,0,0,0,0,0,0,0,98991,0,123.51,123.52,123.54
1107,2,0,0,0,93619,93619,93619,3660,3660,3660,591,591,591,0.00,0.00,0.00,0.00,0.00,0.00,0.00,0.00,0.00,0.00,0.00,0.00,0.00,0.00,0.00,0.00,0.00,0.00,0.00,0.00,0.00,304028,387243,629025,319753,401003,644751,0,0,0,0,0,0,0,75679,0,125.86,125.91,125.94
1107,3,0,0,0,93660,93660,93660,3619,3619,3619,591,591,591,0.00,0.00,0.00,0.00,0.00,0.00,0.00,0.00,0.00,0.00,0.00,0.00,0.00,0.00,0.00,0.00,0.00,0.00,0.00,0.00,0.00,301411,326308,377418,317137,340723,393144,0,0,0,0,0,0,0,112810,0,140.48,140.50,140.54
1108,0,0,0,0,93656,93656,93656,3623,3623,3623,591,591,591,0.00,0.00,0.00,0.00,0.00,0.00,0.00,0.00,0.00,0.00,0.00,0.00,0.00,0.00,0.00,0.00,0.00,0.00,0.00,0.00,0.00,207928,348752,618514,218412,361856,631618,0,0,0,0,0,0,0,110164,0,137.27,137.32,137.41
1108,1,0,0,0,93624,93624,93624,3655,3655,3655,591,591,591,0.00,0.00,0.00,0.00,0.00,0.00,0.00,0.00,0.00,0.00,0.00,0.00,0.00,0.00,0.00,0.00,0.00,0.00,0.00,0.00,0.00,277819,549346,867534,286556,562626,880638,0,0,0,0,0,0,0,99178,0,123.58,123.68,123.78
1108,2,0,0,0,93619,93619,93619,3660,3660,3660,591,591,591,0.00,0.00,0.00,0.00,0.00,0.00,0.00,0.00,0.00,0.00,0.00,0.00,0.00,0.00,0.00,0.00,0.00,0.00,0.00,0.00,0.00,309270,406070,681447,322375,418740,691931,0,0,0,0,0,0,0,113490,0,125.81,125.84,125.86
1108,3,0,0,0,93660,93660,93660,3619,3619,3619,591,591,591,0.00,0.00,0.00,0.00,0.00,0.00,0.00,0.00,0.00,0.00,0.00,0.00,0.00,0.00,0.00,0.00,0.00,0.00,0.00,0.00,0.00,279571,298613,306653,290055,311718,322379,0,0,0,0,0,0,0,112776,0,140.37,140.41,140.48
1109,0,0,0,0,93656,93656,93656,3623,3623,3623,591,591,591,0.00,0.00,0.00,0.00,0.00,0.00,0.00,0.00,0.00,0.00,0.00,0.00,0.00,0.00,0.00,0.00,0.00,0.00,0.00,0.00,0.00,296165,338623,469141,309270,352252,484867,0,0,0,0,0,0,0,110128,0,137.36,137.40,137.43
1109,1,0,0,0,93624,93624,93624,3655,3655,3655,591,591,591,0.00,0.00,0.00,0.00,0.00,0.00,0.00,0.00,0.00,0.00,0.00,0.00,0.00,0.00,0.00,0.00,0.00,0.00,0.00,0.00,0.00,419256,501632,747093,432358,515784,760200,0,0,0,0,0,0,0,111275,0,123.53,123.61,123.70
1109,2,0,0,0,93619,93619,93619,3660,3660,3660,591,591,591,0.00,0.00,0.00,0.00,0.00,0.00,0.00,0.00,0.00,0.00,0.00,0.00,0.00,0.00,0.00,0.00,0.00,0.00,0.00,0.00,0.00,311890,510566,988135,322378,524195,1001240,0,0,0,0,0,0,0,100986,0,125.83,125.86,125.92
1109,3,0,0,0,93660,93660,93660,3619,3619,3619,591,591,591,0.00,0.00,0.00,0.00,0.00,0.00,0.00,0.00,0.00,0.00,0.00,0.00,0.00,0.00,0.00,0.00,0.00,0.00,0.00,0.00,0.00,306654,537291,872777,319759,550920,888503,0,0,0,0,0,0,0,112524,0,140.42,140.44,140.48
1110,0,0,0,0,93656,93656,93656,3623,3623,3623,591,591,591,0.00,0.00,0.00,0.00,0.00,0.00,0.00,0.00,0.00,0.00,0.00,0.00,0.00,0.00,0.00,0.00,0.00,0.00,0.00,0.00,0.00,298788,535194,1166309,314514,548823,1176793,0,0,0,0,0,0,0,110137,0,137.40,137.44,137.48
1110,1,0,0,0,93624,93624,93624,3655,3655,3655,591,591,591,0.00,0.00,0.00,0.00,0.00,0.00,0.00,0.00,0.00,0.00,0.00,0.00,0.00,0.00,0.00,0.00,0.00,0.00,0.00,0.00,0.00,419185,513561,697123,432285,527710,712847,0,0,0,0,0,0,0,99082,0,123.53,123.59,123.64
1110,2,0,0,0,93619,93619,93619,3660,3660,3660,591,591,591,0.00,0.00,0.00,0.00,0.00,0.00,0.00,0.00,0.00,0.00,0.00,0.00,0.00,0.00,0.00,0.00,0.00,0.00,0.00,0.00,0.00,309272,393138,702398,324998,407291,715502,0,0,0,0,0,0,0,101096,0,125.92,125.99,126.03
1110,3,0,0,0,93660,93660,93660,3619,3619,3619,591,591,591,0.00,0.00,0.00,0.00,0.00,0.00,0.00,0.00,0.00,0.00,0.00,0.00,0.00,0.00,0.00,0.00,0.00,0.00,0.00,0.00,0.00,296169,345966,511088,311894,360119,526814,0,0,0,0,0,0,0,112739,0,140.36,140.40,140.46
1111,0,0,0,0,93656,93656,93656,3623,3623,3623,591,591,591,0.00,0.00,0.00,0.00,0.00,0.00,0.00,0.00,0.00,0.00,0.00,0.00,0.00,0.00,0.00,0.00,0.00,0.00,0.00,0.00,0.00,298788,376464,658358,311875,390499,673492,0,0,0,0,0,0,0,110127,0,137.34,137.38,137.42
1111,1,0,0,0,93624,93624,93624,3655,3655,3655,591,591,591,0.00,0.00,0.00,0.00,0.00,0.00,0.00,0.00,0.00,0.00,0.00,0.00,0.00,0.00,0.00,0.00,0.00,0.00,0.00,0.00,0.00,414108,516323,765311,427212,529952,778416,0,0,0,0,0,0,0,99035,0,123.46,123.50,123.60
1111,2,0,0,0,93619,93619,93619,3660,3660,3660,591,591,591,0.00,0.00,0.00,0.00,0.00,0.00,0.00,0.00,0.00,0.00,0.00,0.00,0.00,0.00,0.00,0.00,0.00,0.00,0.00,0.00,0.00,311867,433497,634267,327616,447650,647372,0,0,0,0,0,0,0,101005,0,125.91,125.95,126.00
1111,3,0,0,0,93660,93660,93660,3619,3619,3619,591,591,591,0.00,0.00,0.00,0.00,0.00,0.00,0.00,0.00,0.00,0.00,0.00,0.00,0.00,0.00,0.00,0.00,0.00,0.00,0.00,0.00,0.00,304030,321532,354862,317135,335121,365148,0,0,0,0,0,0,0,112775,0,140.43,140.44,140.47
1112,0,0,0,0,93656,93656,93656,3623,3623,3623,591,591,591,0.00,0.00,0.00,0.00,0.00,0.00,0.00,0.00,0.00,0.00,0.00,0.00,0.00,0.00,0.00,0.00,0.00,0.00,0.00,0.00,0.00,209641,341238,605433,220123,354342,618538,0,0,0,0,0,0,0,110101,0,137.36,137.38,137.42
1112,1,0,0,0,93624,93624,93624,3655,3655,3655,591,591,591,0.00,0.00,0.00,0.00,0.00,0.00,0.00,0.00,0.00,0.00,0.00,0.00,0.00,0.00,0.00,0.00,0.00,0.00,0.00,0.00,0.00,281316,487669,867529,291799,500773,883254,0,0,0,0,0,0,0,98974,0,123.51,123.53,123.56
1112,2,0,0,0,93619,93619,93619,3660,3660,3660,591,591,591,0.00,0.00,0.00,0.00,0.00,0.00,0.00,0.00,0.00,0.00,0.00,0.00,0.00,0.00,0.00,0.00,0.00,0.00,0.00,0.00,0.00,297672,423636,866495,312807,436780,875143,0,0,0,0,0,0,0,113932,0,126.04,126.11,126.18
1112,3,0,0,0,93660,93660,93660,3619,3619,3619,591,591,591,0.00,0.00,0.00,0.00,0.00,0.00,0.00,0.00,0.00,0.00,0.00,0.00,0.00,0.00,0.00,0.00,0.00,0.00,0.00,0.00,0.00,200941,370952,613304,211425,384057,626409,0,0,0,0,0,0,0,126815,0,140.33,140.41,140.48
1113,0,0,0,0,93656,93656,93656,3623,3623,3623,591,591,591,0.00,0.00,0.00,0.00,0.00,0.00,0.00,0.00,0.00,0.00,0.00,0.00,0.00,0.00,0.00,0.00,0.00,0.00,0.00,0.00,0.00,304029,527858,1234469,317134,541487,1247573,0,0,0,0,0,0,0,96255,0,137.26,137.31,137.37
1113,1,0,0,0,93624,93624,93624,3655,3655,3655,591,591,591,0.00,0.00,0.00,0.00,0.00,0.00,0.00,0.00,0.00,0.00,0.00,0.00,0.00,0.00,0.00,0.00,0.00,0.00,0.00,0.00,0.00,424588,544630,752212,440313,558259,762696,0,0,0,0,0,0,0,86585,0,123.54,123.57,123.61
1113,2,0,0,0,93619,93619,93619,3660,3660,3660,591,591,591,0.00,0.00,0.00,0.00,0.00,0.00,0.00,0.00,0.00,0.00,0.00,0.00,0.00,0.00,0.00,0.00,0.00,0.00,0.00,0.00,0.00,309253,454325,670959,322357,468059,684064,0,0,0,0,0,0,0,101220,0,126.03,126.10,126.17
1113,3,0,0,0,93660,93660,93660,3619,3619,3619,591,591,591,0.00,0.00,0.00,0.00,0.00,0.00,0.00,0.00,0.00,0.00,0.00,0.00,0.00,0.00,0.00,0.00,0.00,0.00,0.00,0.00,0.00,301394,471768,820364,314498,485922,833469,0,0,0,0,0,0,0,84338,0,140.39,140.47,140.53
1114,0,0,0,0,93656,93656,93656,3623,3623,3623,591,591,591,0.00,0.00,0.00,0.00,0.00,0.00,0.00,0.00,0.00,0.00,0.00,0.00,0.00,0.00,0.00,0.00,0.00,0.00,0.00,0.00,0.00,304028,367585,553016,317133,382000,566121,0,0,0,0,0,0,0,110130,0,137.28,137.31,137.37
1114,1,0,0,0,93624,93624,93624,3655,3655,3655,591,591,591,0.00,0.00,0.00,0.00,0.00,0.00,0.00,0.00,0.00,0.00,0.00,0.00,0.00,0.00,0.00,0.00,0.00,0.00,0.00,0.00,0.00,440320,512395,715517,456046,526811,726001,0,0,0,0,0,0,0,99063,0,123.53,123.56,123.58
1114,2,0,0,0,93619,93619,93619,3660,3660,3660,591,591,591,0.00,0.00,0.00,0.00,0.00,0.00,0.00,0.00,0.00,0.00,0.00,0.00,0.00,0.00,0.00,0.00,0.00,0.00,0.00,0.00,0.00,301407,393796,657859,317132,408212,670964,0,0,0,0,0,0,0,75935,0,126.18,126.20,126.24
1114,3,0,0,0,93660,93660,93660,3619,3619,3619,591,591,591,0.00,0.00,0.00,0.00,0.00,0.00,0.00,0.00,0.00,0.00,0.00,0.00,0.00,0.00,0.00,0.00,0.00,0.00,0.00,0.00,0.00,304029,357759,495362,319754,372174,508467,0,0,0,0,0,0,0,112783,0,140.34,140.39,140.41
1115,0,0,0,0,93656,93656,93656,3623,3623,3623,591,591,591,0.00,0.00,0.00,0.00,0.00,0.00,0.00,0.00,0.00,0.00,0.00,0.00,0.00,0.00,0.00,0.00,0.00,0.00,0.00,0.00,0.00,304028,388466,686687,317133,402587,702413,0,0,0,0,0,0,0,110198,0,137.39,137.41,137.44
1115,1,0,0,0,93624,93624,93624,3655,3655,3655,591,591,591,0.00,0.00,0.00,0.00,0.00,0.00,0.00,0.00,0.00,0.00,0.00,0.00,0.00,0.00,0.00,0.00,0.00,0.00,0.00,0.00,0.00,419903,543159,760025,435073,557258,773128,0,0,0,0,0,0,0,99072,0,123.52,123.56,123.61
1115,2,0,0,0,93619,93619,93619,3660,3660,3660,591,591,591,0.00,0.00,0.00,0.00,0.00,0.00,0.00,0.00,0.00,0.00,0.00,0.00,0.00,0.00,0.00,0.00,0.00,0.00,0.00,0.00,0.00,301406,378463,663099,314511,392092,676204,0,0,0,0,0,0,0,101252,0,126.22,126.26,126.29
1115,3,0,0,0,93660,93660,93660,3619,3619,3619,591,591,591,0.00,0.00,0.00,0.00,0.00,0.00,0.00,0.00,0.00,0.00,0.00,0.00,0.00,0.00,0.00,0.00,0.00,0.00,0.00,0.00,0.00,288247,329886,383575,301349,343505,394012,0,0,0,0,0,0,0,112731,0,140.32,140.38,140.43
1116,0,0,0,0,93656,93656,93656,3623,3623,3623,591,591,591,0.00,0.00,0.00,0.00,0.00,0.00,0.00,0.00,0.00,0.00,0.00,0.00,0.00,0.00,0.00,0.00,0.00,0.00,0.00,0.00,0.00,304027,340372,391394,319752,353826,403625,0,0,0,0,0,0,0,110077,0,137.35,137.38,137.42
1116,1,0,0,0,93624,93624,93624,3655,3655,3655,591,591,591,0.00,0.00,0.00,0.00,0.00,0.00,0.00,0.00,0.00,0.00,0.00,0.00,0.00,0.00,0.00,0.00,0.00,0.00,0.00,0.00,0.00,284807,496753,904216,293543,509508,917320,0,0,0,0,0,0,0,99017,0,123.49,123.53,123.58
1116,2,0,0,0,93619,93619,93619,3660,3660,3660,591,591,591,0.00,0.00,0.00,0.00,0.00,0.00,0.00,0.00,0.00,0.00,0.00,0.00,0.00,0.00,0.00,0.00,0.00,0.00,0.00,0.00,0.00,295984,492893,938221,308633,505460,948704,0,0,0,0,0,0,0,113932,0,126.17,126.20,126.24
1116,3,0,0,0,93660,93660,93660,3619,3619,3619,591,591,591,0.00,0.00,0.00,0.00,0.00,0.00,0.00,0.00,0.00,0.00,0.00,0.00,0.00,0.00,0.00,0.00,0.00,0.00,0.00,0.00,0.00,200942,470019,974995,209678,483299,993342,0,0,0,0,0,0,0,126789,0,140.27,140.32,140.39
1117,0,0,0,0,93656,93656,93656,3623,3623,3623,591,591,591,0.00,0.00,0.00,0.00,0.00,0.00,0.00,0.00,0.00,0.00,0.00,0.00,0.00,0.00,0.00,0.00,0.00,0.00,0.00,0.00,0.00,301406,485397,1205631,314511,498502,1218735,0,0,0,0,0,0,0,124078,0,137.43,137.45,137.48
1117,1,0,0,0,93624,93624,93624,3655,3655,3655,591,591,591,0.00,0.00,0.00,0.00,0.00,0.00,0.00,0.00,0.00,0.00,0.00,0.00,0.00,0.00,0.00,0.00,0.00,0.00,0.00,0.00,0.00,414108,594953,775799,427213,609106,788904,0,0,0,0,0,0,0,98982,0,123.50,123.54,123.56
1117,2,0,0,0,93619,93619,93619,3660,3660,3660,591,591,591,0.00,0.00,0.00,0.00,0.00,0.00,0.00,0.00,0.00,0.00,0.00,0.00,0.00,0.00,0.00,0.00,0.00,0.00,0.00,0.00,0.00,301408,370600,629026,314513,384753,642131,0,0,0,0,0,0,0,101134,0,126.10,126.15,126.26
1117,3,0,0,0,93660,93660,93660,3619,3619,3619,591,591,591,0.00,0.00,0.00,0.00,0.00,0.00,0.00,0.00,0.00,0.00,0.00,0.00,0.00,0.00,0.00,0.00,0.00,0.00,0.00,0.00,0.00,301410,370602,511086,314515,384231,524190,0,0,0,0,0,0,0,112645,0,140.45,140.50,140.55
1118,0,0,0,0,93656,93656,93656,3623,3623,3623,591,591,591,0.00,0.00,0.00,0.00,0.00,0.00,0.00,0.00,0.00,0.00,0.00,0.00,0.00,0.00,0.00,0.00,0.00,0.00,0.00,0.00,0.00,301405,425116,629026,317131,439269,639510,0,0,0,0,0,0,0,110089,0,137.25,137.28,137.32
1118,1,0,0,0,93624,93624,93624,3655,3655,3655,591,591,591,0.00,0.00,0.00,0.00,0.00,0.00,0.00,0.00,0.00,0.00,0.00,0.00,0.00,0.00,0.00,0.00,0.00,0.00,0.00,0.00,0.00,416727,500598,691923,429831,514751,707648,0,0,0,0,0,0,0,99105,0,123.48,123.52,123.56
1118,2,0,0,0,93619,93619,93619,3660,3660,3660,591,591,591,0.00,0.00,0.00,0.00,0.00,0.00,0.00,0.00,0.00,0.00,0.00,0.00,0.00,0.00,0.00,0.00,0.00,0.00,0.00,0.00,0.00,306633,373742,631652,319754,387894,642135,0,0,0,0,0,0,0,101006,0,125.99,126.08,126.15
1118,3,0,0,0,93660,93660,93660,3619,3619,3619,591,591,591,0.00,0.00,0.00,0.00,0.00,0.00,0.00,0.00,0.00,0.00,0.00,0.00,0.00,0.00,0.00,0.00,0.00,0.00,0.00,0.00,0.00,309274,320334,361686,319758,334463,377412,0,0,0,0,0,0,0,112622,0,140.24,140.28,140.37
1119,0,0,0,0,93656,93656,93656,3623,3623,3623,591,591,591,0.00,0.00,0.00,0.00,0.00,0.00,0.00,0.00,0.00,0.00,0.00,0.00,0.00,0.00,0.00,0.00,0.00,0.00,0.00,0.00,0.00,204433,357210,639505,213169,370449,652610,0,0,0,0,0,0,0,110256,0,137.27,137.38,137.50
1119,1,0,0,0,93624,93624,93624,3655,3655,3655,591,591,591,0.00,0.00,0.00,0.00,0.00,0.00,0.00,0.00,0.00,0.00,0.00,0.00,0.00,0.00,0.00,0.00,0.00,0.00,0.00,0.00,0.00,419348,529387,777417,429832,541910,787613,0,0,0,0,0,0,0,99024,0,123.60,123.64,123.67
1119,2,0,0,0,93619,93619,93619,3660,3660,3660,591,591,591,0.00,0.00,0.00,0.00,0.00,0.00,0.00,0.00,0.00,0.00,0.00,0.00,0.00,0.00,0.00,0.00,0.00,0.00,0.00,0.00,0.00,304029,384227,657845,317134,398381,668329,0,0,0,0,0,0,0,113567,0,125.85,125.89,125.93
1119,3,0,0,0,93660,93660,93660,3619,3619,3619,591,591,591,0.00,0.00,0.00,0.00,0.00,0.00,0.00,0.00,0.00,0.00,0.00,0.00,0.00,0.00,0.00,0.00,0.00,0.00,0.00,0.00,0.00,207931,312588,427218,220162,325518,440323,0,0,0,0,0,0,0,112681,0,140.26,140.32,140.35
1120,0,0,0,0,93656,93656,93656,3623,3623,3623,591,591,591,0.00,0.00,0.00,0.00,0.00,0.00,0.00,0.00,0.00,0.00,0.00,0.00,0.00,0.00,0.00,0.00,0.00,0.00,0.00,0.00,0.00,298787,333907,463908,314512,348060,477013,0,0,0,0,0,0,0,110152,0,137.40,137.50,137.56
1120,1,0,0,0,93624,93624,93624,3655,3655,3655,591,591,591,0.00,0.00,0.00,0.00,0.00,0.00,0.00,0.00,0.00,0.00,0.00,0.00,0.00,0.00,0.00,0.00,0.00,0.00,0.00,0.00,0.00,419351,510555,746964,435070,524183,760069,0,0,0,0,0,0,0,111368,0,123.60,123.62,123.64
1120,2,0,0,0,93619,93619,93619,3660,3660,3660,591,591,591,0.00,0.00,0.00,0.00,0.00,0.00,0.00,0.00,0.00,0.00,0.00,0.00,0.00,0.00,0.00,0.00,0.00,0.00,0.00,0.00,0.00,205273,549383,1310479,215537,561922,1323584,0,0,0,0,0,0,0,101041,0,125.89,125.92,125.96
1120,3,0,0,0,93660,93660,93660,3619,3619,3619,591,591,591,0.00,0.00,0.00,0.00,0.00,0.00,0.00,0.00,0.00,0.00,0.00,0.00,0.00,0.00,0.00,0.00,0.00,0.00,0.00,0.00,0.00,311892,544633,830847,327618,558262,843952,0,0,0,0,0,0,0,84334,0,140.19,140.25,140.30
1121,0,0,0,0,93656,93656,93656,3623,3623,3623,591,591,591,0.00,0.00,0.00,0.00,0.00,0.00,0.00,0.00,0.00,0.00,0.00,0.00,0.00,0.00,0.00,0.00,0.00,0.00,0.00,0.00,0.00,304030,600195,1229217,314513,554066,1242322,0,0,0,0,0,0,0,82730,0,137.36,137.37,137.39
1121,1,0,0,0,93624,93624,93624,3655,3655,3655,591,591,591,0.00,0.00,0.00,0.00,0.00,0.00,0.00,0.00,0.00,0.00,0.00,0.00,0.00,0.00,0.00,0.00,0.00,0.00,0.00,0.00,0.00,411482,463901,587080,427207,478316,602806,0,0,0,0,0,0,0,74283,0,123.59,123.63,123.67
1121,2,0,0,0,93619,93619,93619,3660,3660,3660,591,591,591,0.00,0.00,0.00,0.00,0.00,0.00,0.00,0.00,0.00,0.00,0.00,0.00,0.00,0.00,0.00,0.00,0.00,0.00,0.00,0.00,0.00,298787,404923,707606,314512,419338,720710,0,0,0,0,0,0,0,75697,0,125.90,125.93,125.96
1121,3,0,0,0,93660,93660,93660,3619,3619,3619,591,591,591,0.00,0.00,0.00,0.00,0.00,0.00,0.00,0.00,0.00,0.00,0.00,0.00,0.00,0.00,0.00,0.00,0.00,0.00,0.00,0.00,0.00,298789,354477,492713,311893,368236,505817,0,0,0,0,0,0,0,112444,0,140.14,140.20,140.25
1122,0,0,0,0,93656,93656,93656,3623,3623,3623,591,591,591,0.00,0.00,0.00,0.00,0.00,0.00,0.00,0.00,0.00,0.00,0.00,0.00,0.00,0.00,0.00,0.00,0.00,0.00,0.00,0.00,0.00,298785,381083,678821,311890,397333,691925,0,0,0,0,0,0,0,110194,0,137.44,137.47,137.49
1122,1,0,0,0,93624,93624,93624,3655,3655,3655,591,591,591,0.00,0.00,0.00,0.00,0.00,0.00,0.00,0.00,0.00,0.00,0.00,0.00,0.00,0.00,0.00,0.00,0.00,0.00,0.00,0.00,0.00,435045,591275,788903,448149,605428,804629,0,0,0,0,0,0,0,99030,0,123.51,123.55,123.60
1122,2,0,0,0,93619,93619,93619,3660,3660,3660,591,591,591,0.00,0.00,0.00,0.00,0.00,0.00,0.00,0.00,0.00,0.00,0.00,0.00,0.00,0.00,0.00,0.00,0.00,0.00,0.00,0.00,0.00,306650,375843,642134,322375,389472,655239,0,0,0,0,0,0,0,101070,0,125.87,125.91,125.99
1122,3,0,0,0,93660,93660,93660,3619,3619,3619,591,591,591,0.00,0.00,0.00,0.00,0.00,0.00,0.00,0.00,0.00,0.00,0.00,0.00,0.00,0.00,0.00,0.00,0.00,0.00,0.00,0.00,0.00,300346,333694,458665,313405,347314,471769,0,0,0,0,0,0,0,112689,0,140.06,140.14,140.27
1123,0,0,0,0,93656,93656,93656,3623,3623,3623,591,591,591,0.00,0.00,0.00,0.00,0.00,0.00,0.00,0.00,0.00,0.00,0.00,0.00,0.00,0.00,0.00,0.00,0.00,0.00,0.00,0.00,0.00,301407,367995,615815,317132,383678,628918,0,0,0,0,0,0,0,110067,0,137.33,137.36,137.41
1123,1,0,0,0,93624,93624,93624,3655,3655,3655,591,591,591,0.00,0.00,0.00,0.00,0.00,0.00,0.00,0.00,0.00,0.00,0.00,0.00,0.00,0.00,0.00,0.00,0.00,0.00,0.00,0.00,0.00,406155,455263,585345,419257,467974,594081,0,0,0,0,0,0,0,99019,0,123.53,123.55,123.57
1123,2,0,0,0,93619,93619,93619,3660,3660,3660,591,591,591,0.00,0.00,0.00,0.00,0.00,0.00,0.00,0.00,0.00,0.00,0.00,0.00,0.00,0.00,0.00,0.00,0.00,0.00,0.00,0.00,0.00,301408,586027,1318259,317134,600180,1331363,0,0,0,0,0,0,0,113718,0,126.11,126.14,126.19
1123,3,0,0,0,93660,93660,93660,3619,3619,3619,591,591,591,0.00,0.00,0.00,0.00,0.00,0.00,0.00,0.00,0.00,0.00,0.00,0.00,0.00,0.00,0.00,0.00,0.00,0.00,0.00,0.00,0.00,200739,302271,398387,211212,315899,411491,0,0,0,0,0,0,0,126713,0,140.34,140.44,140.51
1124,0,0,0,0,93656,93656,93656,3623,3623,3623,591,591,591,0.00,0.00,0.00,0.00,0.00,0.00,0.00,0.00,0.00,0.00,0.00,0.00,0.00,0.00,0.00,0.00,0.00,0.00,0.00,0.00,0.00,301408,342818,484872,243748,338624,497977,0,0,0,0,0,0,0,123800,0,137.38,137.39,137.41
1124,1,0,0,0,93624,93624,93624,3655,3655,3655,591,591,591,0.00,0.00,0.00,0.00,0.00,0.00,0.00,0.00,0.00,0.00,0.00,0.00,0.00,0.00,0.00,0.00,0.00,0.00,0.00,0.00,0.00,416722,538854,736478,432447,553007,749582,0,0,0,0,0,0,0,111521,0,123.56,123.69,123.82
1124,2,0,0,0,93619,93619,93619,3660,3660,3660,591,591,591,0.00,0.00,0.00,0.00,0.00,0.00,0.00,0.00,0.00,0.00,0.00,0.00,0.00,0.00,0.00,0.00,0.00,0.00,0.00,0.00,0.00,298550,326264,415131,311419,339171,427239,0,0,0,0,0,0,0,101134,0,125.93,126.00,126.04
1124,3,0,0,0,93660,93660,93660,3619,3619,3619,591,591,591,0.00,0.00,0.00,0.00,0.00,0.00,0.00,0.00,0.00,0.00,0.00,0.00,0.00,0.00,0.00,0.00,0.00,0.00,0.00,0.00,0.00,302898,534611,883264,315954,548239,898989,0,0,0,0,0,0,0,112566,0,140.28,140.32,140.40
1125,0,0,0,0,93656,93656,93656,3623,3623,3623,591,591,591,0.00,0.00,0.00,0.00,0.00,0.00,0.00,0.00,0.00,0.00,0.00,0.00,0.00,0.00,0.00,0.00,0.00,0.00,0.00,0.00,0.00,230643,481729,972370,311890,506890,977612,0,0,0,0,0,0,0,110098,0,137.33,137.37,137.43
1125,1,0,0,0,93624,93624,93624,3655,3655,3655,591,591,591,0.00,0.00,0.00,0.00,0.00,0.00,0.00,0.00,0.00,0.00,0.00,0.00,0.00,0.00,0.00,0.00,0.00,0.00,0.00,0.00,0.00,411480,486442,715516,427205,500070,728621,0,0,0,0,0,0,0,99143,0,123.72,123.78,123.81
1125,2,0,0,0,93619,93619,93619,3660,3660,3660,591,591,591,0.00,0.00,0.00,0.00,0.00,0.00,0.00,0.00,0.00,0.00,0.00,0.00,0.00,0.00,0.00,0.00,0.00,0.00,0.00,0.00,0.00,304029,454993,702413,319754,469146,718139,0,0,0,0,0,0,0,101172,0,126.09,126.10,126.11
1125,3,0,0,0,93660,93660,93660,3619,3619,3619,591,591,591,0.00,0.00,0.00,0.00,0.00,0.00,0.00,0.00,0.00,0.00,0.00,0.00,0.00,0.00,0.00,0.00,0.00,0.00,0.00,0.00,0.00,294496,344308,503226,307527,358459,513710,0,0,0,0,0,0,0,112647,0,140.22,140.24,140.26
1126,0,0,0,0,93656,93656,93656,3623,3623,3623,591,591,591,0.00,0.00,0.00,0.00,0.00,0.00,0.00,0.00,0.00,0.00,0.00,0.00,0.00,0.00,0.00,0.00,0.00,0.00,0.00,0.00,0.00,298786,385799,697171,317117,405051,710276,0,0,0,0,0,0,0,110150,0,137.42,137.44,137.48
1126,1,0,0,0,93624,93624,93624,3655,3655,3655,591,591,591,0.00,0.00,0.00,0.00,0.00,0.00,0.00,0.00,0.00,0.00,0.00,0.00,0.00,0.00,0.00,0.00,0.00,0.00,0.00,0.00,0.00,411333,513148,744348,424268,527267,760074,0,0,0,0,0,0,0,99035,0,123.63,123.68,123.72
1126,2,0,0,0,93619,93619,93619,3660,3660,3660,591,591,591,0.00,0.00,0.00,0.00,0.00,0.00,0.00,0.00,0.00,0.00,0.00,0.00,0.00,0.00,0.00,0.00,0.00,0.00,0.00,0.00,0.00,309269,380031,647374,322374,394184,663100,0,0,0,0,0,0,0,101135,0,126.08,126.10,126.12
1126,3,0,0,0,93660,93660,93660,3619,3619,3619,591,591,591,0.00,0.00,0.00,0.00,0.00,0.00,0.00,0.00,0.00,0.00,0.00,0.00,0.00,0.00,0.00,0.00,0.00,0.00,0.00,0.00,0.00,294044,339593,415843,309657,353211,429003,0,0,0,0,0,0,0,112679,0,140.30,140.34,140.39
1127,0,0,0,0,93656,93656,93656,3623,3623,3623,591,591,591,0.00,0.00,0.00,0.00,0.00,0.00,0.00,0.00,0.00,0.00,0.00,0.00,0.00,0.00,0.00,0.00,0.00,0.00,0.00,0.00,0.00,296164,380778,674736,309268,424306,687612,0,0,0,0,0,0,0,110204,0,137.38,137.44,137.50
1127,1,0,0,0,93624,93624,93624,3655,3655,3655,591,591,591,0.00,0.00,0.00,0.00,0.00,0.00,0.00,0.00,0.00,0.00,0.00,0.00,0.00,0.00,0.00,0.00,0.00,0.00,0.00,0.00,0.00,416725,431400,471747,429829,444853,483977,0,0,0,0,0,0,0,99081,0,123.62,123.64,123.69
1127,2,0,0,0,93619,93619,93619,3660,3660,3660,591,591,591,0.00,0.00,0.00,0.00,0.00,0.00,0.00,0.00,0.00,0.00,0.00,0.00,0.00,0.00,0.00,0.00,0.00,0.00,0.00,0.00,0.00,306642,578700,1328813,319746,592329,1341918,0,0,0,0,0,0,0,113930,0,126.09,126.14,126.22
1127,3,0,0,0,93660,93660,93660,3619,3619,3619,591,591,591,0.00,0.00,0.00,0.00,0.00,0.00,0.00,0.00,0.00,0.00,0.00,0.00,0.00,0.00,0.00,0.00,0.00,0.00,0.00,0.00,0.00,199194,452038,815116,209678,465659,828221,0,0,0,0,0,0,0,126785,0,140.37,140.40,140.44
1128,0,0,0,0,93656,93656,93656,3623,3623,3623,591,591,591,0.00,0.00,0.00,0.00,0.00,0.00,0.00,0.00,0.00,0.00,0.00,0.00,0.00,0.00,0.00,0.00,0.00,0.00,0.00,0.00,0.00,298786,523648,1239634,311891,550378,1252738,0,0,0,0,0,0,0,96394,0,137.33,137.42,137.50
1128,1,0,0,0,93624,93624,93624,3655,3655,3655,591,591,591,0.00,0.00,0.00,0.00,0.00,0.00,0.00,0.00,0.00,0.00,0.00,0.00,0.00,0.00,0.00,0.00,0.00,0.00,0.00,0.00,0.00,421967,545674,757441,440313,559827,770546,0,0,0,0,0,0,0,74256,0,123.59,123.62,123.67
1128,2,0,0,0,93619,93619,93619,3660,3660,3660,591,591,591,0.00,0.00,0.00,0.00,0.00,0.00,0.00,0.00,0.00,0.00,0.00,0.00,0.00,0.00,0.00,0.00,0.00,0.00,0.00,0.00,0.00,198904,364246,699754,209282,377330,715479,0,0,0,0,0,0,0,101316,0,126.27,126.34,126.39
1128,3,0,0,0,93660,93660,93660,3619,3619,3619,591,591,591,0.00,0.00,0.00,0.00,0.00,0.00,0.00,0.00,0.00,0.00,0.00,0.00,0.00,0.00,0.00,0.00,0.00,0.00,0.00,0.00,0.00,300479,404484,634272,314516,418103,647376,0,0,0,0,0,0,0,84554,0,140.38,140.43,140.44
1129,0,0,0,0,93656,93656,93656,3623,3623,3623,591,591,591,0.00,0.00,0.00,0.00,0.00,0.00,0.00,0.00,0.00,0.00,0.00,0.00,0.00,0.00,0.00,0.00,0.00,0.00,0.00,0.00,0.00,304027,366275,542530,314512,367454,558256,0,0,0,0,0,0,0,110148,0,137.35,137.38,137.40
1129,1,0,0,0,93624,93624,93624,3655,3655,3655,591,591,591,0.00,0.00,0.00,0.00,0.00,0.00,0.00,0.00,0.00,0.00,0.00,0.00,0.00,0.00,0.00,0.00,0.00,0.00,0.00,0.00,0.00,421963,539246,736483,435067,553005,749587,0,0,0,0,0,0,0,99015,0,123.55,123.58,123.61
1129,2,0,0,0,93619,93619,93619,3660,3660,3660,591,591,591,0.00,0.00,0.00,0.00,0.00,0.00,0.00,0.00,0.00,0.00,0.00,0.00,0.00,0.00,0.00,0.00,0.00,0.00,0.00,0.00,0.00,306651,399037,660474,319756,412796,670958,0,0,0,0,0,0,0,75920,0,126.17,126.19,126.23
1129,3,0,0,0,93660,93660,93660,3619,3619,3619,591,591,591,0.00,0.00,0.00,0.00,0.00,0.00,0.00,0.00,0.00,0.00,0.00,0.00,0.00,0.00,0.00,0.00,0.00,0.00,0.00,0.00,0.00,301409,343690,460050,314513,357442,473120,0,0,0,0,0,0,0,112688,0,140.28,140.31,140.33
1130,0,0,0,0,93656,93656,93656,3623,3623,3623,591,591,591,0.00,0.00,0.00,0.00,0.00,0.00,0.00,0.00,0.00,0.00,0.00,0.00,0.00,0.00,0.00,0.00,0.00,0.00,0.00,0.00,0.00,301407,383704,678822,322373,422283,691927,0,0,0,0,0,0,0,110349,0,137.41,137.49,137.63
1130,1,0,0,0,93624,93624,93624,3655,3655,3655,591,591,591,0.00,0.00,0.00,0.00,0.00,0.00,0.00,0.00,0.00,0.00,0.00,0.00,0.00,0.00,0.00,0.00,0.00,0.00,0.00,0.00,0.00,411487,497977,770554,427213,512130,783659,0,0,0,0,0,0,0,98926,0,123.48,123.51,123.56
1130,2,0,0,0,93619,93619,93619,3660,3660,3660,591,591,591,0.00,0.00,0.00,0.00,0.00,0.00,0.00,0.00,0.00,0.00,0.00,0.00,0.00,0.00,0.00,0.00,0.00,0.00,0.00,0.00,0.00,309270,379512,644753,319755,393141,660479,0,0,0,0,0,0,0,101244,0,126.16,126.20,126.23
1130,3,0,0,0,93660,93660,93660,3619,3619,3619,591,591,591,0.00,0.00,0.00,0.00,0.00,0.00,0.00,0.00,0.00,0.00,0.00,0.00,0.00,0.00,0.00,0.00,0.00,0.00,0.00,0.00,0.00,290927,323553,419353,304032,337688,432458,0,0,0,0,0,0,0,112743,0,140.24,140.27,140.31
1131,0,0,0,0,93656,93656,93656,3623,3623,3623,591,591,591,0.00,0.00,0.00,0.00,0.00,0.00,0.00,0.00,0.00,0.00,0.00,0.00,0.00,0.00,0.00,0.00,0.00,0.00,0.00,0.00,0.00,296153,360440,469148,306454,348071,482253,0,0,0,0,0,0,0,110111,0,137.37,137.43,137.55
1131,1,0,0,0,93624,93624,93624,3655,3655,3655,591,591,591,0.00,0.00,0.00,0.00,0.00,0.00,0.00,0.00,0.00,0.00,0.00,0.00,0.00,0.00,0.00,0.00,0.00,0.00,0.00,0.00,0.00,416726,494131,731239,429831,506887,746964,0,0,0,0,0,0,0,111330,0,123.48,123.52,123.53
1131,2,0,0,0,93619,93619,93619,3660,3660,3660,591,591,591,0.00,0.00,0.00,0.00,0.00,0.00,0.00,0.00,0.00,0.00,0.00,0.00,0.00,0.00,0.00,0.00,0.00,0.00,0.00,0.00,0.00,301409,573458,1331434,314514,587611,1344539,0,0,0,0,0,0,0,101371,0,126.26,126.31,126.38
1131,3,0,0,0,93660,93660,93660,3619,3619,3619,591,591,591,0.00,0.00,0.00,0.00,0.00,0.00,0.00,0.00,0.00,0.00,0.00,0.00,0.00,0.00,0.00,0.00,0.00,0.00,0.00,0.00,0.00,197446,516208,877633,207930,529312,890693,0,0,0,0,0,0,0,126638,0,140.31,140.38,140.44
1132,0,0,0,0,93656,93656,93656,3623,3623,3623,591,591,591,0.00,0.00,0.00,0.00,0.00,0.00,0.00,0.00,0.00,0.00,0.00,0.00,0.00,0.00,0.00,0.00,0.00,0.00,0.00,0.00,0.00,304027,548821,1247556,317132,562974,1263281,0,0,0,0,0,0,0,123898,0,137.38,137.43,137.46
1132,1,0,0,0,93624,93624,93624,3655,3655,3655,591,591,591,0.00,0.00,0.00,0.00,0.00,0.00,0.00,0.00,0.00,0.00,0.00,0.00,0.00,0.00,0.00,0.00,0.00,0.00,0.00,0.00,0.00,416720,518407,780987,429824,532035,794090,0,0,0,0,0,0,0,98987,0,123.52,123.53,123.54
1132,2,0,0,0,93619,93619,93619,3660,3660,3660,591,591,591,0.00,0.00,0.00,0.00,0.00,0.00,0.00,0.00,0.00,0.00,0.00,0.00,0.00,0.00,0.00,0.00,0.00,0.00,0.00,0.00,0.00,204043,368817,714294,212689,382066,727978,0,0,0,0,0,0,0,101227,0,126.23,126.33,126.39
1132,3,0,0,0,93660,93660,93660,3619,3619,3619,591,591,591,0.00,0.00,0.00,0.00,0.00,0.00,0.00,0.00,0.00,0.00,0.00,0.00,0.00,0.00,0.00,0.00,0.00,0.00,0.00,0.00,0.00,301408,340418,482056,314512,354043,495085,0,0,0,0,0,0,0,112626,0,140.23,140.26,140.29
1133,0,0,0,0,93656,93656,93656,3623,3623,3623,591,591,591,0.00,0.00,0.00,0.00,0.00,0.00,0.00,0.00,0.00,0.00,0.00,0.00,0.00,0.00,0.00,0.00,0.00,0.00,0.00,0.00,0.00,306650,423010,875352,319755,437163,891077,0,0,0,0,0,0,0,110162,0,137.34,137.37,137.41
1133,1,0,0,0,93624,93624,93624,3655,3655,3655,591,591,591,0.00,0.00,0.00,0.00,0.00,0.00,0.00,0.00,0.00,0.00,0.00,0.00,0.00,0.00,0.00,0.00,0.00,0.00,0.00,0.00,0.00,424582,592854,885881,437687,607007,898985,0,0,0,0,0,0,0,99013,0,123.58,123.62,123.64
1133,2,0,0,0,93619,93619,93619,3660,3660,3660,591,591,591,0.00,0.00,0.00,0.00,0.00,0.00,0.00,0.00,0.00,0.00,0.00,0.00,0.00,0.00,0.00,0.00,0.00,0.00,0.00,0.00,0.00,304028,374263,642117,319735,387891,655222,0,0,0,0,0,0,0,101003,0,126.02,126.09,126.22
1133,3,0,0,0,93660,93660,93660,3619,3619,3619,591,591,591,0.00,0.00,0.00,0.00,0.00,0.00,0.00,0.00,0.00,0.00,0.00,0.00,0.00,0.00,0.00,0.00,0.00,0.00,0.00,0.00,0.00,299263,314791,364312,314514,328907,377416,0,0,0,0,0,0,0,112852,0,140.24,140.27,140.33
1134,0,0,0,0,93656,93656,93656,3623,3623,3623,591,591,591,0.00,0.00,0.00,0.00,0.00,0.00,0.00,0.00,0.00,0.00,0.00,0.00,0.00,0.00,0.00,0.00,0.00,0.00,0.00,0.00,0.00,197420,328146,469143,206156,340893,482248,0,0,0,0,0,0,0,110137,0,137.35,137.41,137.45
1134,1,0,0,0,93624,93624,93624,3655,3655,3655,591,591,591,0.00,0.00,0.00,0.00,0.00,0.00,0.00,0.00,0.00,0.00,0.00,0.00,0.00,0.00,0.00,0.00,0.00,0.00,0.00,0.00,0.00,375653,406014,429824,386136,418560,442929,0,0,0,0,0,0,0,99298,0,123.58,123.67,123.76
1134,2,0,0,0,93619,93619,93619,3660,3660,3660,591,591,591,0.00,0.00,0.00,0.00,0.00,0.00,0.00,0.00,0.00,0.00,0.00,0.00,0.00,0.00,0.00,0.00,0.00,0.00,0.00,0.00,0.00,301407,580274,1302603,314512,594427,1315707,0,0,0,0,0,0,0,113893,0,125.99,126.11,126.21
1134,3,0,0,0,93660,93660,93660,3619,3619,3619,591,591,591,0.00,0.00,0.00,0.00,0.00,0.00,0.00,0.00,0.00,0.00,0.00,0.00,0.00,0.00,0.00,0.00,0.00,0.00,0.00,0.00,0.00,202687,305238,424514,213171,317818,437617,0,0,0,0,0,0,0,126749,0,140.23,140.28,140.33
1135,0,0,0,0,93656,93656,93656,3623,3623,3623,591,591,591,0.00,0.00,0.00,0.00,0.00,0.00,0.00,0.00,0.00,0.00,0.00,0.00,0.00,0.00,0.00,0.00,0.00,0.00,0.00,0.00,0.00,306648,348583,479629,319753,362736,492733,0,0,0,0,0,0,0,82612,0,137.33,137.36,137.40
1135,1,0,0,0,93624,93624,93624,3655,3655,3655,591,591,591,0.00,0.00,0.00,0.00,0.00,0.00,0.00,0.00,0.00,0.00,0.00,0.00,0.00,0.00,0.00,0.00,0.00,0.00,0.00,0.00,0.00,419345,537289,752207,432454,551442,767932,0,0,0,0,0,0,0,86489,0,123.45,123.58,123.76
1135,2,0,0,0,93619,93619,93619,3660,3660,3660,591,591,591,0.00,0.00,0.00,0.00,0.00,0.00,0.00,0.00,0.00,0.00,0.00,0.00,0.00,0.00,0.00,0.00,0.00,0.00,0.00,0.00,0.00,200781,357812,660465,210991,370862,673570,0,0,0,0,0,0,0,101112,0,126.06,126.10,126.18
1135,3,0,0,0,93660,93660,93660,3619,3619,3619,591,591,591,0.00,0.00,0.00,0.00,0.00,0.00,0.00,0.00,0.00,0.00,0.00,0.00,0.00,0.00,0.00,0.00,0.00,0.00,0.00,0.00,0.00,298789,532571,830847,314514,547248,843952,0,0,0,0,0,0,0,84423,0,140.28,140.32,140.35
1136,0,0,0,0,93656,93656,93656,3623,3623,3623,591,591,591,0.00,0.00,0.00,0.00,0.00,0.00,0.00,0.00,0.00,0.00,0.00,0.00,0.00,0.00,0.00,0.00,0.00,0.00,0.00,0.00,0.00,301407,594278,1210797,317132,608037,1221280,0,0,0,0,0,0,0,110163,0,137.30,137.32,137.33
1136,1,0,0,0,93624,93624,93624,3655,3655,3655,591,591,591,0.00,0.00,0.00,0.00,0.00,0.00,0.00,0.00,0.00,0.00,0.00,0.00,0.00,0.00,0.00,0.00,0.00,0.00,0.00,0.00,0.00,416727,499941,720754,432453,513700,731238,0,0,0,0,0,0,0,99075,0,123.46,123.57,123.65
1136,2,0,0,0,93619,93619,93619,3660,3660,3660,591,591,591,0.00,0.00,0.00,0.00,0.00,0.00,0.00,0.00,0.00,0.00,0.00,0.00,0.00,0.00,0.00,0.00,0.00,0.00,0.00,0.00,0.00,304009,404938,702444,317113,418698,715550,0,0,0,0,0,0,0,75973,0,126.09,126.18,126.21
1136,3,0,0,0,93660,93660,93660,3619,3619,3619,591,591,591,0.00,0.00,0.00,0.00,0.00,0.00,0.00,0.00,0.00,0.00,0.00,0.00,0.00,0.00,0.00,0.00,0.00,0.00,0.00,0.00,0.00,301410,351848,482250,314515,365607,495354,0,0,0,0,0,0,0,112712,0,140.30,140.32,140.35
1137,0,0,0,0,93656,93656,93656,3623,3623,3623,591,591,591,0.00,0.00,0.00,0.00,0.00,0.00,0.00,0.00,0.00,0.00,0.00,0.00,0.00,0.00,0.00,0.00,0.00,0.00,0.00,0.00,0.00,301407,382656,668340,314512,396285,681445,0,0,0,0,0,0,0,110246,0,137.40,137.45,137.51
1137,1,0,0,0,93624,93624,93624,3655,3655,3655,591,591,591,0.00,0.00,0.00,0.00,0.00,0.00,0.00,0.00,0.00,0.00,0.00,0.00,0.00,0.00,0.00,0.00,0.00,0.00,0.00,0.00,0.00,421969,521034,762698,437694,535711,775802,0,0,0,0,0,0,0,99002,0,123.55,123.59,123.64
1137,2,0,0,0,93619,93619,93619,3660,3660,3660,591,591,591,0.00,0.00,0.00,0.00,0.00,0.00,0.00,0.00,0.00,0.00,0.00,0.00,0.00,0.00,0.00,0.00,0.00,0.00,0.00,0.00,0.00,306652,445035,649993,319757,459188,665719,0,0,0,0,0,0,0,101110,0,126.11,126.20,126.28
1137,3,0,0,0,93660,93660,93660,3619,3619,3619,591,591,591,0.00,0.00,0.00,0.00,0.00,0.00,0.00,0.00,0.00,0.00,0.00,0.00,0.00,0.00,0.00,0.00,0.00,0.00,0.00,0.00,0.00,298788,312831,353830,311894,326455,366935,0,0,0,0,0,0,0,112864,0,140.39,140.47,140.51
1138,0,0,0,0,93656,93656,93656,3623,3623,3623,591,591,591,0.00,0.00,0.00,0.00,0.00,0.00,0.00,0.00,0.00,0.00,0.00,0.00,0.00,0.00,0.00,0.00,0.00,0.00,0.00,0.00,0.00,234129,349393,605437,242865,362651,618541,0,0,0,0,0,0,0,110039,0,137.27,137.40,137.48
1138,1,0,0,0,93624,93624,93624,3655,3655,3655,591,591,591,0.00,0.00,0.00,0.00,0.00,0.00,0.00,0.00,0.00,0.00,0.00,0.00,0.00,0.00,0.00,0.00,0.00,0.00,0.00,0.00,0.00,314509,400438,442936,324992,413018,456041,0,0,0,0,0,0,0,99131,0,123.53,123.58,123.64
1138,2,0,0,0,93619,93619,93619,3660,3660,3660,591,591,591,0.00,0.00,0.00,0.00,0.00,0.00,0.00,0.00,0.00,0.00,0.00,0.00,0.00,0.00,0.00,0.00,0.00,0.00,0.00,0.00,0.00,306650,519467,1349788,319755,533621,1362893,0,0,0,0,0,0,0,113843,0,126.03,126.08,126.14
1138,3,0,0,0,93660,93660,93660,3619,3619,3619,591,591,591,0.00,0.00,0.00,0.00,0.00,0.00,0.00,0.00,0.00,0.00,0.00,0.00,0.00,0.00,0.00,0.00,0.00,0.00,0.00,0.00,0.00,200940,302785,408754,209676,315480,424178,0,0,0,0,0,0,0,126816,0,140.41,140.46,140.56
1139,0,0,0,0,93656,93656,93656,3623,3623,3623,591,591,591,0.00,0.00,0.00,0.00,0.00,0.00,0.00,0.00,0.00,0.00,0.00,0.00,0.00,0.00,0.00,0.00,0.00,0.00,0.00,0.00,0.00,296165,515277,1200395,311889,528906,1210879,0,0,0,0,0,0,0,123944,0,137.32,137.38,137.44
1139,1,0,0,0,93624,93624,93624,3655,3655,3655,591,591,591,0.00,0.00,0.00,0.00,0.00,0.00,0.00,0.00,0.00,0.00,0.00,0.00,0.00,0.00,0.00,0.00,0.00,0.00,0.00,0.00,0.00,416725,535708,715504,429830,549861,728608,0,0,0,0,0,0,0,111331,0,123.57,123.62,123.67
1139,2,0,0,0,93619,93619,93619,3660,3660,3660,591,591,591,0.00,0.00,0.00,0.00,0.00,0.00,0.00,0.00,0.00,0.00,0.00,0.00,0.00,0.00,0.00,0.00,0.00,0.00,0.00,0.00,0.00,301407,399252,618543,317133,411990,629027,0,0,0,0,0,0,0,101068,0,126.02,126.06,126.11
1139,3,0,0,0,93660,93660,93660,3619,3619,3619,591,591,591,0.00,0.00,0.00,0.00,0.00,0.00,0.00,0.00,0.00,0.00,0.00,0.00,0.00,0.00,0.00,0.00,0.00,0.00,0.00,0.00,0.00,298783,496921,993287,314508,511598,1009012,0,0,0,0,0,0,0,112579,0,140.27,140.30,140.32
1140,0,0,0,0,93656,93656,93656,3623,3623,3623,591,591,591,0.00,0.00,0.00,0.00,0.00,0.00,0.00,0.00,0.00,0.00,0.00,0.00,0.00,0.00,0.00,0.00,0.00,0.00,0.00,0.00,0.00,304028,367454,587093,317133,381607,602818,0,0,0,0,0,0,0,110108,0,137.31,137.33,137.37
1140,1,0,0,0,93624,93624,93624,3655,3655,3655,591,591,591,0.00,0.00,0.00,0.00,0.00,0.00,0.00,0.00,0.00,0.00,0.00,0.00,0.00,0.00,0.00,0.00,0.00,0.00,0.00,0.00,0.00,419344,508456,718126,432449,522085,731231,0,0,0,0,0,0,0,99164,0,123.61,123.68,123.76
1140,2,0,0,0,93619,93619,93619,3660,3660,3660,591,591,591,0.00,0.00,0.00,0.00,0.00,0.00,0.00,0.00,0.00,0.00,0.00,0.00,0.00,0.00,0.00,0.00,0.00,0.00,0.00,0.00,0.00,301164,376368,665722,316609,389989,678827,0,0,0,0,0,0,0,101130,0,126.05,126.07,126.09
1140,3,0,0,0,93660,93660,93660,3619,3619,3619,591,591,591,0.00,0.00,0.00,0.00,0.00,0.00,0.00,0.00,0.00,0.00,0.00,0.00,0.00,0.00,0.00,0.00,0.00,0.00,0.00,0.00,0.00,301409,363262,508464,314514,376367,521569,0,0,0,0,0,0,0,112830,0,140.31,140.37,140.42
1141,0,0,0,0,93656,93656,93656,3623,3623,3623,591,591,591,0.00,0.00,0.00,0.00,0.00,0.00,0.00,0.00,0.00,0.00,0.00,0.00,0.00,0.00,0.00,0.00,0.00,0.00,0.00,0.00,0.00,306634,443458,665715,319738,457611,678820,0,0,0,0,0,0,0,110190,0,137.31,137.35,137.38
1141,1,0,0,0,93624,93624,93624,3655,3655,3655,591,591,591,0.00,0.00,0.00,0.00,0.00,0.00,0.00,0.00,0.00,0.00,0.00,0.00,0.00,0.00,0.00,0.00,0.00,0.00,0.00,0.00,0.00,403625,489591,765307,416730,503744,781033,0,0,0,0,0,0,0,99076,0,123.61,123.64,123.69
1141,2,0,0,0,93619,93619,93619,3660,3660,3660,591,591,591,0.00,0.00,0.00,0.00,0.00,0.00,0.00,0.00,0.00,0.00,0.00,0.00,0.00,0.00,0.00,0.00,0.00,0.00,0.00,0.00,0.00,306650,380555,655234,317134,394708,668339,0,0,0,0,0,0,0,101170,0,126.04,126.11,126.14
1141,3,0,0,0,93660,93660,93660,3619,3619,3619,591,591,591,0.00,0.00,0.00,0.00,0.00,0.00,0.00,0.00,0.00,0.00,0.00,0.00,0.00,0.00,0.00,0.00,0.00,0.00,0.00,0.00,0.00,298788,325641,424586,311892,340271,437690,0,0,0,0,0,0,0,112922,0,140.51,140.58,140.64
1142,0,0,0,0,93656,93656,93656,3623,3623,3623,591,591,591,0.00,0.00,0.00,0.00,0.00,0.00,0.00,0.00,0.00,0.00,0.00,0.00,0.00,0.00,0.00,0.00,0.00,0.00,0.00,0.00,0.00,197126,310954,458662,207501,324037,471767,0,0,0,0,0,0,0,110103,0,137.34,137.38,137.41
1142,1,0,0,0,93624,93624,93624,3655,3655,3655,591,591,591,0.00,0.00,0.00,0.00,0.00,0.00,0.00,0.00,0.00,0.00,0.00,0.00,0.00,0.00,0.00,0.00,0.00,0.00,0.00,0.00,0.00,281313,546032,855423,288303,559395,868077,0,0,0,0,0,0,0,111487,0,123.66,123.69,123.73
1142,2,0,0,0,93619,93619,93619,3660,3660,3660,591,591,591,0.00,0.00,0.00,0.00,0.00,0.00,0.00,0.00,0.00,0.00,0.00,0.00,0.00,0.00,0.00,0.00,0.00,0.00,0.00,0.00,0.00,309272,578699,1336654,319756,592328,1352380,0,0,0,0,0,0,0,101051,0,126.01,126.08,126.14
1142,3,0,0,0,93660,93660,93660,3619,3619,3619,591,591,591,0.00,0.00,0.00,0.00,0.00,0.00,0.00,0.00,0.00,0.00,0.00,0.00,0.00,0.00,0.00,0.00,0.00,0.00,0.00,0.00,0.00,298790,493961,851805,311894,506716,867531,0,0,0,0,0,0,0,126701,0,140.36,140.46,140.57
1143,0,0,0,0,93656,93656,93656,3623,3623,3623,591,591,591,0.00,0.00,0.00,0.00,0.00,0.00,0.00,0.00,0.00,0.00,0.00,0.00,0.00,0.00,0.00,0.00,0.00,0.00,0.00,0.00,0.00,301406,543053,1242324,314510,556682,1258050,0,0,0,0,0,0,0,96412,0,137.27,137.30,137.34
1143,1,0,0,0,93624,93624,93624,3655,3655,3655,591,591,591,0.00,0.00,0.00,0.00,0.00,0.00,0.00,0.00,0.00,0.00,0.00,0.00,0.00,0.00,0.00,0.00,0.00,0.00,0.00,0.00,0.00,416725,506885,725995,429830,520514,739100,0,0,0,0,0,0,0,74301,0,123.59,123.61,123.64
1143,2,0,0,0,93619,93619,93619,3660,3660,3660,591,591,591,0.00,0.00,0.00,0.00,0.00,0.00,0.00,0.00,0.00,0.00,0.00,0.00,0.00,0.00,0.00,0.00,0.00,0.00,0.00,0.00,0.00,202371,359674,681450,212749,373236,694555,0,0,0,0,0,0,0,101228,0,126.04,126.09,126.21
1143,3,0,0,0,93660,93660,93660,3619,3619,3619,591,591,591,0.00,0.00,0.00,0.00,0.00,0.00,0.00,0.00,0.00,0.00,0.00,0.00,0.00,0.00,0.00,0.00,0.00,0.00,0.00,0.00,0.00,304011,338621,463905,317115,352250,477010,0,0,0,0,0,0,0,84565,0,140.44,140.48,140.52
1144,0,0,0,0,93656,93656,93656,3623,3623,3623,591,591,591,0.00,0.00,0.00,0.00,0.00,0.00,0.00,0.00,0.00,0.00,0.00,0.00,0.00,0.00,0.00,0.00,0.00,0.00,0.00,0.00,0.00,298784,393138,668340,314510,406899,681445,0,0,0,0,0,0,0,110125,0,137.29,137.30,137.31
1144,1,0,0,0,93624,93624,93624,3655,3655,3655,591,591,591,0.00,0.00,0.00,0.00,0.00,0.00,0.00,0.00,0.00,0.00,0.00,0.00,0.00,0.00,0.00,0.00,0.00,0.00,0.00,0.00,0.00,424586,521557,699783,440311,535971,712887,0,0,0,0,0,0,0,99069,0,123.62,123.64,123.66
1144,2,0,0,0,93619,93619,93619,3660,3660,3660,591,591,591,0.00,0.00,0.00,0.00,0.00,0.00,0.00,0.00,0.00,0.00,0.00,0.00,0.00,0.00,0.00,0.00,0.00,0.00,0.00,0.00,0.00,296211,393804,673571,309553,407623,686676,0,0,0,0,0,0,0,75802,0,126.19,126.23,126.25
1144,3,0,0,0,93660,93660,93660,3619,3619,3619,591,591,591,0.00,0.00,0.00,0.00,0.00,0.00,0.00,0.00,0.00,0.00,0.00,0.00,0.00,0.00,0.00,0.00,0.00,0.00,0.00,0.00,0.00,301408,317134,361694,314513,331549,374798,0,0,0,0,0,0,0,112651,0,140.31,140.35,140.41
1145,0,0,0,0,93656,93656,93656,3623,3623,3623,591,591,591,0.00,0.00,0.00,0.00,0.00,0.00,0.00,0.00,0.00,0.00,0.00,0.00,0.00,0.00,0.00,0.00,0.00,0.00,0.00,0.00,0.00,296168,370600,608055,311894,384753,621160,0,0,0,0,0,0,0,110108,0,137.30,137.32,137.35
1145,1,0,0,0,93624,93624,93624,3655,3655,3655,591,591,591,0.00,0.00,0.00,0.00,0.00,0.00,0.00,0.00,0.00,0.00,0.00,0.00,0.00,0.00,0.00,0.00,0.00,0.00,0.00,0.00,0.00,401001,491161,762691,416727,504790,773174,0,0,0,0,0,0,0,99201,0,123.68,123.74,123.78
1145,2,0,0,0,93619,93619,93619,3660,3660,3660,591,591,591,0.00,0.00,0.00,0.00,0.00,0.00,0.00,0.00,0.00,0.00,0.00,0.00,0.00,0.00,0.00,0.00,0.00,0.00,0.00,0.00,0.00,306652,385278,663097,319757,398907,678822,0,0,0,0,0,0,0,113806,0,126.08,126.12,126.14
1145,3,0,0,0,93660,93660,93660,3619,3619,3619,591,591,591,0.00,0.00,0.00,0.00,0.00,0.00,0.00,0.00,0.00,0.00,0.00,0.00,0.00,0.00,0.00,0.00,0.00,0.00,0.00,0.00,0.00,298788,322551,408871,311892,336659,421975,0,0,0,0,0,0,0,112731,0,140.27,140.37,140.43
1146,0,0,0,0,93656,93656,93656,3623,3623,3623,591,591,591,0.00,0.00,0.00,0.00,0.00,0.00,0.00,0.00,0.00,0.00,0.00,0.00,0.00,0.00,0.00,0.00,0.00,0.00,0.00,0.00,0.00,200931,318005,482248,207920,331459,497974,0,0,0,0,0,0,0,109994,0,137.23,137.28,137.35
1146,1,0,0,0,93624,93624,93624,3655,3655,3655,591,591,591,0.00,0.00,0.00,0.00,0.00,0.00,0.00,0.00,0.00,0.00,0.00,0.00,0.00,0.00,0.00,0.00,0.00,0.00,0.00,0.00,0.00,277816,486213,736485,286552,498921,752211,0,0,0,0,0,0,0,111444,0,123.58,123.62,123.66
1146,2,0,0,0,93619,93619,93619,3660,3660,3660,591,591,591,0.00,0.00,0.00,0.00,0.00,0.00,0.00,0.00,0.00,0.00,0.00,0.00,0.00,0.00,0.00,0.00,0.00,0.00,0.00,0.00,0.00,306649,573456,1334066,319753,587610,1349792,0,0,0,0,0,0,0,101343,0,126.19,126.25,126.30
1146,3,0,0,0,93660,93660,93660,3619,3619,3619,591,591,591,0.00,0.00,0.00,0.00,0.00,0.00,0.00,0.00,0.00,0.00,0.00,0.00,0.00,0.00,0.00,0.00,0.00,0.00,0.00,0.00,0.00,202688,481368,1040457,211425,494123,1056182,0,0,0,0,0,0,0,126791,0,140.45,140.45,140.46
1147,0,0,0,0,93656,93656,93656,3623,3623,3623,591,591,591,0.00,0.00,0.00,0.00,0.00,0.00,0.00,0.00,0.00,0.00,0.00,0.00,0.00,0.00,0.00,0.00,0.00,0.00,0.00,0.00,0.00,301409,542532,1218735,314514,556161,1231839,0,0,0,0,0,0,0,110203,0,137.35,137.45,137.53
1147,1,0,0,0,93624,93624,93624,3655,3655,3655,591,591,591,0.00,0.00,0.00,0.00,0.00,0.00,0.00,0.00,0.00,0.00,0.00,0.00,0.00,0.00,0.00,0.00,0.00,0.00,0.00,0.00,0.00,419346,516838,710267,432450,530990,723371,0,0,0,0,0,0,0,99092,0,123.65,123.69,123.72
1147,2,0,0,0,93619,93619,93619,3660,3660,3660,591,591,591,0.00,0.00,0.00,0.00,0.00,0.00,0.00,0.00,0.00,0.00,0.00,0.00,0.00,0.00,0.00,0.00,0.00,0.00,0.00,0.00,0.00,204092,364231,689313,212740,377493,705039,0,0,0,0,0,0,0,101190,0,126.18,126.25,126.33
1147,3,0,0,0,93660,93660,93660,3619,3619,3619,591,591,591,0.00,0.00,0.00,0.00,0.00,0.00,0.00,0.00,0.00,0.00,0.00,0.00,0.00,0.00,0.00,0.00,0.00,0.00,0.00,0.00,0.00,301409,343868,500604,314514,358021,513709,0,0,0,0,0,0,0,112687,0,140.32,140.40,140.47
1148,0,0,0,0,93656,93656,93656,3623,3623,3623,591,591,591,0.00,0.00,0.00,0.00,0.00,0.00,0.00,0.00,0.00,0.00,0.00,0.00,0.00,0.00,0.00,0.00,0.00,0.00,0.00,0.00,0.00,301406,378459,670957,314511,392612,684061,0,0,0,0,0,0,0,110124,0,137.36,137.44,137.47
1148,1,0,0,0,93624,93624,93624,3655,3655,3655,591,591,591,0.00,0.00,0.00,0.00,0.00,0.00,0.00,0.00,0.00,0.00,0.00,0.00,0.00,0.00,0.00,0.00,0.00,0.00,0.00,0.00,0.00,427208,529950,804626,440313,544103,817730,0,0,0,0,0,0,0,99129,0,123.77,123.79,123.82
1148,2,0,0,0,93619,93619,93619,3660,3660,3660,591,591,591,0.00,0.00,0.00,0.00,0.00,0.00,0.00,0.00,0.00,0.00,0.00,0.00,0.00,0.00,0.00,0.00,0.00,0.00,0.00,0.00,0.00,301409,451349,691885,317134,464978,704988,0,0,0,0,0,0,0,101288,0,126.18,126.25,126.30
1148,3,0,0,0,93660,93660,93660,3619,3619,3619,591,591,591,0.00,0.00,0.00,0.00,0.00,0.00,0.00,0.00,0.00,0.00,0.00,0.00,0.00,0.00,0.00,0.00,0.00,0.00,0.00,0.00,0.00,301403,313988,364312,314508,327617,380037,0,0,0,0,0,0,0,112558,0,140.27,140.29,140.36
1149,0,0,0,0,93656,93656,93656,3623,3623,3623,591,591,591,0.00,0.00,0.00,0.00,0.00,0.00,0.00,0.00,0.00,0.00,0.00,0.00,0.00,0.00,0.00,0.00,0.00,0.00,0.00,0.00,0.00,206181,348411,631650,216665,361515,644755,0,0,0,0,0,0,0,110069,0,137.27,137.29,137.33
1149,1,0,0,0,93624,93624,93624,3655,3655,3655,591,591,591,0.00,0.00,0.00,0.00,0.00,0.00,0.00,0.00,0.00,0.00,0.00,0.00,0.00,0.00,0.00,0.00,0.00,0.00,0.00,0.00,0.00,408866,424061,453397,421971,437690,466501,0,0,0,0,0,0,0,99212,0,123.65,123.68,123.73
1149,2,0,0,0,93619,93619,93619,3660,3660,3660,591,591,591,0.00,0.00,0.00,0.00,0.00,0.00,0.00,0.00,0.00,0.00,0.00,0.00,0.00,0.00,0.00,0.00,0.00,0.00,0.00,0.00,0.00,304030,511608,1305234,317134,525761,1318339,0,0,0,0,0,0,0,113893,0,126.18,126.26,126.31
1149,3,0,0,0,93660,93660,93660,3619,3619,3619,591,591,591,0.00,0.00,0.00,0.00,0.00,0.00,0.00,0.00,0.00,0.00,0.00,0.00,0.00,0.00,0.00,0.00,0.00,0.00,0.00,0.00,0.00,299176,323494,411469,311896,337596,424573,0,0,0,0,0,0,0,126688,0,140.16,140.19,140.23
1150,0,0,0,0,93656,93656,93656,3623,3623,3623,591,591,591,0.00,0.00,0.00,0.00,0.00,0.00,0.00,0.00,0.00,0.00,0.00,0.00,0.00,0.00,0.00,0.00,0.00,0.00,0.00,0.00,0.00,304027,531525,1247571,317131,545154,1263297,0,0,0,0,0,0,0,96430,0,137.33,137.37,137.41
1150,1,0,0,0,93624,93624,93624,3655,3655,3655,591,591,591,0.00,0.00,0.00,0.00,0.00,0.00,0.00,0.00,0.00,0.00,0.00,0.00,0.00,0.00,0.00,0.00,0.00,0.00,0.00,0.00,0.00,283059,549345,775793,293542,562450,788898,0,0,0,0,0,0,0,86642,0,123.68,123.69,123.71
1150,2,0,0,0,93619,93619,93619,3660,3660,3660,591,591,591,0.00,0.00,0.00,0.00,0.00,0.00,0.00,0.00,0.00,0.00,0.00,0.00,0.00,0.00,0.00,0.00,0.00,0.00,0.00,0.00,0.00,304029,451850,705036,317134,465479,718141,0,0,0,0,0,0,0,101283,0,126.09,126.12,126.20
1150,3,0,0,0,93660,93660,93660,3619,3619,3619,591,591,591,0.00,0.00,0.00,0.00,0.00,0.00,0.00,0.00,0.00,0.00,0.00,0.00,0.00,0.00,0.00,0.00,0.00,0.00,0.00,0.00,0.00,301406,430535,679706,314516,443815,688443,0,0,0,0,0,0,0,84357,0,140.24,140.31,140.35
1151,0,0,0,0,93656,93656,93656,3623,3623,3623,591,591,591,0.00,0.00,0.00,0.00,0.00,0.00,0.00,0.00,0.00,0.00,0.00,0.00,0.00,0.00,0.00,0.00,0.00,0.00,0.00,0.00,0.00,304027,364960,537291,317134,378719,550396,0,0,0,0,0,0,0,110249,0,137.43,137.48,137.52
1151,1,0,0,0,93624,93624,93624,3655,3655,3655,591,591,591,0.00,0.00,0.00,0.00,0.00,0.00,0.00,0.00,0.00,0.00,0.00,0.00,0.00,0.00,0.00,0.00,0.00,0.00,0.00,0.00,0.00,416729,493387,705030,429834,507147,718134,0,0,0,0,0,0,0,99090,0,123.65,123.66,123.68
1151,2,0,0,0,93619,93619,93619,3660,3660,3660,591,591,591,0.00,0.00,0.00,0.00,0.00,0.00,0.00,0.00,0.00,0.00,0.00,0.00,0.00,0.00,0.00,0.00,0.00,0.00,0.00,0.00,0.00,199537,365057,647412,209769,378099,660518,0,0,0,0,0,0,0,76029,0,126.20,126.26,126.29
1151,3,0,0,0,93660,93660,93660,3619,3619,3619,591,591,591,0.00,0.00,0.00,0.00,0.00,0.00,0.00,0.00,0.00,0.00,0.00,0.00,0.00,0.00,0.00,0.00,0.00,0.00,0.00,0.00,0.00,301394,347926,474393,314498,361686,487498,0,0,0,0,0,0,0,112614,0,140.22,140.24,140.29
1152,0,0,0,0,93656,93656,93656,3623,3623,3623,591,591,591,0.00,0.00,0.00,0.00,0.00,0.00,0.00,0.00,0.00,0.00,0.00,0.00,0.00,0.00,0.00,0.00,0.00,0.00,0.00,0.00,0.00,301405,378462,657855,317131,392615,670960,0,0,0,0,0,0,0,110161,0,137.35,137.43,137.47
1152,1,0,0,0,93624,93624,93624,3655,3655,3655,591,591,591,0.00,0.00,0.00,0.00,0.00,0.00,0.00,0.00,0.00,0.00,0.00,0.00,0.00,0.00,0.00,0.00,0.00,0.00,0.00,0.00,0.00,416724,531519,770560,429829,545147,783665,0,0,0,0,0,0,0,99166,0,123.64,123.67,123.69
1152,2,0,0,0,93619,93619,93619,3660,3660,3660,591,591,591,0.00,0.00,0.00,0.00,0.00,0.00,0.00,0.00,0.00,0.00,0.00,0.00,0.00,0.00,0.00,0.00,0.00,0.00,0.00,0.00,0.00,296168,380035,660477,309273,394188,673582,0,0,0,0,0,0,0,101357,0,126.30,126.32,126.38
1152,3,0,0,0,93660,93660,93660,3619,3619,3619,591,591,591,0.00,0.00,0.00,0.00,0.00,0.00,0.00,0.00,0.00,0.00,0.00,0.00,0.00,0.00,0.00,0.00,0.00,0.00,0.00,0.00,0.00,296168,332859,406242,311894,347012,419346,0,0,0,0,0,0,0,112677,0,140.27,140.32,140.38
1154,0,0,0,0,93656,93656,93656,3623,3623,3623,591,591,591,0.00,0.00,0.00,0.00,0.00,0.00,0.00,0.00,0.00,0.00,0.00,0.00,0.00,0.00,0.00,0.00,0.00,0.00,0.00,0.00,0.00,200931,428959,1166320,209667,442413,1179424,0,0,0,0,0,0,0,261642,0,137.39,137.42,137.46
1154,1,0,0,0,93624,93624,93624,3655,3655,3655,591,591,591,0.00,0.00,0.00,0.00,0.00,0.00,0.00,0.00,0.00,0.00,0.00,0.00,0.00,0.00,0.00,0.00,0.00,0.00,0.00,0.00,0.00,276069,564000,927808,284805,577704,938291,0,0,0,0,0,0,0,235331,0,123.65,123.69,123.72
1154,2,0,0,0,93619,93619,93619,3660,3660,3660,591,591,591,0.00,0.00,0.00,0.00,0.00,0.00,0.00,0.00,0.00,0.00,0.00,0.00,0.00,0.00,0.00,0.00,0.00,0.00,0.00,0.00,0.00,301406,482773,1370754,317132,496402,1386480,0,0,0,0,0,0,0,240264,0,126.05,126.18,126.28
1154,3,0,0,0,93660,93660,93660,3619,3619,3619,591,591,591,0.00,0.00,0.00,0.00,0.00,0.00,0.00,0.00,0.00,0.00,0.00,0.00,0.00,0.00,0.00,0.00,0.00,0.00,0.00,0.00,0.00,298786,398701,693676,314512,412048,704159,0,0,0,0,0,0,0,267444,0,140.24,140.35,140.41
1155,0,0,0,0,93656,93656,93656,3623,3623,3623,591,591,591,0.00,0.00,0.00,0.00,0.00,0.00,0.00,0.00,0.00,0.00,0.00,0.00,0.00,0.00,0.00,0.00,0.00,0.00,0.00,0.00,0.00,304028,438743,649991,314512,452897,665717,0,0,0,0,0,0,0,110187,0,137.46,137.47,137.49
1155,1,0,0,0,93624,93624,93624,3655,3655,3655,591,591,591,0.00,0.00,0.00,0.00,0.00,0.00,0.00,0.00,0.00,0.00,0.00,0.00,0.00,0.00,0.00,0.00,0.00,0.00,0.00,0.00,0.00,419348,508458,723371,435073,522087,736476,0,0,0,0,0,0,0,99254,0,123.71,123.74,123.78
1155,2,0,0,0,93619,93619,93619,3660,3660,3660,591,591,591,0.00,0.00,0.00,0.00,0.00,0.00,0.00,0.00,0.00,0.00,0.00,0.00,0.00,0.00,0.00,0.00,0.00,0.00,0.00,0.00,0.00,301407,331869,440594,314512,344951,450961,0,0,0,0,0,0,0,101089,0,126.03,126.06,126.12
1155,3,0,0,0,93660,93660,93660,3619,3619,3619,591,591,591,0.00,0.00,0.00,0.00,0.00,0.00,0.00,0.00,0.00,0.00,0.00,0.00,0.00,0.00,0.00,0.00,0.00,0.00,0.00,0.00,0.00,296168,338624,482243,309273,352777,497968,0,0,0,0,0,0,0,112570,0,140.24,140.28,140.31
1156,0,0,0,0,93656,93656,93656,3623,3623,3623,591,591,591,0.00,0.00,0.00,0.00,0.00,0.00,0.00,0.00,0.00,0.00,0.00,0.00,0.00,0.00,0.00,0.00,0.00,0.00,0.00,0.00,0.00,301409,374267,623788,317135,388420,636893,0,0,0,0,0,0,0,110188,0,137.40,137.46,137.51
1156,1,0,0,0,93624,93624,93624,3655,3655,3655,591,591,591,0.00,0.00,0.00,0.00,0.00,0.00,0.00,0.00,0.00,0.00,0.00,0.00,0.00,0.00,0.00,0.00,0.00,0.00,0.00,0.00,0.00,414108,576077,843937,427213,590755,859662,0,0,0,0,0,0,0,99104,0,123.76,123.80,123.81
1156,2,0,0,0,93619,93619,93619,3660,3660,3660,591,591,591,0.00,0.00,0.00,0.00,0.00,0.00,0.00,0.00,0.00,0.00,0.00,0.00,0.00,0.00,0.00,0.00,0.00,0.00,0.00,0.00,0.00,306650,382124,657807,319754,396277,673532,0,0,0,0,0,0,0,113677,0,126.03,126.05,126.07
1156,3,0,0,0,93660,93660,93660,3619,3619,3619,591,591,591,0.00,0.00,0.00,0.00,0.00,0.00,0.00,0.00,0.00,0.00,0.00,0.00,0.00,0.00,0.00,0.00,0.00,0.00,0.00,0.00,0.00,298783,325516,421952,311887,339145,435056,0,0,0,0,0,0,0,112695,0,140.22,140.29,140.34
1157,0,0,0,0,93656,93656,93656,3623,3623,3623,591,591,591,0.00,0.00,0.00,0.00,0.00,0.00,0.00,0.00,0.00,0.00,0.00,0.00,0.00,0.00,0.00,0.00,0.00,0.00,0.00,0.00,0.00,200937,315385,471766,211421,327966,487491,0,0,0,0,0,0,0,110158,0,137.45,137.49,137.50
1157,1,0,0,0,93624,93624,93624,3655,3655,3655,591,591,591,0.00,0.00,0.00,0.00,0.00,0.00,0.00,0.00,0.00,0.00,0.00,0.00,0.00,0.00,0.00,0.00,0.00,0.00,0.00,0.00,0.00,416724,457259,516324,429829,469315,526807,0,0,0,0,0,0,0,111429,0,123.61,123.65,123.67
1157,2,0,0,0,93619,93619,93619,3660,3660,3660,591,591,591,0.00,0.00,0.00,0.00,0.00,0.00,0.00,0.00,0.00,0.00,0.00,0.00,0.00,0.00,0.00,0.00,0.00,0.00,0.00,0.00,0.00,306650,571365,1286889,317134,584994,1299994,0,0,0,0,0,0,0,101194,0,126.02,126.08,126.15
1157,3,0,0,0,93660,93660,93660,3619,3619,3619,591,591,591,0.00,0.00,0.00,0.00,0.00,0.00,0.00,0.00,0.00,0.00,0.00,0.00,0.00,0.00,0.00,0.00,0.00,0.00,0.00,0.00,0.00,89098,474924,809869,99580,488970,825595,0,0,0,0,0,0,0,84363,0,140.32,140.37,140.39
1158,0,0,0,0,93656,93656,93656,3623,3623,3623,591,591,591,0.00,0.00,0.00,0.00,0.00,0.00,0.00,0.00,0.00,0.00,0.00,0.00,0.00,0.00,0.00,0.00,0.00,0.00,0.00,0.00,0.00,304024,596907,1197761,317129,610667,1213487,0,0,0,0,0,0,0,82570,0,137.31,137.38,137.43
1158,1,0,0,0,93624,93624,93624,3655,3655,3655,591,591,591,0.00,0.00,0.00,0.00,0.00,0.00,0.00,0.00,0.00,0.00,0.00,0.00,0.00,0.00,0.00,0.00,0.00,0.00,0.00,0.00,0.00,419348,503215,744336,432453,517630,760061,0,0,0,0,0,0,0,74308,0,123.66,123.67,123.69
1158,2,0,0,0,93619,93619,93619,3660,3660,3660,591,591,591,0.00,0.00,0.00,0.00,0.00,0.00,0.00,0.00,0.00,0.00,0.00,0.00,0.00,0.00,0.00,0.00,0.00,0.00,0.00,0.00,0.00,306652,410174,710258,322377,424589,723362,0,0,0,0,0,0,0,75855,0,126.07,126.11,126.15
1158,3,0,0,0,93660,93660,93660,3619,3619,3619,591,591,591,0.00,0.00,0.00,0.00,0.00,0.00,0.00,0.00,0.00,0.00,0.00,0.00,0.00,0.00,0.00,0.00,0.00,0.00,0.00,0.00,0.00,304029,380257,500604,317134,392925,516330,0,0,0,0,0,0,0,112516,0,140.18,140.22,140.27
1159,0,0,0,0,93656,93656,93656,3623,3623,3623,591,591,591,0.00,0.00,0.00,0.00,0.00,0.00,0.00,0.00,0.00,0.00,0.00,0.00,0.00,0.00,0.00,0.00,0.00,0.00,0.00,0.00,0.00,301406,383179,686680,317131,397332,702405,0,0,0,0,0,0,0,110120,0,137.27,137.28,137.30
1159,1,0,0,0,93624,93624,93624,3655,3655,3655,591,591,591,0.00,0.00,0.00,0.00,0.00,0.00,0.00,0.00,0.00,0.00,0.00,0.00,0.00,0.00,0.00,0.00,0.00,0.00,0.00,0.00,0.00,432448,576069,746922,448173,590222,762646,0,0,0,0,0,0,0,99163,0,123.58,123.63,123.67
1159,2,0,0,0,93619,93619,93619,3660,3660,3660,591,591,591,0.00,0.00,0.00,0.00,0.00,0.00,0.00,0.00,0.00,0.00,0.00,0.00,0.00,0.00,0.00,0.00,0.00,0.00,0.00,0.00,0.00,204181,348011,626412,214563,360572,636896,0,0,0,0,0,0,0,101170,0,126.08,126.12,126.15
1159,3,0,0,0,93660,93660,93660,3619,3619,3619,591,591,591,0.00,0.00,0.00,0.00,0.00,0.00,0.00,0.00,0.00,0.00,0.00,0.00,0.00,0.00,0.00,0.00,0.00,0.00,0.00,0.00,0.00,301391,315034,353829,317115,329187,369555,0,0,0,0,0,0,0,112687,0,140.18,140.21,140.31
1160,0,0,0,0,93656,93656,93656,3623,3623,3623,591,591,591,0.00,0.00,0.00,0.00,0.00,0.00,0.00,0.00,0.00,0.00,0.00,0.00,0.00,0.00,0.00,0.00,0.00,0.00,0.00,0.00,0.00,298787,365882,592328,314513,380035,605433,0,0,0,0,0,0,0,110091,0,137.30,137.32,137.36
1160,1,0,0,0,93624,93624,93624,3655,3655,3655,591,591,591,0.00,0.00,0.00,0.00,0.00,0.00,0.00,0.00,0.00,0.00,0.00,0.00,0.00,0.00,0.00,0.00,0.00,0.00,0.00,0.00,0.00,414111,511081,859665,427216,525234,875390,0,0,0,0,0,0,0,99157,0,123.69,123.71,123.73
1160,2,0,0,0,93619,93619,93619,3660,3660,3660,591,591,591,0.00,0.00,0.00,0.00,0.00,0.00,0.00,0.00,0.00,0.00,0.00,0.00,0.00,0.00,0.00,0.00,0.00,0.00,0.00,0.00,0.00,304029,585518,1318329,317134,599671,1334055,0,0,0,0,0,0,0,113895,0,126.13,126.18,126.22
1160,3,0,0,0,93660,93660,93660,3619,3619,3619,591,591,591,0.00,0.00,0.00,0.00,0.00,0.00,0.00,0.00,0.00,0.00,0.00,0.00,0.00,0.00,0.00,0.00,0.00,0.00,0.00,0.00,0.00,301411,329716,421975,314512,343345,437700,0,0,0,0,0,0,0,126743,0,140.31,140.37,140.41
1161,0,0,0,0,93656,93656,93656,3623,3623,3623,591,591,591,0.00,0.00,0.00,0.00,0.00,0.00,0.00,0.00,0.00,0.00,0.00,0.00,0.00,0.00,0.00,0.00,0.00,0.00,0.00,0.00,0.00,200939,299131,385255,209676,312410,400980,0,0,0,0,0,0,0,123998,0,137.39,137.45,137.51
1161,1,0,0,0,93624,93624,93624,3655,3655,3655,591,591,591,0.00,0.00,0.00,0.00,0.00,0.00,0.00,0.00,0.00,0.00,0.00,0.00,0.00,0.00,0.00,0.00,0.00,0.00,0.00,0.00,0.00,414112,520690,746965,424596,533445,760069,0,0,0,0,0,0,0,111596,0,123.68,123.73,123.78
1161,2,0,0,0,93619,93619,93619,3660,3660,3660,591,591,591,0.00,0.00,0.00,0.00,0.00,0.00,0.00,0.00,0.00,0.00,0.00,0.00,0.00,0.00,0.00,0.00,0.00,0.00,0.00,0.00,0.00,301408,374267,639510,314513,388420,649994,0,0,0,0,0,0,0,101158,0,126.07,126.15,126.20
1161,3,0,0,0,93660,93660,93660,3619,3619,3619,591,591,591,0.00,0.00,0.00,0.00,0.00,0.00,0.00,0.00,0.00,0.00,0.00,0.00,0.00,0.00,0.00,0.00,0.00,0.00,0.00,0.00,0.00,298772,524144,885767,311876,538154,900780,0,0,0,0,0,0,0,112708,0,140.41,140.47,140.52
1162,0,0,0,0,93656,93656,93656,3623,3623,3623,591,591,591,0.00,0.00,0.00,0.00,0.00,0.00,0.00,0.00,0.00,0.00,0.00,0.00,0.00,0.00,0.00,0.00,0.00,0.00,0.00,0.00,0.00,298788,537813,1197762,311893,550918,1210866,0,0,0,0,0,0,0,110139,0,137.37,137.41,137.48
1162,1,0,0,0,93624,93624,93624,3655,3655,3655,591,591,591,0.00,0.00,0.00,0.00,0.00,0.00,0.00,0.00,0.00,0.00,0.00,0.00,0.00,0.00,0.00,0.00,0.00,0.00,0.00,0.00,0.00,416726,481719,702410,427210,495872,718136,0,0,0,0,0,0,0,99022,0,123.59,123.70,123.77
1162,2,0,0,0,93619,93619,93619,3660,3660,3660,591,591,591,0.00,0.00,0.00,0.00,0.00,0.00,0.00,0.00,0.00,0.00,0.00,0.00,0.00,0.00,0.00,0.00,0.00,0.00,0.00,0.00,0.00,301408,453424,710276,314513,467577,723381,0,0,0,0,0,0,0,101108,0,126.05,126.15,126.21
1162,3,0,0,0,93660,93660,93660,3619,3619,3619,591,591,591,0.00,0.00,0.00,0.00,0.00,0.00,0.00,0.00,0.00,0.00,0.00,0.00,0.00,0.00,0.00,0.00,0.00,0.00,0.00,0.00,0.00,200942,325346,500598,209679,338625,516324,0,0,0,0,0,0,0,112730,0,140.41,140.46,140.54
1163,0,0,0,0,93656,93656,93656,3623,3623,3623,591,591,591,0.00,0.00,0.00,0.00,0.00,0.00,0.00,0.00,0.00,0.00,0.00,0.00,0.00,0.00,0.00,0.00,0.00,0.00,0.00,0.00,0.00,298786,387370,697165,314512,401523,710269,0,0,0,0,0,0,0,110190,0,137.35,137.36,137.38
1163,1,0,0,0,93624,93624,93624,3655,3655,3655,591,591,591,0.00,0.00,0.00,0.00,0.00,0.00,0.00,0.00,0.00,0.00,0.00,0.00,0.00,0.00,0.00,0.00,0.00,0.00,0.00,0.00,0.00,414105,513673,744352,427210,527301,760078,0,0,0,0,0,0,0,99166,0,123.59,123.65,123.73
1163,2,0,0,0,93619,93619,93619,3660,3660,3660,591,591,591,0.00,0.00,0.00,0.00,0.00,0.00,0.00,0.00,0.00,0.00,0.00,0.00,0.00,0.00,0.00,0.00,0.00,0.00,0.00,0.00,0.00,203982,359456,680070,212626,372223,696457,0,0,0,0,0,0,0,101096,0,125.88,125.96,126.01
1163,3,0,0,0,93660,93660,93660,3619,3619,3619,591,591,591,0.00,0.00,0.00,0.00,0.00,0.00,0.00,0.00,0.00,0.00,0.00,0.00,0.00,0.00,0.00,0.00,0.00,0.00,0.00,0.00,0.00,301410,338102,429839,314514,351730,442943,0,0,0,0,0,0,0,112670,0,140.37,140.40,140.42
1164,0,0,0,0,93656,93656,93656,3623,3623,3623,591,591,591,0.00,0.00,0.00,0.00,0.00,0.00,0.00,0.00,0.00,0.00,0.00,0.00,0.00,0.00,0.00,0.00,0.00,0.00,0.00,0.00,0.00,296168,392638,600194,309273,406719,615920,0,0,0,0,0,0,0,110106,0,137.40,137.46,137.55
1164,1,0,0,0,93624,93624,93624,3655,3655,3655,591,591,591,0.00,0.00,0.00,0.00,0.00,0.00,0.00,0.00,0.00,0.00,0.00,0.00,0.00,0.00,0.00,0.00,0.00,0.00,0.00,0.00,0.00,407589,529094,893366,423265,543244,906504,0,0,0,0,0,0,0,99170,0,123.68,123.73,123.75
1164,2,0,0,0,93619,93619,93619,3660,3660,3660,591,591,591,0.00,0.00,0.00,0.00,0.00,0.00,0.00,0.00,0.00,0.00,0.00,0.00,0.00,0.00,0.00,0.00,0.00,0.00,0.00,0.00,0.00,309265,583945,1331438,322369,598098,1347164,0,0,0,0,0,0,0,113674,0,126.00,126.07,126.11
1164,3,0,0,0,93660,93660,93660,3619,3619,3619,591,591,591,0.00,0.00,0.00,0.00,0.00,0.00,0.00,0.00,0.00,0.00,0.00,0.00,0.00,0.00,0.00,0.00,0.00,0.00,0.00,0.00,0.00,296150,464952,817740,309254,479105,830845,0,0,0,0,0,0,0,126899,0,140.34,140.39,140.51
1165,0,0,0,0,93656,93656,93656,3623,3623,3623,591,591,591,0.00,0.00,0.00,0.00,0.00,0.00,0.00,0.00,0.00,0.00,0.00,0.00,0.00,0.00,0.00,0.00,0.00,0.00,0.00,0.00,0.00,192186,472988,1231846,202669,486093,1247572,0,0,0,0,0,0,0,96412,0,137.33,137.36,137.39
1165,1,0,0,0,93624,93624,93624,3655,3655,3655,591,591,591,0.00,0.00,0.00,0.00,0.00,0.00,0.00,0.00,0.00,0.00,0.00,0.00,0.00,0.00,0.00,0.00,0.00,0.00,0.00,0.00,0.00,421971,482346,592332,432454,495100,605437,0,0,0,0,0,0,0,74341,0,123.72,123.74,123.77
1165,2,0,0,0,93619,93619,93619,3660,3660,3660,591,591,591,0.00,0.00,0.00,0.00,0.00,0.00,0.00,0.00,0.00,0.00,0.00,0.00,0.00,0.00,0.00,0.00,0.00,0.00,0.00,0.00,0.00,309272,385277,663099,319756,398906,678825,0,0,0,0,0,0,0,101135,0,125.97,126.04,126.09
1165,3,0,0,0,93660,93660,93660,3619,3619,3619,591,591,591,0.00,0.00,0.00,0.00,0.00,0.00,0.00,0.00,0.00,0.00,0.00,0.00,0.00,0.00,0.00,0.00,0.00,0.00,0.00,0.00,0.00,290930,394932,601287,306656,408477,613973,0,0,0,0,0,0,0,84612,0,140.48,140.54,140.60
1166,0,0,0,0,93656,93656,93656,3623,3623,3623,591,591,591,0.00,0.00,0.00,0.00,0.00,0.00,0.00,0.00,0.00,0.00,0.00,0.00,0.00,0.00,0.00,0.00,0.00,0.00,0.00,0.00,0.00,301404,362335,529399,317130,376095,542503,0,0,0,0,0,0,0,110156,0,137.35,137.38,137.41
1166,1,0,0,0,93624,93624,93624,3655,3655,3655,591,591,591,0.00,0.00,0.00,0.00,0.00,0.00,0.00,0.00,0.00,0.00,0.00,0.00,0.00,0.00,0.00,0.00,0.00,0.00,0.00,0.00,0.00,423285,528446,715515,438962,542849,731240,0,0,0,0,0,0,0,99187,0,123.72,123.75,123.77
1166,2,0,0,0,93619,93619,93619,3660,3660,3660,591,591,591,0.00,0.00,0.00,0.00,0.00,0.00,0.00,0.00,0.00,0.00,0.00,0.00,0.00,0.00,0.00,0.00,0.00,0.00,0.00,0.00,0.00,314514,390515,589712,325000,404274,605438,0,0,0,0,0,0,0,75850,0,126.05,126.09,126.11
1166,3,0,0,0,93660,93660,93660,3619,3619,3619,591,591,591,0.00,0.00,0.00,0.00,0.00,0.00,0.00,0.00,0.00,0.00,0.00,0.00,0.00,0.00,0.00,0.00,0.00,0.00,0.00,0.00,0.00,221908,330671,492733,232392,343775,508458,0,0,0,0,0,0,0,112715,0,140.43,140.46,140.50
1167,0,0,0,0,93656,93656,93656,3623,3623,3623,591,591,591,0.00,0.00,0.00,0.00,0.00,0.00,0.00,0.00,0.00,0.00,0.00,0.00,0.00,0.00,0.00,0.00,0.00,0.00,0.00,0.00,0.00,311889,443986,655236,327615,457615,670962,0,0,0,0,0,0,0,110139,0,137.37,137.39,137.42
1167,1,0,0,0,93624,93624,93624,3655,3655,3655,591,591,591,0.00,0.00,0.00,0.00,0.00,0.00,0.00,0.00,0.00,0.00,0.00,0.00,0.00,0.00,0.00,0.00,0.00,0.00,0.00,0.00,0.00,414109,497491,773367,429835,511634,789043,0,0,0,0,0,0,0,99041,0,123.51,123.59,123.64
1167,2,0,0,0,93619,93619,93619,3660,3660,3660,591,591,591,0.00,0.00,0.00,0.00,0.00,0.00,0.00,0.00,0.00,0.00,0.00,0.00,0.00,0.00,0.00,0.00,0.00,0.00,0.00,0.00,0.00,197724,359089,643110,206246,372317,658545,0,0,0,0,0,0,0,101151,0,126.11,126.15,126.19
1167,3,0,0,0,93660,93660,93660,3619,3619,3619,591,591,591,0.00,0.00,0.00,0.00,0.00,0.00,0.00,0.00,0.00,0.00,0.00,0.00,0.00,0.00,0.00,0.00,0.00,0.00,0.00,0.00,0.00,296168,323948,419350,309273,338101,432455,0,0,0,0,0,0,0,112860,0,140.39,140.47,140.51
1168,0,0,0,0,93656,93656,93656,3623,3623,3623,591,591,591,0.00,0.00,0.00,0.00,0.00,0.00,0.00,0.00,0.00,0.00,0.00,0.00,0.00,0.00,0.00,0.00,0.00,0.00,0.00,0.00,0.00,297472,328925,445557,310405,343044,461283,0,0,0,0,0,0,0,109960,0,137.26,137.32,137.41
1168,1,0,0,0,93624,93624,93624,3655,3655,3655,591,591,591,0.00,0.00,0.00,0.00,0.00,0.00,0.00,0.00,0.00,0.00,0.00,0.00,0.00,0.00,0.00,0.00,0.00,0.00,0.00,0.00,0.00,412362,484793,723345,422801,498404,739070,0,0,0,0,0,0,0,111552,0,123.55,123.60,123.69
1168,2,0,0,0,93619,93619,93619,3660,3660,3660,591,591,591,0.00,0.00,0.00,0.00,0.00,0.00,0.00,0.00,0.00,0.00,0.00,0.00,0.00,0.00,0.00,0.00,0.00,0.00,0.00,0.00,0.00,306634,577126,1347160,322359,591280,1360265,0,0,0,0,0,0,0,101112,0,126.02,126.05,126.08
1168,3,0,0,0,93660,93660,93660,3619,3619,3619,591,591,591,0.00,0.00,0.00,0.00,0.00,0.00,0.00,0.00,0.00,0.00,0.00,0.00,0.00,0.00,0.00,0.00,0.00,0.00,0.00,0.00,0.00,301407,503222,1009066,314512,516851,1024792,0,0,0,0,0,0,0,126901,0,140.45,140.49,140.56
1169,0,0,0,0,93656,93656,93656,3623,3623,3623,591,591,591,0.00,0.00,0.00,0.00,0.00,0.00,0.00,0.00,0.00,0.00,0.00,0.00,0.00,0.00,0.00,0.00,0.00,0.00,0.00,0.00,0.00,190435,520862,1213488,200918,533966,1231835,0,0,0,0,0,0,0,123868,0,137.27,137.36,137.41
1169,1,0,0,0,93624,93624,93624,3655,3655,3655,591,591,591,0.00,0.00,0.00,0.00,0.00,0.00,0.00,0.00,0.00,0.00,0.00,0.00,0.00,0.00,0.00,0.00,0.00,0.00,0.00,0.00,0.00,382027,477990,715834,390749,491267,731566,0,0,0,0,0,0,0,99064,0,123.66,123.70,123.73
1169,2,0,0,0,93619,93619,93619,3660,3660,3660,591,591,591,0.00,0.00,0.00,0.00,0.00,0.00,0.00,0.00,0.00,0.00,0.00,0.00,0.00,0.00,0.00,0.00,0.00,0.00,0.00,0.00,0.00,301410,381609,681446,314514,395238,694551,0,0,0,0,0,0,0,101138,0,126.00,126.05,126.08
1169,3,0,0,0,93660,93660,93660,3619,3619,3619,591,591,591,0.00,0.00,0.00,0.00,0.00,0.00,0.00,0.00,0.00,0.00,0.00,0.00,0.00,0.00,0.00,0.00,0.00,0.00,0.00,0.00,0.00,294413,343495,479631,307326,357609,492736,0,0,0,0,0,0,0,112788,0,140.46,140.49,140.51
1170,0,0,0,0,93656,93656,93656,3623,3623,3623,591,591,591,0.00,0.00,0.00,0.00,0.00,0.00,0.00,0.00,0.00,0.00,0.00,0.00,0.00,0.00,0.00,0.00,0.00,0.00,0.00,0.00,0.00,301400,381082,673583,317132,394711,684067,0,0,0,0,0,0,0,110040,0,137.19,137.26,137.33
1170,1,0,0,0,93624,93624,93624,3655,3655,3655,591,591,591,0.00,0.00,0.00,0.00,0.00,0.00,0.00,0.00,0.00,0.00,0.00,0.00,0.00,0.00,0.00,0.00,0.00,0.00,0.00,0.00,0.00,450798,602043,733864,463903,615671,746968,0,0,0,0,0,0,0,99237,0,123.67,123.73,123.79
1170,2,0,0,0,93619,93619,93619,3660,3660,3660,591,591,591,0.00,0.00,0.00,0.00,0.00,0.00,0.00,0.00,0.00,0.00,0.00,0.00,0.00,0.00,0.00,0.00,0.00,0.00,0.00,0.00,0.00,301407,371649,642133,314512,385278,657858,0,0,0,0,0,0,0,101203,0,126.09,126.14,126.19
1170,3,0,0,0,93660,93660,93660,3619,3619,3619,591,591,591,0.00,0.00,0.00,0.00,0.00,0.00,0.00,0.00,0.00,0.00,0.00,0.00,0.00,0.00,0.00,0.00,0.00,0.00,0.00,0.00,0.00,200942,294943,364316,209678,307698,377421,0,0,0,0,0,0,0,112865,0,140.56,140.62,140.65
1171,0,0,0,0,93656,93656,93656,3623,3623,3623,591,591,591,0.00,0.00,0.00,0.00,0.00,0.00,0.00,0.00,0.00,0.00,0.00,0.00,0.00,0.00,0.00,0.00,0.00,0.00,0.00,0.00,0.00,298786,364831,605439,311891,378984,618544,0,0,0,0,0,0,0,110128,0,137.26,137.32,137.37
1171,1,0,0,0,93624,93624,93624,3655,3655,3655,591,591,591,0.00,0.00,0.00,0.00,0.00,0.00,0.00,0.00,0.00,0.00,0.00,0.00,0.00,0.00,0.00,0.00,0.00,0.00,0.00,0.00,0.00,427212,532925,880634,442938,546552,893738,0,0,0,0,0,0,0,99166,0,123.71,123.74,123.81
1171,2,0,0,0,93619,93619,93619,3660,3660,3660,591,591,591,0.00,0.00,0.00,0.00,0.00,0.00,0.00,0.00,0.00,0.00,0.00,0.00,0.00,0.00,0.00,0.00,0.00,0.00,0.00,0.00,0.00,297949,548350,1365508,313360,561605,1378613,0,0,0,0,0,0,0,113834,0,126.16,126.17,126.19
1171,3,0,0,0,93660,93660,93660,3619,3619,3619,591,591,591,0.00,0.00,0.00,0.00,0.00,0.00,0.00,0.00,0.00,0.00,0.00,0.00,0.00,0.00,0.00,0.00,0.00,0.00,0.00,0.00,0.00,304023,316082,353827,317136,330235,369553,0,0,0,0,0,0,0,126726,0,140.37,140.45,140.57
1172,0,0,0,0,93656,93656,93656,3623,3623,3623,591,591,591,0.00,0.00,0.00,0.00,0.00,0.00,0.00,0.00,0.00,0.00,0.00,0.00,0.00,0.00,0.00,0.00,0.00,0.00,0.00,0.00,0.00,192192,312744,466525,202676,325810,479630,0,0,0,0,0,0,0,123904,0,137.39,137.40,137.41
1172,1,0,0,0,93624,93624,93624,3655,3655,3655,591,591,591,0.00,0.00,0.00,0.00,0.00,0.00,0.00,0.00,0.00,0.00,0.00,0.00,0.00,0.00,0.00,0.00,0.00,0.00,0.00,0.00,0.00,416347,570687,763345,431960,584246,776152,0,0,0,0,0,0,0,86785,0,123.71,123.79,123.83
1172,2,0,0,0,93619,93619,93619,3660,3660,3660,591,591,591,0.00,0.00,0.00,0.00,0.00,0.00,0.00,0.00,0.00,0.00,0.00,0.00,0.00,0.00,0.00,0.00,0.00,0.00,0.00,0.00,0.00,304029,368502,613289,317133,382131,626394,0,0,0,0,0,0,0,101036,0,126.03,126.13,126.21
1172,3,0,0,0,93660,93660,93660,3619,3619,3619,591,591,591,0.00,0.00,0.00,0.00,0.00,0.00,0.00,0.00,0.00,0.00,0.00,0.00,0.00,0.00,0.00,0.00,0.00,0.00,0.00,0.00,0.00,299505,534816,854425,314997,548922,870150,0,0,0,0,0,0,0,84503,0,140.39,140.45,140.51
1173,0,0,0,0,93656,93656,93656,3623,3623,3623,591,591,591,0.00,0.00,0.00,0.00,0.00,0.00,0.00,0.00,0.00,0.00,0.00,0.00,0.00,0.00,0.00,0.00,0.00,0.00,0.00,0.00,0.00,301392,601497,1250181,314496,615257,1260664,0,0,0,0,0,0,0,82479,0,137.34,137.39,137.45
1173,1,0,0,0,93624,93624,93624,3655,3655,3655,591,591,591,0.00,0.00,0.00,0.00,0.00,0.00,0.00,0.00,0.00,0.00,0.00,0.00,0.00,0.00,0.00,0.00,0.00,0.00,0.00,0.00,0.00,416727,497973,720749,432452,511733,733853,0,0,0,0,0,0,0,99167,0,123.74,123.79,123.83
1173,2,0,0,0,93619,93619,93619,3660,3660,3660,591,591,591,0.00,0.00,0.00,0.00,0.00,0.00,0.00,0.00,0.00,0.00,0.00,0.00,0.00,0.00,0.00,0.00,0.00,0.00,0.00,0.00,0.00,301409,401658,689309,317135,416073,705035,0,0,0,0,0,0,0,75833,0,125.97,125.99,126.02
1173,3,0,0,0,93660,93660,93660,3619,3619,3619,591,591,591,0.00,0.00,0.00,0.00,0.00,0.00,0.00,0.00,0.00,0.00,0.00,0.00,0.00,0.00,0.00,0.00,0.00,0.00,0.00,0.00,0.00,207929,327182,484876,218413,339632,497981,0,0,0,0,0,0,0,112934,0,140.44,140.48,140.54
1174,0,0,0,0,93656,93656,93656,3623,3623,3623,591,591,591,0.00,0.00,0.00,0.00,0.00,0.00,0.00,0.00,0.00,0.00,0.00,0.00,0.00,0.00,0.00,0.00,0.00,0.00,0.00,0.00,0.00,296165,382654,684058,309271,396283,697162,0,0,0,0,0,0,0,110105,0,137.23,137.29,137.38
1174,1,0,0,0,93624,93624,93624,3655,3655,3655,591,591,591,0.00,0.00,0.00,0.00,0.00,0.00,0.00,0.00,0.00,0.00,0.00,0.00,0.00,0.00,0.00,0.00,0.00,0.00,0.00,0.00,0.00,427212,529423,788906,440316,543052,804632,0,0,0,0,0,0,0,99131,0,123.72,123.76,123.79
1174,2,0,0,0,93619,93619,93619,3660,3660,3660,591,591,591,0.00,0.00,0.00,0.00,0.00,0.00,0.00,0.00,0.00,0.00,0.00,0.00,0.00,0.00,0.00,0.00,0.00,0.00,0.00,0.00,0.00,304022,449222,681451,319747,463375,697177,0,0,0,0,0,0,0,101148,0,125.98,126.01,126.04
1174,3,0,0,0,93660,93660,93660,3619,3619,3619,591,591,591,0.00,0.00,0.00,0.00,0.00,0.00,0.00,0.00,0.00,0.00,0.00,0.00,0.00,0.00,0.00,0.00,0.00,0.00,0.00,0.00,0.00,306634,344389,487499,319738,358542,503225,0,0,0,0,0,0,0,112779,0,140.42,140.47,140.54
1175,0,0,0,0,93656,93656,93656,3623,3623,3623,591,591,591,0.00,0.00,0.00,0.00,0.00,0.00,0.00,0.00,0.00,0.00,0.00,0.00,0.00,0.00,0.00,0.00,0.00,0.00,0.00,0.00,0.00,301403,366929,605440,317129,381082,618545,0,0,0,0,0,0,0,109997,0,137.31,137.37,137.44
1175,1,0,0,0,93624,93624,93624,3655,3655,3655,591,591,591,0.00,0.00,0.00,0.00,0.00,0.00,0.00,0.00,0.00,0.00,0.00,0.00,0.00,0.00,0.00,0.00,0.00,0.00,0.00,0.00,0.00,411484,507935,870156,424589,522088,880639,0,0,0,0,0,0,0,99242,0,123.75,123.82,123.92
1175,2,0,0,0,93619,93619,93619,3660,3660,3660,591,591,591,0.00,0.00,0.00,0.00,0.00,0.00,0.00,0.00,0.00,0.00,0.00,0.00,0.00,0.00,0.00,0.00,0.00,0.00,0.00,0.00,0.00,201989,490613,1323577,210621,502825,1339303,0,0,0,0,0,0,0,113776,0,125.92,125.96,126.00
1175,3,0,0,0,93660,93660,93660,3619,3619,3619,591,591,591,0.00,0.00,0.00,0.00,0.00,0.00,0.00,0.00,0.00,0.00,0.00,0.00,0.00,0.00,0.00,0.00,0.00,0.00,0.00,0.00,0.00,306650,394713,636886,319755,408342,652611,0,0,0,0,0,0,0,126732,0,140.44,140.47,140.52
1176,0,0,0,0,93656,93656,93656,3623,3623,3623,591,591,591,0.00,0.00,0.00,0.00,0.00,0.00,0.00,0.00,0.00,0.00,0.00,0.00,0.00,0.00,0.00,0.00,0.00,0.00,0.00,0.00,0.00,198692,496825,1168933,209059,509906,1182038,0,0,0,0,0,0,0,123803,0,137.18,137.23,137.29
1176,1,0,0,0,93624,93624,93624,3655,3655,3655,591,591,591,0.00,0.00,0.00,0.00,0.00,0.00,0.00,0.00,0.00,0.00,0.00,0.00,0.00,0.00,0.00,0.00,0.00,0.00,0.00,0.00,0.00,222769,478918,706311,238494,492150,722007,0,0,0,0,0,0,0,111485,0,123.73,123.83,123.90
1176,2,0,0,0,93619,93619,93619,3660,3660,3660,591,591,591,0.00,0.00,0.00,0.00,0.00,0.00,0.00,0.00,0.00,0.00,0.00,0.00,0.00,0.00,0.00,0.00,0.00,0.00,0.00,0.00,0.00,301408,449750,705035,317134,463903,718140,0,0,0,0,0,0,0,101059,0,126.00,126.02,126.03
1176,3,0,0,0,93660,93660,93660,3619,3619,3619,591,591,591,0.00,0.00,0.00,0.00,0.00,0.00,0.00,0.00,0.00,0.00,0.00,0.00,0.00,0.00,0.00,0.00,0.00,0.00,0.00,0.00,0.00,304016,472815,893749,317133,486444,906854,0,0,0,0,0,0,0,112785,0,140.42,140.48,140.54
1177,0,0,0,0,93656,93656,93656,3623,3623,3623,591,591,591,0.00,0.00,0.00,0.00,0.00,0.00,0.00,0.00,0.00,0.00,0.00,0.00,0.00,0.00,0.00,0.00,0.00,0.00,0.00,0.00,0.00,301405,367979,615925,314509,381608,631651,0,0,0,0,0,0,0,109949,0,137.16,137.21,137.23
1177,1,0,0,0,93624,93624,93624,3655,3655,3655,591,591,591,0.00,0.00,0.00,0.00,0.00,0.00,0.00,0.00,0.00,0.00,0.00,0.00,0.00,0.00,0.00,0.00,0.00,0.00,0.00,0.00,0.00,427210,509502,686685,442936,523655,699790,0,0,0,0,0,0,0,99203,0,123.73,123.77,123.83
1177,2,0,0,0,93619,93619,93619,3660,3660,3660,591,591,591,0.00,0.00,0.00,0.00,0.00,0.00,0.00,0.00,0.00,0.00,0.00,0.00,0.00,0.00,0.00,0.00,0.00,0.00,0.00,0.00,0.00,304029,373746,644753,319754,387899,657858,0,0,0,0,0,0,0,101015,0,125.99,126.02,126.05
1177,3,0,0,0,93660,93660,93660,3619,3619,3619,591,591,591,0.00,0.00,0.00,0.00,0.00,0.00,0.00,0.00,0.00,0.00,0.00,0.00,0.00,0.00,0.00,0.00,0.00,0.00,0.00,0.00,0.00,199194,334956,511085,209678,348585,526811,0,0,0,0,0,0,0,112849,0,140.52,140.57,140.59
1178,0,0,0,0,93656,93656,93656,3623,3623,3623,591,591,591,0.00,0.00,0.00,0.00,0.00,0.00,0.00,0.00,0.00,0.00,0.00,0.00,0.00,0.00,0.00,0.00,0.00,0.00,0.00,0.00,0.00,311876,445554,663097,327601,459707,678822,0,0,0,0,0,0,0,110026,0,137.07,137.15,137.24
1178,1,0,0,0,93624,93624,93624,3655,3655,3655,591,591,591,0.00,0.00,0.00,0.00,0.00,0.00,0.00,0.00,0.00,0.00,0.00,0.00,0.00,0.00,0.00,0.00,0.00,0.00,0.00,0.00,0.00,408868,493257,773169,421973,506886,786274,0,0,0,0,0,0,0,99082,0,123.63,123.68,123.73
1178,2,0,0,0,93619,93619,93619,3660,3660,3660,591,591,591,0.00,0.00,0.00,0.00,0.00,0.00,0.00,0.00,0.00,0.00,0.00,0.00,0.00,0.00,0.00,0.00,0.00,0.00,0.00,0.00,0.00,216171,360368,644753,226547,373451,663100,0,0,0,0,0,0,0,101184,0,125.95,126.02,126.09
1178,3,0,0,0,93660,93660,93660,3619,3619,3619,591,591,591,0.00,0.00,0.00,0.00,0.00,0.00,0.00,0.00,0.00,0.00,0.00,0.00,0.00,0.00,0.00,0.00,0.00,0.00,0.00,0.00,0.00,301411,331811,419346,311895,345440,432450,0,0,0,0,0,0,0,112761,0,140.40,140.47,140.52
1179,0,0,0,0,93656,93656,93656,3623,3623,3623,591,591,591,0.00,0.00,0.00,0.00,0.00,0.00,0.00,0.00,0.00,0.00,0.00,0.00,0.00,0.00,0.00,0.00,0.00,0.00,0.00,0.00,0.00,298787,339149,492736,311892,353302,508462,0,0,0,0,0,0,0,110000,0,137.24,137.28,137.33
1179,1,0,0,0,93624,93624,93624,3655,3655,3655,591,591,591,0.00,0.00,0.00,0.00,0.00,0.00,0.00,0.00,0.00,0.00,0.00,0.00,0.00,0.00,0.00,0.00,0.00,0.00,0.00,0.00,0.00,414084,573455,864909,429808,587608,878014,0,0,0,0,0,0,0,111432,0,123.58,123.59,123.62
1179,2,0,0,0,93619,93619,93619,3660,3660,3660,591,591,591,0.00,0.00,0.00,0.00,0.00,0.00,0.00,0.00,0.00,0.00,0.00,0.00,0.00,0.00,0.00,0.00,0.00,0.00,0.00,0.00,0.00,306649,581183,1051482,319754,594891,1068579,0,0,0,0,0,0,0,101195,0,126.15,126.20,126.24
1179,3,0,0,0,93660,93660,93660,3619,3619,3619,591,591,591,0.00,0.00,0.00,0.00,0.00,0.00,0.00,0.00,0.00,0.00,0.00,0.00,0.00,0.00,0.00,0.00,0.00,0.00,0.00,0.00,0.00,296145,537288,828207,309249,551441,841312,0,0,0,0,0,0,0,126646,0,140.29,140.33,140.37
1180,0,0,0,0,93656,93656,93656,3623,3623,3623,591,591,591,0.00,0.00,0.00,0.00,0.00,0.00,0.00,0.00,0.00,0.00,0.00,0.00,0.00,0.00,0.00,0.00,0.00,0.00,0.00,0.00,0.00,195695,519816,1205620,204432,533095,1221345,0,0,0,0,0,0,0,96410,0,137.19,137.25,137.29
1180,1,0,0,0,93624,93624,93624,3655,3655,3655,591,591,591,0.00,0.00,0.00,0.00,0.00,0.00,0.00,0.00,0.00,0.00,0.00,0.00,0.00,0.00,0.00,0.00,0.00,0.00,0.00,0.00,0.00,284806,448127,574606,293543,460804,592563,0,0,0,0,0,0,0,74175,0,123.55,123.60,123.65
1180,2,0,0,0,93619,93619,93619,3660,3660,3660,591,591,591,0.00,0.00,0.00,0.00,0.00,0.00,0.00,0.00,0.00,0.00,0.00,0.00,0.00,0.00,0.00,0.00,0.00,0.00,0.00,0.00,0.00,306649,386326,691930,317133,399954,705034,0,0,0,0,0,0,0,101325,0,126.18,126.23,126.28
1180,3,0,0,0,93660,93660,93660,3619,3619,3619,591,591,591,0.00,0.00,0.00,0.00,0.00,0.00,0.00,0.00,0.00,0.00,0.00,0.00,0.00,0.00,0.00,0.00,0.00,0.00,0.00,0.00,0.00,296171,344393,508464,309276,358546,521569,0,0,0,0,0,0,0,84553,0,140.26,140.31,140.40
1181,0,0,0,0,93656,93656,93656,3623,3623,3623,591,591,591,0.00,0.00,0.00,0.00,0.00,0.00,0.00,0.00,0.00,0.00,0.00,0.00,0.00,0.00,0.00,0.00,0.00,0.00,0.00,0.00,0.00,304011,393790,663097,314509,407550,676201,0,0,0,0,0,0,0,110238,0,137.34,137.40,137.49
1181,1,0,0,0,93624,93624,93624,3655,3655,3655,591,591,591,0.00,0.00,0.00,0.00,0.00,0.00,0.00,0.00,0.00,0.00,0.00,0.00,0.00,0.00,0.00,0.00,0.00,0.00,0.00,0.00,0.00,429833,547770,746952,442938,562185,762677,0,0,0,0,0,0,0,99163,0,123.56,123.61,123.69
1181,2,0,0,0,93619,93619,93619,3660,3660,3660,591,591,591,0.00,0.00,0.00,0.00,0.00,0.00,0.00,0.00,0.00,0.00,0.00,0.00,0.00,0.00,0.00,0.00,0.00,0.00,0.00,0.00,0.00,298789,395750,673532,314514,410165,686636,0,0,0,0,0,0,0,76019,0,126.31,126.34,126.36
1181,3,0,0,0,93660,93660,93660,3619,3619,3619,591,591,591,0.00,0.00,0.00,0.00,0.00,0.00,0.00,0.00,0.00,0.00,0.00,0.00,0.00,0.00,0.00,0.00,0.00,0.00,0.00,0.00,0.00,202688,309484,427192,209677,321715,440296,0,0,0,0,0,0,0,112862,0,140.43,140.47,140.51
1182,0,0,0,0,93656,93656,93656,3623,3623,3623,591,591,591,0.00,0.00,0.00,0.00,0.00,0.00,0.00,0.00,0.00,0.00,0.00,0.00,0.00,0.00,0.00,0.00,0.00,0.00,0.00,0.00,0.00,301406,376889,647369,311889,389994,663094,0,0,0,0,0,0,0,110079,0,137.40,137.43,137.49
1182,1,0,0,0,93624,93624,93624,3655,3655,3655,591,591,591,0.00,0.00,0.00,0.00,0.00,0.00,0.00,0.00,0.00,0.00,0.00,0.00,0.00,0.00,0.00,0.00,0.00,0.00,0.00,0.00,0.00,414106,583411,864901,427210,597040,878006,0,0,0,0,0,0,0,99159,0,123.71,123.72,123.75
1182,2,0,0,0,93619,93619,93619,3660,3660,3660,591,591,591,0.00,0.00,0.00,0.00,0.00,0.00,0.00,0.00,0.00,0.00,0.00,0.00,0.00,0.00,0.00,0.00,0.00,0.00,0.00,0.00,0.00,304029,398413,642135,317134,411274,655240,0,0,0,0,0,0,0,113761,0,126.18,126.31,126.42
1182,3,0,0,0,93660,93660,93660,3619,3619,3619,591,591,591,0.00,0.00,0.00,0.00,0.00,0.00,0.00,0.00,0.00,0.00,0.00,0.00,0.00,0.00,0.00,0.00,0.00,0.00,0.00,0.00,0.00,298788,324473,414110,311894,338626,427214,0,0,0,0,0,0,0,112806,0,140.54,140.59,140.64
1183,0,0,0,0,93656,93656,93656,3623,3623,3623,591,591,591,0.00,0.00,0.00,0.00,0.00,0.00,0.00,0.00,0.00,0.00,0.00,0.00,0.00,0.00,0.00,0.00,0.00,0.00,0.00,0.00,0.00,298787,337572,474385,314513,351725,487489,0,0,0,0,0,0,0,110104,0,137.41,137.44,137.48
1183,1,0,0,0,93624,93624,93624,3655,3655,3655,591,591,591,0.00,0.00,0.00,0.00,0.00,0.00,0.00,0.00,0.00,0.00,0.00,0.00,0.00,0.00,0.00,0.00,0.00,0.00,0.00,0.00,0.00,408866,510032,744346,421970,523661,760072,0,0,0,0,0,0,0,111379,0,123.57,123.64,123.71
1183,2,0,0,0,93619,93619,93619,3660,3660,3660,591,591,591,0.00,0.00,0.00,0.00,0.00,0.00,0.00,0.00,0.00,0.00,0.00,0.00,0.00,0.00,0.00,0.00,0.00,0.00,0.00,0.00,0.00,304487,503349,972575,319751,518028,988012,0,0,0,0,0,0,0,101321,0,126.15,126.22,126.31
1183,3,0,0,0,93660,93660,93660,3619,3619,3619,591,591,591,0.00,0.00,0.00,0.00,0.00,0.00,0.00,0.00,0.00,0.00,0.00,0.00,0.00,0.00,0.00,0.00,0.00,0.00,0.00,0.00,0.00,298787,535199,880642,311892,548828,893747,0,0,0,0,0,0,0,112444,0,140.32,140.38,140.46
1184,0,0,0,0,93656,93656,93656,3623,3623,3623,591,591,591,0.00,0.00,0.00,0.00,0.00,0.00,0.00,0.00,0.00,0.00,0.00,0.00,0.00,0.00,0.00,0.00,0.00,0.00,0.00,0.00,0.00,199192,519991,1187279,207928,533270,1203004,0,0,0,0,0,0,0,110164,0,137.32,137.36,137.39
1184,1,0,0,0,93624,93624,93624,3655,3655,3655,591,591,591,0.00,0.00,0.00,0.00,0.00,0.00,0.00,0.00,0.00,0.00,0.00,0.00,0.00,0.00,0.00,0.00,0.00,0.00,0.00,0.00,0.00,293544,517894,726024,304027,530987,741693,0,0,0,0,0,0,0,99080,0,123.64,123.72,123.79
1184,2,0,0,0,93619,93619,93619,3660,3660,3660,591,591,591,0.00,0.00,0.00,0.00,0.00,0.00,0.00,0.00,0.00,0.00,0.00,0.00,0.00,0.00,0.00,0.00,0.00,0.00,0.00,0.00,0.00,304029,388421,702402,319754,402049,715506,0,0,0,0,0,0,0,101166,0,126.09,126.18,126.25
1184,3,0,0,0,93660,93660,93660,3619,3619,3619,591,591,591,0.00,0.00,0.00,0.00,0.00,0.00,0.00,0.00,0.00,0.00,0.00,0.00,0.00,0.00,0.00,0.00,0.00,0.00,0.00,0.00,0.00,204433,321849,505842,214917,334954,521568,0,0,0,0,0,0,0,112579,0,140.18,140.23,140.30
1185,0,0,0,0,93656,93656,93656,3623,3623,3623,591,591,591,0.00,0.00,0.00,0.00,0.00,0.00,0.00,0.00,0.00,0.00,0.00,0.00,0.00,0.00,0.00,0.00,0.00,0.00,0.00,0.00,0.00,301409,381081,673566,317132,394710,686671,0,0,0,0,0,0,0,110174,0,137.43,137.46,137.50
1185,1,0,0,0,93624,93624,93624,3655,3655,3655,591,591,591,0.00,0.00,0.00,0.00,0.00,0.00,0.00,0.00,0.00,0.00,0.00,0.00,0.00,0.00,0.00,0.00,0.00,0.00,0.00,0.00,0.00,429830,522087,770552,445555,536240,783657,0,0,0,0,0,0,0,99125,0,123.62,123.65,123.70
1185,2,0,0,0,93619,93619,93619,3660,3660,3660,591,591,591,0.00,0.00,0.00,0.00,0.00,0.00,0.00,0.00,0.00,0.00,0.00,0.00,0.00,0.00,0.00,0.00,0.00,0.00,0.00,0.00,0.00,306645,443985,660473,319754,458138,676198,0,0,0,0,0,0,0,101111,0,126.09,126.11,126.14
1185,3,0,0,0,93660,93660,93660,3619,3619,3619,591,591,591,0.00,0.00,0.00,0.00,0.00,0.00,0.00,0.00,0.00,0.00,0.00,0.00,0.00,0.00,0.00,0.00,0.00,0.00,0.00,0.00,0.00,296163,317134,364313,309267,331287,377418,0,0,0,0,0,0,0,112629,0,140.21,140.23,140.26
1186,0,0,0,0,93656,93656,93656,3623,3623,3623,591,591,591,0.00,0.00,0.00,0.00,0.00,0.00,0.00,0.00,0.00,0.00,0.00,0.00,0.00,0.00,0.00,0.00,0.00,0.00,0.00,0.00,0.00,296166,363253,608023,309270,377406,621127,0,0,0,0,0,0,0,109983,0,137.27,137.32,137.36
1186,1,0,0,0,93624,93624,93624,3655,3655,3655,591,591,591,0.00,0.00,0.00,0.00,0.00,0.00,0.00,0.00,0.00,0.00,0.00,0.00,0.00,0.00,0.00,0.00,0.00,0.00,0.00,0.00,0.00,411485,428782,463900,424589,442935,477005,0,0,0,0,0,0,0,99176,0,123.68,123.70,123.72
1186,2,0,0,0,93619,93619,93619,3660,3660,3660,591,591,591,0.00,0.00,0.00,0.00,0.00,0.00,0.00,0.00,0.00,0.00,0.00,0.00,0.00,0.00,0.00,0.00,0.00,0.00,0.00,0.00,0.00,297299,421047,859733,312416,434186,868400,0,0,0,0,0,0,0,113942,0,126.06,126.11,126.18
1186,3,0,0,0,93660,93660,93660,3619,3619,3619,591,591,591,0.00,0.00,0.00,0.00,0.00,0.00,0.00,0.00,0.00,0.00,0.00,0.00,0.00,0.00,0.00,0.00,0.00,0.00,0.00,0.00,0.00,301403,329187,435079,314499,343340,450805,0,0,0,0,0,0,0,126609,0,140.10,140.16,140.21
1187,0,0,0,0,93656,93656,93656,3623,3623,3623,591,591,591,0.00,0.00,0.00,0.00,0.00,0.00,0.00,0.00,0.00,0.00,0.00,0.00,0.00,0.00,0.00,0.00,0.00,0.00,0.00,0.00,0.00,200938,497280,1208258,209675,510560,1223983,0,0,0,0,0,0,0,96306,0,137.32,137.35,137.40
1187,1,0,0,0,93624,93624,93624,3655,3655,3655,591,591,591,0.00,0.00,0.00,0.00,0.00,0.00,0.00,0.00,0.00,0.00,0.00,0.00,0.00,0.00,0.00,0.00,0.00,0.00,0.00,0.00,0.00,411482,541998,778372,421966,555627,796718,0,0,0,0,0,0,0,86642,0,123.67,123.69,123.73
1187,2,0,0,0,93619,93619,93619,3660,3660,3660,591,591,591,0.00,0.00,0.00,0.00,0.00,0.00,0.00,0.00,0.00,0.00,0.00,0.00,0.00,0.00,0.00,0.00,0.00,0.00,0.00,0.00,0.00,304031,464118,718137,319756,477856,731242,0,0,0,0,0,0,0,101083,0,126.10,126.19,126.26
1187,3,0,0,0,93660,93660,93660,3619,3619,3619,591,591,591,0.00,0.00,0.00,0.00,0.00,0.00,0.00,0.00,0.00,0.00,0.00,0.00,0.00,0.00,0.00,0.00,0.00,0.00,0.00,0.00,0.00,298872,502189,985467,314331,515764,995951,0,0,0,0,0,0,0,84292,0,140.20,140.22,140.25
1188,0,0,0,0,93656,93656,93656,3623,3623,3623,591,591,591,0.00,0.00,0.00,0.00,0.00,0.00,0.00,0.00,0.00,0.00,0.00,0.00,0.00,0.00,0.00,0.00,0.00,0.00,0.00,0.00,0.00,304013,373476,566117,317117,387236,579221,0,0,0,0,0,0,0,110139,0,137.33,137.37,137.44
1188,1,0,0,0,93624,93624,93624,3655,3655,3655,591,591,591,0.00,0.00,0.00,0.00,0.00,0.00,0.00,0.00,0.00,0.00,0.00,0.00,0.00,0.00,0.00,0.00,0.00,0.00,0.00,0.00,0.00,283059,460626,697162,293542,473730,710267,0,0,0,0,0,0,0,99099,0,123.67,123.71,123.74
1188,2,0,0,0,93619,93619,93619,3660,3660,3660,591,591,591,0.00,0.00,0.00,0.00,0.00,0.00,0.00,0.00,0.00,0.00,0.00,0.00,0.00,0.00,0.00,0.00,0.00,0.00,0.00,0.00,0.00,306650,387244,621166,319755,401004,634270,0,0,0,0,0,0,0,75801,0,126.00,126.02,126.04
1188,3,0,0,0,93660,93660,93660,3619,3619,3619,591,591,591,0.00,0.00,0.00,0.00,0.00,0.00,0.00,0.00,0.00,0.00,0.00,0.00,0.00,0.00,0.00,0.00,0.00,0.00,0.00,0.00,0.00,206182,323470,484879,214918,336138,497984,0,0,0,0,0,0,0,112607,0,140.16,140.21,140.27
1189,0,0,0,0,93656,93656,93656,3623,3623,3623,591,591,591,0.00,0.00,0.00,0.00,0.00,0.00,0.00,0.00,0.00,0.00,0.00,0.00,0.00,0.00,0.00,0.00,0.00,0.00,0.00,0.00,0.00,304025,377938,636890,317130,392091,652616,0,0,0,0,0,0,0,110012,0,137.30,137.40,137.45
1189,1,0,0,0,93624,93624,93624,3655,3655,3655,591,591,591,0.00,0.00,0.00,0.00,0.00,0.00,0.00,0.00,0.00,0.00,0.00,0.00,0.00,0.00,0.00,0.00,0.00,0.00,0.00,0.00,0.00,414087,537285,783665,429812,551438,799391,0,0,0,0,0,0,0,99230,0,123.68,123.75,123.80
1189,2,0,0,0,93619,93619,93619,3660,3660,3660,591,591,591,0.00,0.00,0.00,0.00,0.00,0.00,0.00,0.00,0.00,0.00,0.00,0.00,0.00,0.00,0.00,0.00,0.00,0.00,0.00,0.00,0.00,304011,376888,660479,317115,391041,673584,0,0,0,0,0,0,0,101070,0,125.99,126.01,126.04
1189,3,0,0,0,93660,93660,93660,3619,3619,3619,591,591,591,0.00,0.00,0.00,0.00,0.00,0.00,0.00,0.00,0.00,0.00,0.00,0.00,0.00,0.00,0.00,0.00,0.00,0.00,0.00,0.00,0.00,301409,351725,453399,317134,365878,469124,0,0,0,0,0,0,0,112604,0,140.18,140.23,140.26
1190,0,0,0,0,93656,93656,93656,3623,3623,3623,591,591,591,0.00,0.00,0.00,0.00,0.00,0.00,0.00,0.00,0.00,0.00,0.00,0.00,0.00,0.00,0.00,0.00,0.00,0.00,0.00,0.00,0.00,298784,408865,634272,311888,422493,647376,0,0,0,0,0,0,0,109946,0,137.13,137.17,137.23
1190,1,0,0,0,93624,93624,93624,3655,3655,3655,591,591,591,0.00,0.00,0.00,0.00,0.00,0.00,0.00,0.00,0.00,0.00,0.00,0.00,0.00,0.00,0.00,0.00,0.00,0.00,0.00,0.00,0.00,414106,516322,851797,427211,529950,867522,0,0,0,0,0,0,0,99130,0,123.67,123.71,123.74
1190,2,0,0,0,93619,93619,93619,3660,3660,3660,591,591,591,0.00,0.00,0.00,0.00,0.00,0.00,0.00,0.00,0.00,0.00,0.00,0.00,0.00,0.00,0.00,0.00,0.00,0.00,0.00,0.00,0.00,306649,487316,913801,319754,500246,926031,0,0,0,0,0,0,0,113947,0,125.99,126.09,126.22
1190,3,0,0,0,93660,93660,93660,3619,3619,3619,591,591,591,0.00,0.00,0.00,0.00,0.00,0.00,0.00,0.00,0.00,0.00,0.00,0.00,0.00,0.00,0.00,0.00,0.00,0.00,0.00,0.00,0.00,301408,498503,988088,317134,512656,1003814,0,0,0,0,0,0,0,126681,0,140.25,140.29,140.31
1191,0,0,0,0,93656,93656,93656,3623,3623,3623,591,591,591,0.00,0.00,0.00,0.00,0.00,0.00,0.00,0.00,0.00,0.00,0.00,0.00,0.00,0.00,0.00,0.00,0.00,0.00,0.00,0.00,0.00,230641,430876,985463,243745,442932,990705,0,0,0,0,0,0,0,123877,0,137.22,137.25,137.29
1191,1,0,0,0,93624,93624,93624,3655,3655,3655,591,591,591,0.00,0.00,0.00,0.00,0.00,0.00,0.00,0.00,0.00,0.00,0.00,0.00,0.00,0.00,0.00,0.00,0.00,0.00,0.00,0.00,0.00,421967,586906,733866,437693,601055,749592,0,0,0,0,0,0,0,99243,0,123.69,123.79,123.92
1191,2,0,0,0,93619,93619,93619,3660,3660,3660,591,591,591,0.00,0.00,0.00,0.00,0.00,0.00,0.00,0.00,0.00,0.00,0.00,0.00,0.00,0.00,0.00,0.00,0.00,0.00,0.00,0.00,0.00,306650,386834,686687,319755,400985,702413,0,0,0,0,0,0,0,101313,0,126.28,126.33,126.38
1191,3,0,0,0,93660,93660,93660,3619,3619,3619,591,591,591,0.00,0.00,0.00,0.00,0.00,0.00,0.00,0.00,0.00,0.00,0.00,0.00,0.00,0.00,0.00,0.00,0.00,0.00,0.00,0.00,0.00,298789,366916,492739,311894,380545,505844,0,0,0,0,0,0,0,112540,0,140.16,140.22,140.25
1192,0,0,0,0,93656,93656,93656,3623,3623,3623,591,591,591,0.00,0.00,0.00,0.00,0.00,0.00,0.00,0.00,0.00,0.00,0.00,0.00,0.00,0.00,0.00,0.00,0.00,0.00,0.00,0.00,0.00,298784,362212,573984,311888,375841,589710,0,0,0,0,0,0,0,110222,0,137.28,137.34,137.40
1192,1,0,0,0,93624,93624,93624,3655,3655,3655,591,591,591,0.00,0.00,0.00,0.00,0.00,0.00,0.00,0.00,0.00,0.00,0.00,0.00,0.00,0.00,0.00,0.00,0.00,0.00,0.00,0.00,0.00,275432,467986,699003,285892,481092,712142,0,0,0,0,0,0,0,99463,0,124.00,124.08,124.14
1192,2,0,0,0,93619,93619,93619,3660,3660,3660,591,591,591,0.00,0.00,0.00,0.00,0.00,0.00,0.00,0.00,0.00,0.00,0.00,0.00,0.00,0.00,0.00,0.00,0.00,0.00,0.00,0.00,0.00,304956,376558,650019,320595,390179,663177,0,0,0,0,0,0,0,101196,0,126.19,126.24,126.33
1192,3,0,0,0,93660,93660,93660,3619,3619,3619,591,591,591,0.00,0.00,0.00,0.00,0.00,0.00,0.00,0.00,0.00,0.00,0.00,0.00,0.00,0.00,0.00,0.00,0.00,0.00,0.00,0.00,0.00,249864,299487,332859,262095,312941,345963,0,0,0,0,0,0,0,112483,0,140.08,140.10,140.13
1193,0,0,0,0,93656,93656,93656,3623,3623,3623,591,591,591,0.00,0.00,0.00,0.00,0.00,0.00,0.00,0.00,0.00,0.00,0.00,0.00,0.00,0.00,0.00,0.00,0.00,0.00,0.00,0.00,0.00,311891,442407,689306,327614,456560,702410,0,0,0,0,0,0,0,110035,0,137.29,137.36,137.42
1193,1,0,0,0,93624,93624,93624,3655,3655,3655,591,591,591,0.00,0.00,0.00,0.00,0.00,0.00,0.00,0.00,0.00,0.00,0.00,0.00,0.00,0.00,0.00,0.00,0.00,0.00,0.00,0.00,0.00,408865,576667,885875,421970,590294,898979,0,0,0,0,0,0,0,99512,0,124.12,124.14,124.16
1193,2,0,0,0,93619,93619,93619,3660,3660,3660,591,591,591,0.00,0.00,0.00,0.00,0.00,0.00,0.00,0.00,0.00,0.00,0.00,0.00,0.00,0.00,0.00,0.00,0.00,0.00,0.00,0.00,0.00,301393,380402,653155,317118,395074,666166,0,0,0,0,0,0,0,113700,0,126.08,126.13,126.19
1193,3,0,0,0,93660,93660,93660,3619,3619,3619,591,591,591,0.00,0.00,0.00,0.00,0.00,0.00,0.00,0.00,0.00,0.00,0.00,0.00,0.00,0.00,0.00,0.00,0.00,0.00,0.00,0.00,0.00,296160,323948,414110,311885,337577,427215,0,0,0,0,0,0,0,112598,0,140.10,140.14,140.22
1194,0,0,0,0,93656,93656,93656,3623,3623,3623,591,591,591,0.00,0.00,0.00,0.00,0.00,0.00,0.00,0.00,0.00,0.00,0.00,0.00,0.00,0.00,0.00,0.00,0.00,0.00,0.00,0.00,0.00,296166,329189,453421,311890,343342,466526,0,0,0,0,0,0,0,110296,0,137.29,137.38,137.52
1194,1,0,0,0,93624,93624,93624,3655,3655,3655,591,591,591,0.00,0.00,0.00,0.00,0.00,0.00,0.00,0.00,0.00,0.00,0.00,0.00,0.00,0.00,0.00,0.00,0.00,0.00,0.00,0.00,0.00,411488,507668,762650,424592,521808,778375,0,0,0,0,0,0,0,111711,0,123.99,124.05,124.14
1194,2,0,0,0,93619,93619,93619,3660,3660,3660,591,591,591,0.00,0.00,0.00,0.00,0.00,0.00,0.00,0.00,0.00,0.00,0.00,0.00,0.00,0.00,0.00,0.00,0.00,0.00,0.00,0.00,0.00,202097,558206,1344555,212373,570737,1355039,0,0,0,0,0,0,0,101062,0,126.04,126.06,126.08
1194,3,0,0,0,93660,93660,93660,3619,3619,3619,591,591,591,0.00,0.00,0.00,0.00,0.00,0.00,0.00,0.00,0.00,0.00,0.00,0.00,0.00,0.00,0.00,0.00,0.00,0.00,0.00,0.00,0.00,298788,535193,807262,314514,549346,820367,0,0,0,0,0,0,0,112335,0,140.19,140.22,140.24
1195,0,0,0,0,93656,93656,93656,3623,3623,3623,591,591,591,0.00,0.00,0.00,0.00,0.00,0.00,0.00,0.00,0.00,0.00,0.00,0.00,0.00,0.00,0.00,0.00,0.00,0.00,0.00,0.00,0.00,301406,519023,967618,314511,545462,972765,0,0,0,0,0,0,0,82675,0,137.39,137.43,137.46
1195,1,0,0,0,93624,93624,93624,3655,3655,3655,591,591,591,0.00,0.00,0.00,0.00,0.00,0.00,0.00,0.00,0.00,0.00,0.00,0.00,0.00,0.00,0.00,0.00,0.00,0.00,0.00,0.00,0.00,276070,456832,695095,284806,469493,708111,0,0,0,0,0,0,0,74584,0,124.00,124.08,124.12
1195,2,0,0,0,93619,93619,93619,3660,3660,3660,591,591,591,0.00,0.00,0.00,0.00,0.00,0.00,0.00,0.00,0.00,0.00,0.00,0.00,0.00,0.00,0.00,0.00,0.00,0.00,0.00,0.00,0.00,301409,399691,684058,317134,413451,697163,0,0,0,0,0,0,0,75887,0,126.00,126.06,126.13
1195,3,0,0,0,93660,93660,93660,3619,3619,3619,591,591,591,0.00,0.00,0.00,0.00,0.00,0.00,0.00,0.00,0.00,0.00,0.00,0.00,0.00,0.00,0.00,0.00,0.00,0.00,0.00,0.00,0.00,304030,352950,486605,317135,365980,499411,0,0,0,0,0,0,0,84551,0,140.22,140.26,140.31
1196,0,0,0,0,93656,93656,93656,3623,3623,3623,591,591,591,0.00,0.00,0.00,0.00,0.00,0.00,0.00,0.00,0.00,0.00,0.00,0.00,0.00,0.00,0.00,0.00,0.00,0.00,0.00,0.00,0.00,301392,432974,670959,314497,391563,686684,0,0,0,0,0,0,0,110174,0,137.38,137.44,137.49
1196,1,0,0,0,93624,93624,93624,3655,3655,3655,591,591,591,0.00,0.00,0.00,0.00,0.00,0.00,0.00,0.00,0.00,0.00,0.00,0.00,0.00,0.00,0.00,0.00,0.00,0.00,0.00,0.00,0.00,427208,595206,767935,440313,609350,781039,0,0,0,0,0,0,0,99465,0,124.02,124.04,124.11
1196,2,0,0,0,93619,93619,93619,3660,3660,3660,591,591,591,0.00,0.00,0.00,0.00,0.00,0.00,0.00,0.00,0.00,0.00,0.00,0.00,0.00,0.00,0.00,0.00,0.00,0.00,0.00,0.00,0.00,306652,374791,636890,319757,388420,652615,0,0,0,0,0,0,0,101101,0,126.10,126.15,126.19
1196,3,0,0,0,93660,93660,93660,3619,3619,3619,591,591,591,0.00,0.00,0.00,0.00,0.00,0.00,0.00,0.00,0.00,0.00,0.00,0.00,0.00,0.00,0.00,0.00,0.00,0.00,0.00,0.00,0.00,202681,302630,395764,211417,315909,408869,0,0,0,0,0,0,0,112642,0,140.22,140.28,140.35
1197,0,0,0,0,93656,93656,93656,3623,3623,3623,591,591,591,0.00,0.00,0.00,0.00,0.00,0.00,0.00,0.00,0.00,0.00,0.00,0.00,0.00,0.00,0.00,0.00,0.00,0.00,0.00,0.00,0.00,296165,306649,314512,309270,380558,626396,0,0,0,0,0,0,0,110183,0,137.43,137.44,137.45
1197,1,0,0,0,93624,93624,93624,3655,3655,3655,591,591,591,0.00,0.00,0.00,0.00,0.00,0.00,0.00,0.00,0.00,0.00,0.00,0.00,0.00,0.00,0.00,0.00,0.00,0.00,0.00,0.00,0.00,416729,516055,867529,429833,530200,880634,0,0,0,0,0,0,0,99487,0,124.11,124.14,124.18
1197,2,0,0,0,93619,93619,93619,3660,3660,3660,591,591,591,0.00,0.00,0.00,0.00,0.00,0.00,0.00,0.00,0.00,0.00,0.00,0.00,0.00,0.00,0.00,0.00,0.00,0.00,0.00,0.00,0.00,309273,591809,1179425,322377,605962,1192530,0,0,0,0,0,0,0,113823,0,126.10,126.19,126.25
1197,3,0,0,0,93660,93660,93660,3619,3619,3619,591,591,591,0.00,0.00,0.00,0.00,0.00,0.00,0.00,0.00,0.00,0.00,0.00,0.00,0.00,0.00,0.00,0.00,0.00,0.00,0.00,0.00,0.00,301407,324997,403626,314511,339149,419352,0,0,0,0,0,0,0,126703,0,140.26,140.30,140.34
1198,0,0,0,0,93656,93656,93656,3623,3623,3623,591,591,591,0.00,0.00,0.00,0.00,0.00,0.00,0.00,0.00,0.00,0.00,0.00,0.00,0.00,0.00,0.00,0.00,0.00,0.00,0.00,0.00,0.00,301389,338095,482250,314493,352248,495355,0,0,0,0,0,0,0,123739,0,137.26,137.31,137.41
1198,1,0,0,0,93624,93624,93624,3655,3655,3655,591,591,591,0.00,0.00,0.00,0.00,0.00,0.00,0.00,0.00,0.00,0.00,0.00,0.00,0.00,0.00,0.00,0.00,0.00,0.00,0.00,0.00,0.00,416726,540186,736483,429830,554331,752209,0,0,0,0,0,0,0,111768,0,124.00,124.08,124.14
1198,2,0,0,0,93619,93619,93619,3660,3660,3660,591,591,591,0.00,0.00,0.00,0.00,0.00,0.00,0.00,0.00,0.00,0.00,0.00,0.00,0.00,0.00,0.00,0.00,0.00,0.00,0.00,0.00,0.00,298563,321356,387986,314006,334613,396646,0,0,0,0,0,0,0,101158,0,126.09,126.15,126.22
1198,3,0,0,0,93660,93660,93660,3619,3619,3619,591,591,591,0.00,0.00,0.00,0.00,0.00,0.00,0.00,0.00,0.00,0.00,0.00,0.00,0.00,0.00,0.00,0.00,0.00,0.00,0.00,0.00,0.00,301411,535724,901611,317137,549877,914716,0,0,0,0,0,0,0,112605,0,140.29,140.36,140.40
1199,0,0,0,0,93656,93656,93656,3623,3623,3623,591,591,591,0.00,0.00,0.00,0.00,0.00,0.00,0.00,0.00,0.00,0.00,0.00,0.00,0.00,0.00,0.00,0.00,0.00,0.00,0.00,0.00,0.00,202685,516616,1200391,211421,529857,1216117,0,0,0,0,0,0,0,110081,0,137.25,137.28,137.32
1199,1,0,0,0,93624,93624,93624,3655,3655,3655,591,591,591,0.00,0.00,0.00,0.00,0.00,0.00,0.00,0.00,0.00,0.00,0.00,0.00,0.00,0.00,0.00,0.00,0.00,0.00,0.00,0.00,0.00,414103,434989,480486,427207,447910,487475,0,0,0,0,0,0,0,99289,0,123.92,123.96,124.02
1199,2,0,0,0,93619,93619,93619,3660,3660,3660,591,591,591,0.00,0.00,0.00,0.00,0.00,0.00,0.00,0.00,0.00,0.00,0.00,0.00,0.00,0.00,0.00,0.00,0.00,0.00,0.00,0.00,0.00,301404,455520,736488,314508,469672,749593,0,0,0,0,0,0,0,101094,0,125.98,126.04,126.09
1199,3,0,0,0,93660,93660,93660,3619,3619,3619,591,591,591,0.00,0.00,0.00,0.00,0.00,0.00,0.00,0.00,0.00,0.00,0.00,0.00,0.00,0.00,0.00,0.00,0.00,0.00,0.00,0.00,0.00,301391,342186,490122,314495,355767,503227,0,0,0,0,0,0,0,112760,0,140.36,140.39,140.43
1200,0,0,0,0,93656,93656,93656,3623,3623,3623,591,591,591,0.00,0.00,0.00,0.00,0.00,0.00,0.00,0.00,0.00,0.00,0.00,0.00,0.00,0.00,0.00,0.00,0.00,0.00,0.00,0.00,0.00,301407,388421,694549,314512,402050,710275,0,0,0,0,0,0,0,110205,0,137.29,137.37,137.45
1200,1,0,0,0,93624,93624,93624,3655,3655,3655,591,591,591,0.00,0.00,0.00,0.00,0.00,0.00,0.00,0.00,0.00,0.00,0.00,0.00,0.00,0.00,0.00,0.00,0.00,0.00,0.00,0.00,0.00,414106,526382,788900,427211,539999,802005,0,0,0,0,0,0,0,99278,0,123.94,124.00,124.04
1200,2,0,0,0,93619,93619,93619,3660,3660,3660,591,591,591,0.00,0.00,0.00,0.00,0.00,0.00,0.00,0.00,0.00,0.00,0.00,0.00,0.00,0.00,0.00,0.00,0.00,0.00,0.00,0.00,0.00,306645,384754,689308,319750,398383,702413,0,0,0,0,0,0,0,101102,0,125.93,125.97,125.99
1200,3,0,0,0,93660,93660,93660,3619,3619,3619,591,591,591,0.00,0.00,0.00,0.00,0.00,0.00,0.00,0.00,0.00,0.00,0.00,0.00,0.00,0.00,0.00,0.00,0.00,0.00,0.00,0.00,0.00,200942,334781,471770,209679,348061,487496,0,0,0,0,0,0,0,112827,0,140.26,140.34,140.39
1201,0,0,0,0,93656,93656,93656,3623,3623,3623,591,591,591,0.00,0.00,0.00,0.00,0.00,0.00,0.00,0.00,0.00,0.00,0.00,0.00,0.00,0.00,0.00,0.00,0.00,0.00,0.00,0.00,0.00,298770,401000,600197,311873,415152,615923,0,0,0,0,0,0,0,110016,0,137.28,137.32,137.41
1201,1,0,0,0,93624,93624,93624,3655,3655,3655,591,591,591,0.00,0.00,0.00,0.00,0.00,0.00,0.00,0.00,0.00,0.00,0.00,0.00,0.00,0.00,0.00,0.00,0.00,0.00,0.00,0.00,0.00,411485,509612,865824,424590,523755,881614,0,0,0,0,0,0,0,99528,0,123.92,124.02,124.15
1201,2,0,0,0,93619,93619,93619,3660,3660,3660,591,591,591,0.00,0.00,0.00,0.00,0.00,0.00,0.00,0.00,0.00,0.00,0.00,0.00,0.00,0.00,0.00,0.00,0.00,0.00,0.00,0.00,0.00,304023,576068,1299913,319748,590220,1315637,0,0,0,0,0,0,0,113802,0,125.94,125.97,125.98
1201,3,0,0,0,93660,93660,93660,3619,3619,3619,591,591,591,0.00,0.00,0.00,0.00,0.00,0.00,0.00,0.00,0.00,0.00,0.00,0.00,0.00,0.00,0.00,0.00,0.00,0.00,0.00,0.00,0.00,301410,479104,836086,314515,493257,851811,0,0,0,0,0,0,0,126990,0,140.47,140.53,140.56
1202,0,0,0,0,93656,93656,93656,3623,3623,3623,591,591,591,0.00,0.00,0.00,0.00,0.00,0.00,0.00,0.00,0.00,0.00,0.00,0.00,0.00,0.00,0.00,0.00,0.00,0.00,0.00,0.00,0.00,296165,486969,1210869,311890,500597,1223974,0,0,0,0,0,0,0,96435,0,137.30,137.35,137.42
1202,1,0,0,0,93624,93624,93624,3655,3655,3655,591,591,591,0.00,0.00,0.00,0.00,0.00,0.00,0.00,0.00,0.00,0.00,0.00,0.00,0.00,0.00,0.00,0.00,0.00,0.00,0.00,0.00,0.00,414104,537096,731462,429830,551223,744478,0,0,0,0,0,0,0,74579,0,124.16,124.17,124.20
1202,2,0,0,0,93619,93619,93619,3660,3660,3660,591,591,591,0.00,0.00,0.00,0.00,0.00,0.00,0.00,0.00,0.00,0.00,0.00,0.00,0.00,0.00,0.00,0.00,0.00,0.00,0.00,0.00,0.00,202226,364366,705036,210868,377114,718140,0,0,0,0,0,0,0,101186,0,126.09,126.16,126.21
1202,3,0,0,0,93660,93660,93660,3619,3619,3619,591,591,591,0.00,0.00,0.00,0.00,0.00,0.00,0.00,0.00,0.00,0.00,0.00,0.00,0.00,0.00,0.00,0.00,0.00,0.00,0.00,0.00,0.00,304025,407819,597577,319750,421448,610682,0,0,0,0,0,0,0,84696,0,140.47,140.56,140.61
1203,0,0,0,0,93656,93656,93656,3623,3623,3623,591,591,591,0.00,0.00,0.00,0.00,0.00,0.00,0.00,0.00,0.00,0.00,0.00,0.00,0.00,0.00,0.00,0.00,0.00,0.00,0.00,0.00,0.00,200931,338229,554458,211414,351872,569718,0,0,0,0,0,0,0,110050,0,137.31,137.38,137.44
1203,1,0,0,0,93624,93624,93624,3655,3655,3655,591,591,591,0.00,0.00,0.00,0.00,0.00,0.00,0.00,0.00,0.00,0.00,0.00,0.00,0.00,0.00,0.00,0.00,0.00,0.00,0.00,0.00,0.00,414105,466958,537285,429831,480281,553010,0,0,0,0,0,0,0,99517,0,124.17,124.18,124.20
1203,2,0,0,0,93619,93619,93619,3660,3660,3660,591,591,591,0.00,0.00,0.00,0.00,0.00,0.00,0.00,0.00,0.00,0.00,0.00,0.00,0.00,0.00,0.00,0.00,0.00,0.00,0.00,0.00,0.00,304031,387899,621163,317135,402314,636888,0,0,0,0,0,0,0,75813,0,126.14,126.19,126.22
1203,3,0,0,0,93660,93660,93660,3619,3619,3619,591,591,591,0.00,0.00,0.00,0.00,0.00,0.00,0.00,0.00,0.00,0.00,0.00,0.00,0.00,0.00,0.00,0.00,0.00,0.00,0.00,0.00,0.00,304028,328928,387900,317132,342688,401005,0,0,0,0,0,0,0,112615,0,140.19,140.25,140.37
1204,0,0,0,0,93656,93656,93656,3623,3623,3623,591,591,591,0.00,0.00,0.00,0.00,0.00,0.00,0.00,0.00,0.00,0.00,0.00,0.00,0.00,0.00,0.00,0.00,0.00,0.00,0.00,0.00,0.00,311886,450275,715515,324991,463904,725998,0,0,0,0,0,0,0,110136,0,137.28,137.32,137.38
1204,1,0,0,0,93624,93624,93624,3655,3655,3655,591,591,591,0.00,0.00,0.00,0.00,0.00,0.00,0.00,0.00,0.00,0.00,0.00,0.00,0.00,0.00,0.00,0.00,0.00,0.00,0.00,0.00,0.00,414107,491435,758837,427212,505059,774537,0,0,0,0,0,0,0,99588,0,124.20,124.27,124.32
1204,2,0,0,0,93619,93619,93619,3660,3660,3660,591,591,591,0.00,0.00,0.00,0.00,0.00,0.00,0.00,0.00,0.00,0.00,0.00,0.00,0.00,0.00,0.00,0.00,0.00,0.00,0.00,0.00,0.00,304028,381080,639504,319753,394709,655230,0,0,0,0,0,0,0,101190,0,126.11,126.14,126.19
1204,3,0,0,0,93660,93660,93660,3619,3619,3619,591,591,591,0.00,0.00,0.00,0.00,0.00,0.00,0.00,0.00,0.00,0.00,0.00,0.00,0.00,0.00,0.00,0.00,0.00,0.00,0.00,0.00,0.00,200934,310667,427216,209671,323947,440321,0,0,0,0,0,0,0,112781,0,140.24,140.39,140.51
1205,0,0,0,0,93656,93656,93656,3623,3623,3623,591,591,591,0.00,0.00,0.00,0.00,0.00,0.00,0.00,0.00,0.00,0.00,0.00,0.00,0.00,0.00,0.00,0.00,0.00,0.00,0.00,0.00,0.00,296165,336002,484868,309270,350155,500594,0,0,0,0,0,0,0,110157,0,137.35,137.39,137.43
1205,1,0,0,0,93624,93624,93624,3655,3655,3655,591,591,591,0.00,0.00,0.00,0.00,0.00,0.00,0.00,0.00,0.00,0.00,0.00,0.00,0.00,0.00,0.00,0.00,0.00,0.00,0.00,0.00,0.00,406246,485329,746964,419351,498955,760069,0,0,0,0,0,0,0,111922,0,124.12,124.21,124.27
1205,2,0,0,0,93619,93619,93619,3660,3660,3660,591,591,591,0.00,0.00,0.00,0.00,0.00,0.00,0.00,0.00,0.00,0.00,0.00,0.00,0.00,0.00,0.00,0.00,0.00,0.00,0.00,0.00,0.00,304029,577131,1381235,317134,591284,1396961,0,0,0,0,0,0,0,101201,0,126.17,126.21,126.25
1205,3,0,0,0,93660,93660,93660,3619,3619,3619,591,591,591,0.00,0.00,0.00,0.00,0.00,0.00,0.00,0.00,0.00,0.00,0.00,0.00,0.00,0.00,0.00,0.00,0.00,0.00,0.00,0.00,0.00,298789,501125,993344,311894,514754,1009070,0,0,0,0,0,0,0,126966,0,140.49,140.53,140.58
1206,0,0,0,0,93656,93656,93656,3623,3623,3623,591,591,591,0.00,0.00,0.00,0.00,0.00,0.00,0.00,0.00,0.00,0.00,0.00,0.00,0.00,0.00,0.00,0.00,0.00,0.00,0.00,0.00,0.00,298770,542527,1208238,311874,556156,1223963,0,0,0,0,0,0,0,123929,0,137.32,137.36,137.40
1206,1,0,0,0,93624,93624,93624,3655,3655,3655,591,591,591,0.00,0.00,0.00,0.00,0.00,0.00,0.00,0.00,0.00,0.00,0.00,0.00,0.00,0.00,0.00,0.00,0.00,0.00,0.00,0.00,0.00,419343,505143,716972,435068,519261,732672,0,0,0,0,0,0,0,99430,0,124.15,124.17,124.19
1206,2,0,0,0,93619,93619,93619,3660,3660,3660,591,591,591,0.00,0.00,0.00,0.00,0.00,0.00,0.00,0.00,0.00,0.00,0.00,0.00,0.00,0.00,0.00,0.00,0.00,0.00,0.00,0.00,0.00,202399,366003,722885,211049,379253,736576,0,0,0,0,0,0,0,101202,0,126.18,126.20,126.21
1206,3,0,0,0,93660,93660,93660,3619,3619,3619,591,591,591,0.00,0.00,0.00,0.00,0.00,0.00,0.00,0.00,0.00,0.00,0.00,0.00,0.00,0.00,0.00,0.00,0.00,0.00,0.00,0.00,0.00,298788,342291,500577,314513,356444,513681,0,0,0,0,0,0,0,112710,0,140.38,140.42,140.48
1207,0,0,0,0,93656,93656,93656,3623,3623,3623,591,591,591,0.00,0.00,0.00,0.00,0.00,0.00,0.00,0.00,0.00,0.00,0.00,0.00,0.00,0.00,0.00,0.00,0.00,0.00,0.00,0.00,0.00,294282,333529,450799,307189,346769,459535,0,0,0,0,0,0,0,110010,0,137.18,137.26,137.32
1207,1,0,0,0,93624,93624,93624,3655,3655,3655,591,591,591,0.00,0.00,0.00,0.00,0.00,0.00,0.00,0.00,0.00,0.00,0.00,0.00,0.00,0.00,0.00,0.00,0.00,0.00,0.00,0.00,0.00,290037,553360,767928,300520,566465,783654,0,0,0,0,0,0,0,99450,0,124.10,124.14,124.15
1207,2,0,0,0,93619,93619,93619,3660,3660,3660,591,591,591,0.00,0.00,0.00,0.00,0.00,0.00,0.00,0.00,0.00,0.00,0.00,0.00,0.00,0.00,0.00,0.00,0.00,0.00,0.00,0.00,0.00,304027,378461,668329,317132,392090,681434,0,0,0,0,0,0,0,101095,0,126.05,126.09,126.14
1207,3,0,0,0,93660,93660,93660,3619,3619,3619,591,591,591,0.00,0.00,0.00,0.00,0.00,0.00,0.00,0.00,0.00,0.00,0.00,0.00,0.00,0.00,0.00,0.00,0.00,0.00,0.00,0.00,0.00,204434,311893,458669,213170,325173,471774,0,0,0,0,0,0,0,112664,0,140.34,140.41,140.46
1208,0,0,0,0,93656,93656,93656,3623,3623,3623,591,591,591,0.00,0.00,0.00,0.00,0.00,0.00,0.00,0.00,0.00,0.00,0.00,0.00,0.00,0.00,0.00,0.00,0.00,0.00,0.00,0.00,0.00,298787,371118,634253,311891,384747,649978,0,0,0,0,0,0,0,110054,0,137.22,137.23,137.29
1208,1,0,0,0,93624,93624,93624,3655,3655,3655,591,591,591,0.00,0.00,0.00,0.00,0.00,0.00,0.00,0.00,0.00,0.00,0.00,0.00,0.00,0.00,0.00,0.00,0.00,0.00,0.00,0.00,0.00,416726,512129,841323,427210,525758,857048,0,0,0,0,0,0,0,99386,0,124.03,124.09,124.14
1208,2,0,0,0,93619,93619,93619,3660,3660,3660,591,591,591,0.00,0.00,0.00,0.00,0.00,0.00,0.00,0.00,0.00,0.00,0.00,0.00,0.00,0.00,0.00,0.00,0.00,0.00,0.00,0.00,0.00,306643,580784,1307775,319748,594937,1320879,0,0,0,0,0,0,0,113728,0,125.99,126.01,126.03
1208,3,0,0,0,93660,93660,93660,3619,3619,3619,591,591,591,0.00,0.00,0.00,0.00,0.00,0.00,0.00,0.00,0.00,0.00,0.00,0.00,0.00,0.00,0.00,0.00,0.00,0.00,0.00,0.00,0.00,301409,325521,395763,317128,339674,408868,0,0,0,0,0,0,0,126729,0,140.32,140.34,140.37
1209,0,0,0,0,93656,93656,93656,3623,3623,3623,591,591,591,0.00,0.00,0.00,0.00,0.00,0.00,0.00,0.00,0.00,0.00,0.00,0.00,0.00,0.00,0.00,0.00,0.00,0.00,0.00,0.00,0.00,293547,332334,466526,309269,346487,482252,0,0,0,0,0,0,0,123826,0,137.34,137.38,137.43
1209,1,0,0,0,93624,93624,93624,3655,3655,3655,591,591,591,0.00,0.00,0.00,0.00,0.00,0.00,0.00,0.00,0.00,0.00,0.00,0.00,0.00,0.00,0.00,0.00,0.00,0.00,0.00,0.00,0.00,416006,571773,757442,429087,585398,773168,0,0,0,0,0,0,0,86947,0,123.93,123.98,124.03
1209,2,0,0,0,93619,93619,93619,3660,3660,3660,591,591,591,0.00,0.00,0.00,0.00,0.00,0.00,0.00,0.00,0.00,0.00,0.00,0.00,0.00,0.00,0.00,0.00,0.00,0.00,0.00,0.00,0.00,200853,354682,647367,209364,367392,660471,0,0,0,0,0,0,0,101153,0,126.10,126.12,126.15
1209,3,0,0,0,93660,93660,93660,3619,3619,3619,591,591,591,0.00,0.00,0.00,0.00,0.00,0.00,0.00,0.00,0.00,0.00,0.00,0.00,0.00,0.00,0.00,0.00,0.00,0.00,0.00,0.00,0.00,301404,535192,833469,317129,549345,849195,0,0,0,0,0,0,0,84303,0,140.19,140.28,140.35
1210,0,0,0,0,93656,93656,93656,3623,3623,3623,591,591,591,0.00,0.00,0.00,0.00,0.00,0.00,0.00,0.00,0.00,0.00,0.00,0.00,0.00,0.00,0.00,0.00,0.00,0.00,0.00,0.00,0.00,298787,598882,1218730,311891,612642,1231835,0,0,0,0,0,0,0,82652,0,137.44,137.50,137.55
1210,1,0,0,0,93624,93624,93624,3655,3655,3655,591,591,591,0.00,0.00,0.00,0.00,0.00,0.00,0.00,0.00,0.00,0.00,0.00,0.00,0.00,0.00,0.00,0.00,0.00,0.00,0.00,0.00,0.00,419346,497235,715507,432451,511646,728611,0,0,0,0,0,0,0,99464,0,124.06,124.10,124.14
1210,2,0,0,0,93619,93619,93619,3660,3660,3660,591,591,591,0.00,0.00,0.00,0.00,0.00,0.00,0.00,0.00,0.00,0.00,0.00,0.00,0.00,0.00,0.00,0.00,0.00,0.00,0.00,0.00,0.00,304024,402321,686717,317128,416736,702443,0,0,0,0,0,0,0,75982,0,126.14,126.19,126.24
1210,3,0,0,0,93660,93660,93660,3619,3619,3619,591,591,591,0.00,0.00,0.00,0.00,0.00,0.00,0.00,0.00,0.00,0.00,0.00,0.00,0.00,0.00,0.00,0.00,0.00,0.00,0.00,0.00,0.00,304031,363656,495359,314515,376761,511085,0,0,0,0,0,0,0,112714,0,140.16,140.21,140.30
1211,0,0,0,0,93656,93656,93656,3623,3623,3623,591,591,591,0.00,0.00,0.00,0.00,0.00,0.00,0.00,0.00,0.00,0.00,0.00,0.00,0.00,0.00,0.00,0.00,0.00,0.00,0.00,0.00,0.00,218411,366787,704988,227147,380030,720713,0,0,0,0,0,0,0,110182,0,137.41,137.46,137.53
1211,1,0,0,0,93624,93624,93624,3655,3655,3655,591,591,591,0.00,0.00,0.00,0.00,0.00,0.00,0.00,0.00,0.00,0.00,0.00,0.00,0.00,0.00,0.00,0.00,0.00,0.00,0.00,0.00,0.00,368313,480429,739098,378787,493532,752202,0,0,0,0,0,0,0,99471,0,124.10,124.14,124.18
1211,2,0,0,0,93619,93619,93619,3660,3660,3660,591,591,591,0.00,0.00,0.00,0.00,0.00,0.00,0.00,0.00,0.00,0.00,0.00,0.00,0.00,0.00,0.00,0.00,0.00,0.00,0.00,0.00,0.00,306652,456039,676202,319757,470192,691927,0,0,0,0,0,0,0,101165,0,126.12,126.14,126.21
1211,3,0,0,0,93660,93660,93660,3619,3619,3619,591,591,591,0.00,0.00,0.00,0.00,0.00,0.00,0.00,0.00,0.00,0.00,0.00,0.00,0.00,0.00,0.00,0.00,0.00,0.00,0.00,0.00,0.00,202681,295291,351206,211418,308570,364311,0,0,0,0,0,0,0,112645,0,140.31,140.35,140.37
1212,0,0,0,0,93656,93656,93656,3623,3623,3623,591,591,591,0.00,0.00,0.00,0.00,0.00,0.00,0.00,0.00,0.00,0.00,0.00,0.00,0.00,0.00,0.00,0.00,0.00,0.00,0.00,0.00,0.00,298784,358543,579226,309268,372171,592331,0,0,0,0,0,0,0,110152,0,137.43,137.44,137.45
1212,1,0,0,0,93624,93624,93624,3655,3655,3655,591,591,591,0.00,0.00,0.00,0.00,0.00,0.00,0.00,0.00,0.00,0.00,0.00,0.00,0.00,0.00,0.00,0.00,0.00,0.00,0.00,0.00,0.00,414105,422757,440315,427210,436374,453420,0,0,0,0,0,0,0,99476,0,124.01,124.02,124.03
1212,2,0,0,0,93619,93619,93619,3660,3660,3660,591,591,591,0.00,0.00,0.00,0.00,0.00,0.00,0.00,0.00,0.00,0.00,0.00,0.00,0.00,0.00,0.00,0.00,0.00,0.00,0.00,0.00,0.00,304028,514226,1334055,317133,528379,1347159,0,0,0,0,0,0,0,113861,0,126.14,126.18,126.22
1212,3,0,0,0,93660,93660,93660,3619,3619,3619,591,591,591,0.00,0.00,0.00,0.00,0.00,0.00,0.00,0.00,0.00,0.00,0.00,0.00,0.00,0.00,0.00,0.00,0.00,0.00,0.00,0.00,0.00,301409,327618,421974,314514,341771,437700,0,0,0,0,0,0,0,126710,0,140.31,140.35,140.37
1213,0,0,0,0,93656,93656,93656,3623,3623,3623,591,591,591,0.00,0.00,0.00,0.00,0.00,0.00,0.00,0.00,0.00,0.00,0.00,0.00,0.00,0.00,0.00,0.00,0.00,0.00,0.00,0.00,0.00,298785,511593,1179359,311889,526270,1195084,0,0,0,0,0,0,0,123938,0,137.35,137.42,137.45
1213,1,0,0,0,93624,93624,93624,3655,3655,3655,591,591,591,0.00,0.00,0.00,0.00,0.00,0.00,0.00,0.00,0.00,0.00,0.00,0.00,0.00,0.00,0.00,0.00,0.00,0.00,0.00,0.00,0.00,411484,564635,763128,424589,578255,778809,0,0,0,0,0,0,0,111832,0,124.07,124.11,124.16
1213,2,0,0,0,93619,93619,93619,3660,3660,3660,591,591,591,0.00,0.00,0.00,0.00,0.00,0.00,0.00,0.00,0.00,0.00,0.00,0.00,0.00,0.00,0.00,0.00,0.00,0.00,0.00,0.00,0.00,306651,405725,636886,322377,418460,647370,0,0,0,0,0,0,0,101108,0,125.99,126.04,126.10
1213,3,0,0,0,93660,93660,93660,3619,3619,3619,591,591,591,0.00,0.00,0.00,0.00,0.00,0.00,0.00,0.00,0.00,0.00,0.00,0.00,0.00,0.00,0.00,0.00,0.00,0.00,0.00,0.00,0.00,304031,503223,993346,317135,517376,1006451,0,0,0,0,0,0,0,112769,0,140.27,140.30,140.36
1214,0,0,0,0,93656,93656,93656,3623,3623,3623,591,591,591,0.00,0.00,0.00,0.00,0.00,0.00,0.00,0.00,0.00,0.00,0.00,0.00,0.00,0.00,0.00,0.00,0.00,0.00,0.00,0.00,0.00,296165,360275,594953,307288,373348,610678,0,0,0,0,0,0,0,110105,0,137.33,137.37,137.41
1214,1,0,0,0,93624,93624,93624,3655,3655,3655,591,591,591,0.00,0.00,0.00,0.00,0.00,0.00,0.00,0.00,0.00,0.00,0.00,0.00,0.00,0.00,0.00,0.00,0.00,0.00,0.00,0.00,0.00,365169,476890,644744,373905,490160,660470,0,0,0,0,0,0,0,99566,0,124.12,124.15,124.18
1214,2,0,0,0,93619,93619,93619,3660,3660,3660,591,591,591,0.00,0.00,0.00,0.00,0.00,0.00,0.00,0.00,0.00,0.00,0.00,0.00,0.00,0.00,0.00,0.00,0.00,0.00,0.00,0.00,0.00,299017,371109,636887,314511,384750,652612,0,0,0,0,0,0,0,101270,0,126.07,126.19,126.28
1214,3,0,0,0,93660,93660,93660,3619,3619,3619,591,591,591,0.00,0.00,0.00,0.00,0.00,0.00,0.00,0.00,0.00,0.00,0.00,0.00,0.00,0.00,0.00,0.00,0.00,0.00,0.00,0.00,0.00,298792,380466,505815,314518,394048,518919,0,0,0,0,0,0,0,112754,0,140.40,140.47,140.54
1215,0,0,0,0,93656,93656,93656,3623,3623,3623,591,591,591,0.00,0.00,0.00,0.00,0.00,0.00,0.00,0.00,0.00,0.00,0.00,0.00,0.00,0.00,0.00,0.00,0.00,0.00,0.00,0.00,0.00,214916,426138,686563,223652,439941,702286,0,0,0,0,0,0,0,110112,0,137.33,137.37,137.43
1215,1,0,0,0,93624,93624,93624,3655,3655,3655,591,591,591,0.00,0.00,0.00,0.00,0.00,0.00,0.00,0.00,0.00,0.00,0.00,0.00,0.00,0.00,0.00,0.00,0.00,0.00,0.00,0.00,0.00,414106,494872,776276,427213,509015,789433,0,0,0,0,0,0,0,99485,0,124.15,124.20,124.24
1215,2,0,0,0,93619,93619,93619,3660,3660,3660,591,591,591,0.00,0.00,0.00,0.00,0.00,0.00,0.00,0.00,0.00,0.00,0.00,0.00,0.00,0.00,0.00,0.00,0.00,0.00,0.00,0.00,0.00,306643,383179,657856,319748,397333,673582,0,0,0,0,0,0,0,101218,0,126.23,126.26,126.31
1215,3,0,0,0,93660,93660,93660,3619,3619,3619,591,591,591,0.00,0.00,0.00,0.00,0.00,0.00,0.00,0.00,0.00,0.00,0.00,0.00,0.00,0.00,0.00,0.00,0.00,0.00,0.00,0.00,0.00,200942,302805,408860,209679,316085,424585,0,0,0,0,0,0,0,112581,0,140.26,140.35,140.45
1216,0,0,0,0,93656,93656,93656,3623,3623,3623,591,591,591,0.00,0.00,0.00,0.00,0.00,0.00,0.00,0.00,0.00,0.00,0.00,0.00,0.00,0.00,0.00,0.00,0.00,0.00,0.00,0.00,0.00,298781,335474,477010,311885,349103,492736,0,0,0,0,0,0,0,110079,0,137.27,137.31,137.35
1216,1,0,0,0,93624,93624,93624,3655,3655,3655,591,591,591,0.00,0.00,0.00,0.00,0.00,0.00,0.00,0.00,0.00,0.00,0.00,0.00,0.00,0.00,0.00,0.00,0.00,0.00,0.00,0.00,0.00,408863,492526,752201,424170,506147,762685,0,0,0,0,0,0,0,111948,0,124.16,124.19,124.22
1216,2,0,0,0,93619,93619,93619,3660,3660,3660,591,591,591,0.00,0.00,0.00,0.00,0.00,0.00,0.00,0.00,0.00,0.00,0.00,0.00,0.00,0.00,0.00,0.00,0.00,0.00,0.00,0.00,0.00,301408,575024,1310443,314512,588652,1320926,0,0,0,0,0,0,0,101472,0,126.31,126.43,126.54
1216,3,0,0,0,93660,93660,93660,3619,3619,3619,591,591,591,0.00,0.00,0.00,0.00,0.00,0.00,0.00,0.00,0.00,0.00,0.00,0.00,0.00,0.00,0.00,0.00,0.00,0.00,0.00,0.00,0.00,298772,501120,972359,311876,514749,985463,0,0,0,0,0,0,0,126832,0,140.27,140.34,140.40
1217,0,0,0,0,93656,93656,93656,3623,3623,3623,591,591,591,0.00,0.00,0.00,0.00,0.00,0.00,0.00,0.00,0.00,0.00,0.00,0.00,0.00,0.00,0.00,0.00,0.00,0.00,0.00,0.00,0.00,293544,540963,1250193,309270,555116,1265918,0,0,0,0,0,0,0,96295,0,137.20,137.32,137.37
1217,1,0,0,0,93624,93624,93624,3655,3655,3655,591,591,591,0.00,0.00,0.00,0.00,0.00,0.00,0.00,0.00,0.00,0.00,0.00,0.00,0.00,0.00,0.00,0.00,0.00,0.00,0.00,0.00,0.00,410641,500800,723722,423719,514942,739512,0,0,0,0,0,0,0,74517,0,124.00,124.06,124.13
1217,2,0,0,0,93619,93619,93619,3660,3660,3660,591,591,591,0.00,0.00,0.00,0.00,0.00,0.00,0.00,0.00,0.00,0.00,0.00,0.00,0.00,0.00,0.00,0.00,0.00,0.00,0.00,0.00,0.00,204261,363229,678825,212917,376493,694551,0,0,0,0,0,0,0,101246,0,126.22,126.35,126.49
1217,3,0,0,0,93660,93660,93660,3619,3619,3619,591,591,591,0.00,0.00,0.00,0.00,0.00,0.00,0.00,0.00,0.00,0.00,0.00,0.00,0.00,0.00,0.00,0.00,0.00,0.00,0.00,0.00,0.00,301409,348585,479627,314514,362739,495352,0,0,0,0,0,0,0,84561,0,140.41,140.42,140.43
1218,0,0,0,0,93656,93656,93656,3623,3623,3623,591,591,591,0.00,0.00,0.00,0.00,0.00,0.00,0.00,0.00,0.00,0.00,0.00,0.00,0.00,0.00,0.00,0.00,0.00,0.00,0.00,0.00,0.00,298783,392780,643313,311887,406392,658450,0,0,0,0,0,0,0,110072,0,137.15,137.19,137.21
1218,1,0,0,0,93624,93624,93624,3655,3655,3655,591,591,591,0.00,0.00,0.00,0.00,0.00,0.00,0.00,0.00,0.00,0.00,0.00,0.00,0.00,0.00,0.00,0.00,0.00,0.00,0.00,0.00,0.00,286556,482744,693929,295292,496065,706973,0,0,0,0,0,0,0,99441,0,123.99,124.04,124.10
1218,2,0,0,0,93619,93619,93619,3660,3660,3660,591,591,591,0.00,0.00,0.00,0.00,0.00,0.00,0.00,0.00,0.00,0.00,0.00,0.00,0.00,0.00,0.00,0.00,0.00,0.00,0.00,0.00,0.00,296169,391830,657851,309274,406246,676198,0,0,0,0,0,0,0,75794,0,126.02,126.06,126.12
1218,3,0,0,0,93660,93660,93660,3619,3619,3619,591,591,591,0.00,0.00,0.00,0.00,0.00,0.00,0.00,0.00,0.00,0.00,0.00,0.00,0.00,0.00,0.00,0.00,0.00,0.00,0.00,0.00,0.00,289713,314866,369559,305234,328575,380043,0,0,0,0,0,0,0,112570,0,140.22,140.28,140.34
1219,0,0,0,0,93656,93656,93656,3623,3623,3623,591,591,591,0.00,0.00,0.00,0.00,0.00,0.00,0.00,0.00,0.00,0.00,0.00,0.00,0.00,0.00,0.00,0.00,0.00,0.00,0.00,0.00,0.00,216664,346284,597577,227147,359387,610682,0,0,0,0,0,0,0,110129,0,137.25,137.29,137.34
1219,1,0,0,0,93624,93624,93624,3655,3655,3655,591,591,591,0.00,0.00,0.00,0.00,0.00,0.00,0.00,0.00,0.00,0.00,0.00,0.00,0.00,0.00,0.00,0.00,0.00,0.00,0.00,0.00,0.00,411486,486694,749580,421970,500315,762684,0,0,0,0,0,0,0,99550,0,124.09,124.16,124.20
1219,2,0,0,0,93619,93619,93619,3660,3660,3660,591,591,591,0.00,0.00,0.00,0.00,0.00,0.00,0.00,0.00,0.00,0.00,0.00,0.00,0.00,0.00,0.00,0.00,0.00,0.00,0.00,0.00,0.00,304026,383177,673580,317130,397330,686684,0,0,0,0,0,0,0,113665,0,126.02,126.04,126.05
1219,3,0,0,0,93660,93660,93660,3619,3619,3619,591,591,591,0.00,0.00,0.00,0.00,0.00,0.00,0.00,0.00,0.00,0.00,0.00,0.00,0.00,0.00,0.00,0.00,0.00,0.00,0.00,0.00,0.00,200934,306999,421976,209670,320278,435081,0,0,0,0,0,0,0,112611,0,140.25,140.27,140.28
1220,0,0,0,0,93656,93656,93656,3623,3623,3623,591,591,591,0.00,0.00,0.00,0.00,0.00,0.00,0.00,0.00,0.00,0.00,0.00,0.00,0.00,0.00,0.00,0.00,0.00,0.00,0.00,0.00,0.00,296165,340196,479625,309270,353824,495350,0,0,0,0,0,0,0,110128,0,137.34,137.37,137.41
1220,1,0,0,0,93624,93624,93624,3655,3655,3655,591,591,591,0.00,0.00,0.00,0.00,0.00,0.00,0.00,0.00,0.00,0.00,0.00,0.00,0.00,0.00,0.00,0.00,0.00,0.00,0.00,0.00,0.00,414108,502954,712892,427212,517098,725997,0,0,0,0,0,0,0,111981,0,124.14,124.20,124.28
1220,2,0,0,0,93619,93619,93619,3660,3660,3660,591,591,591,0.00,0.00,0.00,0.00,0.00,0.00,0.00,0.00,0.00,0.00,0.00,0.00,0.00,0.00,0.00,0.00,0.00,0.00,0.00,0.00,0.00,306651,583943,1383855,322376,597572,1396959,0,0,0,0,0,0,0,101358,0,126.08,126.16,126.26
1220,3,0,0,0,93660,93660,93660,3619,3619,3619,591,591,591,0.00,0.00,0.00,0.00,0.00,0.00,0.00,0.00,0.00,0.00,0.00,0.00,0.00,0.00,0.00,0.00,0.00,0.00,0.00,0.00,0.00,304028,500602,988101,317133,514230,1001205,0,0,0,0,0,0,0,126697,0,140.29,140.31,140.34
1221,0,0,0,0,93656,93656,93656,3623,3623,3623,591,591,591,0.00,0.00,0.00,0.00,0.00,0.00,0.00,0.00,0.00,0.00,0.00,0.00,0.00,0.00,0.00,0.00,0.00,0.00,0.00,0.00,0.00,301407,541484,1197760,317131,555636,1210865,0,0,0,0,0,0,0,110155,0,137.28,137.32,137.36
1221,1,0,0,0,93624,93624,93624,3655,3655,3655,591,591,591,0.00,0.00,0.00,0.00,0.00,0.00,0.00,0.00,0.00,0.00,0.00,0.00,0.00,0.00,0.00,0.00,0.00,0.00,0.00,0.00,0.00,416729,505298,674683,429834,519389,690133,0,0,0,0,0,0,0,99447,0,124.13,124.22,124.29
1221,2,0,0,0,93619,93619,93619,3660,3660,3660,591,591,591,0.00,0.00,0.00,0.00,0.00,0.00,0.00,0.00,0.00,0.00,0.00,0.00,0.00,0.00,0.00,0.00,0.00,0.00,0.00,0.00,0.00,203811,358736,670962,214174,371214,686688,0,0,0,0,0,0,0,101359,0,126.24,126.27,126.32
1221,3,0,0,0,93660,93660,93660,3619,3619,3619,591,591,591,0.00,0.00,0.00,0.00,0.00,0.00,0.00,0.00,0.00,0.00,0.00,0.00,0.00,0.00,0.00,0.00,0.00,0.00,0.00,0.00,0.00,301393,345438,503224,317118,359591,516329,0,0,0,0,0,0,0,112512,0,140.13,140.18,140.27
1222,0,0,0,0,93656,93656,93656,3623,3623,3623,591,591,591,0.00,0.00,0.00,0.00,0.00,0.00,0.00,0.00,0.00,0.00,0.00,0.00,0.00,0.00,0.00,0.00,0.00,0.00,0.00,0.00,0.00,301409,386353,718131,314514,399939,733857,0,0,0,0,0,0,0,110056,0,137.30,137.38,137.42
1222,1,0,0,0,93624,93624,93624,3655,3655,3655,591,591,591,0.00,0.00,0.00,0.00,0.00,0.00,0.00,0.00,0.00,0.00,0.00,0.00,0.00,0.00,0.00,0.00,0.00,0.00,0.00,0.00,0.00,424591,459005,532012,435075,471760,547736,0,0,0,0,0,0,0,99416,0,124.08,124.12,124.15
1222,2,0,0,0,93619,93619,93619,3660,3660,3660,591,591,591,0.00,0.00,0.00,0.00,0.00,0.00,0.00,0.00,0.00,0.00,0.00,0.00,0.00,0.00,0.00,0.00,0.00,0.00,0.00,0.00,0.00,309272,449556,651634,324998,464360,667993,0,0,0,0,0,0,0,101340,0,126.32,126.35,126.40
1222,3,0,0,0,93660,93660,93660,3619,3619,3619,591,591,591,0.00,0.00,0.00,0.00,0.00,0.00,0.00,0.00,0.00,0.00,0.00,0.00,0.00,0.00,0.00,0.00,0.00,0.00,0.00,0.00,0.00,298789,337577,479638,311894,351730,495363,0,0,0,0,0,0,0,112706,0,140.15,140.28,140.38
1223,0,0,0,0,93656,93656,93656,3623,3623,3623,591,591,591,0.00,0.00,0.00,0.00,0.00,0.00,0.00,0.00,0.00,0.00,0.00,0.00,0.00,0.00,0.00,0.00,0.00,0.00,0.00,0.00,0.00,301408,338621,461283,314513,351900,470020,0,0,0,0,0,0,0,110100,0,137.24,137.29,137.35
1223,1,0,0,0,93624,93624,93624,3655,3655,3655,591,591,591,0.00,0.00,0.00,0.00,0.00,0.00,0.00,0.00,0.00,0.00,0.00,0.00,0.00,0.00,0.00,0.00,0.00,0.00,0.00,0.00,0.00,408864,477008,691926,424589,491160,707652,0,0,0,0,0,0,0,99468,0,124.00,124.04,124.06
1223,2,0,0,0,93619,93619,93619,3660,3660,3660,591,591,591,0.00,0.00,0.00,0.00,0.00,0.00,0.00,0.00,0.00,0.00,0.00,0.00,0.00,0.00,0.00,0.00,0.00,0.00,0.00,0.00,0.00,309254,518941,1153217,322358,532570,1166322,0,0,0,0,0,0,0,113781,0,126.13,126.23,126.34
1223,3,0,0,0,93660,93660,93660,3619,3619,3619,591,591,591,0.00,0.00,0.00,0.00,0.00,0.00,0.00,0.00,0.00,0.00,0.00,0.00,0.00,0.00,0.00,0.00,0.00,0.00,0.00,0.00,0.00,272582,365885,636893,281318,378640,652619,0,0,0,0,0,0,0,126784,0,140.36,140.38,140.41
1224,0,0,0,0,93656,93656,93656,3623,3623,3623,591,591,591,0.00,0.00,0.00,0.00,0.00,0.00,0.00,0.00,0.00,0.00,0.00,0.00,0.00,0.00,0.00,0.00,0.00,0.00,0.00,0.00,0.00,298787,525233,1244938,309271,539386,1260663,0,0,0,0,0,0,0,96299,0,137.31,137.33,137.36
1224,1,0,0,0,93624,93624,93624,3655,3655,3655,591,591,591,0.00,0.00,0.00,0.00,0.00,0.00,0.00,0.00,0.00,0.00,0.00,0.00,0.00,0.00,0.00,0.00,0.00,0.00,0.00,0.00,0.00,411487,570304,760063,424592,583933,775789,0,0,0,0,0,0,0,86969,0,124.07,124.11,124.14
1224,2,0,0,0,93619,93619,93619,3660,3660,3660,591,591,591,0.00,0.00,0.00,0.00,0.00,0.00,0.00,0.00,0.00,0.00,0.00,0.00,0.00,0.00,0.00,0.00,0.00,0.00,0.00,0.00,0.00,306644,442938,689309,319748,457091,705035,0,0,0,0,0,0,0,101098,0,126.04,126.06,126.07
1224,3,0,0,0,93660,93660,93660,3619,3619,3619,591,591,591,0.00,0.00,0.00,0.00,0.00,0.00,0.00,0.00,0.00,0.00,0.00,0.00,0.00,0.00,0.00,0.00,0.00,0.00,0.00,0.00,0.00,301404,470712,828178,317129,484865,843903,0,0,0,0,0,0,0,84424,0,140.40,140.42,140.44
1225,0,0,0,0,93656,93656,93656,3623,3623,3623,591,591,591,0.00,0.00,0.00,0.00,0.00,0.00,0.00,0.00,0.00,0.00,0.00,0.00,0.00,0.00,0.00,0.00,0.00,0.00,0.00,0.00,0.00,298786,362344,532049,314512,376759,545154,0,0,0,0,0,0,0,110104,0,137.28,137.32,137.36
1225,1,0,0,0,93624,93624,93624,3655,3655,3655,591,591,591,0.00,0.00,0.00,0.00,0.00,0.00,0.00,0.00,0.00,0.00,0.00,0.00,0.00,0.00,0.00,0.00,0.00,0.00,0.00,0.00,0.00,416729,510413,754828,429833,524115,767933,0,0,0,0,0,0,0,99591,0,124.16,124.20,124.26
1225,2,0,0,0,93619,93619,93619,3660,3660,3660,591,591,591,0.00,0.00,0.00,0.00,0.00,0.00,0.00,0.00,0.00,0.00,0.00,0.00,0.00,0.00,0.00,0.00,0.00,0.00,0.00,0.00,0.00,198045,363704,643474,208289,376022,658918,0,0,0,0,0,0,0,75854,0,126.08,126.10,126.14
1225,3,0,0,0,93660,93660,93660,3619,3619,3619,591,591,591,0.00,0.00,0.00,0.00,0.00,0.00,0.00,0.00,0.00,0.00,0.00,0.00,0.00,0.00,0.00,0.00,0.00,0.00,0.00,0.00,0.00,298785,345310,466532,311889,359070,482258,0,0,0,0,0,0,0,112680,0,140.35,140.38,140.41
1226,0,0,0,0,93656,93656,93656,3623,3623,3623,591,591,591,0.00,0.00,0.00,0.00,0.00,0.00,0.00,0.00,0.00,0.00,0.00,0.00,0.00,0.00,0.00,0.00,0.00,0.00,0.00,0.00,0.00,301408,379846,660474,314512,393439,673578,0,0,0,0,0,0,0,110135,0,137.30,137.32,137.34
1226,1,0,0,0,93624,93624,93624,3655,3655,3655,591,591,591,0.00,0.00,0.00,0.00,0.00,0.00,0.00,0.00,0.00,0.00,0.00,0.00,0.00,0.00,0.00,0.00,0.00,0.00,0.00,0.00,0.00,318007,519106,775788,326744,532385,791513,0,0,0,0,0,0,0,99626,0,124.19,124.22,124.26
1226,2,0,0,0,93619,93619,93619,3660,3660,3660,591,591,591,0.00,0.00,0.00,0.00,0.00,0.00,0.00,0.00,0.00,0.00,0.00,0.00,0.00,0.00,0.00,0.00,0.00,0.00,0.00,0.00,0.00,301631,383745,691925,314978,397422,705030,0,0,0,0,0,0,0,101215,0,126.10,126.17,126.20
1226,3,0,0,0,93660,93660,93660,3619,3619,3619,591,591,591,0.00,0.00,0.00,0.00,0.00,0.00,0.00,0.00,0.00,0.00,0.00,0.00,0.00,0.00,0.00,0.00,0.00,0.00,0.00,0.00,0.00,298773,320976,390524,311877,334081,403628,0,0,0,0,0,0,0,112668,0,140.31,140.35,140.41
1227,0,0,0,0,93656,93656,93656,3623,3623,3623,591,591,591,0.00,0.00,0.00,0.00,0.00,0.00,0.00,0.00,0.00,0.00,0.00,0.00,0.00,0.00,0.00,0.00,0.00,0.00,0.00,0.00,0.00,197445,387024,636885,206182,399779,649990,0,0,0,0,0,0,0,110149,0,137.41,137.44,137.49
1227,1,0,0,0,93624,93624,93624,3655,3655,3655,591,591,591,0.00,0.00,0.00,0.00,0.00,0.00,0.00,0.00,0.00,0.00,0.00,0.00,0.00,0.00,0.00,0.00,0.00,0.00,0.00,0.00,0.00,421969,516311,870092,437694,530464,883196,0,0,0,0,0,0,0,99561,0,124.27,124.29,124.31
1227,2,0,0,0,93619,93619,93619,3660,3660,3660,591,591,591,0.00,0.00,0.00,0.00,0.00,0.00,0.00,0.00,0.00,0.00,0.00,0.00,0.00,0.00,0.00,0.00,0.00,0.00,0.00,0.00,0.00,306649,578177,1341912,319754,591806,1355016,0,0,0,0,0,0,0,113862,0,126.14,126.18,126.22
1227,3,0,0,0,93660,93660,93660,3619,3619,3619,591,591,591,0.00,0.00,0.00,0.00,0.00,0.00,0.00,0.00,0.00,0.00,0.00,0.00,0.00,0.00,0.00,0.00,0.00,0.00,0.00,0.00,0.00,301409,495359,954018,317135,509512,969744,0,0,0,0,0,0,0,126869,0,140.30,140.41,140.47
1228,0,0,0,0,93656,93656,93656,3623,3623,3623,591,591,591,0.00,0.00,0.00,0.00,0.00,0.00,0.00,0.00,0.00,0.00,0.00,0.00,0.00,0.00,0.00,0.00,0.00,0.00,0.00,0.00,0.00,301406,479627,1176801,317129,493780,1192526,0,0,0,0,0,0,0,123991,0,137.31,137.36,137.41
1228,1,0,0,0,93624,93624,93624,3655,3655,3655,591,591,591,0.00,0.00,0.00,0.00,0.00,0.00,0.00,0.00,0.00,0.00,0.00,0.00,0.00,0.00,0.00,0.00,0.00,0.00,0.00,0.00,0.00,416726,602288,733862,429830,615917,746967,0,0,0,0,0,0,0,99401,0,124.16,124.23,124.27
1228,2,0,0,0,93619,93619,93619,3660,3660,3660,591,591,591,0.00,0.00,0.00,0.00,0.00,0.00,0.00,0.00,0.00,0.00,0.00,0.00,0.00,0.00,0.00,0.00,0.00,0.00,0.00,0.00,0.00,306649,387899,707659,319756,402052,723384,0,0,0,0,0,0,0,101112,0,126.00,126.08,126.15
1228,3,0,0,0,93660,93660,93660,3619,3619,3619,591,591,591,0.00,0.00,0.00,0.00,0.00,0.00,0.00,0.00,0.00,0.00,0.00,0.00,0.00,0.00,0.00,0.00,0.00,0.00,0.00,0.00,0.00,296168,366408,505844,311894,380562,518949,0,0,0,0,0,0,0,112774,0,140.43,140.46,140.48
1229,0,0,0,0,93656,93656,93656,3623,3623,3623,591,591,591,0.00,0.00,0.00,0.00,0.00,0.00,0.00,0.00,0.00,0.00,0.00,0.00,0.00,0.00,0.00,0.00,0.00,0.00,0.00,0.00,0.00,301409,433503,663102,311893,447656,678827,0,0,0,0,0,0,0,110191,0,137.32,137.38,137.41
1229,1,0,0,0,93624,93624,93624,3655,3655,3655,591,591,591,0.00,0.00,0.00,0.00,0.00,0.00,0.00,0.00,0.00,0.00,0.00,0.00,0.00,0.00,0.00,0.00,0.00,0.00,0.00,0.00,0.00,408865,503518,715505,421969,517618,731231,0,0,0,0,0,0,0,99420,0,124.02,124.05,124.07
1229,2,0,0,0,93619,93619,93619,3660,3660,3660,591,591,591,0.00,0.00,0.00,0.00,0.00,0.00,0.00,0.00,0.00,0.00,0.00,0.00,0.00,0.00,0.00,0.00,0.00,0.00,0.00,0.00,0.00,295613,330014,420375,308466,343110,430755,0,0,0,0,0,0,0,101134,0,126.05,126.08,126.12
1229,3,0,0,0,93660,93660,93660,3619,3619,3619,591,591,591,0.00,0.00,0.00,0.00,0.00,0.00,0.00,0.00,0.00,0.00,0.00,0.00,0.00,0.00,0.00,0.00,0.00,0.00,0.00,0.00,0.00,304031,329494,361693,317136,343078,377418,0,0,0,0,0,0,0,112691,0,140.32,140.36,140.42
1230,0,0,0,0,93656,93656,93656,3623,3623,3623,591,591,591,0.00,0.00,0.00,0.00,0.00,0.00,0.00,0.00,0.00,0.00,0.00,0.00,0.00,0.00,0.00,0.00,0.00,0.00,0.00,0.00,0.00,202686,350418,623746,211422,363125,636850,0,0,0,0,0,0,0,110099,0,137.36,137.39,137.41
1230,1,0,0,0,93624,93624,93624,3655,3655,3655,591,591,591,0.00,0.00,0.00,0.00,0.00,0.00,0.00,0.00,0.00,0.00,0.00,0.00,0.00,0.00,0.00,0.00,0.00,0.00,0.00,0.00,0.00,277819,467049,783657,286556,480328,796762,0,0,0,0,0,0,0,99490,0,124.00,124.02,124.06
1230,2,0,0,0,93619,93619,93619,3660,3660,3660,591,591,591,0.00,0.00,0.00,0.00,0.00,0.00,0.00,0.00,0.00,0.00,0.00,0.00,0.00,0.00,0.00,0.00,0.00,0.00,0.00,0.00,0.00,306650,383703,665705,319755,397332,678810,0,0,0,0,0,0,0,113800,0,126.11,126.15,126.18
1230,3,0,0,0,93660,93660,93660,3619,3619,3619,591,591,591,0.00,0.00,0.00,0.00,0.00,0.00,0.00,0.00,0.00,0.00,0.00,0.00,0.00,0.00,0.00,0.00,0.00,0.00,0.00,0.00,0.00,214917,312417,421974,225401,325522,435079,0,0,0,0,0,0,0,112616,0,140.31,140.34,140.38
1231,0,0,0,0,93656,93656,93656,3623,3623,3623,591,591,591,0.00,0.00,0.00,0.00,0.00,0.00,0.00,0.00,0.00,0.00,0.00,0.00,0.00,0.00,0.00,0.00,0.00,0.00,0.00,0.00,0.00,296153,334952,474389,309257,348581,487494,0,0,0,0,0,0,0,110122,0,137.34,137.38,137.41
1231,1,0,0,0,93624,93624,93624,3655,3655,3655,591,591,591,0.00,0.00,0.00,0.00,0.00,0.00,0.00,0.00,0.00,0.00,0.00,0.00,0.00,0.00,0.00,0.00,0.00,0.00,0.00,0.00,0.00,419388,518262,754485,432494,531887,770204,0,0,0,0,0,0,0,111990,0,124.13,124.18,124.23
1231,2,0,0,0,93619,93619,93619,3660,3660,3660,591,591,591,0.00,0.00,0.00,0.00,0.00,0.00,0.00,0.00,0.00,0.00,0.00,0.00,0.00,0.00,0.00,0.00,0.00,0.00,0.00,0.00,0.00,298789,571882,1273784,314515,586035,1286889,0,0,0,0,0,0,0,101082,0,126.03,126.07,126.13
1231,3,0,0,0,93660,93660,93660,3619,3619,3619,591,591,591,0.00,0.00,0.00,0.00,0.00,0.00,0.00,0.00,0.00,0.00,0.00,0.00,0.00,0.00,0.00,0.00,0.00,0.00,0.00,0.00,0.00,296167,502685,1003770,309272,516314,1019495,0,0,0,0,0,0,0,126750,0,140.29,140.38,140.43
1232,0,0,0,0,93656,93656,93656,3623,3623,3623,591,591,591,0.00,0.00,0.00,0.00,0.00,0.00,0.00,0.00,0.00,0.00,0.00,0.00,0.00,0.00,0.00,0.00,0.00,0.00,0.00,0.00,0.00,296165,600851,1208260,311891,615266,1223986,0,0,0,0,0,0,0,82582,0,137.27,137.31,137.35
1232,1,0,0,0,93624,93624,93624,3655,3655,3655,591,591,591,0.00,0.00,0.00,0.00,0.00,0.00,0.00,0.00,0.00,0.00,0.00,0.00,0.00,0.00,0.00,0.00,0.00,0.00,0.00,0.00,0.00,421971,515013,775793,435075,528772,788897,0,0,0,0,0,0,0,74606,0,124.12,124.15,124.20
1232,2,0,0,0,93619,93619,93619,3660,3660,3660,591,591,591,0.00,0.00,0.00,0.00,0.00,0.00,0.00,0.00,0.00,0.00,0.00,0.00,0.00,0.00,0.00,0.00,0.00,0.00,0.00,0.00,0.00,304029,405587,705020,314513,418692,720745,0,0,0,0,0,0,0,75853,0,126.03,126.09,126.12
1232,3,0,0,0,93660,93660,93660,3619,3619,3619,591,591,591,0.00,0.00,0.00,0.00,0.00,0.00,0.00,0.00,0.00,0.00,0.00,0.00,0.00,0.00,0.00,0.00,0.00,0.00,0.00,0.00,0.00,301404,349895,490120,314509,363655,503225,0,0,0,0,0,0,0,84420,0,140.34,140.37,140.39
1233,0,0,0,0,93656,93656,93656,3623,3623,3623,591,591,591,0.00,0.00,0.00,0.00,0.00,0.00,0.00,0.00,0.00,0.00,0.00,0.00,0.00,0.00,0.00,0.00,0.00,0.00,0.00,0.00,0.00,298788,380556,673579,311893,394185,689305,0,0,0,0,0,0,0,110211,0,137.26,137.38,137.49
1233,1,0,0,0,93624,93624,93624,3655,3655,3655,591,591,591,0.00,0.00,0.00,0.00,0.00,0.00,0.00,0.00,0.00,0.00,0.00,0.00,0.00,0.00,0.00,0.00,0.00,0.00,0.00,0.00,0.00,421976,581848,757448,437414,595943,770552,0,0,0,0,0,0,0,99568,0,124.15,124.19,124.24
1233,2,0,0,0,93619,93619,93619,3660,3660,3660,591,591,591,0.00,0.00,0.00,0.00,0.00,0.00,0.00,0.00,0.00,0.00,0.00,0.00,0.00,0.00,0.00,0.00,0.00,0.00,0.00,0.00,0.00,205560,355102,663101,215924,368699,676206,0,0,0,0,0,0,0,101168,0,126.00,126.06,126.10
1233,3,0,0,0,93660,93660,93660,3619,3619,3619,591,591,591,0.00,0.00,0.00,0.00,0.00,0.00,0.00,0.00,0.00,0.00,0.00,0.00,0.00,0.00,0.00,0.00,0.00,0.00,0.00,0.00,0.00,290933,323658,423132,304038,337802,436192,0,0,0,0,0,0,0,112687,0,140.22,140.28,140.35
1234,0,0,0,0,93656,93656,93656,3623,3623,3623,591,591,591,0.00,0.00,0.00,0.00,0.00,0.00,0.00,0.00,0.00,0.00,0.00,0.00,0.00,0.00,0.00,0.00,0.00,0.00,0.00,0.00,0.00,197426,342847,599484,206161,356017,614661,0,0,0,0,0,0,0,110132,0,137.42,137.49,137.54
1234,1,0,0,0,93624,93624,93624,3655,3655,3655,591,591,591,0.00,0.00,0.00,0.00,0.00,0.00,0.00,0.00,0.00,0.00,0.00,0.00,0.00,0.00,0.00,0.00,0.00,0.00,0.00,0.00,0.00,281314,486619,846560,293546,499549,857043,0,0,0,0,0,0,0,99500,0,124.14,124.19,124.23
1234,2,0,0,0,93619,93619,93619,3660,3660,3660,591,591,591,0.00,0.00,0.00,0.00,0.00,0.00,0.00,0.00,0.00,0.00,0.00,0.00,0.00,0.00,0.00,0.00,0.00,0.00,0.00,0.00,0.00,306650,583414,1339301,319754,597043,1352405,0,0,0,0,0,0,0,113900,0,126.14,126.18,126.21
1234,3,0,0,0,93660,93660,93660,3619,3619,3619,591,591,591,0.00,0.00,0.00,0.00,0.00,0.00,0.00,0.00,0.00,0.00,0.00,0.00,0.00,0.00,0.00,0.00,0.00,0.00,0.00,0.00,0.00,200940,305422,414088,211424,318527,427192,0,0,0,0,0,0,0,126684,0,140.31,140.36,140.42
1235,0,0,0,0,93656,93656,93656,3623,3623,3623,591,591,591,0.00,0.00,0.00,0.00,0.00,0.00,0.00,0.00,0.00,0.00,0.00,0.00,0.00,0.00,0.00,0.00,0.00,0.00,0.00,0.00,0.00,296165,334430,471767,309270,348058,484872,0,0,0,0,0,0,0,123733,0,137.27,137.35,137.45
1235,1,0,0,0,93624,93624,93624,3655,3655,3655,591,591,591,0.00,0.00,0.00,0.00,0.00,0.00,0.00,0.00,0.00,0.00,0.00,0.00,0.00,0.00,0.00,0.00,0.00,0.00,0.00,0.00,0.00,419349,580797,788893,432453,594426,801997,0,0,0,0,0,0,0,111892,0,124.08,124.12,124.14
1235,2,0,0,0,93619,93619,93619,3660,3660,3660,591,591,591,0.00,0.00,0.00,0.00,0.00,0.00,0.00,0.00,0.00,0.00,0.00,0.00,0.00,0.00,0.00,0.00,0.00,0.00,0.00,0.00,0.00,304030,372173,634267,319755,386326,644751,0,0,0,0,0,0,0,101243,0,126.19,126.21,126.24
1235,3,0,0,0,93660,93660,93660,3619,3619,3619,591,591,591,0.00,0.00,0.00,0.00,0.00,0.00,0.00,0.00,0.00,0.00,0.00,0.00,0.00,0.00,0.00,0.00,0.00,0.00,0.00,0.00,0.00,296168,532575,870155,311894,546203,883259,0,0,0,0,0,0,0,112572,0,140.17,140.23,140.27
1236,0,0,0,0,93656,93656,93656,3623,3623,3623,591,591,591,0.00,0.00,0.00,0.00,0.00,0.00,0.00,0.00,0.00,0.00,0.00,0.00,0.00,0.00,0.00,0.00,0.00,0.00,0.00,0.00,0.00,298788,541481,1221358,311892,555633,1237083,0,0,0,0,0,0,0,110029,0,137.18,137.22,137.28
1236,1,0,0,0,93624,93624,93624,3655,3655,3655,591,591,591,0.00,0.00,0.00,0.00,0.00,0.00,0.00,0.00,0.00,0.00,0.00,0.00,0.00,0.00,0.00,0.00,0.00,0.00,0.00,0.00,0.00,429832,486445,694549,445557,500599,710275,0,0,0,0,0,0,0,99460,0,124.12,124.15,124.18
1236,2,0,0,0,93619,93619,93619,3660,3660,3660,591,591,591,0.00,0.00,0.00,0.00,0.00,0.00,0.00,0.00,0.00,0.00,0.00,0.00,0.00,0.00,0.00,0.00,0.00,0.00,0.00,0.00,0.00,304029,450799,681444,317134,464952,694549,0,0,0,0,0,0,0,101153,0,126.13,126.17,126.20
1236,3,0,0,0,93660,93660,93660,3619,3619,3619,591,591,591,0.00,0.00,0.00,0.00,0.00,0.00,0.00,0.00,0.00,0.00,0.00,0.00,0.00,0.00,0.00,0.00,0.00,0.00,0.00,0.00,0.00,298772,342292,497983,311890,356445,513709,0,0,0,0,0,0,0,112574,0,140.17,140.23,140.30
1237,0,0,0,0,93656,93656,93656,3623,3623,3623,591,591,591,0.00,0.00,0.00,0.00,0.00,0.00,0.00,0.00,0.00,0.00,0.00,0.00,0.00,0.00,0.00,0.00,0.00,0.00,0.00,0.00,0.00,298784,386849,691929,311888,401003,705034,0,0,0,0,0,0,0,110148,0,137.16,137.21,137.33
1237,1,0,0,0,93624,93624,93624,3655,3655,3655,591,591,591,0.00,0.00,0.00,0.00,0.00,0.00,0.00,0.00,0.00,0.00,0.00,0.00,0.00,0.00,0.00,0.00,0.00,0.00,0.00,0.00,0.00,416730,513380,742833,432456,526931,755552,0,0,0,0,0,0,0,99502,0,124.12,124.17,124.19
1237,2,0,0,0,93619,93619,93619,3660,3660,3660,591,591,591,0.00,0.00,0.00,0.00,0.00,0.00,0.00,0.00,0.00,0.00,0.00,0.00,0.00,0.00,0.00,0.00,0.00,0.00,0.00,0.00,0.00,202558,355029,652624,211214,367768,665729,0,0,0,0,0,0,0,101182,0,126.10,126.14,126.18
1237,3,0,0,0,93660,93660,93660,3619,3619,3619,591,591,591,0.00,0.00,0.00,0.00,0.00,0.00,0.00,0.00,0.00,0.00,0.00,0.00,0.00,0.00,0.00,0.00,0.00,0.00,0.00,0.00,0.00,301409,336454,414102,314514,350058,427206,0,0,0,0,0,0,0,112514,0,140.22,140.26,140.29
1238,0,0,0,0,93656,93656,93656,3623,3623,3623,591,591,591,0.00,0.00,0.00,0.00,0.00,0.00,0.00,0.00,0.00,0.00,0.00,0.00,0.00,0.00,0.00,0.00,0.00,0.00,0.00,0.00,0.00,192202,375697,613299,202686,388241,626404,0,0,0,0,0,0,0,110001,0,137.26,137.33,137.37
1238,1,0,0,0,93624,93624,93624,3655,3655,3655,591,591,591,0.00,0.00,0.00,0.00,0.00,0.00,0.00,0.00,0.00,0.00,0.00,0.00,0.00,0.00,0.00,0.00,0.00,0.00,0.00,0.00,0.00,416725,449574,562624,432450,463378,571360,0,0,0,0,0,0,0,99579,0,124.13,124.20,124.26
1238,2,0,0,0,93619,93619,93619,3660,3660,3660,591,591,591,0.00,0.00,0.00,0.00,0.00,0.00,0.00,0.00,0.00,0.00,0.00,0.00,0.00,0.00,0.00,0.00,0.00,0.00,0.00,0.00,0.00,306643,581840,1310472,319756,595993,1323577,0,0,0,0,0,0,0,113829,0,126.14,126.15,126.16
1238,3,0,0,0,93660,93660,93660,3619,3619,3619,591,591,591,0.00,0.00,0.00,0.00,0.00,0.00,0.00,0.00,0.00,0.00,0.00,0.00,0.00,0.00,0.00,0.00,0.00,0.00,0.00,0.00,0.00,202688,456744,843947,211425,470023,859673,0,0,0,0,0,0,0,126734,0,140.13,140.18,140.22
1239,0,0,0,0,93656,93656,93656,3623,3623,3623,591,591,591,0.00,0.00,0.00,0.00,0.00,0.00,0.00,0.00,0.00,0.00,0.00,0.00,0.00,0.00,0.00,0.00,0.00,0.00,0.00,0.00,0.00,298784,477532,1182038,311889,491685,1197764,0,0,0,0,0,0,0,96296,0,137.21,137.24,137.27
1239,1,0,0,0,93624,93624,93624,3655,3655,3655,591,591,591,0.00,0.00,0.00,0.00,0.00,0.00,0.00,0.00,0.00,0.00,0.00,0.00,0.00,0.00,0.00,0.00,0.00,0.00,0.00,0.00,0.00,424567,568734,778412,437671,581838,791517,0,0,0,0,0,0,0,74542,0,124.13,124.17,124.25
1239,2,0,0,0,93619,93619,93619,3660,3660,3660,591,591,591,0.00,0.00,0.00,0.00,0.00,0.00,0.00,0.00,0.00,0.00,0.00,0.00,0.00,0.00,0.00,0.00,0.00,0.00,0.00,0.00,0.00,306643,392091,733861,317135,405720,746966,0,0,0,0,0,0,0,101109,0,126.06,126.10,126.14
1239,3,0,0,0,93660,93660,93660,3619,3619,3619,591,591,591,0.00,0.00,0.00,0.00,0.00,0.00,0.00,0.00,0.00,0.00,0.00,0.00,0.00,0.00,0.00,0.00,0.00,0.00,0.00,0.00,0.00,301403,406764,615887,314507,420393,628991,0,0,0,0,0,0,0,84385,0,140.15,140.20,140.25
1240,0,0,0,0,93656,93656,93656,3623,3623,3623,591,591,591,0.00,0.00,0.00,0.00,0.00,0.00,0.00,0.00,0.00,0.00,0.00,0.00,0.00,0.00,0.00,0.00,0.00,0.00,0.00,0.00,0.00,301408,372170,576597,314513,385930,589702,0,0,0,0,0,0,0,110101,0,137.23,137.27,137.31
1240,1,0,0,0,93624,93624,93624,3655,3655,3655,591,591,591,0.00,0.00,0.00,0.00,0.00,0.00,0.00,0.00,0.00,0.00,0.00,0.00,0.00,0.00,0.00,0.00,0.00,0.00,0.00,0.00,0.00,416726,528769,715504,432452,543184,731229,0,0,0,0,0,0,0,99490,0,124.07,124.09,124.11
1240,2,0,0,0,93619,93619,93619,3660,3660,3660,591,591,591,0.00,0.00,0.00,0.00,0.00,0.00,0.00,0.00,0.00,0.00,0.00,0.00,0.00,0.00,0.00,0.00,0.00,0.00,0.00,0.00,0.00,301409,381346,589717,311893,395107,605443,0,0,0,0,0,0,0,75880,0,126.08,126.12,126.17
1240,3,0,0,0,93660,93660,93660,3619,3619,3619,591,591,591,0.00,0.00,0.00,0.00,0.00,0.00,0.00,0.00,0.00,0.00,0.00,0.00,0.00,0.00,0.00,0.00,0.00,0.00,0.00,0.00,0.00,301409,353171,503213,314513,366931,516318,0,0,0,0,0,0,0,112525,0,140.14,140.15,140.16
1241,0,0,0,0,93656,93656,93656,3623,3623,3623,591,591,591,0.00,0.00,0.00,0.00,0.00,0.00,0.00,0.00,0.00,0.00,0.00,0.00,0.00,0.00,0.00,0.00,0.00,0.00,0.00,0.00,0.00,311873,445555,660473,322356,459184,673578,0,0,0,0,0,0,0,110175,0,137.29,137.30,137.32
1241,1,0,0,0,93624,93624,93624,3655,3655,3655,591,591,591,0.00,0.00,0.00,0.00,0.00,0.00,0.00,0.00,0.00,0.00,0.00,0.00,0.00,0.00,0.00,0.00,0.00,0.00,0.00,0.00,0.00,403555,491900,757446,416657,505489,773171,0,0,0,0,0,0,0,99483,0,124.12,124.17,124.21
1241,2,0,0,0,93619,93619,93619,3660,3660,3660,591,591,591,0.00,0.00,0.00,0.00,0.00,0.00,0.00,0.00,0.00,0.00,0.00,0.00,0.00,0.00,0.00,0.00,0.00,0.00,0.00,0.00,0.00,199422,359635,660454,207945,372872,676179,0,0,0,0,0,0,0,101002,0,125.95,126.04,126.16
1241,3,0,0,0,93660,93660,93660,3619,3619,3619,591,591,591,0.00,0.00,0.00,0.00,0.00,0.00,0.00,0.00,0.00,0.00,0.00,0.00,0.00,0.00,0.00,0.00,0.00,0.00,0.00,0.00,0.00,290929,324727,424571,304034,338866,437675,0,0,0,0,0,0,0,112570,0,140.19,140.21,140.23
1242,0,0,0,0,93656,93656,93656,3623,3623,3623,591,591,591,0.00,0.00,0.00,0.00,0.00,0.00,0.00,0.00,0.00,0.00,0.00,0.00,0.00,0.00,0.00,0.00,0.00,0.00,0.00,0.00,0.00,193948,310551,466528,204431,324144,479632,0,0,0,0,0,0,0,110076,0,137.22,137.27,137.30
1242,1,0,0,0,93624,93624,93624,3655,3655,3655,591,591,591,0.00,0.00,0.00,0.00,0.00,0.00,0.00,0.00,0.00,0.00,0.00,0.00,0.00,0.00,0.00,0.00,0.00,0.00,0.00,0.00,0.00,419346,525052,744344,432451,538681,760069,0,0,0,0,0,0,0,111823,0,124.06,124.09,124.14
1242,2,0,0,0,93619,93619,93619,3660,3660,3660,591,591,591,0.00,0.00,0.00,0.00,0.00,0.00,0.00,0.00,0.00,0.00,0.00,0.00,0.00,0.00,0.00,0.00,0.00,0.00,0.00,0.00,0.00,306645,581850,1349793,322371,596003,1362897,0,0,0,0,0,0,0,101251,0,125.98,126.12,126.21
1242,3,0,0,0,93660,93660,93660,3619,3619,3619,591,591,591,0.00,0.00,0.00,0.00,0.00,0.00,0.00,0.00,0.00,0.00,0.00,0.00,0.00,0.00,0.00,0.00,0.00,0.00,0.00,0.00,0.00,202688,514928,875401,213172,528033,888506,0,0,0,0,0,0,0,126606,0,140.22,140.24,140.26
1243,0,0,0,0,93656,93656,93656,3623,3623,3623,591,591,591,0.00,0.00,0.00,0.00,0.00,0.00,0.00,0.00,0.00,0.00,0.00,0.00,0.00,0.00,0.00,0.00,0.00,0.00,0.00,0.00,0.00,298786,546195,1229211,311891,559823,1242315,0,0,0,0,0,0,0,123915,0,137.31,137.33,137.35
1243,1,0,0,0,93624,93624,93624,3655,3655,3655,591,591,591,0.00,0.00,0.00,0.00,0.00,0.00,0.00,0.00,0.00,0.00,0.00,0.00,0.00,0.00,0.00,0.00,0.00,0.00,0.00,0.00,0.00,419347,508981,739094,432451,522609,752198,0,0,0,0,0,0,0,99368,0,124.03,124.08,124.14
1243,2,0,0,0,93619,93619,93619,3660,3660,3660,591,591,591,0.00,0.00,0.00,0.00,0.00,0.00,0.00,0.00,0.00,0.00,0.00,0.00,0.00,0.00,0.00,0.00,0.00,0.00,0.00,0.00,0.00,301407,380558,670954,317134,394187,684058,0,0,0,0,0,0,0,101160,0,126.12,126.15,126.20
1243,3,0,0,0,93660,93660,93660,3619,3619,3619,591,591,591,0.00,0.00,0.00,0.00,0.00,0.00,0.00,0.00,0.00,0.00,0.00,0.00,0.00,0.00,0.00,0.00,0.00,0.00,0.00,0.00,0.00,298787,345440,500604,311892,359069,513709,0,0,0,0,0,0,0,112556,0,140.18,140.22,140.27
1244,0,0,0,0,93656,93656,93656,3623,3623,3623,591,591,591,0.00,0.00,0.00,0.00,0.00,0.00,0.00,0.00,0.00,0.00,0.00,0.00,0.00,0.00,0.00,0.00,0.00,0.00,0.00,0.00,0.00,296160,430880,904223,309265,444509,919948,0,0,0,0,0,0,0,110134,0,137.31,137.33,137.35
1244,1,0,0,0,93624,93624,93624,3655,3655,3655,591,591,591,0.00,0.00,0.00,0.00,0.00,0.00,0.00,0.00,0.00,0.00,0.00,0.00,0.00,0.00,0.00,0.00,0.00,0.00,0.00,0.00,0.00,427201,591275,857047,442926,605428,872773,0,0,0,0,0,0,0,99443,0,124.02,124.05,124.08
1244,2,0,0,0,93619,93619,93619,3660,3660,3660,591,591,591,0.00,0.00,0.00,0.00,0.00,0.00,0.00,0.00,0.00,0.00,0.00,0.00,0.00,0.00,0.00,0.00,0.00,0.00,0.00,0.00,0.00,301406,375839,655236,317132,389992,668341,0,0,0,0,0,0,0,101353,0,126.08,126.17,126.28
1244,3,0,0,0,93660,93660,93660,3619,3619,3619,591,591,591,0.00,0.00,0.00,0.00,0.00,0.00,0.00,0.00,0.00,0.00,0.00,0.00,0.00,0.00,0.00,0.00,0.00,0.00,0.00,0.00,0.00,301394,313985,359069,317119,328663,372174,0,0,0,0,0,0,0,113007,0,140.22,140.38,140.48
1245,0,0,0,0,93656,93656,93656,3623,3623,3623,591,591,591,0.00,0.00,0.00,0.00,0.00,0.00,0.00,0.00,0.00,0.00,0.00,0.00,0.00,0.00,0.00,0.00,0.00,0.00,0.00,0.00,0.00,304214,379549,660480,317104,393659,673585,0,0,0,0,0,0,0,110102,0,137.31,137.33,137.36
1245,1,0,0,0,93624,93624,93624,3655,3655,3655,591,591,591,0.00,0.00,0.00,0.00,0.00,0.00,0.00,0.00,0.00,0.00,0.00,0.00,0.00,0.00,0.00,0.00,0.00,0.00,0.00,0.00,0.00,284808,477725,849182,295291,490267,859666,0,0,0,0,0,0,0,99340,0,123.96,124.03,124.08
1245,2,0,0,0,93619,93619,93619,3660,3660,3660,591,591,591,0.00,0.00,0.00,0.00,0.00,0.00,0.00,0.00,0.00,0.00,0.00,0.00,0.00,0.00,0.00,0.00,0.00,0.00,0.00,0.00,0.00,306651,540623,1334064,319761,553885,1347168,0,0,0,0,0,0,0,113899,0,126.20,126.28,126.36
1245,3,0,0,0,93660,93660,93660,3619,3619,3619,591,591,591,0.00,0.00,0.00,0.00,0.00,0.00,0.00,0.00,0.00,0.00,0.00,0.00,0.00,0.00,0.00,0.00,0.00,0.00,0.00,0.00,0.00,209677,371127,623785,216666,384057,639511,0,0,0,0,0,0,0,126775,0,140.39,140.45,140.49
1246,0,0,0,0,93656,93656,93656,3623,3623,3623,591,591,591,0.00,0.00,0.00,0.00,0.00,0.00,0.00,0.00,0.00,0.00,0.00,0.00,0.00,0.00,0.00,0.00,0.00,0.00,0.00,0.00,0.00,293490,337558,461253,306592,351711,476978,0,0,0,0,0,0,0,123889,0,137.37,137.39,137.41
1246,1,0,0,0,93624,93624,93624,3655,3655,3655,591,591,591,0.00,0.00,0.00,0.00,0.00,0.00,0.00,0.00,0.00,0.00,0.00,0.00,0.00,0.00,0.00,0.00,0.00,0.00,0.00,0.00,0.00,416716,547772,775792,429820,561925,788897,0,0,0,0,0,0,0,87016,0,123.96,124.06,124.12
1246,2,0,0,0,93619,93619,93619,3660,3660,3660,591,591,591,0.00,0.00,0.00,0.00,0.00,0.00,0.00,0.00,0.00,0.00,0.00,0.00,0.00,0.00,0.00,0.00,0.00,0.00,0.00,0.00,0.00,298788,375836,652597,314514,389988,668322,0,0,0,0,0,0,0,101183,0,126.09,126.12,126.16
1246,3,0,0,0,93660,93660,93660,3619,3619,3619,591,591,591,0.00,0.00,0.00,0.00,0.00,0.00,0.00,0.00,0.00,0.00,0.00,0.00,0.00,0.00,0.00,0.00,0.00,0.00,0.00,0.00,0.00,298785,470195,828223,309268,484347,841328,0,0,0,0,0,0,0,84400,0,140.33,140.39,140.41
1247,0,0,0,0,93656,93656,93656,3623,3623,3623,591,591,591,0.00,0.00,0.00,0.00,0.00,0.00,0.00,0.00,0.00,0.00,0.00,0.00,0.00,0.00,0.00,0.00,0.00,0.00,0.00,0.00,0.00,248988,530738,1016924,262093,496928,1022166,0,0,0,0,0,0,0,82549,0,137.32,137.39,137.45
1247,1,0,0,0,93624,93624,93624,3655,3655,3655,591,591,591,0.00,0.00,0.00,0.00,0.00,0.00,0.00,0.00,0.00,0.00,0.00,0.00,0.00,0.00,0.00,0.00,0.00,0.00,0.00,0.00,0.00,416728,494036,705027,432453,507795,718132,0,0,0,0,0,0,0,99456,0,124.14,124.15,124.17
1247,2,0,0,0,93619,93619,93619,3660,3660,3660,591,591,591,0.00,0.00,0.00,0.00,0.00,0.00,0.00,0.00,0.00,0.00,0.00,0.00,0.00,0.00,0.00,0.00,0.00,0.00,0.00,0.00,0.00,304024,397726,670960,319749,411486,681444,0,0,0,0,0,0,0,76042,0,126.07,126.12,126.19
1247,3,0,0,0,93660,93660,93660,3619,3619,3619,591,591,591,0.00,0.00,0.00,0.00,0.00,0.00,0.00,0.00,0.00,0.00,0.00,0.00,0.00,0.00,0.00,0.00,0.00,0.00,0.00,0.00,0.00,298788,329576,411492,311893,343336,424597,0,0,0,0,0,0,0,112624,0,140.24,140.32,140.39
1248,0,0,0,0,93656,93656,93656,3623,3623,3623,591,591,591,0.00,0.00,0.00,0.00,0.00,0.00,0.00,0.00,0.00,0.00,0.00,0.00,0.00,0.00,0.00,0.00,0.00,0.00,0.00,0.00,0.00,304026,383704,678823,317133,399426,691927,0,0,0,0,0,0,0,110187,0,137.26,137.33,137.42
1248,1,0,0,0,93624,93624,93624,3655,3655,3655,591,591,591,0.00,0.00,0.00,0.00,0.00,0.00,0.00,0.00,0.00,0.00,0.00,0.00,0.00,0.00,0.00,0.00,0.00,0.00,0.00,0.00,0.00,427208,524184,760072,440313,538337,773176,0,0,0,0,0,0,0,99598,0,124.21,124.24,124.28
1248,2,0,0,0,93619,93619,93619,3660,3660,3660,591,591,591,0.00,0.00,0.00,0.00,0.00,0.00,0.00,0.00,0.00,0.00,0.00,0.00,0.00,0.00,0.00,0.00,0.00,0.00,0.00,0.00,0.00,309265,450277,678829,322369,463906,691934,0,0,0,0,0,0,0,101088,0,126.13,126.22,126.27
1248,3,0,0,0,93660,93660,93660,3619,3619,3619,591,591,591,0.00,0.00,0.00,0.00,0.00,0.00,0.00,0.00,0.00,0.00,0.00,0.00,0.00,0.00,0.00,0.00,0.00,0.00,0.00,0.00,0.00,296126,313797,353829,306608,327416,366934,0,0,0,0,0,0,0,112640,0,140.17,140.21,140.25
1249,0,0,0,0,93656,93656,93656,3623,3623,3623,591,591,591,0.00,0.00,0.00,0.00,0.00,0.00,0.00,0.00,0.00,0.00,0.00,0.00,0.00,0.00,0.00,0.00,0.00,0.00,0.00,0.00,0.00,301410,370073,618540,314515,382133,631645,0,0,0,0,0,0,0,110033,0,137.31,137.37,137.42
1249,1,0,0,0,93624,93624,93624,3655,3655,3655,591,591,591,0.00,0.00,0.00,0.00,0.00,0.00,0.00,0.00,0.00,0.00,0.00,0.00,0.00,0.00,0.00,0.00,0.00,0.00,0.00,0.00,0.00,411455,464417,602808,424559,477347,615039,0,0,0,0,0,0,0,99518,0,124.12,124.15,124.20
1249,2,0,0,0,93619,93619,93619,3660,3660,3660,591,591,591,0.00,0.00,0.00,0.00,0.00,0.00,0.00,0.00,0.00,0.00,0.00,0.00,0.00,0.00,0.00,0.00,0.00,0.00,0.00,0.00,0.00,203704,508317,1378619,215788,521742,1391724,0,0,0,0,0,0,0,113945,0,126.08,126.12,126.17
1249,3,0,0,0,93660,93660,93660,3619,3619,3619,591,591,591,0.00,0.00,0.00,0.00,0.00,0.00,0.00,0.00,0.00,0.00,0.00,0.00,0.00,0.00,0.00,0.00,0.00,0.00,0.00,0.00,0.00,204436,369080,609786,213173,382886,625488,0,0,0,0,0,0,0,126672,0,140.25,140.30,140.36
1250,0,0,0,0,93656,93656,93656,3623,3623,3623,591,591,591,0.00,0.00,0.00,0.00,0.00,0.00,0.00,0.00,0.00,0.00,0.00,0.00,0.00,0.00,0.00,0.00,0.00,0.00,0.00,0.00,0.00,298784,337575,471768,311888,535718,1234464,0,0,0,0,0,0,0,123823,0,137.33,137.35,137.38
1250,1,0,0,0,93624,93624,93624,3655,3655,3655,591,591,591,0.00,0.00,0.00,0.00,0.00,0.00,0.00,0.00,0.00,0.00,0.00,0.00,0.00,0.00,0.00,0.00,0.00,0.00,0.00,0.00,0.00,424588,586036,767925,440313,600189,778409,0,0,0,0,0,0,0,111874,0,124.16,124.19,124.21
1250,2,0,0,0,93619,93619,93619,3660,3660,3660,591,591,591,0.00,0.00,0.00,0.00,0.00,0.00,0.00,0.00,0.00,0.00,0.00,0.00,0.00,0.00,0.00,0.00,0.00,0.00,0.00,0.00,0.00,309270,445559,689307,322375,459188,702412,0,0,0,0,0,0,0,101117,0,126.03,126.09,126.18
1250,3,0,0,0,93660,93660,93660,3619,3619,3619,591,591,591,0.00,0.00,0.00,0.00,0.00,0.00,0.00,0.00,0.00,0.00,0.00,0.00,0.00,0.00,0.00,0.00,0.00,0.00,0.00,0.00,0.00,303111,484693,912096,316176,498314,925201,0,0,0,0,0,0,0,112638,0,140.26,140.32,140.34
1251,0,0,0,0,93656,93656,93656,3623,3623,3623,591,591,591,0.00,0.00,0.00,0.00,0.00,0.00,0.00,0.00,0.00,0.00,0.00,0.00,0.00,0.00,0.00,0.00,0.00,0.00,0.00,0.00,0.00,304029,544624,1223981,317134,374263,587058,0,0,0,0,0,0,0,110120,0,137.33,137.36,137.41
1251,1,0,0,0,93624,93624,93624,3655,3655,3655,591,591,591,0.00,0.00,0.00,0.00,0.00,0.00,0.00,0.00,0.00,0.00,0.00,0.00,0.00,0.00,0.00,0.00,0.00,0.00,0.00,0.00,0.00,424588,521562,731233,440314,535715,744338,0,0,0,0,0,0,0,99550,0,124.19,124.20,124.21
1251,2,0,0,0,93619,93619,93619,3660,3660,3660,591,591,591,0.00,0.00,0.00,0.00,0.00,0.00,0.00,0.00,0.00,0.00,0.00,0.00,0.00,0.00,0.00,0.00,0.00,0.00,0.00,0.00,0.00,304029,375314,639508,319754,389467,652613,0,0,0,0,0,0,0,101266,0,126.06,126.19,126.28
1251,3,0,0,0,93660,93660,93660,3619,3619,3619,591,591,591,0.00,0.00,0.00,0.00,0.00,0.00,0.00,0.00,0.00,0.00,0.00,0.00,0.00,0.00,0.00,0.00,0.00,0.00,0.00,0.00,0.00,304013,374532,500604,317136,388154,513709,0,0,0,0,0,0,0,112679,0,140.26,140.30,140.36
1252,0,0,0,0,93656,93656,93656,3623,3623,3623,591,591,591,0.00,0.00,0.00,0.00,0.00,0.00,0.00,0.00,0.00,0.00,0.00,0.00,0.00,0.00,0.00,0.00,0.00,0.00,0.00,0.00,0.00,301408,389994,691924,327614,467050,705029,0,0,0,0,0,0,0,110087,0,137.21,137.30,137.35
1252,1,0,0,0,93624,93624,93624,3655,3655,3655,591,591,591,0.00,0.00,0.00,0.00,0.00,0.00,0.00,0.00,0.00,0.00,0.00,0.00,0.00,0.00,0.00,0.00,0.00,0.00,0.00,0.00,0.00,415705,507723,815063,431197,521305,828167,0,0,0,0,0,0,0,99531,0,124.10,124.13,124.17
1252,2,0,0,0,93619,93619,93619,3660,3660,3660,591,591,591,0.00,0.00,0.00,0.00,0.00,0.00,0.00,0.00,0.00,0.00,0.00,0.00,0.00,0.00,0.00,0.00,0.00,0.00,0.00,0.00,0.00,214464,368415,707659,226571,381320,720764,0,0,0,0,0,0,0,101286,0,126.22,126.24,126.27
1252,3,0,0,0,93660,93660,93660,3619,3619,3619,591,591,591,0.00,0.00,0.00,0.00,0.00,0.00,0.00,0.00,0.00,0.00,0.00,0.00,0.00,0.00,0.00,0.00,0.00,0.00,0.00,0.00,0.00,301147,381559,686703,316724,395683,697187,0,0,0,0,0,0,0,112760,0,140.36,140.42,140.49
1253,0,0,0,0,93656,93656,93656,3623,3623,3623,591,591,591,0.00,0.00,0.00,0.00,0.00,0.00,0.00,0.00,0.00,0.00,0.00,0.00,0.00,0.00,0.00,0.00,0.00,0.00,0.00,0.00,0.00,211422,383525,615924,220158,332328,497950,0,0,0,0,0,0,0,110004,0,137.27,137.29,137.30
1253,1,0,0,0,93624,93624,93624,3655,3655,3655,591,591,591,0.00,0.00,0.00,0.00,0.00,0.00,0.00,0.00,0.00,0.00,0.00,0.00,0.00,0.00,0.00,0.00,0.00,0.00,0.00,0.00,0.00,290049,540259,846561,300532,553364,859665,0,0,0,0,0,0,0,111899,0,124.09,124.11,124.15
1253,2,0,0,0,93619,93619,93619,3660,3660,3660,591,591,591,0.00,0.00,0.00,0.00,0.00,0.00,0.00,0.00,0.00,0.00,0.00,0.00,0.00,0.00,0.00,0.00,0.00,0.00,0.00,0.00,0.00,306633,583036,1063486,319737,596699,1077742,0,0,0,0,0,0,0,101154,0,126.07,126.12,126.20
1253,3,0,0,0,93660,93660,93660,3619,3619,3619,591,591,591,0.00,0.00,0.00,0.00,0.00,0.00,0.00,0.00,0.00,0.00,0.00,0.00,0.00,0.00,0.00,0.00,0.00,0.00,0.00,0.00,0.00,202689,511753,825170,211425,525032,838268,0,0,0,0,0,0,0,126640,0,140.35,140.47,140.57
1254,0,0,0,0,93656,93656,93656,3623,3623,3623,591,591,591,0.00,0.00,0.00,0.00,0.00,0.00,0.00,0.00,0.00,0.00,0.00,0.00,0.00,0.00,0.00,0.00,0.00,0.00,0.00,0.00,0.00,298786,538862,1226591,314512,552491,1242317,0,0,0,0,0,0,0,96320,0,137.22,137.27,137.31
1254,1,0,0,0,93624,93624,93624,3655,3655,3655,591,591,591,0.00,0.00,0.00,0.00,0.00,0.00,0.00,0.00,0.00,0.00,0.00,0.00,0.00,0.00,0.00,0.00,0.00,0.00,0.00,0.00,0.00,416732,474905,589702,429836,488534,605427,0,0,0,0,0,0,0,74613,0,124.19,124.23,124.25
1254,2,0,0,0,93619,93619,93619,3660,3660,3660,591,591,591,0.00,0.00,0.00,0.00,0.00,0.00,0.00,0.00,0.00,0.00,0.00,0.00,0.00,0.00,0.00,0.00,0.00,0.00,0.00,0.00,0.00,301409,383706,697175,314514,397859,710280,0,0,0,0,0,0,0,101160,0,126.11,126.15,126.19
1254,3,0,0,0,93660,93660,93660,3619,3619,3619,591,591,591,0.00,0.00,0.00,0.00,0.00,0.00,0.00,0.00,0.00,0.00,0.00,0.00,0.00,0.00,0.00,0.00,0.00,0.00,0.00,0.00,0.00,298790,346312,504072,311895,360463,519742,0,0,0,0,0,0,0,84475,0,140.22,140.24,140.26
1255,0,0,0,0,93656,93656,93656,3623,3623,3623,591,591,591,0.00,0.00,0.00,0.00,0.00,0.00,0.00,0.00,0.00,0.00,0.00,0.00,0.00,0.00,0.00,0.00,0.00,0.00,0.00,0.00,0.00,298787,391829,663098,311892,406245,676203,0,0,0,0,0,0,0,109982,0,137.15,137.18,137.20
1255,1,0,0,0,93624,93624,93624,3655,3655,3655,591,591,591,0.00,0.00,0.00,0.00,0.00,0.00,0.00,0.00,0.00,0.00,0.00,0.00,0.00,0.00,0.00,0.00,0.00,0.00,0.00,0.00,0.00,429827,536632,736478,445553,551047,749582,0,0,0,0,0,0,0,99443,0,124.06,124.09,124.12
1255,2,0,0,0,93619,93619,93619,3660,3660,3660,591,591,591,0.00,0.00,0.00,0.00,0.00,0.00,0.00,0.00,0.00,0.00,0.00,0.00,0.00,0.00,0.00,0.00,0.00,0.00,0.00,0.00,0.00,304030,396414,644741,317135,410174,657845,0,0,0,0,0,0,0,75884,0,126.07,126.11,126.19
1255,3,0,0,0,93660,93660,93660,3619,3619,3619,591,591,591,0.00,0.00,0.00,0.00,0.00,0.00,0.00,0.00,0.00,0.00,0.00,0.00,0.00,0.00,0.00,0.00,0.00,0.00,0.00,0.00,0.00,302262,317348,359072,312685,330438,374798,0,0,0,0,0,0,0,112604,0,140.24,140.27,140.30
1256,0,0,0,0,93656,93656,93656,3623,3623,3623,591,591,591,0.00,0.00,0.00,0.00,0.00,0.00,0.00,0.00,0.00,0.00,0.00,0.00,0.00,0.00,0.00,0.00,0.00,0.00,0.00,0.00,0.00,296167,379507,652613,311893,393660,665718,0,0,0,0,0,0,0,109952,0,137.26,137.28,137.30
1256,1,0,0,0,93624,93624,93624,3655,3655,3655,591,591,591,0.00,0.00,0.00,0.00,0.00,0.00,0.00,0.00,0.00,0.00,0.00,0.00,0.00,0.00,0.00,0.00,0.00,0.00,0.00,0.00,0.00,411484,574752,813700,424589,588802,828910,0,0,0,0,0,0,0,99382,0,124.01,124.03,124.07
1256,2,0,0,0,93619,93619,93619,3660,3660,3660,591,591,591,0.00,0.00,0.00,0.00,0.00,0.00,0.00,0.00,0.00,0.00,0.00,0.00,0.00,0.00,0.00,0.00,0.00,0.00,0.00,0.00,0.00,304029,399445,639503,317134,412638,655229,0,0,0,0,0,0,0,113896,0,126.16,126.24,126.29
1256,3,0,0,0,93660,93660,93660,3619,3619,3619,591,591,591,0.00,0.00,0.00,0.00,0.00,0.00,0.00,0.00,0.00,0.00,0.00,0.00,0.00,0.00,0.00,0.00,0.00,0.00,0.00,0.00,0.00,202687,306942,421885,211424,320206,434987,0,0,0,0,0,0,0,112757,0,140.27,140.32,140.42
1257,0,0,0,0,93656,93656,93656,3623,3623,3623,591,591,591,0.00,0.00,0.00,0.00,0.00,0.00,0.00,0.00,0.00,0.00,0.00,0.00,0.00,0.00,0.00,0.00,0.00,0.00,0.00,0.00,0.00,200939,314861,469146,209676,327616,482251,0,0,0,0,0,0,0,110065,0,137.13,137.18,137.26
1257,1,0,0,0,93624,93624,93624,3655,3655,3655,591,591,591,0.00,0.00,0.00,0.00,0.00,0.00,0.00,0.00,0.00,0.00,0.00,0.00,0.00,0.00,0.00,0.00,0.00,0.00,0.00,0.00,0.00,277805,476991,736484,286541,489746,752210,0,0,0,0,0,0,0,111897,0,124.01,124.11,124.17
1257,2,0,0,0,93619,93619,93619,3660,3660,3660,591,591,591,0.00,0.00,0.00,0.00,0.00,0.00,0.00,0.00,0.00,0.00,0.00,0.00,0.00,0.00,0.00,0.00,0.00,0.00,0.00,0.00,0.00,304368,505492,962431,317717,519123,975298,0,0,0,0,0,0,0,101126,0,126.13,126.19,126.29
1257,3,0,0,0,93660,93660,93660,3619,3619,3619,591,591,591,0.00,0.00,0.00,0.00,0.00,0.00,0.00,0.00,0.00,0.00,0.00,0.00,0.00,0.00,0.00,0.00,0.00,0.00,0.00,0.00,0.00,311889,539915,909467,327615,554069,922572,0,0,0,0,0,0,0,112538,0,140.36,140.43,140.48
1258,0,0,0,0,93656,93656,93656,3623,3623,3623,591,591,591,0.00,0.00,0.00,0.00,0.00,0.00,0.00,0.00,0.00,0.00,0.00,0.00,0.00,0.00,0.00,0.00,0.00,0.00,0.00,0.00,0.00,298784,542003,1195142,314510,556156,1205626,0,0,0,0,0,0,0,110065,0,137.30,137.33,137.36
1258,1,0,0,0,93624,93624,93624,3655,3655,3655,591,591,591,0.00,0.00,0.00,0.00,0.00,0.00,0.00,0.00,0.00,0.00,0.00,0.00,0.00,0.00,0.00,0.00,0.00,0.00,0.00,0.00,0.00,416724,550915,736477,432449,565067,749581,0,0,0,0,0,0,0,99528,0,124.16,124.17,124.18
1258,2,0,0,0,93619,93619,93619,3660,3660,3660,591,591,591,0.00,0.00,0.00,0.00,0.00,0.00,0.00,0.00,0.00,0.00,0.00,0.00,0.00,0.00,0.00,0.00,0.00,0.00,0.00,0.00,0.00,304029,384753,686688,319755,399430,699793,0,0,0,0,0,0,0,101129,0,126.10,126.13,126.17
1258,3,0,0,0,93660,93660,93660,3619,3619,3619,591,591,591,0.00,0.00,0.00,0.00,0.00,0.00,0.00,0.00,0.00,0.00,0.00,0.00,0.00,0.00,0.00,0.00,0.00,0.00,0.00,0.00,0.00,303664,346941,511087,319371,361091,524192,0,0,0,0,0,0,0,112736,0,140.35,140.39,140.42
1259,0,0,0,0,93656,93656,93656,3623,3623,3623,591,591,591,0.00,0.00,0.00,0.00,0.00,0.00,0.00,0.00,0.00,0.00,0.00,0.00,0.00,0.00,0.00,0.00,0.00,0.00,0.00,0.00,0.00,301406,376889,657848,314510,390518,673573,0,0,0,0,0,0,0,110112,0,137.32,137.35,137.38
1259,1,0,0,0,93624,93624,93624,3655,3655,3655,591,591,591,0.00,0.00,0.00,0.00,0.00,0.00,0.00,0.00,0.00,0.00,0.00,0.00,0.00,0.00,0.00,0.00,0.00,0.00,0.00,0.00,0.00,435074,537283,736480,448179,550912,752206,0,0,0,0,0,0,0,99457,0,124.11,124.18,124.23
1259,2,0,0,0,93619,93619,93619,3660,3660,3660,591,591,591,0.00,0.00,0.00,0.00,0.00,0.00,0.00,0.00,0.00,0.00,0.00,0.00,0.00,0.00,0.00,0.00,0.00,0.00,0.00,0.00,0.00,301407,445028,657820,314511,458656,670960,0,0,0,0,0,0,0,101216,0,126.04,126.09,126.14
1259,3,0,0,0,93660,93660,93660,3619,3619,3619,591,591,591,0.00,0.00,0.00,0.00,0.00,0.00,0.00,0.00,0.00,0.00,0.00,0.00,0.00,0.00,0.00,0.00,0.00,0.00,0.00,0.00,0.00,298772,319727,398386,311876,333879,411491,0,0,0,0,0,0,0,112597,0,140.20,140.28,140.36
1260,0,0,0,0,93656,93656,93656,3623,3623,3623,591,591,591,0.00,0.00,0.00,0.00,0.00,0.00,0.00,0.00,0.00,0.00,0.00,0.00,0.00,0.00,0.00,0.00,0.00,0.00,0.00,0.00,0.00,199192,351729,644753,207928,365009,660478,0,0,0,0,0,0,0,110034,0,137.27,137.31,137.40
1260,1,0,0,0,93624,93624,93624,3655,3655,3655,591,591,591,0.00,0.00,0.00,0.00,0.00,0.00,0.00,0.00,0.00,0.00,0.00,0.00,0.00,0.00,0.00,0.00,0.00,0.00,0.00,0.00,0.00,267303,474159,849189,276039,487391,862294,0,0,0,0,0,0,0,99441,0,124.07,124.09,124.12
1260,2,0,0,0,93619,93619,93619,3660,3660,3660,591,591,591,0.00,0.00,0.00,0.00,0.00,0.00,0.00,0.00,0.00,0.00,0.00,0.00,0.00,0.00,0.00,0.00,0.00,0.00,0.00,0.00,0.00,309269,424230,844746,322374,437494,853402,0,0,0,0,0,0,0,113886,0,126.15,126.18,126.21
1260,3,0,0,0,93660,93660,93660,3619,3619,3619,591,591,591,0.00,0.00,0.00,0.00,0.00,0.00,0.00,0.00,0.00,0.00,0.00,0.00,0.00,0.00,0.00,0.00,0.00,0.00,0.00,0.00,0.00,214917,368825,621166,223654,381526,636891,0,0,0,0,0,0,0,126534,0,140.15,140.17,140.20
1261,0,0,0,0,93656,93656,93656,3623,3623,3623,591,591,591,0.00,0.00,0.00,0.00,0.00,0.00,0.00,0.00,0.00,0.00,0.00,0.00,0.00,0.00,0.00,0.00,0.00,0.00,0.00,0.00,0.00,301393,515272,1221362,317118,529425,1237087,0,0,0,0,0,0,0,96406,0,137.22,137.31,137.41
1261,1,0,0,0,93624,93624,93624,3655,3655,3655,591,591,591,0.00,0.00,0.00,0.00,0.00,0.00,0.00,0.00,0.00,0.00,0.00,0.00,0.00,0.00,0.00,0.00,0.00,0.00,0.00,0.00,0.00,408863,589706,799381,421967,603858,812485,0,0,0,0,0,0,0,87029,0,124.07,124.10,124.14
1261,2,0,0,0,93619,93619,93619,3660,3660,3660,591,591,591,0.00,0.00,0.00,0.00,0.00,0.00,0.00,0.00,0.00,0.00,0.00,0.00,0.00,0.00,0.00,0.00,0.00,0.00,0.00,0.00,0.00,309252,453944,673592,322356,467573,684076,0,0,0,0,0,0,0,101299,0,126.16,126.24,126.33
1261,3,0,0,0,93660,93660,93660,3619,3619,3619,591,591,591,0.00,0.00,0.00,0.00,0.00,0.00,0.00,0.00,0.00,0.00,0.00,0.00,0.00,0.00,0.00,0.00,0.00,0.00,0.00,0.00,0.00,304014,471768,836089,317118,485921,851815,0,0,0,0,0,0,0,84287,0,140.17,140.23,140.26
1262,0,0,0,0,93656,93656,93656,3623,3623,3623,591,591,591,0.00,0.00,0.00,0.00,0.00,0.00,0.00,0.00,0.00,0.00,0.00,0.00,0.00,0.00,0.00,0.00,0.00,0.00,0.00,0.00,0.00,304029,369551,558258,319754,383966,571363,0,0,0,0,0,0,0,110164,0,137.47,137.50,137.52
1262,1,0,0,0,93624,93624,93624,3655,3655,3655,591,591,591,0.00,0.00,0.00,0.00,0.00,0.00,0.00,0.00,0.00,0.00,0.00,0.00,0.00,0.00,0.00,0.00,0.00,0.00,0.00,0.00,0.00,419320,497967,720756,435045,511072,733861,0,0,0,0,0,0,0,99501,0,124.13,124.16,124.17
1262,2,0,0,0,93619,93619,93619,3660,3660,3660,591,591,591,0.00,0.00,0.00,0.00,0.00,0.00,0.00,0.00,0.00,0.00,0.00,0.00,0.00,0.00,0.00,0.00,0.00,0.00,0.00,0.00,0.00,304029,396416,652618,317134,410176,665723,0,0,0,0,0,0,0,75608,0,125.85,126.08,126.32
1262,3,0,0,0,93660,93660,93660,3619,3619,3619,591,591,591,0.00,0.00,0.00,0.00,0.00,0.00,0.00,0.00,0.00,0.00,0.00,0.00,0.00,0.00,0.00,0.00,0.00,0.00,0.00,0.00,0.00,301412,351862,487497,314517,365622,497981,0,0,0,0,0,0,0,112683,0,140.24,140.29,140.31
1264,0,0,0,0,93656,93656,93656,3623,3623,3623,591,591,591,0.00,0.00,0.00,0.00,0.00,0.00,0.00,0.00,0.00,0.00,0.00,0.00,0.00,0.00,0.00,0.00,0.00,0.00,0.00,0.00,0.00,296165,375578,681444,309269,388770,697170,0,0,0,0,0,0,0,247981,0,137.37,137.47,137.62
1264,1,0,0,0,93624,93624,93624,3655,3655,3655,591,591,591,0.00,0.00,0.00,0.00,0.00,0.00,0.00,0.00,0.00,0.00,0.00,0.00,0.00,0.00,0.00,0.00,0.00,0.00,0.00,0.00,0.00,279555,460669,794135,288291,474385,807240,0,0,0,0,0,0,0,223842,0,124.00,124.12,124.21
1264,2,0,0,0,93619,93619,93619,3660,3660,3660,591,591,591,0.00,0.00,0.00,0.00,0.00,0.00,0.00,0.00,0.00,0.00,0.00,0.00,0.00,0.00,0.00,0.00,0.00,0.00,0.00,0.00,0.00,300824,433703,910334,313464,447073,920817,0,0,0,0,0,0,0,239452,0,125.62,125.67,125.75
1264,3,0,0,0,93660,93660,93660,3619,3619,3619,591,591,591,0.00,0.00,0.00,0.00,0.00,0.00,0.00,0.00,0.00,0.00,0.00,0.00,0.00,0.00,0.00,0.00,0.00,0.00,0.00,0.00,0.00,197448,373934,988086,207932,387279,1001190,0,0,0,0,0,0,0,267496,0,140.21,140.25,140.30
1265,0,0,0,0,93656,93656,93656,3623,3623,3623,591,591,591,0.00,0.00,0.00,0.00,0.00,0.00,0.00,0.00,0.00,0.00,0.00,0.00,0.00,0.00,0.00,0.00,0.00,0.00,0.00,0.00,0.00,298787,475961,1166323,311891,490114,1182049,0,0,0,0,0,0,0,124063,0,137.46,137.50,137.54
1265,1,0,0,0,93624,93624,93624,3655,3655,3655,591,591,591,0.00,0.00,0.00,0.00,0.00,0.00,0.00,0.00,0.00,0.00,0.00,0.00,0.00,0.00,0.00,0.00,0.00,0.00,0.00,0.00,0.00,416726,607528,775792,432452,621681,788896,0,0,0,0,0,0,0,99428,0,124.15,124.19,124.21
1265,2,0,0,0,93619,93619,93619,3660,3660,3660,591,591,591,0.00,0.00,0.00,0.00,0.00,0.00,0.00,0.00,0.00,0.00,0.00,0.00,0.00,0.00,0.00,0.00,0.00,0.00,0.00,0.00,0.00,306652,387899,691932,322375,402052,707658,0,0,0,0,0,0,0,100786,0,125.61,125.65,125.71
1265,3,0,0,0,93660,93660,93660,3619,3619,3619,591,591,591,0.00,0.00,0.00,0.00,0.00,0.00,0.00,0.00,0.00,0.00,0.00,0.00,0.00,0.00,0.00,0.00,0.00,0.00,0.00,0.00,0.00,301410,394715,613304,314514,408343,629030,0,0,0,0,0,0,0,112570,0,140.22,140.27,140.29
1266,0,0,0,0,93656,93656,93656,3623,3623,3623,591,591,591,0.00,0.00,0.00,0.00,0.00,0.00,0.00,0.00,0.00,0.00,0.00,0.00,0.00,0.00,0.00,0.00,0.00,0.00,0.00,0.00,0.00,301389,443458,686683,317114,457610,702409,0,0,0,0,0,0,0,110233,0,137.40,137.42,137.47
1266,1,0,0,0,93624,93624,93624,3655,3655,3655,591,591,591,0.00,0.00,0.00,0.00,0.00,0.00,0.00,0.00,0.00,0.00,0.00,0.00,0.00,0.00,0.00,0.00,0.00,0.00,0.00,0.00,0.00,414103,502690,710256,424587,516318,725982,0,0,0,0,0,0,0,99610,0,124.17,124.20,124.22
1266,2,0,0,0,93619,93619,93619,3660,3660,3660,591,591,591,0.00,0.00,0.00,0.00,0.00,0.00,0.00,0.00,0.00,0.00,0.00,0.00,0.00,0.00,0.00,0.00,0.00,0.00,0.00,0.00,0.00,306648,373738,636849,319753,387367,652574,0,0,0,0,0,0,0,100701,0,125.50,125.55,125.63
1266,3,0,0,0,93660,93660,93660,3619,3619,3619,591,591,591,0.00,0.00,0.00,0.00,0.00,0.00,0.00,0.00,0.00,0.00,0.00,0.00,0.00,0.00,0.00,0.00,0.00,0.00,0.00,0.00,0.00,304033,318180,353809,317137,332857,369534,0,0,0,0,0,0,0,112504,0,140.16,140.21,140.30
1267,0,0,0,0,93656,93656,93656,3623,3623,3623,591,591,591,0.00,0.00,0.00,0.00,0.00,0.00,0.00,0.00,0.00,0.00,0.00,0.00,0.00,0.00,0.00,0.00,0.00,0.00,0.00,0.00,0.00,296168,365882,589709,311893,380035,605435,0,0,0,0,0,0,0,110167,0,137.44,137.48,137.51
1267,1,0,0,0,93624,93624,93624,3655,3655,3655,591,591,591,0.00,0.00,0.00,0.00,0.00,0.00,0.00,0.00,0.00,0.00,0.00,0.00,0.00,0.00,0.00,0.00,0.00,0.00,0.00,0.00,0.00,414108,577122,870152,429831,590751,883257,0,0,0,0,0,0,0,99565,0,124.22,124.24,124.25
1267,2,0,0,0,93619,93619,93619,3660,3660,3660,591,591,591,0.00,0.00,0.00,0.00,0.00,0.00,0.00,0.00,0.00,0.00,0.00,0.00,0.00,0.00,0.00,0.00,0.00,0.00,0.00,0.00,0.00,301410,384755,673583,317133,398908,689309,0,0,0,0,0,0,0,113436,0,125.59,125.66,125.71
1267,3,0,0,0,93660,93660,93660,3619,3619,3619,591,591,591,0.00,0.00,0.00,0.00,0.00,0.00,0.00,0.00,0.00,0.00,0.00,0.00,0.00,0.00,0.00,0.00,0.00,0.00,0.00,0.00,0.00,301409,327093,414113,314514,340722,427218,0,0,0,0,0,0,0,112590,0,140.17,140.22,140.26
1268,0,0,0,0,93656,93656,93656,3623,3623,3623,591,591,591,0.00,0.00,0.00,0.00,0.00,0.00,0.00,0.00,0.00,0.00,0.00,0.00,0.00,0.00,0.00,0.00,0.00,0.00,0.00,0.00,0.00,195670,312448,459730,206152,324948,475054,0,0,0,0,0,0,0,110068,0,137.30,137.37,137.49
1268,1,0,0,0,93624,93624,93624,3655,3655,3655,591,591,591,0.00,0.00,0.00,0.00,0.00,0.00,0.00,0.00,0.00,0.00,0.00,0.00,0.00,0.00,0.00,0.00,0.00,0.00,0.00,0.00,0.00,419347,463019,534667,432451,475567,545151,0,0,0,0,0,0,0,111812,0,124.08,124.14,124.22
1268,2,0,0,0,93619,93619,93619,3660,3660,3660,591,591,591,0.00,0.00,0.00,0.00,0.00,0.00,0.00,0.00,0.00,0.00,0.00,0.00,0.00,0.00,0.00,0.00,0.00,0.00,0.00,0.00,0.00,203424,552545,1271169,215391,564918,1284274,0,0,0,0,0,0,0,100730,0,125.62,125.71,125.76
1268,3,0,0,0,93660,93660,93660,3619,3619,3619,591,591,591,0.00,0.00,0.00,0.00,0.00,0.00,0.00,0.00,0.00,0.00,0.00,0.00,0.00,0.00,0.00,0.00,0.00,0.00,0.00,0.00,0.00,304030,498330,812499,319756,511610,825604,0,0,0,0,0,0,0,112519,0,140.19,140.25,140.33
1269,0,0,0,0,93656,93656,93656,3623,3623,3623,591,591,591,0.00,0.00,0.00,0.00,0.00,0.00,0.00,0.00,0.00,0.00,0.00,0.00,0.00,0.00,0.00,0.00,0.00,0.00,0.00,0.00,0.00,301407,601503,1213491,314512,615263,1226596,0,0,0,0,0,0,0,82734,0,137.34,137.42,137.50
1269,1,0,0,0,93624,93624,93624,3655,3655,3655,591,591,591,0.00,0.00,0.00,0.00,0.00,0.00,0.00,0.00,0.00,0.00,0.00,0.00,0.00,0.00,0.00,0.00,0.00,0.00,0.00,0.00,0.00,411460,463896,581843,424564,478310,594947,0,0,0,0,0,0,0,74685,0,124.08,124.17,124.23
1269,2,0,0,0,93619,93619,93619,3660,3660,3660,591,591,591,0.00,0.00,0.00,0.00,0.00,0.00,0.00,0.00,0.00,0.00,0.00,0.00,0.00,0.00,0.00,0.00,0.00,0.00,0.00,0.00,0.00,304030,401656,684054,317134,416071,699780,0,0,0,0,0,0,0,75603,0,125.63,125.66,125.71
1269,3,0,0,0,93660,93660,93660,3619,3619,3619,591,591,591,0.00,0.00,0.00,0.00,0.00,0.00,0.00,0.00,0.00,0.00,0.00,0.00,0.00,0.00,0.00,0.00,0.00,0.00,0.00,0.00,0.00,301394,360375,500601,314498,373480,516327,0,0,0,0,0,0,0,84558,0,140.34,140.39,140.44
1270,0,0,0,0,93656,93656,93656,3623,3623,3623,591,591,591,0.00,0.00,0.00,0.00,0.00,0.00,0.00,0.00,0.00,0.00,0.00,0.00,0.00,0.00,0.00,0.00,0.00,0.00,0.00,0.00,0.00,301407,379510,634263,317132,393663,649989,0,0,0,0,0,0,0,110228,0,137.58,137.60,137.63
1270,1,0,0,0,93624,93624,93624,3655,3655,3655,591,591,591,0.00,0.00,0.00,0.00,0.00,0.00,0.00,0.00,0.00,0.00,0.00,0.00,0.00,0.00,0.00,0.00,0.00,0.00,0.00,0.00,0.00,424589,579748,781037,437693,593901,796763,0,0,0,0,0,0,0,99443,0,124.15,124.22,124.31
1270,2,0,0,0,93619,93619,93619,3660,3660,3660,591,591,591,0.00,0.00,0.00,0.00,0.00,0.00,0.00,0.00,0.00,0.00,0.00,0.00,0.00,0.00,0.00,0.00,0.00,0.00,0.00,0.00,0.00,304031,374270,642134,317135,388423,655239,0,0,0,0,0,0,0,100779,0,125.66,125.70,125.74
1270,3,0,0,0,93660,93660,93660,3619,3619,3619,591,591,591,0.00,0.00,0.00,0.00,0.00,0.00,0.00,0.00,0.00,0.00,0.00,0.00,0.00,0.00,0.00,0.00,0.00,0.00,0.00,0.00,0.00,301404,315562,372175,314508,329715,385280,0,0,0,0,0,0,0,112698,0,140.26,140.31,140.36
1271,0,0,0,0,93656,93656,93656,3623,3623,3623,591,591,591,0.00,0.00,0.00,0.00,0.00,0.00,0.00,0.00,0.00,0.00,0.00,0.00,0.00,0.00,0.00,0.00,0.00,0.00,0.00,0.00,0.00,293545,367448,615884,306650,381076,628988,0,0,0,0,0,0,0,110128,0,137.35,137.42,137.49
1271,1,0,0,0,93624,93624,93624,3655,3655,3655,591,591,591,0.00,0.00,0.00,0.00,0.00,0.00,0.00,0.00,0.00,0.00,0.00,0.00,0.00,0.00,0.00,0.00,0.00,0.00,0.00,0.00,0.00,411483,516846,893735,424588,530475,909461,0,0,0,0,0,0,0,99541,0,124.07,124.11,124.17
1271,2,0,0,0,93619,93619,93619,3660,3660,3660,591,591,591,0.00,0.00,0.00,0.00,0.00,0.00,0.00,0.00,0.00,0.00,0.00,0.00,0.00,0.00,0.00,0.00,0.00,0.00,0.00,0.00,0.00,306633,594948,1360267,322358,608576,1370751,0,0,0,0,0,0,0,113287,0,125.54,125.59,125.66
1271,3,0,0,0,93660,93660,93660,3619,3619,3619,591,591,591,0.00,0.00,0.00,0.00,0.00,0.00,0.00,0.00,0.00,0.00,0.00,0.00,0.00,0.00,0.00,0.00,0.00,0.00,0.00,0.00,0.00,298769,324310,419352,311873,337931,432456,0,0,0,0,0,0,0,126808,0,140.40,140.46,140.50
1272,0,0,0,0,93656,93656,93656,3623,3623,3623,591,591,591,0.00,0.00,0.00,0.00,0.00,0.00,0.00,0.00,0.00,0.00,0.00,0.00,0.00,0.00,0.00,0.00,0.00,0.00,0.00,0.00,0.00,195681,313452,463905,204417,326692,477010,0,0,0,0,0,0,0,123839,0,137.39,137.41,137.44
1272,1,0,0,0,93624,93624,93624,3655,3655,3655,591,591,591,0.00,0.00,0.00,0.00,0.00,0.00,0.00,0.00,0.00,0.00,0.00,0.00,0.00,0.00,0.00,0.00,0.00,0.00,0.00,0.00,0.00,398379,486090,584466,414104,498670,594950,0,0,0,0,0,0,0,111982,0,124.20,124.25,124.28
1272,2,0,0,0,93619,93619,93619,3660,3660,3660,591,591,591,0.00,0.00,0.00,0.00,0.00,0.00,0.00,0.00,0.00,0.00,0.00,0.00,0.00,0.00,0.00,0.00,0.00,0.00,0.00,0.00,0.00,301672,325824,402662,317690,339095,411303,0,0,0,0,0,0,0,100852,0,125.55,125.67,125.75
1272,3,0,0,0,93660,93660,93660,3619,3619,3619,591,591,591,0.00,0.00,0.00,0.00,0.00,0.00,0.00,0.00,0.00,0.00,0.00,0.00,0.00,0.00,0.00,0.00,0.00,0.00,0.00,0.00,0.00,304030,495514,833462,317135,508967,846567,0,0,0,0,0,0,0,112681,0,140.38,140.40,140.41
1273,0,0,0,0,93656,93656,93656,3623,3623,3623,591,591,591,0.00,0.00,0.00,0.00,0.00,0.00,0.00,0.00,0.00,0.00,0.00,0.00,0.00,0.00,0.00,0.00,0.00,0.00,0.00,0.00,0.00,304029,547245,1218721,317133,561398,1231826,0,0,0,0,0,0,0,110196,0,137.32,137.39,137.44
1273,1,0,0,0,93624,93624,93624,3655,3655,3655,591,591,591,0.00,0.00,0.00,0.00,0.00,0.00,0.00,0.00,0.00,0.00,0.00,0.00,0.00,0.00,0.00,0.00,0.00,0.00,0.00,0.00,0.00,416728,483821,686676,432453,498498,699780,0,0,0,0,0,0,0,99598,0,124.28,124.29,124.30
1273,2,0,0,0,93619,93619,93619,3660,3660,3660,591,591,591,0.00,0.00,0.00,0.00,0.00,0.00,0.00,0.00,0.00,0.00,0.00,0.00,0.00,0.00,0.00,0.00,0.00,0.00,0.00,0.00,0.00,306646,449754,689311,319751,463907,702416,0,0,0,0,0,0,0,100775,0,125.65,125.68,125.70
1273,3,0,0,0,93660,93660,93660,3619,3619,3619,591,591,591,0.00,0.00,0.00,0.00,0.00,0.00,0.00,0.00,0.00,0.00,0.00,0.00,0.00,0.00,0.00,0.00,0.00,0.00,0.00,0.00,0.00,301409,345860,495358,314514,359485,511084,0,0,0,0,0,0,0,112645,0,140.30,140.34,140.40
1274,0,0,0,0,93656,93656,93656,3623,3623,3623,591,591,591,0.00,0.00,0.00,0.00,0.00,0.00,0.00,0.00,0.00,0.00,0.00,0.00,0.00,0.00,0.00,0.00,0.00,0.00,0.00,0.00,0.00,306649,436120,917315,319754,449749,930419,0,0,0,0,0,0,0,110399,0,137.47,137.54,137.60
1274,1,0,0,0,93624,93624,93624,3655,3655,3655,591,591,591,0.00,0.00,0.00,0.00,0.00,0.00,0.00,0.00,0.00,0.00,0.00,0.00,0.00,0.00,0.00,0.00,0.00,0.00,0.00,0.00,0.00,411481,533614,836066,427206,547242,851791,0,0,0,0,0,0,0,99578,0,124.31,124.34,124.37
1274,2,0,0,0,93619,93619,93619,3660,3660,3660,591,591,591,0.00,0.00,0.00,0.00,0.00,0.00,0.00,0.00,0.00,0.00,0.00,0.00,0.00,0.00,0.00,0.00,0.00,0.00,0.00,0.00,0.00,301409,378984,670966,317134,393137,686692,0,0,0,0,0,0,0,100675,0,125.54,125.59,125.69
1274,3,0,0,0,93660,93660,93660,3619,3619,3619,591,591,591,0.00,0.00,0.00,0.00,0.00,0.00,0.00,0.00,0.00,0.00,0.00,0.00,0.00,0.00,0.00,0.00,0.00,0.00,0.00,0.00,0.00,301408,352608,442918,316262,366754,456022,0,0,0,0,0,0,0,112779,0,140.30,140.35,140.39
1275,0,0,0,0,93656,93656,93656,3623,3623,3623,591,591,591,0.00,0.00,0.00,0.00,0.00,0.00,0.00,0.00,0.00,0.00,0.00,0.00,0.00,0.00,0.00,0.00,0.00,0.00,0.00,0.00,0.00,298783,367979,474389,311887,382132,487493,0,0,0,0,0,0,0,110278,0,137.53,137.57,137.61
1275,1,0,0,0,93624,93624,93624,3655,3655,3655,591,591,591,0.00,0.00,0.00,0.00,0.00,0.00,0.00,0.00,0.00,0.00,0.00,0.00,0.00,0.00,0.00,0.00,0.00,0.00,0.00,0.00,0.00,411484,445559,550397,424588,459711,563501,0,0,0,0,0,0,0,99130,0,123.77,124.00,124.25
1275,2,0,0,0,93619,93619,93619,3660,3660,3660,591,591,591,0.00,0.00,0.00,0.00,0.00,0.00,0.00,0.00,0.00,0.00,0.00,0.00,0.00,0.00,0.00,0.00,0.00,0.00,0.00,0.00,0.00,309270,583421,1315707,322375,597049,1331432,0,0,0,0,0,0,0,113285,0,125.51,125.53,125.55
1275,3,0,0,0,93660,93660,93660,3619,3619,3619,591,591,591,0.00,0.00,0.00,0.00,0.00,0.00,0.00,0.00,0.00,0.00,0.00,0.00,0.00,0.00,0.00,0.00,0.00,0.00,0.00,0.00,0.00,293513,431193,852722,309146,444477,868513,0,0,0,0,0,0,0,126658,0,140.20,140.29,140.36
1276,0,0,0,0,93656,93656,93656,3623,3623,3623,591,591,591,0.00,0.00,0.00,0.00,0.00,0.00,0.00,0.00,0.00,0.00,0.00,0.00,0.00,0.00,0.00,0.00,0.00,0.00,0.00,0.00,0.00,197428,476105,1247565,206164,489333,1260669,0,0,0,0,0,0,0,96516,0,137.49,137.55,137.58
1276,1,0,0,0,93624,93624,93624,3655,3655,3655,591,591,591,0.00,0.00,0.00,0.00,0.00,0.00,0.00,0.00,0.00,0.00,0.00,0.00,0.00,0.00,0.00,0.00,0.00,0.00,0.00,0.00,0.00,416729,485743,584469,432455,499023,600195,0,0,0,0,0,0,0,74423,0,123.71,123.78,123.85
1276,2,0,0,0,93619,93619,93619,3660,3660,3660,591,591,591,0.00,0.00,0.00,0.00,0.00,0.00,0.00,0.00,0.00,0.00,0.00,0.00,0.00,0.00,0.00,0.00,0.00,0.00,0.00,0.00,0.00,205879,365616,718138,214529,378346,731243,0,0,0,0,0,0,0,100835,0,125.52,125.65,125.74
1276,3,0,0,0,93660,93660,93660,3619,3619,3619,591,591,591,0.00,0.00,0.00,0.00,0.00,0.00,0.00,0.00,0.00,0.00,0.00,0.00,0.00,0.00,0.00,0.00,0.00,0.00,0.00,0.00,0.00,301865,398336,605440,314876,411959,618545,0,0,0,0,0,0,0,84430,0,140.19,140.23,140.28
1277,0,0,0,0,93656,93656,93656,3623,3623,3623,591,591,591,0.00,0.00,0.00,0.00,0.00,0.00,0.00,0.00,0.00,0.00,0.00,0.00,0.00,0.00,0.00,0.00,0.00,0.00,0.00,0.00,0.00,301406,358412,524190,317132,372173,534674,0,0,0,0,0,0,0,110106,0,137.42,137.45,137.48
1277,1,0,0,0,93624,93624,93624,3655,3655,3655,591,591,591,0.00,0.00,0.00,0.00,0.00,0.00,0.00,0.00,0.00,0.00,0.00,0.00,0.00,0.00,0.00,0.00,0.00,0.00,0.00,0.00,0.00,416727,525484,725949,429832,539243,739052,0,0,0,0,0,0,0,99342,0,123.86,123.89,123.93
1277,2,0,0,0,93619,93619,93619,3660,3660,3660,591,591,591,0.00,0.00,0.00,0.00,0.00,0.00,0.00,0.00,0.00,0.00,0.00,0.00,0.00,0.00,0.00,0.00,0.00,0.00,0.00,0.00,0.00,304029,395104,621162,319755,409519,634267,0,0,0,0,0,0,0,75518,0,125.54,125.63,125.68
1277,3,0,0,0,93660,93660,93660,3619,3619,3619,591,591,591,0.00,0.00,0.00,0.00,0.00,0.00,0.00,0.00,0.00,0.00,0.00,0.00,0.00,0.00,0.00,0.00,0.00,0.00,0.00,0.00,0.00,298788,327564,392923,314514,341951,408536,0,0,0,0,0,0,0,112646,0,140.22,140.25,140.28
1278,0,0,0,0,93656,93656,93656,3623,3623,3623,591,591,591,0.00,0.00,0.00,0.00,0.00,0.00,0.00,0.00,0.00,0.00,0.00,0.00,0.00,0.00,0.00,0.00,0.00,0.00,0.00,0.00,0.00,309270,446076,689303,324996,459705,702408,0,0,0,0,0,0,0,110188,0,137.39,137.43,137.46
1278,1,0,0,0,93624,93624,93624,3655,3655,3655,591,591,591,0.00,0.00,0.00,0.00,0.00,0.00,0.00,0.00,0.00,0.00,0.00,0.00,0.00,0.00,0.00,0.00,0.00,0.00,0.00,0.00,0.00,408866,499025,794146,421970,512653,807250,0,0,0,0,0,0,0,99313,0,123.91,123.93,123.94
1278,2,0,0,0,93619,93619,93619,3660,3660,3660,591,591,591,0.00,0.00,0.00,0.00,0.00,0.00,0.00,0.00,0.00,0.00,0.00,0.00,0.00,0.00,0.00,0.00,0.00,0.00,0.00,0.00,0.00,306651,386847,670944,319756,401000,684049,0,0,0,0,0,0,0,113410,0,125.54,125.60,125.69
1278,3,0,0,0,93660,93660,93660,3619,3619,3619,591,591,591,0.00,0.00,0.00,0.00,0.00,0.00,0.00,0.00,0.00,0.00,0.00,0.00,0.00,0.00,0.00,0.00,0.00,0.00,0.00,0.00,0.00,296165,319047,387904,311891,332664,398387,0,0,0,0,0,0,0,112689,0,140.20,140.24,140.29
1279,0,0,0,0,93656,93656,93656,3623,3623,3623,591,591,591,0.00,0.00,0.00,0.00,0.00,0.00,0.00,0.00,0.00,0.00,0.00,0.00,0.00,0.00,0.00,0.00,0.00,0.00,0.00,0.00,0.00,293546,337052,492735,309271,351205,505840,0,0,0,0,0,0,0,110112,0,137.40,137.44,137.49
1279,1,0,0,0,93624,93624,93624,3655,3655,3655,591,591,591,0.00,0.00,0.00,0.00,0.00,0.00,0.00,0.00,0.00,0.00,0.00,0.00,0.00,0.00,0.00,0.00,0.00,0.00,0.00,0.00,0.00,411406,437849,485725,421887,450953,496208,0,0,0,0,0,0,0,111630,0,123.77,123.85,123.92
1279,2,0,0,0,93619,93619,93619,3660,3660,3660,591,591,591,0.00,0.00,0.00,0.00,0.00,0.00,0.00,0.00,0.00,0.00,0.00,0.00,0.00,0.00,0.00,0.00,0.00,0.00,0.00,0.00,0.00,306651,565070,1150596,319756,578699,1163701,0,0,0,0,0,0,0,100758,0,125.58,125.61,125.69
1279,3,0,0,0,93660,93660,93660,3619,3619,3619,591,591,591,0.00,0.00,0.00,0.00,0.00,0.00,0.00,0.00,0.00,0.00,0.00,0.00,0.00,0.00,0.00,0.00,0.00,0.00,0.00,0.00,0.00,290929,431703,693685,304034,444806,704169,0,0,0,0,0,0,0,126807,0,140.24,140.27,140.31
1280,0,0,0,0,93656,93656,93656,3623,3623,3623,591,591,591,0.00,0.00,0.00,0.00,0.00,0.00,0.00,0.00,0.00,0.00,0.00,0.00,0.00,0.00,0.00,0.00,0.00,0.00,0.00,0.00,0.00,197487,519651,1208243,207881,532214,1221348,0,0,0,0,0,0,0,123989,0,137.39,137.47,137.52
1280,1,0,0,0,93624,93624,93624,3655,3655,3655,591,591,591,0.00,0.00,0.00,0.00,0.00,0.00,0.00,0.00,0.00,0.00,0.00,0.00,0.00,0.00,0.00,0.00,0.00,0.00,0.00,0.00,0.00,424590,504788,715506,440312,518417,728610,0,0,0,0,0,0,0,99127,0,123.69,123.75,123.82
1280,2,0,0,0,93619,93619,93619,3660,3660,3660,591,591,591,0.00,0.00,0.00,0.00,0.00,0.00,0.00,0.00,0.00,0.00,0.00,0.00,0.00,0.00,0.00,0.00,0.00,0.00,0.00,0.00,0.00,200820,365685,705023,209476,378424,718128,0,0,0,0,0,0,0,100646,0,125.52,125.60,125.66
1280,3,0,0,0,93660,93660,93660,3619,3619,3619,591,591,591,0.00,0.00,0.00,0.00,0.00,0.00,0.00,0.00,0.00,0.00,0.00,0.00,0.00,0.00,0.00,0.00,0.00,0.00,0.00,0.00,0.00,298398,341170,500601,311485,354795,513706,0,0,0,0,0,0,0,112438,0,140.08,140.18,140.27
1281,0,0,0,0,93656,93656,93656,3623,3623,3623,591,591,591,0.00,0.00,0.00,0.00,0.00,0.00,0.00,0.00,0.00,0.00,0.00,0.00,0.00,0.00,0.00,0.00,0.00,0.00,0.00,0.00,0.00,298786,376362,649995,314494,390515,663100,0,0,0,0,0,0,0,110059,0,137.25,137.31,137.41
1281,1,0,0,0,93624,93624,93624,3655,3655,3655,591,591,591,0.00,0.00,0.00,0.00,0.00,0.00,0.00,0.00,0.00,0.00,0.00,0.00,0.00,0.00,0.00,0.00,0.00,0.00,0.00,0.00,0.00,435071,586562,804624,450797,600715,817729,0,0,0,0,0,0,0,99169,0,123.67,123.71,123.75
1281,2,0,0,0,93619,93619,93619,3660,3660,3660,591,591,591,0.00,0.00,0.00,0.00,0.00,0.00,0.00,0.00,0.00,0.00,0.00,0.00,0.00,0.00,0.00,0.00,0.00,0.00,0.00,0.00,0.00,304009,375839,639512,319733,389992,652617,0,0,0,0,0,0,0,100620,0,125.46,125.49,125.54
1281,3,0,0,0,93660,93660,93660,3619,3619,3619,591,591,591,0.00,0.00,0.00,0.00,0.00,0.00,0.00,0.00,0.00,0.00,0.00,0.00,0.00,0.00,0.00,0.00,0.00,0.00,0.00,0.00,0.00,298789,310137,345966,311894,324282,361692,0,0,0,0,0,0,0,112719,0,140.10,140.27,140.38
1282,0,0,0,0,93656,93656,93656,3623,3623,3623,591,591,591,0.00,0.00,0.00,0.00,0.00,0.00,0.00,0.00,0.00,0.00,0.00,0.00,0.00,0.00,0.00,0.00,0.00,0.00,0.00,0.00,0.00,296167,367979,618535,306651,381608,631640,0,0,0,0,0,0,0,110226,0,137.30,137.41,137.47
1282,1,0,0,0,93624,93624,93624,3655,3655,3655,591,591,591,0.00,0.00,0.00,0.00,0.00,0.00,0.00,0.00,0.00,0.00,0.00,0.00,0.00,0.00,0.00,0.00,0.00,0.00,0.00,0.00,0.00,427212,532045,893741,440317,546198,906846,0,0,0,0,0,0,0,99109,0,123.69,123.72,123.76
1282,2,0,0,0,93619,93619,93619,3660,3660,3660,591,591,591,0.00,0.00,0.00,0.00,0.00,0.00,0.00,0.00,0.00,0.00,0.00,0.00,0.00,0.00,0.00,0.00,0.00,0.00,0.00,0.00,0.00,304029,581848,1318330,319755,595477,1328813,0,0,0,0,0,0,0,113353,0,125.47,125.53,125.62
1282,3,0,0,0,93660,93660,93660,3619,3619,3619,591,591,591,0.00,0.00,0.00,0.00,0.00,0.00,0.00,0.00,0.00,0.00,0.00,0.00,0.00,0.00,0.00,0.00,0.00,0.00,0.00,0.00,0.00,298790,323518,390523,314513,337108,401007,0,0,0,0,0,0,0,126698,0,140.30,140.35,140.43
1283,0,0,0,0,93656,93656,93656,3623,3623,3623,591,591,591,0.00,0.00,0.00,0.00,0.00,0.00,0.00,0.00,0.00,0.00,0.00,0.00,0.00,0.00,0.00,0.00,0.00,0.00,0.00,0.00,0.00,197435,313112,474388,207919,326741,487493,0,0,0,0,0,0,0,123857,0,137.38,137.44,137.50
1283,1,0,0,0,93624,93624,93624,3655,3655,3655,591,591,591,0.00,0.00,0.00,0.00,0.00,0.00,0.00,0.00,0.00,0.00,0.00,0.00,0.00,0.00,0.00,0.00,0.00,0.00,0.00,0.00,0.00,354699,551409,804625,363435,564120,817730,0,0,0,0,0,0,0,111546,0,123.66,123.74,123.82
1283,2,0,0,0,93619,93619,93619,3660,3660,3660,591,591,591,0.00,0.00,0.00,0.00,0.00,0.00,0.00,0.00,0.00,0.00,0.00,0.00,0.00,0.00,0.00,0.00,0.00,0.00,0.00,0.00,0.00,199062,349609,623788,209270,363183,636893,0,0,0,0,0,0,0,100684,0,125.48,125.50,125.55
1283,3,0,0,0,93660,93660,93660,3619,3619,3619,591,591,591,0.00,0.00,0.00,0.00,0.00,0.00,0.00,0.00,0.00,0.00,0.00,0.00,0.00,0.00,0.00,0.00,0.00,0.00,0.00,0.00,0.00,117928,483301,786284,131031,496826,799389,0,0,0,0,0,0,0,84474,0,140.21,140.24,140.28
1284,0,0,0,0,93656,93656,93656,3623,3623,3623,591,591,591,0.00,0.00,0.00,0.00,0.00,0.00,0.00,0.00,0.00,0.00,0.00,0.00,0.00,0.00,0.00,0.00,0.00,0.00,0.00,0.00,0.00,298786,600848,1231838,309269,613953,1244943,0,0,0,0,0,0,0,82657,0,137.43,137.45,137.51
1284,1,0,0,0,93624,93624,93624,3655,3655,3655,591,591,591,0.00,0.00,0.00,0.00,0.00,0.00,0.00,0.00,0.00,0.00,0.00,0.00,0.00,0.00,0.00,0.00,0.00,0.00,0.00,0.00,0.00,419348,506482,746924,432453,520896,760028,0,0,0,0,0,0,0,74337,0,123.69,123.76,123.79
1284,2,0,0,0,93619,93619,93619,3660,3660,3660,591,591,591,0.00,0.00,0.00,0.00,0.00,0.00,0.00,0.00,0.00,0.00,0.00,0.00,0.00,0.00,0.00,0.00,0.00,0.00,0.00,0.00,0.00,301567,400568,684785,317579,414353,695083,0,0,0,0,0,0,0,75562,0,125.52,125.57,125.63
1284,3,0,0,0,93660,93660,93660,3619,3619,3619,591,591,591,0.00,0.00,0.00,0.00,0.00,0.00,0.00,0.00,0.00,0.00,0.00,0.00,0.00,0.00,0.00,0.00,0.00,0.00,0.00,0.00,0.00,304014,355788,492736,314498,369549,508462,0,0,0,0,0,0,0,112595,0,140.21,140.28,140.33
1285,0,0,0,0,93656,93656,93656,3623,3623,3623,591,591,591,0.00,0.00,0.00,0.00,0.00,0.00,0.00,0.00,0.00,0.00,0.00,0.00,0.00,0.00,0.00,0.00,0.00,0.00,0.00,0.00,0.00,296165,381607,691922,311891,395760,702406,0,0,0,0,0,0,0,110128,0,137.25,137.34,137.41
1285,1,0,0,0,93624,93624,93624,3655,3655,3655,591,591,591,0.00,0.00,0.00,0.00,0.00,0.00,0.00,0.00,0.00,0.00,0.00,0.00,0.00,0.00,0.00,0.00,0.00,0.00,0.00,0.00,0.00,424586,529426,773176,440311,543054,786281,0,0,0,0,0,0,0,99197,0,123.76,123.77,123.79
1285,2,0,0,0,93619,93619,93619,3660,3660,3660,591,591,591,0.00,0.00,0.00,0.00,0.00,0.00,0.00,0.00,0.00,0.00,0.00,0.00,0.00,0.00,0.00,0.00,0.00,0.00,0.00,0.00,0.00,304029,449752,684069,317133,463380,697173,0,0,0,0,0,0,0,100712,0,125.49,125.55,125.61
1285,3,0,0,0,93660,93660,93660,3619,3619,3619,591,591,591,0.00,0.00,0.00,0.00,0.00,0.00,0.00,0.00,0.00,0.00,0.00,0.00,0.00,0.00,0.00,0.00,0.00,0.00,0.00,0.00,0.00,304026,333384,440321,317135,347537,453425,0,0,0,0,0,0,0,112454,0,140.07,140.12,140.17
1286,0,0,0,0,93656,93656,93656,3623,3623,3623,591,591,591,0.00,0.00,0.00,0.00,0.00,0.00,0.00,0.00,0.00,0.00,0.00,0.00,0.00,0.00,0.00,0.00,0.00,0.00,0.00,0.00,0.00,301390,371120,642126,314494,385273,657851,0,0,0,0,0,0,0,110053,0,137.42,137.44,137.47
1286,1,0,0,0,93624,93624,93624,3655,3655,3655,591,591,591,0.00,0.00,0.00,0.00,0.00,0.00,0.00,0.00,0.00,0.00,0.00,0.00,0.00,0.00,0.00,0.00,0.00,0.00,0.00,0.00,0.00,408866,502169,846557,421970,516322,859661,0,0,0,0,0,0,0,99160,0,123.64,123.68,123.74
1286,2,0,0,0,93619,93619,93619,3660,3660,3660,591,591,591,0.00,0.00,0.00,0.00,0.00,0.00,0.00,0.00,0.00,0.00,0.00,0.00,0.00,0.00,0.00,0.00,0.00,0.00,0.00,0.00,0.00,306652,515262,1318264,322377,529415,1333989,0,0,0,0,0,0,0,113433,0,125.61,125.65,125.72
1286,3,0,0,0,93660,93660,93660,3619,3619,3619,591,591,591,0.00,0.00,0.00,0.00,0.00,0.00,0.00,0.00,0.00,0.00,0.00,0.00,0.00,0.00,0.00,0.00,0.00,0.00,0.00,0.00,0.00,298789,397331,629023,309273,410960,642128,0,0,0,0,0,0,0,126639,0,140.12,140.28,140.37
1287,0,0,0,0,93656,93656,93656,3623,3623,3623,591,591,591,0.00,0.00,0.00,0.00,0.00,0.00,0.00,0.00,0.00,0.00,0.00,0.00,0.00,0.00,0.00,0.00,0.00,0.00,0.00,0.00,0.00,202685,492909,1203002,211421,506188,1218728,0,0,0,0,0,0,0,123967,0,137.34,137.37,137.43
1287,1,0,0,0,93624,93624,93624,3655,3655,3655,591,591,591,0.00,0.00,0.00,0.00,0.00,0.00,0.00,0.00,0.00,0.00,0.00,0.00,0.00,0.00,0.00,0.00,0.00,0.00,0.00,0.00,0.00,411486,528634,716863,424590,541319,729619,0,0,0,0,0,0,0,111498,0,123.69,123.72,123.76
1287,2,0,0,0,93619,93619,93619,3660,3660,3660,591,591,591,0.00,0.00,0.00,0.00,0.00,0.00,0.00,0.00,0.00,0.00,0.00,0.00,0.00,0.00,0.00,0.00,0.00,0.00,0.00,0.00,0.00,306649,400594,626408,322375,413855,639513,0,0,0,0,0,0,0,100763,0,125.56,125.60,125.66
1287,3,0,0,0,93660,93660,93660,3619,3619,3619,591,591,591,0.00,0.00,0.00,0.00,0.00,0.00,0.00,0.00,0.00,0.00,0.00,0.00,0.00,0.00,0.00,0.00,0.00,0.00,0.00,0.00,0.00,202686,438861,830652,211422,451497,843161,0,0,0,0,0,0,0,112454,0,140.02,140.12,140.25
1288,0,0,0,0,93656,93656,93656,3623,3623,3623,591,591,591,0.00,0.00,0.00,0.00,0.00,0.00,0.00,0.00,0.00,0.00,0.00,0.00,0.00,0.00,0.00,0.00,0.00,0.00,0.00,0.00,0.00,301406,362733,589709,314510,376362,608056,0,0,0,0,0,0,0,110285,0,137.45,137.51,137.55
1288,1,0,0,0,93624,93624,93624,3655,3655,3655,591,591,591,0.00,0.00,0.00,0.00,0.00,0.00,0.00,0.00,0.00,0.00,0.00,0.00,0.00,0.00,0.00,0.00,0.00,0.00,0.00,0.00,0.00,416723,501643,702408,429827,515796,715512,0,0,0,0,0,0,0,99284,0,123.78,123.80,123.83
1288,2,0,0,0,93619,93619,93619,3660,3660,3660,591,591,591,0.00,0.00,0.00,0.00,0.00,0.00,0.00,0.00,0.00,0.00,0.00,0.00,0.00,0.00,0.00,0.00,0.00,0.00,0.00,0.00,0.00,306131,374811,642131,316421,388462,657857,0,0,0,0,0,0,0,100756,0,125.60,125.64,125.69
1288,3,0,0,0,93660,93660,93660,3619,3619,3619,591,591,591,0.00,0.00,0.00,0.00,0.00,0.00,0.00,0.00,0.00,0.00,0.00,0.00,0.00,0.00,0.00,0.00,0.00,0.00,0.00,0.00,0.00,301412,351731,471772,314517,365884,487497,0,0,0,0,0,0,0,112559,0,140.16,140.21,140.27
1289,0,0,0,0,93656,93656,93656,3623,3623,3623,591,591,591,0.00,0.00,0.00,0.00,0.00,0.00,0.00,0.00,0.00,0.00,0.00,0.00,0.00,0.00,0.00,0.00,0.00,0.00,0.00,0.00,0.00,311889,446083,676202,324993,460236,691927,0,0,0,0,0,0,0,110203,0,137.47,137.49,137.52
1289,1,0,0,0,93624,93624,93624,3655,3655,3655,591,591,591,0.00,0.00,0.00,0.00,0.00,0.00,0.00,0.00,0.00,0.00,0.00,0.00,0.00,0.00,0.00,0.00,0.00,0.00,0.00,0.00,0.00,408845,492204,770545,421949,506357,786270,0,0,0,0,0,0,0,99182,0,123.79,123.84,123.89
1289,2,0,0,0,93619,93619,93619,3660,3660,3660,591,591,591,0.00,0.00,0.00,0.00,0.00,0.00,0.00,0.00,0.00,0.00,0.00,0.00,0.00,0.00,0.00,0.00,0.00,0.00,0.00,0.00,0.00,301392,388417,699781,314496,402570,712886,0,0,0,0,0,0,0,100710,0,125.57,125.60,125.63
1289,3,0,0,0,93660,93660,93660,3619,3619,3619,591,591,591,0.00,0.00,0.00,0.00,0.00,0.00,0.00,0.00,0.00,0.00,0.00,0.00,0.00,0.00,0.00,0.00,0.00,0.00,0.00,0.00,0.00,301410,328664,421973,317136,342817,435078,0,0,0,0,0,0,0,112584,0,140.18,140.21,140.24
1290,0,0,0,0,93656,93656,93656,3623,3623,3623,591,591,591,0.00,0.00,0.00,0.00,0.00,0.00,0.00,0.00,0.00,0.00,0.00,0.00,0.00,0.00,0.00,0.00,0.00,0.00,0.00,0.00,0.00,298786,334429,469146,311890,348058,484871,0,0,0,0,0,0,0,110175,0,137.46,137.50,137.53
1290,1,0,0,0,93624,93624,93624,3655,3655,3655,591,591,591,0.00,0.00,0.00,0.00,0.00,0.00,0.00,0.00,0.00,0.00,0.00,0.00,0.00,0.00,0.00,0.00,0.00,0.00,0.00,0.00,0.00,414108,579749,870153,427213,593903,883258,0,0,0,0,0,0,0,111597,0,123.75,123.78,123.79
1290,2,0,0,0,93619,93619,93619,3660,3660,3660,591,591,591,0.00,0.00,0.00,0.00,0.00,0.00,0.00,0.00,0.00,0.00,0.00,0.00,0.00,0.00,0.00,0.00,0.00,0.00,0.00,0.00,0.00,309269,572936,1279011,322373,586565,1292116,0,0,0,0,0,0,0,100737,0,125.59,125.61,125.63
1290,3,0,0,0,93660,93660,93660,3619,3619,3619,591,591,591,0.00,0.00,0.00,0.00,0.00,0.00,0.00,0.00,0.00,0.00,0.00,0.00,0.00,0.00,0.00,0.00,0.00,0.00,0.00,0.00,0.00,301407,532072,828224,314512,546132,843950,0,0,0,0,0,0,0,126534,0,140.11,140.12,140.15
1291,0,0,0,0,93656,93656,93656,3623,3623,3623,591,591,591,0.00,0.00,0.00,0.00,0.00,0.00,0.00,0.00,0.00,0.00,0.00,0.00,0.00,0.00,0.00,0.00,0.00,0.00,0.00,0.00,0.00,200932,514048,1202997,211415,527153,1218723,0,0,0,0,0,0,0,96424,0,137.31,137.39,137.44
1291,1,0,0,0,93624,93624,93624,3655,3655,3655,591,591,591,0.00,0.00,0.00,0.00,0.00,0.00,0.00,0.00,0.00,0.00,0.00,0.00,0.00,0.00,0.00,0.00,0.00,0.00,0.00,0.00,0.00,222735,415419,522435,241078,428306,529424,0,0,0,0,0,0,0,74297,0,123.70,123.72,123.75
1291,2,0,0,0,93619,93619,93619,3660,3660,3660,591,591,591,0.00,0.00,0.00,0.00,0.00,0.00,0.00,0.00,0.00,0.00,0.00,0.00,0.00,0.00,0.00,0.00,0.00,0.00,0.00,0.00,0.00,203914,365761,707619,210827,379199,723344,0,0,0,0,0,0,0,100691,0,125.58,125.61,125.66
1291,3,0,0,0,93660,93660,93660,3619,3619,3619,591,591,591,0.00,0.00,0.00,0.00,0.00,0.00,0.00,0.00,0.00,0.00,0.00,0.00,0.00,0.00,0.00,0.00,0.00,0.00,0.00,0.00,0.00,211423,318515,487470,221907,331095,500574,0,0,0,0,0,0,0,84413,0,140.10,140.17,140.26
1292,0,0,0,0,93656,93656,93656,3623,3623,3623,591,591,591,0.00,0.00,0.00,0.00,0.00,0.00,0.00,0.00,0.00,0.00,0.00,0.00,0.00,0.00,0.00,0.00,0.00,0.00,0.00,0.00,0.00,301408,410830,718137,314512,424589,731241,0,0,0,0,0,0,0,110305,0,137.41,137.44,137.48
1292,1,0,0,0,93624,93624,93624,3655,3655,3655,591,591,591,0.00,0.00,0.00,0.00,0.00,0.00,0.00,0.00,0.00,0.00,0.00,0.00,0.00,0.00,0.00,0.00,0.00,0.00,0.00,0.00,0.00,432455,530731,705031,445560,544490,718136,0,0,0,0,0,0,0,99255,0,123.76,123.82,123.86
1292,2,0,0,0,93619,93619,93619,3660,3660,3660,591,591,591,0.00,0.00,0.00,0.00,0.00,0.00,0.00,0.00,0.00,0.00,0.00,0.00,0.00,0.00,0.00,0.00,0.00,0.00,0.00,0.00,0.00,296241,388571,642119,309349,402987,655224,0,0,0,0,0,0,0,75514,0,125.60,125.65,125.67
1292,3,0,0,0,93660,93660,93660,3619,3619,3619,591,591,591,0.00,0.00,0.00,0.00,0.00,0.00,0.00,0.00,0.00,0.00,0.00,0.00,0.00,0.00,0.00,0.00,0.00,0.00,0.00,0.00,0.00,301407,346619,477014,314512,360379,492740,0,0,0,0,0,0,0,112680,0,140.32,140.36,140.42
1293,0,0,0,0,93656,93656,93656,3623,3623,3623,591,591,591,0.00,0.00,0.00,0.00,0.00,0.00,0.00,0.00,0.00,0.00,0.00,0.00,0.00,0.00,0.00,0.00,0.00,0.00,0.00,0.00,0.00,298768,358540,568746,311872,372693,584471,0,0,0,0,0,0,0,110169,0,137.47,137.52,137.56
1293,1,0,0,0,93624,93624,93624,3655,3655,3655,591,591,591,0.00,0.00,0.00,0.00,0.00,0.00,0.00,0.00,0.00,0.00,0.00,0.00,0.00,0.00,0.00,0.00,0.00,0.00,0.00,0.00,0.00,414105,481201,710272,427215,495354,725997,0,0,0,0,0,0,0,99280,0,123.84,123.86,123.87
1293,2,0,0,0,93619,93619,93619,3660,3660,3660,591,591,591,0.00,0.00,0.00,0.00,0.00,0.00,0.00,0.00,0.00,0.00,0.00,0.00,0.00,0.00,0.00,0.00,0.00,0.00,0.00,0.00,0.00,304029,380560,652616,319755,394189,668342,0,0,0,0,0,0,0,113208,0,125.52,125.54,125.57
1293,3,0,0,0,93660,93660,93660,3619,3619,3619,591,591,591,0.00,0.00,0.00,0.00,0.00,0.00,0.00,0.00,0.00,0.00,0.00,0.00,0.00,0.00,0.00,0.00,0.00,0.00,0.00,0.00,0.00,298784,324996,411492,314509,339149,424597,0,0,0,0,0,0,0,112634,0,140.29,140.35,140.39
1294,0,0,0,0,93656,93656,93656,3623,3623,3623,591,591,591,0.00,0.00,0.00,0.00,0.00,0.00,0.00,0.00,0.00,0.00,0.00,0.00,0.00,0.00,0.00,0.00,0.00,0.00,0.00,0.00,0.00,293547,331286,466529,306648,344915,482255,0,0,0,0,0,0,0,110143,0,137.29,137.35,137.41
1294,1,0,0,0,93624,93624,93624,3655,3655,3655,591,591,591,0.00,0.00,0.00,0.00,0.00,0.00,0.00,0.00,0.00,0.00,0.00,0.00,0.00,0.00,0.00,0.00,0.00,0.00,0.00,0.00,0.00,414103,514221,731242,429829,528374,746968,0,0,0,0,0,0,0,111481,0,123.73,123.80,123.88
1294,2,0,0,0,93619,93619,93619,3660,3660,3660,591,591,591,0.00,0.00,0.00,0.00,0.00,0.00,0.00,0.00,0.00,0.00,0.00,0.00,0.00,0.00,0.00,0.00,0.00,0.00,0.00,0.00,0.00,309271,582881,1344472,322379,596510,1357576,0,0,0,0,0,0,0,100661,0,125.52,125.56,125.59
1294,3,0,0,0,93660,93660,93660,3619,3619,3619,591,591,591,0.00,0.00,0.00,0.00,0.00,0.00,0.00,0.00,0.00,0.00,0.00,0.00,0.00,0.00,0.00,0.00,0.00,0.00,0.00,0.00,0.00,297076,498160,1014315,309992,511751,1027420,0,0,0,0,0,0,0,126959,0,140.31,140.39,140.54
1295,0,0,0,0,93656,93656,93656,3623,3623,3623,591,591,591,0.00,0.00,0.00,0.00,0.00,0.00,0.00,0.00,0.00,0.00,0.00,0.00,0.00,0.00,0.00,0.00,0.00,0.00,0.00,0.00,0.00,301412,459013,788030,314516,472117,798513,0,0,0,0,0,0,0,110201,0,137.32,137.37,137.42
1295,1,0,0,0,93624,93624,93624,3655,3655,3655,591,591,591,0.00,0.00,0.00,0.00,0.00,0.00,0.00,0.00,0.00,0.00,0.00,0.00,0.00,0.00,0.00,0.00,0.00,0.00,0.00,0.00,0.00,293542,493893,741721,304026,506429,754825,0,0,0,0,0,0,0,99179,0,123.61,123.69,123.77
1295,2,0,0,0,93619,93619,93619,3660,3660,3660,591,591,591,0.00,0.00,0.00,0.00,0.00,0.00,0.00,0.00,0.00,0.00,0.00,0.00,0.00,0.00,0.00,0.00,0.00,0.00,0.00,0.00,0.00,205749,355449,647378,216123,368434,665725,0,0,0,0,0,0,0,100689,0,125.48,125.53,125.56
1295,3,0,0,0,93660,93660,93660,3619,3619,3619,591,591,591,0.00,0.00,0.00,0.00,0.00,0.00,0.00,0.00,0.00,0.00,0.00,0.00,0.00,0.00,0.00,0.00,0.00,0.00,0.00,0.00,0.00,202686,327269,500602,211423,340549,513707,0,0,0,0,0,0,0,112732,0,140.40,140.57,140.66
1296,0,0,0,0,93656,93656,93656,3623,3623,3623,591,591,591,0.00,0.00,0.00,0.00,0.00,0.00,0.00,0.00,0.00,0.00,0.00,0.00,0.00,0.00,0.00,0.00,0.00,0.00,0.00,0.00,0.00,301409,382652,668334,314513,396805,684059,0,0,0,0,0,0,0,110148,0,137.35,137.39,137.44
1296,1,0,0,0,93624,93624,93624,3655,3655,3655,591,591,591,0.00,0.00,0.00,0.00,0.00,0.00,0.00,0.00,0.00,0.00,0.00,0.00,0.00,0.00,0.00,0.00,0.00,0.00,0.00,0.00,0.00,424590,526278,754832,437694,540431,767937,0,0,0,0,0,0,0,99233,0,123.77,123.80,123.85
1296,2,0,0,0,93619,93619,93619,3660,3660,3660,591,591,591,0.00,0.00,0.00,0.00,0.00,0.00,0.00,0.00,0.00,0.00,0.00,0.00,0.00,0.00,0.00,0.00,0.00,0.00,0.00,0.00,0.00,306630,444941,657407,319755,459201,671046,0,0,0,0,0,0,0,100713,0,125.55,125.57,125.58
1296,3,0,0,0,93660,93660,93660,3619,3619,3619,591,591,591,0.00,0.00,0.00,0.00,0.00,0.00,0.00,0.00,0.00,0.00,0.00,0.00,0.00,0.00,0.00,0.00,0.00,0.00,0.00,0.00,0.00,301392,332331,450799,314496,345960,463904,0,0,0,0,0,0,0,112728,0,140.37,140.38,140.40
1297,0,0,0,0,93656,93656,93656,3623,3623,3623,591,591,591,0.00,0.00,0.00,0.00,0.00,0.00,0.00,0.00,0.00,0.00,0.00,0.00,0.00,0.00,0.00,0.00,0.00,0.00,0.00,0.00,0.00,296166,364834,613300,309271,378463,626405,0,0,0,0,0,0,0,110160,0,137.35,137.42,137.47
1297,1,0,0,0,93624,93624,93624,3655,3655,3655,591,591,591,0.00,0.00,0.00,0.00,0.00,0.00,0.00,0.00,0.00,0.00,0.00,0.00,0.00,0.00,0.00,0.00,0.00,0.00,0.00,0.00,0.00,408865,512123,888493,421969,525752,901598,0,0,0,0,0,0,0,99183,0,123.70,123.74,123.78
1297,2,0,0,0,93619,93619,93619,3660,3660,3660,591,591,591,0.00,0.00,0.00,0.00,0.00,0.00,0.00,0.00,0.00,0.00,0.00,0.00,0.00,0.00,0.00,0.00,0.00,0.00,0.00,0.00,0.00,306651,522092,1336689,319756,536245,1349794,0,0,0,0,0,0,0,113309,0,125.47,125.52,125.56
1297,3,0,0,0,93660,93660,93660,3619,3619,3619,591,591,591,0.00,0.00,0.00,0.00,0.00,0.00,0.00,0.00,0.00,0.00,0.00,0.00,0.00,0.00,0.00,0.00,0.00,0.00,0.00,0.00,0.00,296166,388946,621155,309271,403099,634259,0,0,0,0,0,0,0,126704,0,140.36,140.39,140.44
1298,0,0,0,0,93656,93656,93656,3623,3623,3623,591,591,591,0.00,0.00,0.00,0.00,0.00,0.00,0.00,0.00,0.00,0.00,0.00,0.00,0.00,0.00,0.00,0.00,0.00,0.00,0.00,0.00,0.00,298785,504285,1150681,314511,518225,1165340,0,0,0,0,0,0,0,124128,0,137.44,137.48,137.57
1298,1,0,0,0,93624,93624,93624,3655,3655,3655,591,591,591,0.00,0.00,0.00,0.00,0.00,0.00,0.00,0.00,0.00,0.00,0.00,0.00,0.00,0.00,0.00,0.00,0.00,0.00,0.00,0.00,0.00,406245,538862,746966,419349,553015,762692,0,0,0,0,0,0,0,86667,0,123.67,123.69,123.74
1298,2,0,0,0,93619,93619,93619,3660,3660,3660,591,591,591,0.00,0.00,0.00,0.00,0.00,0.00,0.00,0.00,0.00,0.00,0.00,0.00,0.00,0.00,0.00,0.00,0.00,0.00,0.00,0.00,0.00,301408,444512,678827,314513,458141,691932,0,0,0,0,0,0,0,100679,0,125.48,125.50,125.52
1298,3,0,0,0,93660,93660,93660,3619,3619,3619,591,591,591,0.00,0.00,0.00,0.00,0.00,0.00,0.00,0.00,0.00,0.00,0.00,0.00,0.00,0.00,0.00,0.00,0.00,0.00,0.00,0.00,0.00,299388,472414,833467,312292,486527,849193,0,0,0,0,0,0,0,84424,0,140.32,140.34,140.37
1299,0,0,0,0,93656,93656,93656,3623,3623,3623,591,591,591,0.00,0.00,0.00,0.00,0.00,0.00,0.00,0.00,0.00,0.00,0.00,0.00,0.00,0.00,0.00,0.00,0.00,0.00,0.00,0.00,0.00,202684,344856,571363,213167,357305,584467,0,0,0,0,0,0,0,82611,0,137.46,137.53,137.58
1299,1,0,0,0,93624,93624,93624,3655,3655,3655,591,591,591,0.00,0.00,0.00,0.00,0.00,0.00,0.00,0.00,0.00,0.00,0.00,0.00,0.00,0.00,0.00,0.00,0.00,0.00,0.00,0.00,0.00,290049,461057,702408,298786,473725,715512,0,0,0,0,0,0,0,99107,0,123.72,123.73,123.74
1299,2,0,0,0,93619,93619,93619,3660,3660,3660,591,591,591,0.00,0.00,0.00,0.00,0.00,0.00,0.00,0.00,0.00,0.00,0.00,0.00,0.00,0.00,0.00,0.00,0.00,0.00,0.00,0.00,0.00,199610,366673,648556,211552,378784,658851,0,0,0,0,0,0,0,75620,0,125.45,125.50,125.53
1299,3,0,0,0,93660,93660,93660,3619,3619,3619,591,591,591,0.00,0.00,0.00,0.00,0.00,0.00,0.00,0.00,0.00,0.00,0.00,0.00,0.00,0.00,0.00,0.00,0.00,0.00,0.00,0.00,0.00,199194,320404,474366,209678,332853,487470,0,0,0,0,0,0,0,112675,0,140.34,140.39,140.41
1300,0,0,0,0,93656,93656,93656,3623,3623,3623,591,591,591,0.00,0.00,0.00,0.00,0.00,0.00,0.00,0.00,0.00,0.00,0.00,0.00,0.00,0.00,0.00,0.00,0.00,0.00,0.00,0.00,0.00,301406,381607,684065,314511,395760,697170,0,0,0,0,0,0,0,110091,0,137.32,137.43,137.49
1300,1,0,0,0,93624,93624,93624,3655,3655,3655,591,591,591,0.00,0.00,0.00,0.00,0.00,0.00,0.00,0.00,0.00,0.00,0.00,0.00,0.00,0.00,0.00,0.00,0.00,0.00,0.00,0.00,0.00,424590,521563,767930,437695,535716,783655,0,0,0,0,0,0,0,99242,0,123.68,123.73,123.83
1300,2,0,0,0,93619,93619,93619,3660,3660,3660,591,591,591,0.00,0.00,0.00,0.00,0.00,0.00,0.00,0.00,0.00,0.00,0.00,0.00,0.00,0.00,0.00,0.00,0.00,0.00,0.00,0.00,0.00,301730,378003,670964,317128,391691,684069,0,0,0,0,0,0,0,100783,0,125.58,125.61,125.66
1300,3,0,0,0,93660,93660,93660,3619,3619,3619,591,591,591,0.00,0.00,0.00,0.00,0.00,0.00,0.00,0.00,0.00,0.00,0.00,0.00,0.00,0.00,0.00,0.00,0.00,0.00,0.00,0.00,0.00,296168,330763,387897,311893,344917,401002,0,0,0,0,0,0,0,112780,0,140.31,140.36,140.40
1301,0,0,0,0,93656,93656,93656,3623,3623,3623,591,591,591,0.00,0.00,0.00,0.00,0.00,0.00,0.00,0.00,0.00,0.00,0.00,0.00,0.00,0.00,0.00,0.00,0.00,0.00,0.00,0.00,0.00,298787,403096,613300,314495,416725,626405,0,0,0,0,0,0,0,110191,0,137.31,137.37,137.49
1301,1,0,0,0,93624,93624,93624,3655,3655,3655,591,591,591,0.00,0.00,0.00,0.00,0.00,0.00,0.00,0.00,0.00,0.00,0.00,0.00,0.00,0.00,0.00,0.00,0.00,0.00,0.00,0.00,0.00,416725,421968,429834,427209,435597,445560,0,0,0,0,0,0,0,99270,0,123.78,123.80,123.84
1301,2,0,0,0,93619,93619,93619,3660,3660,3660,591,591,591,0.00,0.00,0.00,0.00,0.00,0.00,0.00,0.00,0.00,0.00,0.00,0.00,0.00,0.00,0.00,0.00,0.00,0.00,0.00,0.00,0.00,311891,576599,1394323,324996,590752,1410048,0,0,0,0,0,0,0,113427,0,125.60,125.63,125.69
1301,3,0,0,0,93660,93660,93660,3619,3619,3619,591,591,591,0.00,0.00,0.00,0.00,0.00,0.00,0.00,0.00,0.00,0.00,0.00,0.00,0.00,0.00,0.00,0.00,0.00,0.00,0.00,0.00,0.00,298790,446080,1011676,314516,459709,1024780,0,0,0,0,0,0,0,126948,0,140.37,140.39,140.44
1302,0,0,0,0,93656,93656,93656,3623,3623,3623,591,591,591,0.00,0.00,0.00,0.00,0.00,0.00,0.00,0.00,0.00,0.00,0.00,0.00,0.00,0.00,0.00,0.00,0.00,0.00,0.00,0.00,0.00,298786,488684,1234469,311891,502799,1250195,0,0,0,0,0,0,0,124140,0,137.54,137.55,137.57
1302,1,0,0,0,93624,93624,93624,3655,3655,3655,591,591,591,0.00,0.00,0.00,0.00,0.00,0.00,0.00,0.00,0.00,0.00,0.00,0.00,0.00,0.00,0.00,0.00,0.00,0.00,0.00,0.00,0.00,276071,530643,741719,283060,544097,757445,0,0,0,0,0,0,0,99103,0,123.70,123.75,123.82
1302,2,0,0,0,93619,93619,93619,3660,3660,3660,591,591,591,0.00,0.00,0.00,0.00,0.00,0.00,0.00,0.00,0.00,0.00,0.00,0.00,0.00,0.00,0.00,0.00,0.00,0.00,0.00,0.00,0.00,304029,385276,689305,319754,399429,705030,0,0,0,0,0,0,0,100741,0,125.63,125.66,125.72
1302,3,0,0,0,93660,93660,93660,3619,3619,3619,591,591,591,0.00,0.00,0.00,0.00,0.00,0.00,0.00,0.00,0.00,0.00,0.00,0.00,0.00,0.00,0.00,0.00,0.00,0.00,0.00,0.00,0.00,298790,386328,581852,311895,399957,597578,0,0,0,0,0,0,0,112943,0,140.52,140.56,140.64
1303,0,0,0,0,93656,93656,93656,3623,3623,3623,591,591,591,0.00,0.00,0.00,0.00,0.00,0.00,0.00,0.00,0.00,0.00,0.00,0.00,0.00,0.00,0.00,0.00,0.00,0.00,0.00,0.00,0.00,200938,409712,681408,211422,422817,697133,0,0,0,0,0,0,0,110249,0,137.48,137.49,137.50
1303,1,0,0,0,93624,93624,93624,3655,3655,3655,591,591,591,0.00,0.00,0.00,0.00,0.00,0.00,0.00,0.00,0.00,0.00,0.00,0.00,0.00,0.00,0.00,0.00,0.00,0.00,0.00,0.00,0.00,419345,506361,718132,432450,520514,733857,0,0,0,0,0,0,0,99219,0,123.72,123.76,123.81
1303,2,0,0,0,93619,93619,93619,3660,3660,3660,591,591,591,0.00,0.00,0.00,0.00,0.00,0.00,0.00,0.00,0.00,0.00,0.00,0.00,0.00,0.00,0.00,0.00,0.00,0.00,0.00,0.00,0.00,296170,329788,422328,311896,342696,434444,0,0,0,0,0,0,0,100788,0,125.60,125.65,125.71
1303,3,0,0,0,93660,93660,93660,3619,3619,3619,591,591,591,0.00,0.00,0.00,0.00,0.00,0.00,0.00,0.00,0.00,0.00,0.00,0.00,0.00,0.00,0.00,0.00,0.00,0.00,0.00,0.00,0.00,200942,297040,353827,211426,310668,369553,0,0,0,0,0,0,0,112767,0,140.56,140.73,140.82
1304,0,0,0,0,93656,93656,93656,3623,3623,3623,591,591,591,0.00,0.00,0.00,0.00,0.00,0.00,0.00,0.00,0.00,0.00,0.00,0.00,0.00,0.00,0.00,0.00,0.00,0.00,0.00,0.00,0.00,298786,369550,589709,314512,383703,605434,0,0,0,0,0,0,0,110061,0,137.32,137.43,137.48
1304,1,0,0,0,93624,93624,93624,3655,3655,3655,591,591,591,0.00,0.00,0.00,0.00,0.00,0.00,0.00,0.00,0.00,0.00,0.00,0.00,0.00,0.00,0.00,0.00,0.00,0.00,0.00,0.00,0.00,414080,490107,775796,424563,503736,788901,0,0,0,0,0,0,0,99218,0,123.69,123.74,123.78
1304,2,0,0,0,93619,93619,93619,3660,3660,3660,591,591,591,0.00,0.00,0.00,0.00,0.00,0.00,0.00,0.00,0.00,0.00,0.00,0.00,0.00,0.00,0.00,0.00,0.00,0.00,0.00,0.00,0.00,306635,390515,697166,319739,404143,710270,0,0,0,0,0,0,0,113448,0,125.75,125.78,125.81
1304,3,0,0,0,93660,93660,93660,3619,3619,3619,591,591,591,0.00,0.00,0.00,0.00,0.00,0.00,0.00,0.00,0.00,0.00,0.00,0.00,0.00,0.00,0.00,0.00,0.00,0.00,0.00,0.00,0.00,298772,323421,411491,311876,337574,424596,0,0,0,0,0,0,0,112723,0,140.35,140.39,140.44
1305,0,0,0,0,93656,93656,93656,3623,3623,3623,591,591,591,0.00,0.00,0.00,0.00,0.00,0.00,0.00,0.00,0.00,0.00,0.00,0.00,0.00,0.00,0.00,0.00,0.00,0.00,0.00,0.00,0.00,298786,340196,477008,309270,353825,490112,0,0,0,0,0,0,0,110206,0,137.34,137.40,137.50
1305,1,0,0,0,93624,93624,93624,3655,3655,3655,591,591,591,0.00,0.00,0.00,0.00,0.00,0.00,0.00,0.00,0.00,0.00,0.00,0.00,0.00,0.00,0.00,0.00,0.00,0.00,0.00,0.00,0.00,416724,514228,741731,429829,528381,757456,0,0,0,0,0,0,0,111486,0,123.67,123.69,123.72
1305,2,0,0,0,93619,93619,93619,3660,3660,3660,591,591,591,0.00,0.00,0.00,0.00,0.00,0.00,0.00,0.00,0.00,0.00,0.00,0.00,0.00,0.00,0.00,0.00,0.00,0.00,0.00,0.00,0.00,306650,574512,1302619,319754,588665,1318344,0,0,0,0,0,0,0,100722,0,125.63,125.71,125.75
1305,3,0,0,0,93660,93660,93660,3619,3619,3619,591,591,591,0.00,0.00,0.00,0.00,0.00,0.00,0.00,0.00,0.00,0.00,0.00,0.00,0.00,0.00,0.00,0.00,0.00,0.00,0.00,0.00,0.00,298789,499556,998589,311894,513185,1011694,0,0,0,0,0,0,0,126738,0,140.37,140.43,140.48
1306,0,0,0,0,93656,93656,93656,3623,3623,3623,591,591,591,0.00,0.00,0.00,0.00,0.00,0.00,0.00,0.00,0.00,0.00,0.00,0.00,0.00,0.00,0.00,0.00,0.00,0.00,0.00,0.00,0.00,298786,590931,1218669,303974,544979,1231773,0,0,0,0,0,0,0,82636,0,137.49,137.53,137.57
1306,1,0,0,0,93624,93624,93624,3655,3655,3655,591,591,591,0.00,0.00,0.00,0.00,0.00,0.00,0.00,0.00,0.00,0.00,0.00,0.00,0.00,0.00,0.00,0.00,0.00,0.00,0.00,0.00,0.00,277817,427209,571364,286554,439877,584469,0,0,0,0,0,0,0,74261,0,123.57,123.62,123.66
1306,2,0,0,0,93619,93619,93619,3660,3660,3660,591,591,591,0.00,0.00,0.00,0.00,0.00,0.00,0.00,0.00,0.00,0.00,0.00,0.00,0.00,0.00,0.00,0.00,0.00,0.00,0.00,0.00,0.00,309254,406242,691931,322358,420002,707657,0,0,0,0,0,0,0,100697,0,125.47,125.53,125.56
1306,3,0,0,0,93660,93660,93660,3619,3619,3619,591,591,591,0.00,0.00,0.00,0.00,0.00,0.00,0.00,0.00,0.00,0.00,0.00,0.00,0.00,0.00,0.00,0.00,0.00,0.00,0.00,0.00,0.00,288305,347927,487498,304031,361687,497982,0,0,0,0,0,0,0,84570,0,140.40,140.43,140.46
1307,0,0,0,0,93656,93656,93656,3623,3623,3623,591,591,591,0.00,0.00,0.00,0.00,0.00,0.00,0.00,0.00,0.00,0.00,0.00,0.00,0.00,0.00,0.00,0.00,0.00,0.00,0.00,0.00,0.00,293492,380547,686678,317132,416726,702403,0,0,0,0,0,0,0,110286,0,137.38,137.45,137.50
1307,1,0,0,0,93624,93624,93624,3655,3655,3655,591,591,591,0.00,0.00,0.00,0.00,0.00,0.00,0.00,0.00,0.00,0.00,0.00,0.00,0.00,0.00,0.00,0.00,0.00,0.00,0.00,0.00,0.00,435072,582886,762693,445557,597039,778419,0,0,0,0,0,0,0,99427,0,123.56,123.74,123.94
1307,2,0,0,0,93619,93619,93619,3660,3660,3660,591,591,591,0.00,0.00,0.00,0.00,0.00,0.00,0.00,0.00,0.00,0.00,0.00,0.00,0.00,0.00,0.00,0.00,0.00,0.00,0.00,0.00,0.00,304030,374787,631650,319750,388940,644755,0,0,0,0,0,0,0,75560,0,125.47,125.53,125.57
1307,3,0,0,0,93660,93660,93660,3619,3619,3619,591,591,591,0.00,0.00,0.00,0.00,0.00,0.00,0.00,0.00,0.00,0.00,0.00,0.00,0.00,0.00,0.00,0.00,0.00,0.00,0.00,0.00,0.00,200938,312241,456048,211422,325346,469153,0,0,0,0,0,0,0,112475,0,140.10,140.23,140.38
1308,0,0,0,0,93656,93656,93656,3623,3623,3623,591,591,591,0.00,0.00,0.00,0.00,0.00,0.00,0.00,0.00,0.00,0.00,0.00,0.00,0.00,0.00,0.00,0.00,0.00,0.00,0.00,0.00,0.00,298786,370599,613301,314512,384752,629026,0,0,0,0,0,0,0,110146,0,137.40,137.47,137.51
1308,1,0,0,0,93624,93624,93624,3655,3655,3655,591,591,591,0.00,0.00,0.00,0.00,0.00,0.00,0.00,0.00,0.00,0.00,0.00,0.00,0.00,0.00,0.00,0.00,0.00,0.00,0.00,0.00,0.00,416725,510555,859666,429832,524708,872770,0,0,0,0,0,0,0,99100,0,123.68,123.86,124.02
1308,2,0,0,0,93619,93619,93619,3660,3660,3660,591,591,591,0.00,0.00,0.00,0.00,0.00,0.00,0.00,0.00,0.00,0.00,0.00,0.00,0.00,0.00,0.00,0.00,0.00,0.00,0.00,0.00,0.00,304030,380036,610687,317135,393665,626413,0,0,0,0,0,0,0,113213,0,125.47,125.54,125.59
1308,3,0,0,0,93660,93660,93660,3619,3619,3619,591,591,591,0.00,0.00,0.00,0.00,0.00,0.00,0.00,0.00,0.00,0.00,0.00,0.00,0.00,0.00,0.00,0.00,0.00,0.00,0.00,0.00,0.00,301411,329191,416732,314516,342820,429836,0,0,0,0,0,0,0,126693,0,140.12,140.21,140.31
1309,0,0,0,0,93656,93656,93656,3623,3623,3623,591,591,591,0.00,0.00,0.00,0.00,0.00,0.00,0.00,0.00,0.00,0.00,0.00,0.00,0.00,0.00,0.00,0.00,0.00,0.00,0.00,0.00,0.00,298787,345959,526806,311874,360112,542531,0,0,0,0,0,0,0,124011,0,137.43,137.50,137.61
1309,1,0,0,0,93624,93624,93624,3655,3655,3655,591,591,591,0.00,0.00,0.00,0.00,0.00,0.00,0.00,0.00,0.00,0.00,0.00,0.00,0.00,0.00,0.00,0.00,0.00,0.00,0.00,0.00,0.00,411487,559820,728607,424592,573449,744333,0,0,0,0,0,0,0,111486,0,123.64,123.69,123.73
1309,2,0,0,0,93619,93619,93619,3660,3660,3660,591,591,591,0.00,0.00,0.00,0.00,0.00,0.00,0.00,0.00,0.00,0.00,0.00,0.00,0.00,0.00,0.00,0.00,0.00,0.00,0.00,0.00,0.00,306642,503216,1003823,317135,516845,1019549,0,0,0,0,0,0,0,100520,0,125.38,125.42,125.48
1309,3,0,0,0,93660,93660,93660,3619,3619,3619,591,591,591,0.00,0.00,0.00,0.00,0.00,0.00,0.00,0.00,0.00,0.00,0.00,0.00,0.00,0.00,0.00,0.00,0.00,0.00,0.00,0.00,0.00,304025,538334,857006,317129,551963,870110,0,0,0,0,0,0,0,112676,0,140.34,140.44,140.50
1310,0,0,0,0,93656,93656,93656,3623,3623,3623,591,591,591,0.00,0.00,0.00,0.00,0.00,0.00,0.00,0.00,0.00,0.00,0.00,0.00,0.00,0.00,0.00,0.00,0.00,0.00,0.00,0.00,0.00,241126,481474,959260,251610,495001,972365,0,0,0,0,0,0,0,110290,0,137.32,137.42,137.49
1310,1,0,0,0,93624,93624,93624,3655,3655,3655,591,591,591,0.00,0.00,0.00,0.00,0.00,0.00,0.00,0.00,0.00,0.00,0.00,0.00,0.00,0.00,0.00,0.00,0.00,0.00,0.00,0.00,0.00,427203,500595,746963,440308,514747,760067,0,0,0,0,0,0,0,99079,0,123.64,123.68,123.73
1310,2,0,0,0,93619,93619,93619,3660,3660,3660,591,591,591,0.00,0.00,0.00,0.00,0.00,0.00,0.00,0.00,0.00,0.00,0.00,0.00,0.00,0.00,0.00,0.00,0.00,0.00,0.00,0.00,0.00,304031,393665,733867,319757,407818,746972,0,0,0,0,0,0,0,100606,0,125.35,125.39,125.42
1310,3,0,0,0,93660,93660,93660,3619,3619,3619,591,591,591,0.00,0.00,0.00,0.00,0.00,0.00,0.00,0.00,0.00,0.00,0.00,0.00,0.00,0.00,0.00,0.00,0.00,0.00,0.00,0.00,0.00,288265,339143,505846,303988,353820,518950,0,0,0,0,0,0,0,112663,0,140.16,140.26,140.38
1311,0,0,0,0,93656,93656,93656,3623,3623,3623,591,591,591,0.00,0.00,0.00,0.00,0.00,0.00,0.00,0.00,0.00,0.00,0.00,0.00,0.00,0.00,0.00,0.00,0.00,0.00,0.00,0.00,0.00,296154,385265,689266,306826,398932,702370,0,0,0,0,0,0,0,110295,0,137.47,137.52,137.60
1311,1,0,0,0,93624,93624,93624,3655,3655,3655,591,591,591,0.00,0.00,0.00,0.00,0.00,0.00,0.00,0.00,0.00,0.00,0.00,0.00,0.00,0.00,0.00,0.00,0.00,0.00,0.00,0.00,0.00,411485,530998,778410,424590,545151,791515,0,0,0,0,0,0,0,99132,0,123.60,123.66,123.70
1311,2,0,0,0,93619,93619,93619,3660,3660,3660,591,591,591,0.00,0.00,0.00,0.00,0.00,0.00,0.00,0.00,0.00,0.00,0.00,0.00,0.00,0.00,0.00,0.00,0.00,0.00,0.00,0.00,0.00,298551,442120,652614,313993,456230,668340,0,0,0,0,0,0,0,100513,0,125.29,125.34,125.42
1311,3,0,0,0,93660,93660,93660,3619,3619,3619,591,591,591,0.00,0.00,0.00,0.00,0.00,0.00,0.00,0.00,0.00,0.00,0.00,0.00,0.00,0.00,0.00,0.00,0.00,0.00,0.00,0.00,0.00,298789,343864,414105,314514,357493,427210,0,0,0,0,0,0,0,112602,0,140.29,140.37,140.45
1312,0,0,0,0,93656,93656,93656,3623,3623,3623,591,591,591,0.00,0.00,0.00,0.00,0.00,0.00,0.00,0.00,0.00,0.00,0.00,0.00,0.00,0.00,0.00,0.00,0.00,0.00,0.00,0.00,0.00,298781,365356,592330,311886,378984,608055,0,0,0,0,0,0,0,110164,0,137.47,137.54,137.59
1312,1,0,0,0,93624,93624,93624,3655,3655,3655,591,591,591,0.00,0.00,0.00,0.00,0.00,0.00,0.00,0.00,0.00,0.00,0.00,0.00,0.00,0.00,0.00,0.00,0.00,0.00,0.00,0.00,0.00,414106,502688,838697,427211,516317,851802,0,0,0,0,0,0,0,99187,0,123.66,123.70,123.76
1312,2,0,0,0,93619,93619,93619,3660,3660,3660,591,591,591,0.00,0.00,0.00,0.00,0.00,0.00,0.00,0.00,0.00,0.00,0.00,0.00,0.00,0.00,0.00,0.00,0.00,0.00,0.00,0.00,0.00,309270,511605,1297351,319755,525758,1313076,0,0,0,0,0,0,0,113192,0,125.27,125.33,125.37
1312,3,0,0,0,93660,93660,93660,3619,3619,3619,591,591,591,0.00,0.00,0.00,0.00,0.00,0.00,0.00,0.00,0.00,0.00,0.00,0.00,0.00,0.00,0.00,0.00,0.00,0.00,0.00,0.00,0.00,81249,308747,542542,94354,322900,558268,0,0,0,0,0,0,0,126766,0,140.22,140.23,140.27
1313,0,0,0,0,93656,93656,93656,3623,3623,3623,591,591,591,0.00,0.00,0.00,0.00,0.00,0.00,0.00,0.00,0.00,0.00,0.00,0.00,0.00,0.00,0.00,0.00,0.00,0.00,0.00,0.00,0.00,296164,532047,1255415,311890,546201,1268520,0,0,0,0,0,0,0,96483,0,137.48,137.50,137.52
1313,1,0,0,0,93624,93624,93624,3655,3655,3655,591,591,591,0.00,0.00,0.00,0.00,0.00,0.00,0.00,0.00,0.00,0.00,0.00,0.00,0.00,0.00,0.00,0.00,0.00,0.00,0.00,0.00,0.00,235879,463383,739102,251605,477012,752207,0,0,0,0,0,0,0,74372,0,123.80,123.85,123.90
1313,2,0,0,0,93619,93619,93619,3660,3660,3660,591,591,591,0.00,0.00,0.00,0.00,0.00,0.00,0.00,0.00,0.00,0.00,0.00,0.00,0.00,0.00,0.00,0.00,0.00,0.00,0.00,0.00,0.00,304030,407643,649991,317134,420747,663095,0,0,0,0,0,0,0,100604,0,125.40,125.43,125.47
1313,3,0,0,0,93660,93660,93660,3619,3619,3619,591,591,591,0.00,0.00,0.00,0.00,0.00,0.00,0.00,0.00,0.00,0.00,0.00,0.00,0.00,0.00,0.00,0.00,0.00,0.00,0.00,0.00,0.00,300164,478825,846557,310339,491814,859662,0,0,0,0,0,0,0,84512,0,140.32,140.37,140.42
1314,0,0,0,0,93656,93656,93656,3623,3623,3623,591,591,591,0.00,0.00,0.00,0.00,0.00,0.00,0.00,0.00,0.00,0.00,0.00,0.00,0.00,0.00,0.00,0.00,0.00,0.00,0.00,0.00,0.00,294661,315737,366929,307585,328991,375666,0,0,0,0,0,0,0,110203,0,137.42,137.44,137.46
1314,1,0,0,0,93624,93624,93624,3655,3655,3655,591,591,591,0.00,0.00,0.00,0.00,0.00,0.00,0.00,0.00,0.00,0.00,0.00,0.00,0.00,0.00,0.00,0.00,0.00,0.00,0.00,0.00,0.00,418069,509640,730589,433747,523792,746357,0,0,0,0,0,0,0,99219,0,123.78,123.81,123.84
1314,2,0,0,0,93619,93619,93619,3660,3660,3660,591,591,591,0.00,0.00,0.00,0.00,0.00,0.00,0.00,0.00,0.00,0.00,0.00,0.00,0.00,0.00,0.00,0.00,0.00,0.00,0.00,0.00,0.00,306632,375841,621170,317115,389470,634275,0,0,0,0,0,0,0,75520,0,125.46,125.50,125.54
1314,3,0,0,0,93660,93660,93660,3619,3619,3619,591,591,591,0.00,0.00,0.00,0.00,0.00,0.00,0.00,0.00,0.00,0.00,0.00,0.00,0.00,0.00,0.00,0.00,0.00,0.00,0.00,0.00,0.00,304030,380010,516214,317135,394261,532430,0,0,0,0,0,0,0,112605,0,140.28,140.37,140.43
1315,0,0,0,0,93656,93656,93656,3623,3623,3623,591,591,591,0.00,0.00,0.00,0.00,0.00,0.00,0.00,0.00,0.00,0.00,0.00,0.00,0.00,0.00,0.00,0.00,0.00,0.00,0.00,0.00,0.00,314508,447131,707657,327613,461284,720761,0,0,0,0,0,0,0,110149,0,137.38,137.42,137.47
1315,1,0,0,0,93624,93624,93624,3655,3655,3655,591,591,591,0.00,0.00,0.00,0.00,0.00,0.00,0.00,0.00,0.00,0.00,0.00,0.00,0.00,0.00,0.00,0.00,0.00,0.00,0.00,0.00,0.00,408865,477652,703893,424590,491804,716928,0,0,0,0,0,0,0,99175,0,123.75,123.78,123.79
1315,2,0,0,0,93619,93619,93619,3660,3660,3660,591,591,591,0.00,0.00,0.00,0.00,0.00,0.00,0.00,0.00,0.00,0.00,0.00,0.00,0.00,0.00,0.00,0.00,0.00,0.00,0.00,0.00,0.00,304793,379667,649991,317708,393258,665717,0,0,0,0,0,0,0,100737,0,125.60,125.61,125.62
1315,3,0,0,0,93660,93660,93660,3619,3619,3619,591,591,591,0.00,0.00,0.00,0.00,0.00,0.00,0.00,0.00,0.00,0.00,0.00,0.00,0.00,0.00,0.00,0.00,0.00,0.00,0.00,0.00,0.00,301403,327094,421975,314507,341247,437700,0,0,0,0,0,0,0,112748,0,140.34,140.38,140.46
1316,0,0,0,0,93656,93656,93656,3623,3623,3623,591,591,591,0.00,0.00,0.00,0.00,0.00,0.00,0.00,0.00,0.00,0.00,0.00,0.00,0.00,0.00,0.00,0.00,0.00,0.00,0.00,0.00,0.00,298767,337573,490117,311871,351202,503222,0,0,0,0,0,0,0,110091,0,137.39,137.40,137.42
1316,1,0,0,0,93624,93624,93624,3655,3655,3655,591,591,591,0.00,0.00,0.00,0.00,0.00,0.00,0.00,0.00,0.00,0.00,0.00,0.00,0.00,0.00,0.00,0.00,0.00,0.00,0.00,0.00,0.00,411486,570047,836074,427211,583668,849179,0,0,0,0,0,0,0,111570,0,123.78,123.80,123.84
1316,2,0,0,0,93619,93619,93619,3660,3660,3660,591,591,591,0.00,0.00,0.00,0.00,0.00,0.00,0.00,0.00,0.00,0.00,0.00,0.00,0.00,0.00,0.00,0.00,0.00,0.00,0.00,0.00,0.00,304030,578698,1347173,319747,592851,1360278,0,0,0,0,0,0,0,100765,0,125.63,125.66,125.69
1316,3,0,0,0,93660,93660,93660,3619,3619,3619,591,591,591,0.00,0.00,0.00,0.00,0.00,0.00,0.00,0.00,0.00,0.00,0.00,0.00,0.00,0.00,0.00,0.00,0.00,0.00,0.00,0.00,0.00,301412,538332,870108,317138,551961,883212,0,0,0,0,0,0,0,126777,0,140.37,140.43,140.48
1317,0,0,0,0,93656,93656,93656,3623,3623,3623,591,591,591,0.00,0.00,0.00,0.00,0.00,0.00,0.00,0.00,0.00,0.00,0.00,0.00,0.00,0.00,0.00,0.00,0.00,0.00,0.00,0.00,0.00,296165,537815,1163697,311890,551968,1176802,0,0,0,0,0,0,0,123923,0,137.34,137.41,137.47
1317,1,0,0,0,93624,93624,93624,3655,3655,3655,591,591,591,0.00,0.00,0.00,0.00,0.00,0.00,0.00,0.00,0.00,0.00,0.00,0.00,0.00,0.00,0.00,0.00,0.00,0.00,0.00,0.00,0.00,416722,506236,705144,429826,519856,718154,0,0,0,0,0,0,0,99192,0,123.70,123.73,123.78
1317,2,0,0,0,93619,93619,93619,3660,3660,3660,591,591,591,0.00,0.00,0.00,0.00,0.00,0.00,0.00,0.00,0.00,0.00,0.00,0.00,0.00,0.00,0.00,0.00,0.00,0.00,0.00,0.00,0.00,304029,387897,707641,317133,401525,723366,0,0,0,0,0,0,0,100788,0,125.58,125.63,125.67
1317,3,0,0,0,93660,93660,93660,3619,3619,3619,591,591,591,0.00,0.00,0.00,0.00,0.00,0.00,0.00,0.00,0.00,0.00,0.00,0.00,0.00,0.00,0.00,0.00,0.00,0.00,0.00,0.00,0.00,301410,342796,497866,317135,356882,510632,0,0,0,0,0,0,0,112708,0,140.42,140.48,140.55
1318,0,0,0,0,93656,93656,93656,3623,3623,3623,591,591,591,0.00,0.00,0.00,0.00,0.00,0.00,0.00,0.00,0.00,0.00,0.00,0.00,0.00,0.00,0.00,0.00,0.00,0.00,0.00,0.00,0.00,207921,357304,683906,216657,370014,697008,0,0,0,0,0,0,0,110130,0,137.35,137.40,137.48
1318,1,0,0,0,93624,93624,93624,3655,3655,3655,591,591,591,0.00,0.00,0.00,0.00,0.00,0.00,0.00,0.00,0.00,0.00,0.00,0.00,0.00,0.00,0.00,0.00,0.00,0.00,0.00,0.00,0.00,426038,526922,786283,441720,540018,799388,0,0,0,0,0,0,0,99171,0,123.75,123.80,123.86
1318,2,0,0,0,93619,93619,93619,3660,3660,3660,591,591,591,0.00,0.00,0.00,0.00,0.00,0.00,0.00,0.00,0.00,0.00,0.00,0.00,0.00,0.00,0.00,0.00,0.00,0.00,0.00,0.00,0.00,197823,353554,644758,206350,366791,657863,0,0,0,0,0,0,0,100755,0,125.55,125.61,125.68
1318,3,0,0,0,93660,93660,93660,3619,3619,3619,591,591,591,0.00,0.00,0.00,0.00,0.00,0.00,0.00,0.00,0.00,0.00,0.00,0.00,0.00,0.00,0.00,0.00,0.00,0.00,0.00,0.00,0.00,200942,299661,374793,211426,312766,387898,0,0,0,0,0,0,0,112768,0,140.41,140.46,140.51
1319,0,0,0,0,93656,93656,93656,3623,3623,3623,591,591,591,0.00,0.00,0.00,0.00,0.00,0.00,0.00,0.00,0.00,0.00,0.00,0.00,0.00,0.00,0.00,0.00,0.00,0.00,0.00,0.00,0.00,298787,370598,631641,314511,384752,644746,0,0,0,0,0,0,0,110083,0,137.34,137.38,137.41
1319,1,0,0,0,93624,93624,93624,3655,3655,3655,591,591,591,0.00,0.00,0.00,0.00,0.00,0.00,0.00,0.00,0.00,0.00,0.00,0.00,0.00,0.00,0.00,0.00,0.00,0.00,0.00,0.00,0.00,411488,434832,474351,427214,448978,487454,0,0,0,0,0,0,0,99243,0,123.74,123.78,123.83
1319,2,0,0,0,93619,93619,93619,3660,3660,3660,591,591,591,0.00,0.00,0.00,0.00,0.00,0.00,0.00,0.00,0.00,0.00,0.00,0.00,0.00,0.00,0.00,0.00,0.00,0.00,0.00,0.00,0.00,304029,583419,1313090,317134,597572,1326195,0,0,0,0,0,0,0,113219,0,125.47,125.58,125.64
1319,3,0,0,0,93660,93660,93660,3619,3619,3619,591,591,591,0.00,0.00,0.00,0.00,0.00,0.00,0.00,0.00,0.00,0.00,0.00,0.00,0.00,0.00,0.00,0.00,0.00,0.00,0.00,0.00,0.00,298787,323421,406248,314496,337050,421974,0,0,0,0,0,0,0,112692,0,140.36,140.43,140.51
1320,0,0,0,0,93656,93656,93656,3623,3623,3623,591,591,591,0.00,0.00,0.00,0.00,0.00,0.00,0.00,0.00,0.00,0.00,0.00,0.00,0.00,0.00,0.00,0.00,0.00,0.00,0.00,0.00,0.00,296164,334430,479631,309269,348583,492735,0,0,0,0,0,0,0,123806,0,137.26,137.30,137.36
1320,1,0,0,0,93624,93624,93624,3655,3655,3655,591,591,591,0.00,0.00,0.00,0.00,0.00,0.00,0.00,0.00,0.00,0.00,0.00,0.00,0.00,0.00,0.00,0.00,0.00,0.00,0.00,0.00,0.00,407630,566921,778415,423308,581065,791519,0,0,0,0,0,0,0,111416,0,123.62,123.68,123.78
1320,2,0,0,0,93619,93619,93619,3660,3660,3660,591,591,591,0.00,0.00,0.00,0.00,0.00,0.00,0.00,0.00,0.00,0.00,0.00,0.00,0.00,0.00,0.00,0.00,0.00,0.00,0.00,0.00,0.00,301408,377415,642130,317134,391568,657856,0,0,0,0,0,0,0,100647,0,125.41,125.46,125.50
1320,3,0,0,0,93660,93660,93660,3619,3619,3619,591,591,591,0.00,0.00,0.00,0.00,0.00,0.00,0.00,0.00,0.00,0.00,0.00,0.00,0.00,0.00,0.00,0.00,0.00,0.00,0.00,0.00,0.00,298789,501651,998581,311897,516328,1011686,0,0,0,0,0,0,0,84382,0,140.29,140.42,140.48
1321,0,0,0,0,93656,93656,93656,3623,3623,3623,591,591,591,0.00,0.00,0.00,0.00,0.00,0.00,0.00,0.00,0.00,0.00,0.00,0.00,0.00,0.00,0.00,0.00,0.00,0.00,0.00,0.00,0.00,301408,596910,1221343,314513,610669,1234447,0,0,0,0,0,0,0,82544,0,137.21,137.25,137.30
1321,1,0,0,0,93624,93624,93624,3655,3655,3655,591,591,591,0.00,0.00,0.00,0.00,0.00,0.00,0.00,0.00,0.00,0.00,0.00,0.00,0.00,0.00,0.00,0.00,0.00,0.00,0.00,0.00,0.00,416725,442820,485745,429829,455476,494482,0,0,0,0,0,0,0,74435,0,123.65,123.72,123.80
1321,2,0,0,0,93619,93619,93619,3660,3660,3660,591,591,591,0.00,0.00,0.00,0.00,0.00,0.00,0.00,0.00,0.00,0.00,0.00,0.00,0.00,0.00,0.00,0.00,0.00,0.00,0.00,0.00,0.00,306650,404931,691933,319755,418691,705038,0,0,0,0,0,0,0,75523,0,125.45,125.46,125.48
1321,3,0,0,0,93660,93660,93660,3619,3619,3619,591,591,591,0.00,0.00,0.00,0.00,0.00,0.00,0.00,0.00,0.00,0.00,0.00,0.00,0.00,0.00,0.00,0.00,0.00,0.00,0.00,0.00,0.00,296150,353161,490120,311875,366920,503225,0,0,0,0,0,0,0,112710,0,140.29,140.31,140.33
1322,0,0,0,0,93656,93656,93656,3623,3623,3623,591,591,591,0.00,0.00,0.00,0.00,0.00,0.00,0.00,0.00,0.00,0.00,0.00,0.00,0.00,0.00,0.00,0.00,0.00,0.00,0.00,0.00,0.00,298786,382086,673665,311891,396138,686281,0,0,0,0,0,0,0,110116,0,137.28,137.31,137.33
1322,1,0,0,0,93624,93624,93624,3655,3655,3655,591,591,591,0.00,0.00,0.00,0.00,0.00,0.00,0.00,0.00,0.00,0.00,0.00,0.00,0.00,0.00,0.00,0.00,0.00,0.00,0.00,0.00,0.00,424585,514345,752210,437690,528492,765315,0,0,0,0,0,0,0,99314,0,123.82,123.89,123.93
1322,2,0,0,0,93619,93619,93619,3660,3660,3660,591,591,591,0.00,0.00,0.00,0.00,0.00,0.00,0.00,0.00,0.00,0.00,0.00,0.00,0.00,0.00,0.00,0.00,0.00,0.00,0.00,0.00,0.00,306649,398341,634268,319755,411257,647372,0,0,0,0,0,0,0,100689,0,125.48,125.52,125.55
1322,3,0,0,0,93660,93660,93660,3619,3619,3619,591,591,591,0.00,0.00,0.00,0.00,0.00,0.00,0.00,0.00,0.00,0.00,0.00,0.00,0.00,0.00,0.00,0.00,0.00,0.00,0.00,0.00,0.00,202689,294768,366934,209678,307698,382659,0,0,0,0,0,0,0,112626,0,140.28,140.31,140.35
1323,0,0,0,0,93656,93656,93656,3623,3623,3623,591,591,591,0.00,0.00,0.00,0.00,0.00,0.00,0.00,0.00,0.00,0.00,0.00,0.00,0.00,0.00,0.00,0.00,0.00,0.00,0.00,0.00,0.00,209711,342298,594954,218448,355053,608058,0,0,0,0,0,0,0,110140,0,137.28,137.34,137.38
1323,1,0,0,0,93624,93624,93624,3655,3655,3655,591,591,591,0.00,0.00,0.00,0.00,0.00,0.00,0.00,0.00,0.00,0.00,0.00,0.00,0.00,0.00,0.00,0.00,0.00,0.00,0.00,0.00,0.00,411126,511226,889580,421970,524843,902739,0,0,0,0,0,0,0,99236,0,123.82,123.85,123.88
1323,2,0,0,0,93619,93619,93619,3660,3660,3660,591,591,591,0.00,0.00,0.00,0.00,0.00,0.00,0.00,0.00,0.00,0.00,0.00,0.00,0.00,0.00,0.00,0.00,0.00,0.00,0.00,0.00,0.00,300935,521611,1373379,316368,536280,1389105,0,0,0,0,0,0,0,113347,0,125.53,125.58,125.60
1323,3,0,0,0,93660,93660,93660,3619,3619,3619,591,591,591,0.00,0.00,0.00,0.00,0.00,0.00,0.00,0.00,0.00,0.00,0.00,0.00,0.00,0.00,0.00,0.00,0.00,0.00,0.00,0.00,0.00,301410,386850,608050,314515,400479,618534,0,0,0,0,0,0,0,126552,0,140.28,140.31,140.35
1324,0,0,0,0,93656,93656,93656,3623,3623,3623,591,591,591,0.00,0.00,0.00,0.00,0.00,0.00,0.00,0.00,0.00,0.00,0.00,0.00,0.00,0.00,0.00,0.00,0.00,0.00,0.00,0.00,0.00,301407,514228,1205634,314512,528381,1221360,0,0,0,0,0,0,0,124071,0,137.37,137.40,137.48
1324,1,0,0,0,93624,93624,93624,3655,3655,3655,591,591,591,0.00,0.00,0.00,0.00,0.00,0.00,0.00,0.00,0.00,0.00,0.00,0.00,0.00,0.00,0.00,0.00,0.00,0.00,0.00,0.00,0.00,414106,539846,749397,427211,553449,765009,0,0,0,0,0,0,0,111559,0,123.83,123.85,123.86
1324,2,0,0,0,93619,93619,93619,3660,3660,3660,591,591,591,0.00,0.00,0.00,0.00,0.00,0.00,0.00,0.00,0.00,0.00,0.00,0.00,0.00,0.00,0.00,0.00,0.00,0.00,0.00,0.00,0.00,309266,446602,681448,322371,460231,694553,0,0,0,0,0,0,0,100580,0,125.38,125.42,125.44
1324,3,0,0,0,93660,93660,93660,3619,3619,3619,591,591,591,0.00,0.00,0.00,0.00,0.00,0.00,0.00,0.00,0.00,0.00,0.00,0.00,0.00,0.00,0.00,0.00,0.00,0.00,0.00,0.00,0.00,301410,477007,872782,317136,491160,891129,0,0,0,0,0,0,0,112741,0,140.24,140.33,140.40
1325,0,0,0,0,93656,93656,93656,3623,3623,3623,591,591,591,0.00,0.00,0.00,0.00,0.00,0.00,0.00,0.00,0.00,0.00,0.00,0.00,0.00,0.00,0.00,0.00,0.00,0.00,0.00,0.00,0.00,298784,361164,589711,314510,374793,605436,0,0,0,0,0,0,0,110242,0,137.53,137.58,137.63
1325,1,0,0,0,93624,93624,93624,3655,3655,3655,591,591,591,0.00,0.00,0.00,0.00,0.00,0.00,0.00,0.00,0.00,0.00,0.00,0.00,0.00,0.00,0.00,0.00,0.00,0.00,0.00,0.00,0.00,413539,452286,542532,426626,465388,555637,0,0,0,0,0,0,0,99605,0,123.84,124.02,124.24
1325,2,0,0,0,93619,93619,93619,3660,3660,3660,591,591,591,0.00,0.00,0.00,0.00,0.00,0.00,0.00,0.00,0.00,0.00,0.00,0.00,0.00,0.00,0.00,0.00,0.00,0.00,0.00,0.00,0.00,304030,374794,647376,319756,388948,663102,0,0,0,0,0,0,0,100625,0,125.33,125.36,125.40
1325,3,0,0,0,93660,93660,93660,3619,3619,3619,591,591,591,0.00,0.00,0.00,0.00,0.00,0.00,0.00,0.00,0.00,0.00,0.00,0.00,0.00,0.00,0.00,0.00,0.00,0.00,0.00,0.00,0.00,294163,351330,503221,307065,365443,518947,0,0,0,0,0,0,0,112603,0,140.19,140.29,140.40
1326,0,0,0,0,93656,93656,93656,3623,3623,3623,591,591,591,0.00,0.00,0.00,0.00,0.00,0.00,0.00,0.00,0.00,0.00,0.00,0.00,0.00,0.00,0.00,0.00,0.00,0.00,0.00,0.00,0.00,306612,401809,660481,319715,414693,673586,0,0,0,0,0,0,0,110165,0,137.48,137.53,137.57
1326,1,0,0,0,93624,93624,93624,3655,3655,3655,591,591,591,0.00,0.00,0.00,0.00,0.00,0.00,0.00,0.00,0.00,0.00,0.00,0.00,0.00,0.00,0.00,0.00,0.00,0.00,0.00,0.00,0.00,411488,499411,769867,427213,513561,785579,0,0,0,0,0,0,0,99458,0,124.07,124.14,124.23
1326,2,0,0,0,93619,93619,93619,3660,3660,3660,591,591,591,0.00,0.00,0.00,0.00,0.00,0.00,0.00,0.00,0.00,0.00,0.00,0.00,0.00,0.00,0.00,0.00,0.00,0.00,0.00,0.00,0.00,205437,363255,655227,215795,375763,668331,0,0,0,0,0,0,0,100607,0,125.39,125.43,125.48
1326,3,0,0,0,93660,93660,93660,3619,3619,3619,591,591,591,0.00,0.00,0.00,0.00,0.00,0.00,0.00,0.00,0.00,0.00,0.00,0.00,0.00,0.00,0.00,0.00,0.00,0.00,0.00,0.00,0.00,202688,304724,411468,211425,318003,424572,0,0,0,0,0,0,0,112724,0,140.18,140.32,140.38
1327,0,0,0,0,93656,93656,93656,3623,3623,3623,591,591,591,0.00,0.00,0.00,0.00,0.00,0.00,0.00,0.00,0.00,0.00,0.00,0.00,0.00,0.00,0.00,0.00,0.00,0.00,0.00,0.00,0.00,296166,336004,474389,311892,350157,490115,0,0,0,0,0,0,0,110294,0,137.43,137.52,137.59
1327,1,0,0,0,93624,93624,93624,3655,3655,3655,591,591,591,0.00,0.00,0.00,0.00,0.00,0.00,0.00,0.00,0.00,0.00,0.00,0.00,0.00,0.00,0.00,0.00,0.00,0.00,0.00,0.00,0.00,411487,488920,744346,424592,502544,757450,0,0,0,0,0,0,0,111967,0,124.09,124.11,124.14
1327,2,0,0,0,93619,93619,93619,3660,3660,3660,591,591,591,0.00,0.00,0.00,0.00,0.00,0.00,0.00,0.00,0.00,0.00,0.00,0.00,0.00,0.00,0.00,0.00,0.00,0.00,0.00,0.00,0.00,301722,574045,1315705,315073,588247,1328810,0,0,0,0,0,0,0,100629,0,125.42,125.48,125.56
1327,3,0,0,0,93660,93660,93660,3619,3619,3619,591,591,591,0.00,0.00,0.00,0.00,0.00,0.00,0.00,0.00,0.00,0.00,0.00,0.00,0.00,0.00,0.00,0.00,0.00,0.00,0.00,0.00,0.00,301411,503223,998588,317136,516852,1011693,0,0,0,0,0,0,0,126775,0,140.31,140.35,140.39
1328,0,0,0,0,93656,93656,93656,3623,3623,3623,591,591,591,0.00,0.00,0.00,0.00,0.00,0.00,0.00,0.00,0.00,0.00,0.00,0.00,0.00,0.00,0.00,0.00,0.00,0.00,0.00,0.00,0.00,301409,545147,1260657,314513,559300,1276382,0,0,0,0,0,0,0,96619,0,137.55,137.56,137.58
1328,1,0,0,0,93624,93624,93624,3655,3655,3655,591,591,591,0.00,0.00,0.00,0.00,0.00,0.00,0.00,0.00,0.00,0.00,0.00,0.00,0.00,0.00,0.00,0.00,0.00,0.00,0.00,0.00,0.00,406977,473136,587955,419938,487253,601020,0,0,0,0,0,0,0,74682,0,124.18,124.27,124.33
1328,2,0,0,0,93619,93619,93619,3660,3660,3660,591,591,591,0.00,0.00,0.00,0.00,0.00,0.00,0.00,0.00,0.00,0.00,0.00,0.00,0.00,0.00,0.00,0.00,0.00,0.00,0.00,0.00,0.00,304028,383182,689311,317134,396811,705037,0,0,0,0,0,0,0,100604,0,125.34,125.38,125.41
1328,3,0,0,0,93660,93660,93660,3619,3619,3619,591,591,591,0.00,0.00,0.00,0.00,0.00,0.00,0.00,0.00,0.00,0.00,0.00,0.00,0.00,0.00,0.00,0.00,0.00,0.00,0.00,0.00,0.00,301413,340725,477015,314517,354878,492741,0,0,0,0,0,0,0,84530,0,140.34,140.35,140.38
1329,0,0,0,0,93656,93656,93656,3623,3623,3623,591,591,591,0.00,0.00,0.00,0.00,0.00,0.00,0.00,0.00,0.00,0.00,0.00,0.00,0.00,0.00,0.00,0.00,0.00,0.00,0.00,0.00,0.00,301408,406246,702414,317134,420661,718140,0,0,0,0,0,0,0,110116,0,137.37,137.44,137.53
1329,1,0,0,0,93624,93624,93624,3655,3655,3655,591,591,591,0.00,0.00,0.00,0.00,0.00,0.00,0.00,0.00,0.00,0.00,0.00,0.00,0.00,0.00,0.00,0.00,0.00,0.00,0.00,0.00,0.00,290048,487266,702405,298785,499934,715509,0,0,0,0,0,0,0,99635,0,124.28,124.29,124.31
1329,2,0,0,0,93619,93619,93619,3660,3660,3660,591,591,591,0.00,0.00,0.00,0.00,0.00,0.00,0.00,0.00,0.00,0.00,0.00,0.00,0.00,0.00,0.00,0.00,0.00,0.00,0.00,0.00,0.00,306632,394446,655233,319736,408206,670959,0,0,0,0,0,0,0,75504,0,125.33,125.39,125.47
1329,3,0,0,0,93660,93660,93660,3619,3619,3619,591,591,591,0.00,0.00,0.00,0.00,0.00,0.00,0.00,0.00,0.00,0.00,0.00,0.00,0.00,0.00,0.00,0.00,0.00,0.00,0.00,0.00,0.00,301410,316476,356451,317116,330236,369556,0,0,0,0,0,0,0,112872,0,140.40,140.49,140.55
1330,0,0,0,0,93656,93656,93656,3623,3623,3623,591,591,591,0.00,0.00,0.00,0.00,0.00,0.00,0.00,0.00,0.00,0.00,0.00,0.00,0.00,0.00,0.00,0.00,0.00,0.00,0.00,0.00,0.00,200938,367758,705028,209675,380459,720754,0,0,0,0,0,0,0,110122,0,137.32,137.38,137.45
1330,1,0,0,0,93624,93624,93624,3655,3655,3655,591,591,591,0.00,0.00,0.00,0.00,0.00,0.00,0.00,0.00,0.00,0.00,0.00,0.00,0.00,0.00,0.00,0.00,0.00,0.00,0.00,0.00,0.00,414112,543057,752208,429827,557210,765313,0,0,0,0,0,0,0,99560,0,124.20,124.22,124.24
1330,2,0,0,0,93619,93619,93619,3660,3660,3660,591,591,591,0.00,0.00,0.00,0.00,0.00,0.00,0.00,0.00,0.00,0.00,0.00,0.00,0.00,0.00,0.00,0.00,0.00,0.00,0.00,0.00,0.00,209412,358480,668342,221527,371386,681447,0,0,0,0,0,0,0,113121,0,125.47,125.52,125.58
1330,3,0,0,0,93660,93660,93660,3619,3619,3619,591,591,591,0.00,0.00,0.00,0.00,0.00,0.00,0.00,0.00,0.00,0.00,0.00,0.00,0.00,0.00,0.00,0.00,0.00,0.00,0.00,0.00,0.00,204433,301932,398386,213170,315212,414112,0,0,0,0,0,0,0,112729,0,140.36,140.43,140.53
1331,0,0,0,0,93656,93656,93656,3623,3623,3623,591,591,591,0.00,0.00,0.00,0.00,0.00,0.00,0.00,0.00,0.00,0.00,0.00,0.00,0.00,0.00,0.00,0.00,0.00,0.00,0.00,0.00,0.00,301410,340193,487472,314515,354346,500577,0,0,0,0,0,0,0,110101,0,137.25,137.30,137.35
1331,1,0,0,0,93624,93624,93624,3655,3655,3655,591,591,591,0.00,0.00,0.00,0.00,0.00,0.00,0.00,0.00,0.00,0.00,0.00,0.00,0.00,0.00,0.00,0.00,0.00,0.00,0.00,0.00,0.00,410801,500498,728621,423884,514648,741726,0,0,0,0,0,0,0,112090,0,124.29,124.37,124.43
1331,2,0,0,0,93619,93619,93619,3660,3660,3660,591,591,591,0.00,0.00,0.00,0.00,0.00,0.00,0.00,0.00,0.00,0.00,0.00,0.00,0.00,0.00,0.00,0.00,0.00,0.00,0.00,0.00,0.00,306650,577718,1323919,317133,591347,1337027,0,0,0,0,0,0,0,100533,0,125.35,125.40,125.47
1331,3,0,0,0,93660,93660,93660,3619,3619,3619,591,591,591,0.00,0.00,0.00,0.00,0.00,0.00,0.00,0.00,0.00,0.00,0.00,0.00,0.00,0.00,0.00,0.00,0.00,0.00,0.00,0.00,0.00,301405,538336,859669,317130,552489,872774,0,0,0,0,0,0,0,112488,0,140.34,140.36,140.38
1332,0,0,0,0,93656,93656,93656,3623,3623,3623,591,591,591,0.00,0.00,0.00,0.00,0.00,0.00,0.00,0.00,0.00,0.00,0.00,0.00,0.00,0.00,0.00,0.00,0.00,0.00,0.00,0.00,0.00,301409,540435,1187278,314514,554064,1200383,0,0,0,0,0,0,0,110331,0,137.32,137.44,137.59
1332,1,0,0,0,93624,93624,93624,3655,3655,3655,591,591,591,0.00,0.00,0.00,0.00,0.00,0.00,0.00,0.00,0.00,0.00,0.00,0.00,0.00,0.00,0.00,0.00,0.00,0.00,0.00,0.00,0.00,416726,523057,720748,427209,536685,736473,0,0,0,0,0,0,0,99439,0,124.09,124.25,124.37
1332,2,0,0,0,93619,93619,93619,3660,3660,3660,591,591,591,0.00,0.00,0.00,0.00,0.00,0.00,0.00,0.00,0.00,0.00,0.00,0.00,0.00,0.00,0.00,0.00,0.00,0.00,0.00,0.00,0.00,301408,388422,697170,314513,403100,710275,0,0,0,0,0,0,0,100671,0,125.38,125.46,125.53
1332,3,0,0,0,93660,93660,93660,3619,3619,3619,591,591,591,0.00,0.00,0.00,0.00,0.00,0.00,0.00,0.00,0.00,0.00,0.00,0.00,0.00,0.00,0.00,0.00,0.00,0.00,0.00,0.00,0.00,298788,350682,526813,311892,364311,542539,0,0,0,0,0,0,0,112553,0,140.16,140.29,140.35
1333,0,0,0,0,93656,93656,93656,3623,3623,3623,591,591,591,0.00,0.00,0.00,0.00,0.00,0.00,0.00,0.00,0.00,0.00,0.00,0.00,0.00,0.00,0.00,0.00,0.00,0.00,0.00,0.00,0.00,298786,387373,712900,311893,401526,726004,0,0,0,0,0,0,0,110236,0,137.43,137.48,137.52
1333,1,0,0,0,93624,93624,93624,3655,3655,3655,591,591,591,0.00,0.00,0.00,0.00,0.00,0.00,0.00,0.00,0.00,0.00,0.00,0.00,0.00,0.00,0.00,0.00,0.00,0.00,0.00,0.00,0.00,373603,483061,739106,384078,496164,752211,0,0,0,0,0,0,0,99616,0,124.13,124.21,124.30
1333,2,0,0,0,93619,93619,93619,3660,3660,3660,591,591,591,0.00,0.00,0.00,0.00,0.00,0.00,0.00,0.00,0.00,0.00,0.00,0.00,0.00,0.00,0.00,0.00,0.00,0.00,0.00,0.00,0.00,311893,445559,657856,324998,459187,670961,0,0,0,0,0,0,0,100655,0,125.42,125.45,125.49
1333,3,0,0,0,93660,93660,93660,3619,3619,3619,591,591,591,0.00,0.00,0.00,0.00,0.00,0.00,0.00,0.00,0.00,0.00,0.00,0.00,0.00,0.00,0.00,0.00,0.00,0.00,0.00,0.00,0.00,200942,315387,469150,207931,328841,484876,0,0,0,0,0,0,0,112517,0,140.11,140.14,140.20
1334,0,0,0,0,93656,93656,93656,3623,3623,3623,591,591,591,0.00,0.00,0.00,0.00,0.00,0.00,0.00,0.00,0.00,0.00,0.00,0.00,0.00,0.00,0.00,0.00,0.00,0.00,0.00,0.00,0.00,202685,338449,584431,213169,350993,597535,0,0,0,0,0,0,0,110316,0,137.46,137.54,137.60
1334,1,0,0,0,93624,93624,93624,3655,3655,3655,591,591,591,0.00,0.00,0.00,0.00,0.00,0.00,0.00,0.00,0.00,0.00,0.00,0.00,0.00,0.00,0.00,0.00,0.00,0.00,0.00,0.00,0.00,408862,422241,442936,421967,435860,458661,0,0,0,0,0,0,0,99761,0,124.27,124.34,124.41
1334,2,0,0,0,93619,93619,93619,3660,3660,3660,591,591,591,0.00,0.00,0.00,0.00,0.00,0.00,0.00,0.00,0.00,0.00,0.00,0.00,0.00,0.00,0.00,0.00,0.00,0.00,0.00,0.00,0.00,301649,464055,972869,317666,477258,985738,0,0,0,0,0,0,0,113250,0,125.34,125.39,125.44
1334,3,0,0,0,93660,93660,93660,3619,3619,3619,591,591,591,0.00,0.00,0.00,0.00,0.00,0.00,0.00,0.00,0.00,0.00,0.00,0.00,0.00,0.00,0.00,0.00,0.00,0.00,0.00,0.00,0.00,298789,327089,414088,314515,340718,427193,0,0,0,0,0,0,0,126622,0,140.06,140.10,140.15
1335,0,0,0,0,93656,93656,93656,3623,3623,3623,591,591,591,0.00,0.00,0.00,0.00,0.00,0.00,0.00,0.00,0.00,0.00,0.00,0.00,0.00,0.00,0.00,0.00,0.00,0.00,0.00,0.00,0.00,301409,515276,1192528,314514,529429,1205632,0,0,0,0,0,0,0,124015,0,137.49,137.53,137.59
1335,1,0,0,0,93624,93624,93624,3655,3655,3655,591,591,591,0.00,0.00,0.00,0.00,0.00,0.00,0.00,0.00,0.00,0.00,0.00,0.00,0.00,0.00,0.00,0.00,0.00,0.00,0.00,0.00,0.00,411485,536359,750173,427211,550505,763243,0,0,0,0,0,0,0,86993,0,124.25,124.31,124.39
1335,2,0,0,0,93619,93619,93619,3660,3660,3660,591,591,591,0.00,0.00,0.00,0.00,0.00,0.00,0.00,0.00,0.00,0.00,0.00,0.00,0.00,0.00,0.00,0.00,0.00,0.00,0.00,0.00,0.00,306650,449754,686692,319755,463383,699796,0,0,0,0,0,0,0,100623,0,125.41,125.44,125.46
1335,3,0,0,0,93660,93660,93660,3619,3619,3619,591,591,591,0.00,0.00,0.00,0.00,0.00,0.00,0.00,0.00,0.00,0.00,0.00,0.00,0.00,0.00,0.00,0.00,0.00,0.00,0.00,0.00,0.00,301406,500077,988102,314510,514230,1003828,0,0,0,0,0,0,0,84403,0,140.15,140.25,140.33
1336,0,0,0,0,93656,93656,93656,3623,3623,3623,591,591,591,0.00,0.00,0.00,0.00,0.00,0.00,0.00,0.00,0.00,0.00,0.00,0.00,0.00,0.00,0.00,0.00,0.00,0.00,0.00,0.00,0.00,301407,376097,589682,314512,389857,602786,0,0,0,0,0,0,0,82545,0,137.47,137.50,137.52
1336,1,0,0,0,93624,93624,93624,3655,3655,3655,591,591,591,0.00,0.00,0.00,0.00,0.00,0.00,0.00,0.00,0.00,0.00,0.00,0.00,0.00,0.00,0.00,0.00,0.00,0.00,0.00,0.00,0.00,411163,510358,726103,426582,524604,738842,0,0,0,0,0,0,0,99575,0,124.25,124.25,124.26
1336,2,0,0,0,93619,93619,93619,3660,3660,3660,591,591,591,0.00,0.00,0.00,0.00,0.00,0.00,0.00,0.00,0.00,0.00,0.00,0.00,0.00,0.00,0.00,0.00,0.00,0.00,0.00,0.00,0.00,301408,395758,665721,317134,409518,676205,0,0,0,0,0,0,0,75489,0,125.46,125.49,125.54
1336,3,0,0,0,93660,93660,93660,3619,3619,3619,591,591,591,0.00,0.00,0.00,0.00,0.00,0.00,0.00,0.00,0.00,0.00,0.00,0.00,0.00,0.00,0.00,0.00,0.00,0.00,0.00,0.00,0.00,304013,361688,508469,317117,375448,521574,0,0,0,0,0,0,0,112840,0,140.39,140.48,140.56
1337,0,0,0,0,93656,93656,93656,3623,3623,3623,591,591,591,0.00,0.00,0.00,0.00,0.00,0.00,0.00,0.00,0.00,0.00,0.00,0.00,0.00,0.00,0.00,0.00,0.00,0.00,0.00,0.00,0.00,296167,385278,686686,311893,399431,699791,0,0,0,0,0,0,0,110117,0,137.32,137.37,137.41
1337,1,0,0,0,93624,93624,93624,3655,3655,3655,591,591,591,0.00,0.00,0.00,0.00,0.00,0.00,0.00,0.00,0.00,0.00,0.00,0.00,0.00,0.00,0.00,0.00,0.00,0.00,0.00,0.00,0.00,421967,491506,623780,437692,504086,634263,0,0,0,0,0,0,0,99489,0,124.17,124.20,124.25
1337,2,0,0,0,93619,93619,93619,3660,3660,3660,591,591,591,0.00,0.00,0.00,0.00,0.00,0.00,0.00,0.00,0.00,0.00,0.00,0.00,0.00,0.00,0.00,0.00,0.00,0.00,0.00,0.00,0.00,301410,373223,639511,314515,387900,655236,0,0,0,0,0,0,0,100670,0,125.44,125.47,125.50
1337,3,0,0,0,93660,93660,93660,3619,3619,3619,591,591,591,0.00,0.00,0.00,0.00,0.00,0.00,0.00,0.00,0.00,0.00,0.00,0.00,0.00,0.00,0.00,0.00,0.00,0.00,0.00,0.00,0.00,200941,313812,387894,211425,326917,400998,0,0,0,0,0,0,0,112810,0,140.28,140.36,140.44
1338,0,0,0,0,93656,93656,93656,3623,3623,3623,591,591,591,0.00,0.00,0.00,0.00,0.00,0.00,0.00,0.00,0.00,0.00,0.00,0.00,0.00,0.00,0.00,0.00,0.00,0.00,0.00,0.00,0.00,193937,378435,618441,202673,391628,631114,0,0,0,0,0,0,0,110047,0,137.31,137.34,137.35
1338,1,0,0,0,93624,93624,93624,3655,3655,3655,591,591,591,0.00,0.00,0.00,0.00,0.00,0.00,0.00,0.00,0.00,0.00,0.00,0.00,0.00,0.00,0.00,0.00,0.00,0.00,0.00,0.00,0.00,414100,508981,849178,427204,523134,862283,0,0,0,0,0,0,0,99479,0,124.10,124.18,124.23
1338,2,0,0,0,93619,93619,93619,3660,3660,3660,591,591,591,0.00,0.00,0.00,0.00,0.00,0.00,0.00,0.00,0.00,0.00,0.00,0.00,0.00,0.00,0.00,0.00,0.00,0.00,0.00,0.00,0.00,301624,532537,1029627,317640,545304,1042498,0,0,0,0,0,0,0,113422,0,125.46,125.55,125.62
1338,3,0,0,0,93660,93660,93660,3619,3619,3619,591,591,591,0.00,0.00,0.00,0.00,0.00,0.00,0.00,0.00,0.00,0.00,0.00,0.00,0.00,0.00,0.00,0.00,0.00,0.00,0.00,0.00,0.00,298789,501124,1001193,314512,514753,1014298,0,0,0,0,0,0,0,126780,0,140.37,140.39,140.42
1339,0,0,0,0,93656,93656,93656,3623,3623,3623,591,591,591,0.00,0.00,0.00,0.00,0.00,0.00,0.00,0.00,0.00,0.00,0.00,0.00,0.00,0.00,0.00,0.00,0.00,0.00,0.00,0.00,0.00,301408,485396,1195141,314513,499549,1210866,0,0,0,0,0,0,0,124024,0,137.40,137.44,137.50
1339,1,0,0,0,93624,93624,93624,3655,3655,3655,591,591,591,0.00,0.00,0.00,0.00,0.00,0.00,0.00,0.00,0.00,0.00,0.00,0.00,0.00,0.00,0.00,0.00,0.00,0.00,0.00,0.00,0.00,437666,660992,930424,450770,674621,946150,0,0,0,0,0,0,0,99200,0,123.87,123.93,124.07
1339,2,0,0,0,93619,93619,93619,3660,3660,3660,591,591,591,0.00,0.00,0.00,0.00,0.00,0.00,0.00,0.00,0.00,0.00,0.00,0.00,0.00,0.00,0.00,0.00,0.00,0.00,0.00,0.00,0.00,306633,387371,686688,319737,400999,699793,0,0,0,0,0,0,0,100668,0,125.50,125.54,125.61
1339,3,0,0,0,93660,93660,93660,3619,3619,3619,591,591,591,0.00,0.00,0.00,0.00,0.00,0.00,0.00,0.00,0.00,0.00,0.00,0.00,0.00,0.00,0.00,0.00,0.00,0.00,0.00,0.00,0.00,301391,354871,469149,317116,369024,484875,0,0,0,0,0,0,0,112627,0,140.27,140.34,140.40
1340,0,0,0,0,93656,93656,93656,3623,3623,3623,591,591,591,0.00,0.00,0.00,0.00,0.00,0.00,0.00,0.00,0.00,0.00,0.00,0.00,0.00,0.00,0.00,0.00,0.00,0.00,0.00,0.00,0.00,304024,441364,678822,319749,454992,691926,0,0,0,0,0,0,0,110251,0,137.43,137.46,137.51
1340,1,0,0,0,93624,93624,93624,3655,3655,3655,591,591,591,0.00,0.00,0.00,0.00,0.00,0.00,0.00,0.00,0.00,0.00,0.00,0.00,0.00,0.00,0.00,0.00,0.00,0.00,0.00,0.00,0.00,418777,503104,718136,432458,516690,731241,0,0,0,0,0,0,0,99278,0,123.86,123.89,123.93
1340,2,0,0,0,93619,93619,93619,3660,3660,3660,591,591,591,0.00,0.00,0.00,0.00,0.00,0.00,0.00,0.00,0.00,0.00,0.00,0.00,0.00,0.00,0.00,0.00,0.00,0.00,0.00,0.00,0.00,304029,375317,615911,317134,389470,631636,0,0,0,0,0,0,0,100587,0,125.41,125.49,125.55
1340,3,0,0,0,93660,93660,93660,3619,3619,3619,591,591,591,0.00,0.00,0.00,0.00,0.00,0.00,0.00,0.00,0.00,0.00,0.00,0.00,0.00,0.00,0.00,0.00,0.00,0.00,0.00,0.00,0.00,296174,319268,374794,309279,333379,387899,0,0,0,0,0,0,0,112508,0,140.15,140.21,140.26
1341,0,0,0,0,93656,93656,93656,3623,3623,3623,591,591,591,0.00,0.00,0.00,0.00,0.00,0.00,0.00,0.00,0.00,0.00,0.00,0.00,0.00,0.00,0.00,0.00,0.00,0.00,0.00,0.00,0.00,297622,372984,608054,310562,387103,623779,0,0,0,0,0,0,0,110111,0,137.32,137.41,137.50
1341,1,0,0,0,93624,93624,93624,3655,3655,3655,591,591,591,0.00,0.00,0.00,0.00,0.00,0.00,0.00,0.00,0.00,0.00,0.00,0.00,0.00,0.00,0.00,0.00,0.00,0.00,0.00,0.00,0.00,298784,467048,775798,309267,480153,791524,0,0,0,0,0,0,0,99158,0,123.62,123.72,123.86
1341,2,0,0,0,93619,93619,93619,3660,3660,3660,591,591,591,0.00,0.00,0.00,0.00,0.00,0.00,0.00,0.00,0.00,0.00,0.00,0.00,0.00,0.00,0.00,0.00,0.00,0.00,0.00,0.00,0.00,304029,385798,676203,317135,399951,691928,0,0,0,0,0,0,0,113116,0,125.28,125.34,125.38
1341,3,0,0,0,93660,93660,93660,3619,3619,3619,591,591,591,0.00,0.00,0.00,0.00,0.00,0.00,0.00,0.00,0.00,0.00,0.00,0.00,0.00,0.00,0.00,0.00,0.00,0.00,0.00,0.00,0.00,204436,306646,411485,211425,319576,424589,0,0,0,0,0,0,0,112646,0,140.17,140.26,140.38
1342,0,0,0,0,93656,93656,93656,3623,3623,3623,591,591,591,0.00,0.00,0.00,0.00,0.00,0.00,0.00,0.00,0.00,0.00,0.00,0.00,0.00,0.00,0.00,0.00,0.00,0.00,0.00,0.00,0.00,193925,319224,482247,202660,331979,497972,0,0,0,0,0,0,0,110268,0,137.39,137.46,137.57
1342,1,0,0,0,93624,93624,93624,3655,3655,3655,591,591,591,0.00,0.00,0.00,0.00,0.00,0.00,0.00,0.00,0.00,0.00,0.00,0.00,0.00,0.00,0.00,0.00,0.00,0.00,0.00,0.00,0.00,416728,523655,786277,429833,537808,799382,0,0,0,0,0,0,0,111495,0,123.59,123.62,123.66
1342,2,0,0,0,93619,93619,93619,3660,3660,3660,591,591,591,0.00,0.00,0.00,0.00,0.00,0.00,0.00,0.00,0.00,0.00,0.00,0.00,0.00,0.00,0.00,0.00,0.00,0.00,0.00,0.00,0.00,309270,492715,859560,322375,505459,868242,0,0,0,0,0,0,0,100695,0,125.41,125.47,125.50
1342,3,0,0,0,93660,93660,93660,3619,3619,3619,591,591,591,0.00,0.00,0.00,0.00,0.00,0.00,0.00,0.00,0.00,0.00,0.00,0.00,0.00,0.00,0.00,0.00,0.00,0.00,0.00,0.00,0.00,298789,505843,1019558,314515,519996,1032663,0,0,0,0,0,0,0,126557,0,140.22,140.30,140.36
1343,0,0,0,0,93656,93656,93656,3623,3623,3623,591,591,591,0.00,0.00,0.00,0.00,0.00,0.00,0.00,0.00,0.00,0.00,0.00,0.00,0.00,0.00,0.00,0.00,0.00,0.00,0.00,0.00,0.00,298783,540434,1234467,314508,554063,1247572,0,0,0,0,0,0,0,82706,0,137.54,137.60,137.62
1343,1,0,0,0,93624,93624,93624,3655,3655,3655,591,591,591,0.00,0.00,0.00,0.00,0.00,0.00,0.00,0.00,0.00,0.00,0.00,0.00,0.00,0.00,0.00,0.00,0.00,0.00,0.00,0.00,0.00,414108,541482,718129,427212,555634,731233,0,0,0,0,0,0,0,74425,0,123.68,123.74,123.79
1343,2,0,0,0,93619,93619,93619,3660,3660,3660,591,591,591,0.00,0.00,0.00,0.00,0.00,0.00,0.00,0.00,0.00,0.00,0.00,0.00,0.00,0.00,0.00,0.00,0.00,0.00,0.00,0.00,0.00,304031,386852,707659,317136,401005,720764,0,0,0,0,0,0,0,100688,0,125.45,125.49,125.51
1343,3,0,0,0,93660,93660,93660,3619,3619,3619,591,591,591,0.00,0.00,0.00,0.00,0.00,0.00,0.00,0.00,0.00,0.00,0.00,0.00,0.00,0.00,0.00,0.00,0.00,0.00,0.00,0.00,0.00,304031,342296,482254,319757,356449,495359,0,0,0,0,0,0,0,84469,0,140.22,140.30,140.36
1344,0,0,0,0,93656,93656,93656,3623,3623,3623,591,591,591,0.00,0.00,0.00,0.00,0.00,0.00,0.00,0.00,0.00,0.00,0.00,0.00,0.00,0.00,0.00,0.00,0.00,0.00,0.00,0.00,0.00,301407,408864,702406,314511,423279,718132,0,0,0,0,0,0,0,110196,0,137.40,137.42,137.44
1344,1,0,0,0,93624,93624,93624,3655,3655,3655,591,591,591,0.00,0.00,0.00,0.00,0.00,0.00,0.00,0.00,0.00,0.00,0.00,0.00,0.00,0.00,0.00,0.00,0.00,0.00,0.00,0.00,0.00,414115,522277,728618,427220,535306,739101,0,0,0,0,0,0,0,99298,0,123.78,123.81,123.85
1344,2,0,0,0,93619,93619,93619,3660,3660,3660,591,591,591,0.00,0.00,0.00,0.00,0.00,0.00,0.00,0.00,0.00,0.00,0.00,0.00,0.00,0.00,0.00,0.00,0.00,0.00,0.00,0.00,0.00,306649,391167,639478,319754,404927,652582,0,0,0,0,0,0,0,75597,0,125.53,125.57,125.62
1344,3,0,0,0,93660,93660,93660,3619,3619,3619,591,591,591,0.00,0.00,0.00,0.00,0.00,0.00,0.00,0.00,0.00,0.00,0.00,0.00,0.00,0.00,0.00,0.00,0.00,0.00,0.00,0.00,0.00,294304,316015,353833,307212,329725,369559,0,0,0,0,0,0,0,112885,0,140.41,140.51,140.55
1345,0,0,0,0,93656,93656,93656,3623,3623,3623,591,591,591,0.00,0.00,0.00,0.00,0.00,0.00,0.00,0.00,0.00,0.00,0.00,0.00,0.00,0.00,0.00,0.00,0.00,0.00,0.00,0.00,0.00,195677,365985,697172,204413,379252,712897,0,0,0,0,0,0,0,110220,0,137.40,137.46,137.49
1345,1,0,0,0,93624,93624,93624,3655,3655,3655,591,591,591,0.00,0.00,0.00,0.00,0.00,0.00,0.00,0.00,0.00,0.00,0.00,0.00,0.00,0.00,0.00,0.00,0.00,0.00,0.00,0.00,0.00,272578,452368,707651,281315,466171,723377,0,0,0,0,0,0,0,99176,0,123.74,123.80,123.84
1345,2,0,0,0,93619,93619,93619,3660,3660,3660,591,591,591,0.00,0.00,0.00,0.00,0.00,0.00,0.00,0.00,0.00,0.00,0.00,0.00,0.00,0.00,0.00,0.00,0.00,0.00,0.00,0.00,0.00,304028,497628,894614,319754,510908,903351,0,0,0,0,0,0,0,113262,0,125.43,125.47,125.51
1345,3,0,0,0,93660,93660,93660,3619,3619,3619,591,591,591,0.00,0.00,0.00,0.00,0.00,0.00,0.00,0.00,0.00,0.00,0.00,0.00,0.00,0.00,0.00,0.00,0.00,0.00,0.00,0.00,0.00,277824,300360,311889,286561,313639,327614,0,0,0,0,0,0,0,126616,0,140.11,140.27,140.48
1346,0,0,0,0,93656,93656,93656,3623,3623,3623,591,591,591,0.00,0.00,0.00,0.00,0.00,0.00,0.00,0.00,0.00,0.00,0.00,0.00,0.00,0.00,0.00,0.00,0.00,0.00,0.00,0.00,0.00,296165,338620,477009,309270,352772,490113,0,0,0,0,0,0,0,123846,0,137.34,137.38,137.44
1346,1,0,0,0,93624,93624,93624,3655,3655,3655,591,591,591,0.00,0.00,0.00,0.00,0.00,0.00,0.00,0.00,0.00,0.00,0.00,0.00,0.00,0.00,0.00,0.00,0.00,0.00,0.00,0.00,0.00,429920,544967,741006,443028,558592,754098,0,0,0,0,0,0,0,111528,0,123.77,123.80,123.84
1346,2,0,0,0,93619,93619,93619,3660,3660,3660,591,591,591,0.00,0.00,0.00,0.00,0.00,0.00,0.00,0.00,0.00,0.00,0.00,0.00,0.00,0.00,0.00,0.00,0.00,0.00,0.00,0.00,0.00,300657,366725,605025,313290,380794,617898,0,0,0,0,0,0,0,100624,0,125.44,125.46,125.50
1346,3,0,0,0,93660,93660,93660,3619,3619,3619,591,591,591,0.00,0.00,0.00,0.00,0.00,0.00,0.00,0.00,0.00,0.00,0.00,0.00,0.00,0.00,0.00,0.00,0.00,0.00,0.00,0.00,0.00,298772,536768,859676,311876,550397,875402,0,0,0,0,0,0,0,112745,0,140.27,140.43,140.58
1347,0,0,0,0,93656,93656,93656,3623,3623,3623,591,591,591,0.00,0.00,0.00,0.00,0.00,0.00,0.00,0.00,0.00,0.00,0.00,0.00,0.00,0.00,0.00,0.00,0.00,0.00,0.00,0.00,0.00,304027,535718,1182043,319753,549871,1195148,0,0,0,0,0,0,0,110216,0,137.30,137.35,137.41
1347,1,0,0,0,93624,93624,93624,3655,3655,3655,591,591,591,0.00,0.00,0.00,0.00,0.00,0.00,0.00,0.00,0.00,0.00,0.00,0.00,0.00,0.00,0.00,0.00,0.00,0.00,0.00,0.00,0.00,421973,484349,712895,435077,498501,725999,0,0,0,0,0,0,0,99176,0,123.77,123.80,123.83
1347,2,0,0,0,93619,93619,93619,3660,3660,3660,591,591,591,0.00,0.00,0.00,0.00,0.00,0.00,0.00,0.00,0.00,0.00,0.00,0.00,0.00,0.00,0.00,0.00,0.00,0.00,0.00,0.00,0.00,306649,454995,720761,319756,468624,733866,0,0,0,0,0,0,0,100677,0,125.42,125.47,125.53
1347,3,0,0,0,93660,93660,93660,3619,3619,3619,591,591,591,0.00,0.00,0.00,0.00,0.00,0.00,0.00,0.00,0.00,0.00,0.00,0.00,0.00,0.00,0.00,0.00,0.00,0.00,0.00,0.00,0.00,298785,351731,505845,314510,365884,518950,0,0,0,0,0,0,0,112798,0,140.34,140.42,140.46
1348,0,0,0,0,93656,93656,93656,3623,3623,3623,591,591,591,0.00,0.00,0.00,0.00,0.00,0.00,0.00,0.00,0.00,0.00,0.00,0.00,0.00,0.00,0.00,0.00,0.00,0.00,0.00,0.00,0.00,301406,384749,676202,314511,397853,686686,0,0,0,0,0,0,0,110116,0,137.36,137.41,137.47
1348,1,0,0,0,93624,93624,93624,3655,3655,3655,591,591,591,0.00,0.00,0.00,0.00,0.00,0.00,0.00,0.00,0.00,0.00,0.00,0.00,0.00,0.00,0.00,0.00,0.00,0.00,0.00,0.00,0.00,279566,490450,775801,290049,503554,791526,0,0,0,0,0,0,0,99224,0,123.75,123.77,123.79
1348,2,0,0,0,93619,93619,93619,3660,3660,3660,591,591,591,0.00,0.00,0.00,0.00,0.00,0.00,0.00,0.00,0.00,0.00,0.00,0.00,0.00,0.00,0.00,0.00,0.00,0.00,0.00,0.00,0.00,304031,376892,655239,319754,390520,668343,0,0,0,0,0,0,0,100468,0,125.26,125.36,125.50
1348,3,0,0,0,93660,93660,93660,3619,3619,3619,591,591,591,0.00,0.00,0.00,0.00,0.00,0.00,0.00,0.00,0.00,0.00,0.00,0.00,0.00,0.00,0.00,0.00,0.00,0.00,0.00,0.00,0.00,281315,333036,477016,291799,346141,492742,0,0,0,0,0,0,0,112824,0,140.43,140.48,140.56
1349,0,0,0,0,93656,93656,93656,3623,3623,3623,591,591,591,0.00,0.00,0.00,0.00,0.00,0.00,0.00,0.00,0.00,0.00,0.00,0.00,0.00,0.00,0.00,0.00,0.00,0.00,0.00,0.00,0.00,232389,376823,597577,241125,390080,613303,0,0,0,0,0,0,0,110160,0,137.36,137.43,137.49
1349,1,0,0,0,93624,93624,93624,3655,3655,3655,591,591,591,0.00,0.00,0.00,0.00,0.00,0.00,0.00,0.00,0.00,0.00,0.00,0.00,0.00,0.00,0.00,0.00,0.00,0.00,0.00,0.00,0.00,416728,428261,445562,432453,441890,456046,0,0,0,0,0,0,0,99375,0,123.75,123.80,123.85
1349,2,0,0,0,93619,93619,93619,3660,3660,3660,591,591,591,0.00,0.00,0.00,0.00,0.00,0.00,0.00,0.00,0.00,0.00,0.00,0.00,0.00,0.00,0.00,0.00,0.00,0.00,0.00,0.00,0.00,306650,542468,1355009,319755,555728,1368114,0,0,0,0,0,0,0,113099,0,125.24,125.29,125.32
1349,3,0,0,0,93660,93660,93660,3619,3619,3619,591,591,591,0.00,0.00,0.00,0.00,0.00,0.00,0.00,0.00,0.00,0.00,0.00,0.00,0.00,0.00,0.00,0.00,0.00,0.00,0.00,0.00,0.00,298772,436645,980225,311876,450798,998571,0,0,0,0,0,0,0,126996,0,140.49,140.50,140.52
1350,0,0,0,0,93656,93656,93656,3623,3623,3623,591,591,591,0.00,0.00,0.00,0.00,0.00,0.00,0.00,0.00,0.00,0.00,0.00,0.00,0.00,0.00,0.00,0.00,0.00,0.00,0.00,0.00,0.00,309267,500598,1252812,322372,514751,1268538,0,0,0,0,0,0,0,96384,0,137.33,137.39,137.42
1350,1,0,0,0,93624,93624,93624,3655,3655,3655,591,591,591,0.00,0.00,0.00,0.00,0.00,0.00,0.00,0.00,0.00,0.00,0.00,0.00,0.00,0.00,0.00,0.00,0.00,0.00,0.00,0.00,0.00,416730,536245,733866,427214,549874,746971,0,0,0,0,0,0,0,74318,0,123.79,123.85,123.91
1350,2,0,0,0,93619,93619,93619,3660,3660,3660,591,591,591,0.00,0.00,0.00,0.00,0.00,0.00,0.00,0.00,0.00,0.00,0.00,0.00,0.00,0.00,0.00,0.00,0.00,0.00,0.00,0.00,0.00,301105,381610,684064,313973,395765,697169,0,0,0,0,0,0,0,100508,0,125.22,125.26,125.29
1350,3,0,0,0,93660,93660,93660,3619,3619,3619,591,591,591,0.00,0.00,0.00,0.00,0.00,0.00,0.00,0.00,0.00,0.00,0.00,0.00,0.00,0.00,0.00,0.00,0.00,0.00,0.00,0.00,0.00,301412,398384,605443,314512,412013,618548,0,0,0,0,0,0,0,84462,0,140.25,140.36,140.49
1351,0,0,0,0,93656,93656,93656,3623,3623,3623,591,591,591,0.00,0.00,0.00,0.00,0.00,0.00,0.00,0.00,0.00,0.00,0.00,0.00,0.00,0.00,0.00,0.00,0.00,0.00,0.00,0.00,0.00,301406,364960,542534,314511,378720,555639,0,0,0,0,0,0,0,110170,0,137.34,137.38,137.42
1351,1,0,0,0,93624,93624,93624,3655,3655,3655,591,591,591,0.00,0.00,0.00,0.00,0.00,0.00,0.00,0.00,0.00,0.00,0.00,0.00,0.00,0.00,0.00,0.00,0.00,0.00,0.00,0.00,0.00,416722,524840,699796,432448,538601,712901,0,0,0,0,0,0,0,99184,0,123.74,123.77,123.79
1351,2,0,0,0,93619,93619,93619,3660,3660,3660,591,591,591,0.00,0.00,0.00,0.00,0.00,0.00,0.00,0.00,0.00,0.00,0.00,0.00,0.00,0.00,0.00,0.00,0.00,0.00,0.00,0.00,0.00,304029,391821,639473,317134,405581,652577,0,0,0,0,0,0,0,75429,0,125.33,125.35,125.38
1351,3,0,0,0,93660,93660,93660,3619,3619,3619,591,591,591,0.00,0.00,0.00,0.00,0.00,0.00,0.00,0.00,0.00,0.00,0.00,0.00,0.00,0.00,0.00,0.00,0.00,0.00,0.00,0.00,0.00,301409,346489,476487,314516,360158,489228,0,0,0,0,0,0,0,112654,0,140.24,140.26,140.27
1352,0,0,0,0,93656,93656,93656,3623,3623,3623,591,591,591,0.00,0.00,0.00,0.00,0.00,0.00,0.00,0.00,0.00,0.00,0.00,0.00,0.00,0.00,0.00,0.00,0.00,0.00,0.00,0.00,0.00,306649,440840,655236,319754,454993,668341,0,0,0,0,0,0,0,110059,0,137.29,137.36,137.44
1352,1,0,0,0,93624,93624,93624,3655,3655,3655,591,591,591,0.00,0.00,0.00,0.00,0.00,0.00,0.00,0.00,0.00,0.00,0.00,0.00,0.00,0.00,0.00,0.00,0.00,0.00,0.00,0.00,0.00,279567,467672,760075,288304,480904,773180,0,0,0,0,0,0,0,99165,0,123.77,123.82,123.85
1352,2,0,0,0,93619,93619,93619,3660,3660,3660,591,591,591,0.00,0.00,0.00,0.00,0.00,0.00,0.00,0.00,0.00,0.00,0.00,0.00,0.00,0.00,0.00,0.00,0.00,0.00,0.00,0.00,0.00,301408,383706,657860,317134,397859,670965,0,0,0,0,0,0,0,100612,0,125.38,125.40,125.43
1352,3,0,0,0,93660,93660,93660,3619,3619,3619,591,591,591,0.00,0.00,0.00,0.00,0.00,0.00,0.00,0.00,0.00,0.00,0.00,0.00,0.00,0.00,0.00,0.00,0.00,0.00,0.00,0.00,0.00,202687,300527,408871,211423,313282,421976,0,0,0,0,0,0,0,112596,0,140.18,140.25,140.32
1353,0,0,0,0,93656,93656,93656,3623,3623,3623,591,591,591,0.00,0.00,0.00,0.00,0.00,0.00,0.00,0.00,0.00,0.00,0.00,0.00,0.00,0.00,0.00,0.00,0.00,0.00,0.00,0.00,0.00,198702,312838,463901,209069,325395,477006,0,0,0,0,0,0,0,110085,0,137.25,137.29,137.32
1353,1,0,0,0,93624,93624,93624,3655,3655,3655,591,591,591,0.00,0.00,0.00,0.00,0.00,0.00,0.00,0.00,0.00,0.00,0.00,0.00,0.00,0.00,0.00,0.00,0.00,0.00,0.00,0.00,0.00,408867,482775,728620,424593,496929,741725,0,0,0,0,0,0,0,111636,0,123.75,123.77,123.79
1353,2,0,0,0,93619,93619,93619,3660,3660,3660,591,591,591,0.00,0.00,0.00,0.00,0.00,0.00,0.00,0.00,0.00,0.00,0.00,0.00,0.00,0.00,0.00,0.00,0.00,0.00,0.00,0.00,0.00,204084,555047,1339306,212732,567785,1355032,0,0,0,0,0,0,0,100549,0,125.45,125.49,125.53
1353,3,0,0,0,93660,93660,93660,3619,3619,3619,591,591,591,0.00,0.00,0.00,0.00,0.00,0.00,0.00,0.00,0.00,0.00,0.00,0.00,0.00,0.00,0.00,0.00,0.00,0.00,0.00,0.00,0.00,301409,500600,1043144,311894,514753,1058870,0,0,0,0,0,0,0,126961,0,140.28,140.39,140.50
1354,0,0,0,0,93656,93656,93656,3623,3623,3623,591,591,591,0.00,0.00,0.00,0.00,0.00,0.00,0.00,0.00,0.00,0.00,0.00,0.00,0.00,0.00,0.00,0.00,0.00,0.00,0.00,0.00,0.00,304027,542531,1221348,314511,556685,1234452,0,0,0,0,0,0,0,123887,0,137.31,137.35,137.38
1354,1,0,0,0,93624,93624,93624,3655,3655,3655,591,591,591,0.00,0.00,0.00,0.00,0.00,0.00,0.00,0.00,0.00,0.00,0.00,0.00,0.00,0.00,0.00,0.00,0.00,0.00,0.00,0.00,0.00,419324,481197,587084,435049,495350,600189,0,0,0,0,0,0,0,99146,0,123.73,123.75,123.79
1354,2,0,0,0,93619,93619,93619,3660,3660,3660,591,591,591,0.00,0.00,0.00,0.00,0.00,0.00,0.00,0.00,0.00,0.00,0.00,0.00,0.00,0.00,0.00,0.00,0.00,0.00,0.00,0.00,0.00,296327,382638,691914,309675,396783,707640,0,0,0,0,0,0,0,100514,0,125.28,125.33,125.41
1354,3,0,0,0,93660,93660,93660,3619,3619,3619,591,591,591,0.00,0.00,0.00,0.00,0.00,0.00,0.00,0.00,0.00,0.00,0.00,0.00,0.00,0.00,0.00,0.00,0.00,0.00,0.00,0.00,0.00,301392,343864,495361,314496,357493,508466,0,0,0,0,0,0,0,112617,0,140.29,140.39,140.48
1355,0,0,0,0,93656,93656,93656,3623,3623,3623,591,591,591,0.00,0.00,0.00,0.00,0.00,0.00,0.00,0.00,0.00,0.00,0.00,0.00,0.00,0.00,0.00,0.00,0.00,0.00,0.00,0.00,0.00,298785,391567,739101,314510,405196,752206,0,0,0,0,0,0,0,110104,0,137.31,137.35,137.41
1355,1,0,0,0,93624,93624,93624,3655,3655,3655,591,591,591,0.00,0.00,0.00,0.00,0.00,0.00,0.00,0.00,0.00,0.00,0.00,0.00,0.00,0.00,0.00,0.00,0.00,0.00,0.00,0.00,0.00,429742,565363,715520,442844,579420,728625,0,0,0,0,0,0,0,99199,0,123.74,123.79,123.81
1355,2,0,0,0,93619,93619,93619,3660,3660,3660,591,591,591,0.00,0.00,0.00,0.00,0.00,0.00,0.00,0.00,0.00,0.00,0.00,0.00,0.00,0.00,0.00,0.00,0.00,0.00,0.00,0.00,0.00,304029,373221,634270,314512,386849,649995,0,0,0,0,0,0,0,100500,0,125.22,125.26,125.29
1355,3,0,0,0,93660,93660,93660,3619,3619,3619,591,591,591,0.00,0.00,0.00,0.00,0.00,0.00,0.00,0.00,0.00,0.00,0.00,0.00,0.00,0.00,0.00,0.00,0.00,0.00,0.00,0.00,0.00,295472,312802,364314,311024,327444,374798,0,0,0,0,0,0,0,112703,0,140.24,140.28,140.30
1356,0,0,0,0,93656,93656,93656,3623,3623,3623,591,591,591,0.00,0.00,0.00,0.00,0.00,0.00,0.00,0.00,0.00,0.00,0.00,0.00,0.00,0.00,0.00,0.00,0.00,0.00,0.00,0.00,0.00,301406,383697,689269,317132,397850,704994,0,0,0,0,0,0,0,110079,0,137.25,137.30,137.33
1356,1,0,0,0,93624,93624,93624,3655,3655,3655,591,591,591,0.00,0.00,0.00,0.00,0.00,0.00,0.00,0.00,0.00,0.00,0.00,0.00,0.00,0.00,0.00,0.00,0.00,0.00,0.00,0.00,0.00,411483,431388,461284,427206,444143,470020,0,0,0,0,0,0,0,99190,0,123.74,123.77,123.81
1356,2,0,0,0,93619,93619,93619,3660,3660,3660,591,591,591,0.00,0.00,0.00,0.00,0.00,0.00,0.00,0.00,0.00,0.00,0.00,0.00,0.00,0.00,0.00,0.00,0.00,0.00,0.00,0.00,0.00,301411,581321,1281645,314516,595998,1297370,0,0,0,0,0,0,0,113141,0,125.33,125.35,125.38
1356,3,0,0,0,93660,93660,93660,3619,3619,3619,591,591,591,0.00,0.00,0.00,0.00,0.00,0.00,0.00,0.00,0.00,0.00,0.00,0.00,0.00,0.00,0.00,0.00,0.00,0.00,0.00,0.00,0.00,206177,304377,387898,213166,317308,401003,0,0,0,0,0,0,0,126814,0,140.36,140.39,140.42
1357,0,0,0,0,93656,93656,93656,3623,3623,3623,591,591,591,0.00,0.00,0.00,0.00,0.00,0.00,0.00,0.00,0.00,0.00,0.00,0.00,0.00,0.00,0.00,0.00,0.00,0.00,0.00,0.00,0.00,200665,324241,492735,209390,337518,508460,0,0,0,0,0,0,0,123750,0,137.29,137.34,137.39
1357,1,0,0,0,93624,93624,93624,3655,3655,3655,591,591,591,0.00,0.00,0.00,0.00,0.00,0.00,0.00,0.00,0.00,0.00,0.00,0.00,0.00,0.00,0.00,0.00,0.00,0.00,0.00,0.00,0.00,419346,557726,712888,432450,571355,728614,0,0,0,0,0,0,0,111562,0,123.77,123.80,123.82
1357,2,0,0,0,93619,93619,93619,3660,3660,3660,591,591,591,0.00,0.00,0.00,0.00,0.00,0.00,0.00,0.00,0.00,0.00,0.00,0.00,0.00,0.00,0.00,0.00,0.00,0.00,0.00,0.00,0.00,296771,375964,663104,309675,389553,678830,0,0,0,0,0,0,0,100730,0,125.32,125.40,125.53
1357,3,0,0,0,93660,93660,93660,3619,3619,3619,591,591,591,0.00,0.00,0.00,0.00,0.00,0.00,0.00,0.00,0.00,0.00,0.00,0.00,0.00,0.00,0.00,0.00,0.00,0.00,0.00,0.00,0.00,301406,536246,825600,317132,550399,838704,0,0,0,0,0,0,0,84297,0,140.32,140.43,140.48
1358,0,0,0,0,93656,93656,93656,3623,3623,3623,591,591,591,0.00,0.00,0.00,0.00,0.00,0.00,0.00,0.00,0.00,0.00,0.00,0.00,0.00,0.00,0.00,0.00,0.00,0.00,0.00,0.00,0.00,301409,606089,1263285,314513,560350,1276389,0,0,0,0,0,0,0,82475,0,137.23,137.27,137.30
1358,1,0,0,0,93624,93624,93624,3655,3655,3655,591,591,591,0.00,0.00,0.00,0.00,0.00,0.00,0.00,0.00,0.00,0.00,0.00,0.00,0.00,0.00,0.00,0.00,0.00,0.00,0.00,0.00,0.00,414105,495354,718132,427210,509769,731237,0,0,0,0,0,0,0,74479,0,123.73,123.79,123.89
1358,2,0,0,0,93619,93619,93619,3660,3660,3660,591,591,591,0.00,0.00,0.00,0.00,0.00,0.00,0.00,0.00,0.00,0.00,0.00,0.00,0.00,0.00,0.00,0.00,0.00,0.00,0.00,0.00,0.00,304027,395764,668348,319753,410179,681453,0,0,0,0,0,0,0,75488,0,125.49,125.58,125.64
1358,3,0,0,0,93660,93660,93660,3619,3619,3619,591,591,591,0.00,0.00,0.00,0.00,0.00,0.00,0.00,0.00,0.00,0.00,0.00,0.00,0.00,0.00,0.00,0.00,0.00,0.00,0.00,0.00,0.00,304031,351208,479634,317136,364313,495360,0,0,0,0,0,0,0,112469,0,140.01,140.09,140.20
1359,0,0,0,0,93656,93656,93656,3623,3623,3623,591,591,591,0.00,0.00,0.00,0.00,0.00,0.00,0.00,0.00,0.00,0.00,0.00,0.00,0.00,0.00,0.00,0.00,0.00,0.00,0.00,0.00,0.00,304029,379507,665716,314513,393664,678821,0,0,0,0,0,0,0,110192,0,137.32,137.37,137.42
1359,1,0,0,0,93624,93624,93624,3655,3655,3655,591,591,591,0.00,0.00,0.00,0.00,0.00,0.00,0.00,0.00,0.00,0.00,0.00,0.00,0.00,0.00,0.00,0.00,0.00,0.00,0.00,0.00,0.00,431624,531881,773169,447131,545991,786274,0,0,0,0,0,0,0,99174,0,123.72,123.81,123.86
1359,2,0,0,0,93619,93619,93619,3660,3660,3660,591,591,591,0.00,0.00,0.00,0.00,0.00,0.00,0.00,0.00,0.00,0.00,0.00,0.00,0.00,0.00,0.00,0.00,0.00,0.00,0.00,0.00,0.00,306633,450275,657858,319737,463903,670962,0,0,0,0,0,0,0,100647,0,125.45,125.48,125.50
1359,3,0,0,0,93660,93660,93660,3619,3619,3619,591,591,591,0.00,0.00,0.00,0.00,0.00,0.00,0.00,0.00,0.00,0.00,0.00,0.00,0.00,0.00,0.00,0.00,0.00,0.00,0.00,0.00,0.00,301408,331283,448161,314513,345960,463886,0,0,0,0,0,0,0,112525,0,140.00,140.07,140.19
1360,0,0,0,0,93656,93656,93656,3623,3623,3623,591,591,591,0.00,0.00,0.00,0.00,0.00,0.00,0.00,0.00,0.00,0.00,0.00,0.00,0.00,0.00,0.00,0.00,0.00,0.00,0.00,0.00,0.00,296164,367455,631648,309268,409914,644753,0,0,0,0,0,0,0,110122,0,137.36,137.39,137.43
1360,1,0,0,0,93624,93624,93624,3655,3655,3655,591,591,591,0.00,0.00,0.00,0.00,0.00,0.00,0.00,0.00,0.00,0.00,0.00,0.00,0.00,0.00,0.00,0.00,0.00,0.00,0.00,0.00,0.00,276070,399588,469145,290048,413915,484871,0,0,0,0,0,0,0,99240,0,123.71,123.76,123.78
1360,2,0,0,0,93619,93619,93619,3660,3660,3660,591,591,591,0.00,0.00,0.00,0.00,0.00,0.00,0.00,0.00,0.00,0.00,0.00,0.00,0.00,0.00,0.00,0.00,0.00,0.00,0.00,0.00,0.00,301409,460762,1006443,317134,473342,1016927,0,0,0,0,0,0,0,113193,0,125.34,125.39,125.45
1360,3,0,0,0,93660,93660,93660,3619,3619,3619,591,591,591,0.00,0.00,0.00,0.00,0.00,0.00,0.00,0.00,0.00,0.00,0.00,0.00,0.00,0.00,0.00,0.00,0.00,0.00,0.00,0.00,0.00,298788,329191,424589,311893,342820,437694,0,0,0,0,0,0,0,126616,0,140.20,140.25,140.29
1361,0,0,0,0,93656,93656,93656,3623,3623,3623,591,591,591,0.00,0.00,0.00,0.00,0.00,0.00,0.00,0.00,0.00,0.00,0.00,0.00,0.00,0.00,0.00,0.00,0.00,0.00,0.00,0.00,0.00,241126,319750,450798,254230,434547,972369,0,0,0,0,0,0,0,123937,0,137.36,137.40,137.42
1361,1,0,0,0,93624,93624,93624,3655,3655,3655,591,591,591,0.00,0.00,0.00,0.00,0.00,0.00,0.00,0.00,0.00,0.00,0.00,0.00,0.00,0.00,0.00,0.00,0.00,0.00,0.00,0.00,0.00,416726,543578,741721,429830,557206,754825,0,0,0,0,0,0,0,111552,0,123.79,123.82,123.84
1361,2,0,0,0,93619,93619,93619,3660,3660,3660,591,591,591,0.00,0.00,0.00,0.00,0.00,0.00,0.00,0.00,0.00,0.00,0.00,0.00,0.00,0.00,0.00,0.00,0.00,0.00,0.00,0.00,0.00,294984,371939,613304,310112,386496,626409,0,0,0,0,0,0,0,100631,0,125.31,125.35,125.39
1361,3,0,0,0,93660,93660,93660,3619,3619,3619,591,591,591,0.00,0.00,0.00,0.00,0.00,0.00,0.00,0.00,0.00,0.00,0.00,0.00,0.00,0.00,0.00,0.00,0.00,0.00,0.00,0.00,0.00,65523,440841,946166,81248,453946,956650,0,0,0,0,0,0,0,112656,0,140.28,140.38,140.45
1362,0,0,0,0,93656,93656,93656,3623,3623,3623,591,591,591,0.00,0.00,0.00,0.00,0.00,0.00,0.00,0.00,0.00,0.00,0.00,0.00,0.00,0.00,0.00,0.00,0.00,0.00,0.00,0.00,0.00,301407,492211,961886,317132,374792,594952,0,0,0,0,0,0,0,110226,0,137.37,137.40,137.44
1362,1,0,0,0,93624,93624,93624,3655,3655,3655,591,591,591,0.00,0.00,0.00,0.00,0.00,0.00,0.00,0.00,0.00,0.00,0.00,0.00,0.00,0.00,0.00,0.00,0.00,0.00,0.00,0.00,0.00,411481,515787,746916,427206,529939,760020,0,0,0,0,0,0,0,99232,0,123.78,123.83,123.87
1362,2,0,0,0,93619,93619,93619,3660,3660,3660,591,591,591,0.00,0.00,0.00,0.00,0.00,0.00,0.00,0.00,0.00,0.00,0.00,0.00,0.00,0.00,0.00,0.00,0.00,0.00,0.00,0.00,0.00,298791,451855,678851,314517,464960,689335,0,0,0,0,0,0,0,100820,0,125.50,125.62,125.70
1362,3,0,0,0,93660,93660,93660,3619,3619,3619,591,591,591,0.00,0.00,0.00,0.00,0.00,0.00,0.00,0.00,0.00,0.00,0.00,0.00,0.00,0.00,0.00,0.00,0.00,0.00,0.00,0.00,0.00,304030,346489,505845,317135,360118,518949,0,0,0,0,0,0,0,112796,0,140.30,140.35,140.42
1363,0,0,0,0,93656,93656,93656,3623,3623,3623,591,591,591,0.00,0.00,0.00,0.00,0.00,0.00,0.00,0.00,0.00,0.00,0.00,0.00,0.00,0.00,0.00,0.00,0.00,0.00,0.00,0.00,0.00,304028,389993,712888,319751,462325,725993,0,0,0,0,0,0,0,110113,0,137.30,137.36,137.41
1363,1,0,0,0,93624,93624,93624,3655,3655,3655,591,591,591,0.00,0.00,0.00,0.00,0.00,0.00,0.00,0.00,0.00,0.00,0.00,0.00,0.00,0.00,0.00,0.00,0.00,0.00,0.00,0.00,0.00,400393,486323,726000,415892,499906,739104,0,0,0,0,0,0,0,99168,0,123.78,123.82,123.85
1363,2,0,0,0,93619,93619,93619,3660,3660,3660,591,591,591,0.00,0.00,0.00,0.00,0.00,0.00,0.00,0.00,0.00,0.00,0.00,0.00,0.00,0.00,0.00,0.00,0.00,0.00,0.00,0.00,0.00,298789,376364,657842,314514,391042,673567,0,0,0,0,0,0,0,100764,0,125.61,125.63,125.66
1363,3,0,0,0,93660,93660,93660,3619,3619,3619,591,591,591,0.00,0.00,0.00,0.00,0.00,0.00,0.00,0.00,0.00,0.00,0.00,0.00,0.00,0.00,0.00,0.00,0.00,0.00,0.00,0.00,0.00,301415,353305,442935,314520,366934,458661,0,0,0,0,0,0,0,112810,0,140.46,140.50,140.55
1364,0,0,0,0,93656,93656,93656,3623,3623,3623,591,591,591,0.00,0.00,0.00,0.00,0.00,0.00,0.00,0.00,0.00,0.00,0.00,0.00,0.00,0.00,0.00,0.00,0.00,0.00,0.00,0.00,0.00,298785,395229,594921,311889,350156,495354,0,0,0,0,0,0,0,110064,0,137.31,137.33,137.35
1364,1,0,0,0,93624,93624,93624,3655,3655,3655,591,591,591,0.00,0.00,0.00,0.00,0.00,0.00,0.00,0.00,0.00,0.00,0.00,0.00,0.00,0.00,0.00,0.00,0.00,0.00,0.00,0.00,0.00,416723,516136,757401,429827,529415,770505,0,0,0,0,0,0,0,111584,0,123.71,123.74,123.75
1364,2,0,0,0,93619,93619,93619,3660,3660,3660,591,591,591,0.00,0.00,0.00,0.00,0.00,0.00,0.00,0.00,0.00,0.00,0.00,0.00,0.00,0.00,0.00,0.00,0.00,0.00,0.00,0.00,0.00,207923,558957,1286891,216659,571712,1299996,0,0,0,0,0,0,0,100705,0,125.53,125.56,125.61
1364,3,0,0,0,93660,93660,93660,3619,3619,3619,591,591,591,0.00,0.00,0.00,0.00,0.00,0.00,0.00,0.00,0.00,0.00,0.00,0.00,0.00,0.00,0.00,0.00,0.00,0.00,0.00,0.00,0.00,301392,473865,830845,317116,488542,846571,0,0,0,0,0,0,0,126721,0,140.33,140.35,140.39
1365,0,0,0,0,93656,93656,93656,3623,3623,3623,591,591,591,0.00,0.00,0.00,0.00,0.00,0.00,0.00,0.00,0.00,0.00,0.00,0.00,0.00,0.00,0.00,0.00,0.00,0.00,0.00,0.00,0.00,301408,490112,1234449,314513,551702,1247553,0,0,0,0,0,0,0,96360,0,137.20,137.26,137.29
1365,1,0,0,0,93624,93624,93624,3655,3655,3655,591,591,591,0.00,0.00,0.00,0.00,0.00,0.00,0.00,0.00,0.00,0.00,0.00,0.00,0.00,0.00,0.00,0.00,0.00,0.00,0.00,0.00,0.00,419348,521562,804624,432453,535191,820349,0,0,0,0,0,0,0,74312,0,123.72,123.77,123.81
1365,2,0,0,0,93619,93619,93619,3660,3660,3660,591,591,591,0.00,0.00,0.00,0.00,0.00,0.00,0.00,0.00,0.00,0.00,0.00,0.00,0.00,0.00,0.00,0.00,0.00,0.00,0.00,0.00,0.00,304041,381692,681849,317146,395283,694763,0,0,0,0,0,0,0,100694,0,125.50,125.53,125.56
1365,3,0,0,0,93660,93660,93660,3619,3619,3619,591,591,591,0.00,0.00,0.00,0.00,0.00,0.00,0.00,0.00,0.00,0.00,0.00,0.00,0.00,0.00,0.00,0.00,0.00,0.00,0.00,0.00,0.00,296167,399432,626402,311893,413061,639507,0,0,0,0,0,0,0,84499,0,140.37,140.41,140.43
1366,0,0,0,0,93656,93656,93656,3623,3623,3623,591,591,591,0.00,0.00,0.00,0.00,0.00,0.00,0.00,0.00,0.00,0.00,0.00,0.00,0.00,0.00,0.00,0.00,0.00,0.00,0.00,0.00,0.00,298770,366270,560881,311874,445031,705035,0,0,0,0,0,0,0,110192,0,137.33,137.39,137.48
1366,1,0,0,0,93624,93624,93624,3655,3655,3655,591,591,591,0.00,0.00,0.00,0.00,0.00,0.00,0.00,0.00,0.00,0.00,0.00,0.00,0.00,0.00,0.00,0.00,0.00,0.00,0.00,0.00,0.00,429833,532701,712883,445559,547116,725988,0,0,0,0,0,0,0,99252,0,123.71,123.78,123.86
1366,2,0,0,0,93619,93619,93619,3660,3660,3660,591,591,591,0.00,0.00,0.00,0.00,0.00,0.00,0.00,0.00,0.00,0.00,0.00,0.00,0.00,0.00,0.00,0.00,0.00,0.00,0.00,0.00,0.00,306651,392483,639512,319756,406898,655238,0,0,0,0,0,0,0,75481,0,125.57,125.59,125.61
1366,3,0,0,0,93660,93660,93660,3619,3619,3619,591,591,591,0.00,0.00,0.00,0.00,0.00,0.00,0.00,0.00,0.00,0.00,0.00,0.00,0.00,0.00,0.00,0.00,0.00,0.00,0.00,0.00,0.00,304028,343344,456047,317136,357759,471773,0,0,0,0,0,0,0,112701,0,140.31,140.33,140.34
1367,0,0,0,0,93656,93656,93656,3623,3623,3623,591,591,591,0.00,0.00,0.00,0.00,0.00,0.00,0.00,0.00,0.00,0.00,0.00,0.00,0.00,0.00,0.00,0.00,0.00,0.00,0.00,0.00,0.00,296164,387898,691930,311890,382132,605439,0,0,0,0,0,0,0,110201,0,137.44,137.45,137.48
1367,1,0,0,0,93624,93624,93624,3655,3655,3655,591,591,591,0.00,0.00,0.00,0.00,0.00,0.00,0.00,0.00,0.00,0.00,0.00,0.00,0.00,0.00,0.00,0.00,0.00,0.00,0.00,0.00,0.00,419331,522435,741726,435056,535189,754830,0,0,0,0,0,0,0,99258,0,123.83,123.89,123.94
1367,2,0,0,0,93619,93619,93619,3660,3660,3660,591,591,591,0.00,0.00,0.00,0.00,0.00,0.00,0.00,0.00,0.00,0.00,0.00,0.00,0.00,0.00,0.00,0.00,0.00,0.00,0.00,0.00,0.00,301408,378989,657860,314513,392618,670965,0,0,0,0,0,0,0,113156,0,125.36,125.42,125.52
1367,3,0,0,0,93660,93660,93660,3619,3619,3619,591,591,591,0.00,0.00,0.00,0.00,0.00,0.00,0.00,0.00,0.00,0.00,0.00,0.00,0.00,0.00,0.00,0.00,0.00,0.00,0.00,0.00,0.00,202688,306298,387902,209678,319228,403628,0,0,0,0,0,0,0,112822,0,140.34,140.42,140.46
1368,0,0,0,0,93656,93656,93656,3623,3623,3623,591,591,591,0.00,0.00,0.00,0.00,0.00,0.00,0.00,0.00,0.00,0.00,0.00,0.00,0.00,0.00,0.00,0.00,0.00,0.00,0.00,0.00,0.00,195696,315906,461283,206179,328486,477008,0,0,0,0,0,0,0,110140,0,137.34,137.37,137.41
1368,1,0,0,0,93624,93624,93624,3655,3655,3655,591,591,591,0.00,0.00,0.00,0.00,0.00,0.00,0.00,0.00,0.00,0.00,0.00,0.00,0.00,0.00,0.00,0.00,0.00,0.00,0.00,0.00,0.00,419342,507409,757448,435068,521562,770552,0,0,0,0,0,0,0,111564,0,123.85,123.87,123.91
1368,2,0,0,0,93619,93619,93619,3660,3660,3660,591,591,591,0.00,0.00,0.00,0.00,0.00,0.00,0.00,0.00,0.00,0.00,0.00,0.00,0.00,0.00,0.00,0.00,0.00,0.00,0.00,0.00,0.00,306650,374270,634273,322375,387900,644757,0,0,0,0,0,0,0,100733,0,125.44,125.52,125.59
1368,3,0,0,0,93660,93660,93660,3619,3619,3619,591,591,591,0.00,0.00,0.00,0.00,0.00,0.00,0.00,0.00,0.00,0.00,0.00,0.00,0.00,0.00,0.00,0.00,0.00,0.00,0.00,0.00,0.00,301403,540438,872776,322377,555640,885881,0,0,0,0,0,0,0,112450,0,140.28,140.35,140.44
1369,0,0,0,0,93656,93656,93656,3623,3623,3623,591,591,591,0.00,0.00,0.00,0.00,0.00,0.00,0.00,0.00,0.00,0.00,0.00,0.00,0.00,0.00,0.00,0.00,0.00,0.00,0.00,0.00,0.00,301407,538338,1187281,317133,552492,1200386,0,0,0,0,0,0,0,110158,0,137.38,137.39,137.41
1369,1,0,0,0,93624,93624,93624,3655,3655,3655,591,591,591,0.00,0.00,0.00,0.00,0.00,0.00,0.00,0.00,0.00,0.00,0.00,0.00,0.00,0.00,0.00,0.00,0.00,0.00,0.00,0.00,0.00,416725,549336,749578,429829,562964,762683,0,0,0,0,0,0,0,99150,0,123.72,123.76,123.83
1369,2,0,0,0,93619,93619,93619,3660,3660,3660,591,591,591,0.00,0.00,0.00,0.00,0.00,0.00,0.00,0.00,0.00,0.00,0.00,0.00,0.00,0.00,0.00,0.00,0.00,0.00,0.00,0.00,0.00,202278,360730,699756,214380,373635,710239,0,0,0,0,0,0,0,100600,0,125.39,125.54,125.60
1369,3,0,0,0,93660,93660,93660,3619,3619,3619,591,591,591,0.00,0.00,0.00,0.00,0.00,0.00,0.00,0.00,0.00,0.00,0.00,0.00,0.00,0.00,0.00,0.00,0.00,0.00,0.00,0.00,0.00,304026,353300,513709,317131,367453,526814,0,0,0,0,0,0,0,112702,0,140.25,140.28,140.32
1370,0,0,0,0,93656,93656,93656,3623,3623,3623,591,591,591,0.00,0.00,0.00,0.00,0.00,0.00,0.00,0.00,0.00,0.00,0.00,0.00,0.00,0.00,0.00,0.00,0.00,0.00,0.00,0.00,0.00,298785,380559,676198,311890,394712,691924,0,0,0,0,0,0,0,110242,0,137.37,137.42,137.46
1370,1,0,0,0,93624,93624,93624,3655,3655,3655,591,591,591,0.00,0.00,0.00,0.00,0.00,0.00,0.00,0.00,0.00,0.00,0.00,0.00,0.00,0.00,0.00,0.00,0.00,0.00,0.00,0.00,0.00,419348,525233,770552,432453,539386,783657,0,0,0,0,0,0,0,99339,0,123.81,123.90,123.98
1370,2,0,0,0,93619,93619,93619,3660,3660,3660,591,591,591,0.00,0.00,0.00,0.00,0.00,0.00,0.00,0.00,0.00,0.00,0.00,0.00,0.00,0.00,0.00,0.00,0.00,0.00,0.00,0.00,0.00,304031,446083,670961,317136,460236,684066,0,0,0,0,0,0,0,100825,0,125.39,125.48,125.64
1370,3,0,0,0,93660,93660,93660,3619,3619,3619,591,591,591,0.00,0.00,0.00,0.00,0.00,0.00,0.00,0.00,0.00,0.00,0.00,0.00,0.00,0.00,0.00,0.00,0.00,0.00,0.00,0.00,0.00,293545,332393,458667,306649,346494,471771,0,0,0,0,0,0,0,112686,0,140.33,140.38,140.44
1372,0,0,0,0,93656,93656,93656,3623,3623,3623,591,591,591,0.00,0.00,0.00,0.00,0.00,0.00,0.00,0.00,0.00,0.00,0.00,0.00,0.00,0.00,0.00,0.00,0.00,0.00,0.00,0.00,0.00,193950,427795,1213495,202686,441214,1226600,0,0,0,0,0,0,0,261610,0,137.39,137.42,137.47
1372,1,0,0,0,93624,93624,93624,3655,3655,3655,591,591,591,0.00,0.00,0.00,0.00,0.00,0.00,0.00,0.00,0.00,0.00,0.00,0.00,0.00,0.00,0.00,0.00,0.00,0.00,0.00,0.00,0.00,316258,467663,767885,326741,481273,780989,0,0,0,0,0,0,0,210798,0,123.73,123.80,123.91
1372,2,0,0,0,93619,93619,93619,3660,3660,3660,591,591,591,0.00,0.00,0.00,0.00,0.00,0.00,0.00,0.00,0.00,0.00,0.00,0.00,0.00,0.00,0.00,0.00,0.00,0.00,0.00,0.00,0.00,306649,482507,1326130,319754,496398,1341855,0,0,0,0,0,0,0,239132,0,125.44,125.57,125.67
1372,3,0,0,0,93660,93660,93660,3619,3619,3619,591,591,591,0.00,0.00,0.00,0.00,0.00,0.00,0.00,0.00,0.00,0.00,0.00,0.00,0.00,0.00,0.00,0.00,0.00,0.00,0.00,0.00,0.00,200942,407992,985480,211426,421358,998585,0,0,0,0,0,0,0,239548,0,140.29,140.41,140.55
1373,0,0,0,0,93656,93656,93656,3623,3623,3623,591,591,591,0.00,0.00,0.00,0.00,0.00,0.00,0.00,0.00,0.00,0.00,0.00,0.00,0.00,0.00,0.00,0.00,0.00,0.00,0.00,0.00,0.00,314512,382655,573983,324995,396414,589708,0,0,0,0,0,0,0,82567,0,137.34,137.39,137.42
1373,1,0,0,0,93624,93624,93624,3655,3655,3655,591,591,591,0.00,0.00,0.00,0.00,0.00,0.00,0.00,0.00,0.00,0.00,0.00,0.00,0.00,0.00,0.00,0.00,0.00,0.00,0.00,0.00,0.00,421967,492078,694545,435072,505838,707650,0,0,0,0,0,0,0,99226,0,123.78,123.81,123.83
1373,2,0,0,0,93619,93619,93619,3660,3660,3660,591,591,591,0.00,0.00,0.00,0.00,0.00,0.00,0.00,0.00,0.00,0.00,0.00,0.00,0.00,0.00,0.00,0.00,0.00,0.00,0.00,0.00,0.00,202272,368660,663023,212645,381092,676665,0,0,0,0,0,0,0,75366,0,125.31,125.34,125.42
1373,3,0,0,0,93660,93660,93660,3619,3619,3619,591,591,591,0.00,0.00,0.00,0.00,0.00,0.00,0.00,0.00,0.00,0.00,0.00,0.00,0.00,0.00,0.00,0.00,0.00,0.00,0.00,0.00,0.00,298788,360381,500602,311892,374141,516328,0,0,0,0,0,0,0,112711,0,140.38,140.41,140.43
1374,0,0,0,0,93656,93656,93656,3623,3623,3623,591,591,591,0.00,0.00,0.00,0.00,0.00,0.00,0.00,0.00,0.00,0.00,0.00,0.00,0.00,0.00,0.00,0.00,0.00,0.00,0.00,0.00,0.00,304009,425635,888496,317113,439788,901601,0,0,0,0,0,0,0,110234,0,137.37,137.39,137.41
1374,1,0,0,0,93624,93624,93624,3655,3655,3655,591,591,591,0.00,0.00,0.00,0.00,0.00,0.00,0.00,0.00,0.00,0.00,0.00,0.00,0.00,0.00,0.00,0.00,0.00,0.00,0.00,0.00,0.00,414101,534669,870151,429827,548298,883255,0,0,0,0,0,0,0,99208,0,123.78,123.81,123.84
1374,2,0,0,0,93619,93619,93619,3660,3660,3660,591,591,591,0.00,0.00,0.00,0.00,0.00,0.00,0.00,0.00,0.00,0.00,0.00,0.00,0.00,0.00,0.00,0.00,0.00,0.00,0.00,0.00,0.00,304031,375839,649992,319755,389992,665718,0,0,0,0,0,0,0,100659,0,125.34,125.40,125.46
1374,3,0,0,0,93660,93660,93660,3619,3619,3619,591,591,591,0.00,0.00,0.00,0.00,0.00,0.00,0.00,0.00,0.00,0.00,0.00,0.00,0.00,0.00,0.00,0.00,0.00,0.00,0.00,0.00,0.00,296622,335552,408787,309518,349662,421889,0,0,0,0,0,0,0,112641,0,140.20,140.25,140.29
1375,0,0,0,0,93656,93656,93656,3623,3623,3623,591,591,591,0.00,0.00,0.00,0.00,0.00,0.00,0.00,0.00,0.00,0.00,0.00,0.00,0.00,0.00,0.00,0.00,0.00,0.00,0.00,0.00,0.00,296166,371123,484871,309271,384752,497976,0,0,0,0,0,0,0,110130,0,137.35,137.37,137.40
1375,1,0,0,0,93624,93624,93624,3655,3655,3655,591,591,591,0.00,0.00,0.00,0.00,0.00,0.00,0.00,0.00,0.00,0.00,0.00,0.00,0.00,0.00,0.00,0.00,0.00,0.00,0.00,0.00,0.00,288301,416814,555567,300531,429708,566049,0,0,0,0,0,0,0,99285,0,123.78,123.83,123.85
1375,2,0,0,0,93619,93619,93619,3660,3660,3660,591,591,591,0.00,0.00,0.00,0.00,0.00,0.00,0.00,0.00,0.00,0.00,0.00,0.00,0.00,0.00,0.00,0.00,0.00,0.00,0.00,0.00,0.00,306652,585518,1389100,322378,599671,1402205,0,0,0,0,0,0,0,113412,0,125.52,125.61,125.67
1375,3,0,0,0,93660,93660,93660,3619,3619,3619,591,591,591,0.00,0.00,0.00,0.00,0.00,0.00,0.00,0.00,0.00,0.00,0.00,0.00,0.00,0.00,0.00,0.00,0.00,0.00,0.00,0.00,0.00,202689,470370,964495,211425,483649,977599,0,0,0,0,0,0,0,126770,0,140.22,140.28,140.33
1376,0,0,0,0,93656,93656,93656,3623,3623,3623,591,591,591,0.00,0.00,0.00,0.00,0.00,0.00,0.00,0.00,0.00,0.00,0.00,0.00,0.00,0.00,0.00,0.00,0.00,0.00,0.00,0.00,0.00,207901,466754,1210872,216637,479992,1223977,0,0,0,0,0,0,0,124018,0,137.36,137.39,137.41
1376,1,0,0,0,93624,93624,93624,3655,3655,3655,591,591,591,0.00,0.00,0.00,0.00,0.00,0.00,0.00,0.00,0.00,0.00,0.00,0.00,0.00,0.00,0.00,0.00,0.00,0.00,0.00,0.00,0.00,421969,548295,712895,432453,561924,726000,0,0,0,0,0,0,0,99233,0,123.80,123.83,123.87
1376,2,0,0,0,93619,93619,93619,3660,3660,3660,591,591,591,0.00,0.00,0.00,0.00,0.00,0.00,0.00,0.00,0.00,0.00,0.00,0.00,0.00,0.00,0.00,0.00,0.00,0.00,0.00,0.00,0.00,301408,382126,689272,317134,395754,702376,0,0,0,0,0,0,0,100595,0,125.45,125.54,125.64
1376,3,0,0,0,93660,93660,93660,3619,3619,3619,591,591,591,0.00,0.00,0.00,0.00,0.00,0.00,0.00,0.00,0.00,0.00,0.00,0.00,0.00,0.00,0.00,0.00,0.00,0.00,0.00,0.00,0.00,298786,376887,508466,311891,390516,524191,0,0,0,0,0,0,0,112495,0,140.16,140.23,140.32
1377,0,0,0,0,93656,93656,93656,3623,3623,3623,591,591,591,0.00,0.00,0.00,0.00,0.00,0.00,0.00,0.00,0.00,0.00,0.00,0.00,0.00,0.00,0.00,0.00,0.00,0.00,0.00,0.00,0.00,298785,433501,676197,311890,447130,686681,0,0,0,0,0,0,0,110182,0,137.38,137.42,137.45
1377,1,0,0,0,93624,93624,93624,3655,3655,3655,591,591,591,0.00,0.00,0.00,0.00,0.00,0.00,0.00,0.00,0.00,0.00,0.00,0.00,0.00,0.00,0.00,0.00,0.00,0.00,0.00,0.00,0.00,414106,502162,697163,427211,515791,712888,0,0,0,0,0,0,0,99223,0,123.83,123.89,123.95
1377,2,0,0,0,93619,93619,93619,3660,3660,3660,591,591,591,0.00,0.00,0.00,0.00,0.00,0.00,0.00,0.00,0.00,0.00,0.00,0.00,0.00,0.00,0.00,0.00,0.00,0.00,0.00,0.00,0.00,197933,352338,635700,208171,365404,648569,0,0,0,0,0,0,0,100581,0,125.34,125.37,125.41
1377,3,0,0,0,93660,93660,93660,3619,3619,3619,591,591,591,0.00,0.00,0.00,0.00,0.00,0.00,0.00,0.00,0.00,0.00,0.00,0.00,0.00,0.00,0.00,0.00,0.00,0.00,0.00,0.00,0.00,296165,312940,361690,311891,327617,377416,0,0,0,0,0,0,0,112617,0,140.18,140.23,140.29
1378,0,0,0,0,93656,93656,93656,3623,3623,3623,591,591,591,0.00,0.00,0.00,0.00,0.00,0.00,0.00,0.00,0.00,0.00,0.00,0.00,0.00,0.00,0.00,0.00,0.00,0.00,0.00,0.00,0.00,298767,367452,615927,314492,381604,629031,0,0,0,0,0,0,0,110202,0,137.35,137.38,137.43
1378,1,0,0,0,93624,93624,93624,3655,3655,3655,591,591,591,0.00,0.00,0.00,0.00,0.00,0.00,0.00,0.00,0.00,0.00,0.00,0.00,0.00,0.00,0.00,0.00,0.00,0.00,0.00,0.00,0.00,414109,493258,762692,427214,507411,778418,0,0,0,0,0,0,0,99329,0,123.81,123.85,123.91
1378,2,0,0,0,93619,93619,93619,3660,3660,3660,591,591,591,0.00,0.00,0.00,0.00,0.00,0.00,0.00,0.00,0.00,0.00,0.00,0.00,0.00,0.00,0.00,0.00,0.00,0.00,0.00,0.00,0.00,304023,385802,665725,319749,399955,678829,0,0,0,0,0,0,0,113079,0,125.38,125.42,125.43
1378,3,0,0,0,93660,93660,93660,3619,3619,3619,591,591,591,0.00,0.00,0.00,0.00,0.00,0.00,0.00,0.00,0.00,0.00,0.00,0.00,0.00,0.00,0.00,0.00,0.00,0.00,0.00,0.00,0.00,293496,320644,402880,309219,334207,418276,0,0,0,0,0,0,0,112506,0,140.12,140.16,140.25
1379,0,0,0,0,93656,93656,93656,3623,3623,3623,591,591,591,0.00,0.00,0.00,0.00,0.00,0.00,0.00,0.00,0.00,0.00,0.00,0.00,0.00,0.00,0.00,0.00,0.00,0.00,0.00,0.00,0.00,296166,336266,484870,311892,349861,495354,0,0,0,0,0,0,0,110134,0,137.36,137.39,137.42
1379,1,0,0,0,93624,93624,93624,3655,3655,3655,591,591,591,0.00,0.00,0.00,0.00,0.00,0.00,0.00,0.00,0.00,0.00,0.00,0.00,0.00,0.00,0.00,0.00,0.00,0.00,0.00,0.00,0.00,290046,482592,731233,300529,495696,746959,0,0,0,0,0,0,0,111712,0,123.88,123.91,123.93
1379,2,0,0,0,93619,93619,93619,3660,3660,3660,591,591,591,0.00,0.00,0.00,0.00,0.00,0.00,0.00,0.00,0.00,0.00,0.00,0.00,0.00,0.00,0.00,0.00,0.00,0.00,0.00,0.00,0.00,304029,573444,1336606,319754,587073,1347089,0,0,0,0,0,0,0,100639,0,125.35,125.41,125.45
1379,3,0,0,0,93660,93660,93660,3619,3619,3619,591,591,591,0.00,0.00,0.00,0.00,0.00,0.00,0.00,0.00,0.00,0.00,0.00,0.00,0.00,0.00,0.00,0.00,0.00,0.00,0.00,0.00,0.00,204427,485922,1003828,213163,499202,1016932,0,0,0,0,0,0,0,126744,0,140.03,140.17,140.31
1380,0,0,0,0,93656,93656,93656,3623,3623,3623,591,591,591,0.00,0.00,0.00,0.00,0.00,0.00,0.00,0.00,0.00,0.00,0.00,0.00,0.00,0.00,0.00,0.00,0.00,0.00,0.00,0.00,0.00,190432,516142,1258044,200915,529247,1273769,0,0,0,0,0,0,0,82647,0,137.35,137.37,137.39
1380,1,0,0,0,93624,93624,93624,3655,3655,3655,591,591,591,0.00,0.00,0.00,0.00,0.00,0.00,0.00,0.00,0.00,0.00,0.00,0.00,0.00,0.00,0.00,0.00,0.00,0.00,0.00,0.00,0.00,416722,538859,712886,429827,553012,728611,0,0,0,0,0,0,0,74405,0,123.81,123.85,123.92
1380,2,0,0,0,93619,93619,93619,3660,3660,3660,591,591,591,0.00,0.00,0.00,0.00,0.00,0.00,0.00,0.00,0.00,0.00,0.00,0.00,0.00,0.00,0.00,0.00,0.00,0.00,0.00,0.00,0.00,301407,386849,707654,317133,401002,718138,0,0,0,0,0,0,0,100791,0,125.46,125.52,125.61
1380,3,0,0,0,93660,93660,93660,3619,3619,3619,591,591,591,0.00,0.00,0.00,0.00,0.00,0.00,0.00,0.00,0.00,0.00,0.00,0.00,0.00,0.00,0.00,0.00,0.00,0.00,0.00,0.00,0.00,298789,331812,440323,311894,345441,453428,0,0,0,0,0,0,0,84396,0,140.23,140.31,140.40
1381,0,0,0,0,93656,93656,93656,3623,3623,3623,591,591,591,0.00,0.00,0.00,0.00,0.00,0.00,0.00,0.00,0.00,0.00,0.00,0.00,0.00,0.00,0.00,0.00,0.00,0.00,0.00,0.00,0.00,301391,401653,686682,314495,416068,702407,0,0,0,0,0,0,0,110176,0,137.34,137.38,137.40
1381,1,0,0,0,93624,93624,93624,3655,3655,3655,591,591,591,0.00,0.00,0.00,0.00,0.00,0.00,0.00,0.00,0.00,0.00,0.00,0.00,0.00,0.00,0.00,0.00,0.00,0.00,0.00,0.00,0.00,427212,548425,794137,442938,562185,807242,0,0,0,0,0,0,0,99314,0,123.83,123.86,123.90
1381,2,0,0,0,93619,93619,93619,3660,3660,3660,591,591,591,0.00,0.00,0.00,0.00,0.00,0.00,0.00,0.00,0.00,0.00,0.00,0.00,0.00,0.00,0.00,0.00,0.00,0.00,0.00,0.00,0.00,304016,332490,415253,317133,345136,423904,0,0,0,0,0,0,0,75511,0,125.56,125.59,125.62
1381,3,0,0,0,93660,93660,93660,3619,3619,3619,591,591,591,0.00,0.00,0.00,0.00,0.00,0.00,0.00,0.00,0.00,0.00,0.00,0.00,0.00,0.00,0.00,0.00,0.00,0.00,0.00,0.00,0.00,301393,315820,353830,314497,329580,366935,0,0,0,0,0,0,0,112696,0,140.27,140.31,140.34
1382,0,0,0,0,93656,93656,93656,3623,3623,3623,591,591,591,0.00,0.00,0.00,0.00,0.00,0.00,0.00,0.00,0.00,0.00,0.00,0.00,0.00,0.00,0.00,0.00,0.00,0.00,0.00,0.00,0.00,296163,370075,623781,311888,383704,636886,0,0,0,0,0,0,0,110212,0,137.35,137.44,137.47
1382,1,0,0,0,93624,93624,93624,3655,3655,3655,591,591,591,0.00,0.00,0.00,0.00,0.00,0.00,0.00,0.00,0.00,0.00,0.00,0.00,0.00,0.00,0.00,0.00,0.00,0.00,0.00,0.00,0.00,414106,508795,853551,429780,522381,866445,0,0,0,0,0,0,0,99123,0,123.74,123.82,123.92
1382,2,0,0,0,93619,93619,93619,3660,3660,3660,591,591,591,0.00,0.00,0.00,0.00,0.00,0.00,0.00,0.00,0.00,0.00,0.00,0.00,0.00,0.00,0.00,0.00,0.00,0.00,0.00,0.00,0.00,306651,589713,1320960,322376,603866,1336685,0,0,0,0,0,0,0,113454,0,125.60,125.65,125.71
1382,3,0,0,0,93660,93660,93660,3619,3619,3619,591,591,591,0.00,0.00,0.00,0.00,0.00,0.00,0.00,0.00,0.00,0.00,0.00,0.00,0.00,0.00,0.00,0.00,0.00,0.00,0.00,0.00,0.00,296957,322011,395765,309868,336126,411490,0,0,0,0,0,0,0,126468,0,140.07,140.20,140.38
1383,0,0,0,0,93656,93656,93656,3623,3623,3623,591,591,591,0.00,0.00,0.00,0.00,0.00,0.00,0.00,0.00,0.00,0.00,0.00,0.00,0.00,0.00,0.00,0.00,0.00,0.00,0.00,0.00,0.00,200682,316907,471770,209332,330170,484875,0,0,0,0,0,0,0,123923,0,137.34,137.40,137.45
1383,1,0,0,0,93624,93624,93624,3655,3655,3655,591,591,591,0.00,0.00,0.00,0.00,0.00,0.00,0.00,0.00,0.00,0.00,0.00,0.00,0.00,0.00,0.00,0.00,0.00,0.00,0.00,0.00,0.00,279563,538159,733854,290047,551263,749580,0,0,0,0,0,0,0,111555,0,123.73,123.78,123.82
1383,2,0,0,0,93619,93619,93619,3660,3660,3660,591,591,591,0.00,0.00,0.00,0.00,0.00,0.00,0.00,0.00,0.00,0.00,0.00,0.00,0.00,0.00,0.00,0.00,0.00,0.00,0.00,0.00,0.00,309271,374270,623783,322376,388423,636888,0,0,0,0,0,0,0,100657,0,125.63,125.70,125.75
1383,3,0,0,0,93660,93660,93660,3619,3619,3619,591,591,591,0.00,0.00,0.00,0.00,0.00,0.00,0.00,0.00,0.00,0.00,0.00,0.00,0.00,0.00,0.00,0.00,0.00,0.00,0.00,0.00,0.00,296169,489243,854432,309274,501998,870158,0,0,0,0,0,0,0,112342,0,140.00,140.03,140.05
1384,0,0,0,0,93656,93656,93656,3623,3623,3623,591,591,591,0.00,0.00,0.00,0.00,0.00,0.00,0.00,0.00,0.00,0.00,0.00,0.00,0.00,0.00,0.00,0.00,0.00,0.00,0.00,0.00,0.00,306648,547249,1205630,322373,561402,1218734,0,0,0,0,0,0,0,110313,0,137.50,137.57,137.62
1384,1,0,0,0,93624,93624,93624,3655,3655,3655,591,591,591,0.00,0.00,0.00,0.00,0.00,0.00,0.00,0.00,0.00,0.00,0.00,0.00,0.00,0.00,0.00,0.00,0.00,0.00,0.00,0.00,0.00,416722,475953,686686,429826,490106,699791,0,0,0,0,0,0,0,99168,0,123.75,123.77,123.79
1384,2,0,0,0,93619,93619,93619,3660,3660,3660,591,591,591,0.00,0.00,0.00,0.00,0.00,0.00,0.00,0.00,0.00,0.00,0.00,0.00,0.00,0.00,0.00,0.00,0.00,0.00,0.00,0.00,0.00,306634,451847,689307,319753,465476,699791,0,0,0,0,0,0,0,100789,0,125.46,125.52,125.58
1384,3,0,0,0,93660,93660,93660,3619,3619,3619,591,591,591,0.00,0.00,0.00,0.00,0.00,0.00,0.00,0.00,0.00,0.00,0.00,0.00,0.00,0.00,0.00,0.00,0.00,0.00,0.00,0.00,0.00,298786,341766,490095,311890,355919,503199,0,0,0,0,0,0,0,112532,0,140.03,140.12,140.18
1385,0,0,0,0,93656,93656,93656,3623,3623,3623,591,591,591,0.00,0.00,0.00,0.00,0.00,0.00,0.00,0.00,0.00,0.00,0.00,0.00,0.00,0.00,0.00,0.00,0.00,0.00,0.00,0.00,0.00,309270,432976,891111,322375,446606,904216,0,0,0,0,0,0,0,110309,0,137.54,137.61,137.67
1385,1,0,0,0,93624,93624,93624,3655,3655,3655,591,591,591,0.00,0.00,0.00,0.00,0.00,0.00,0.00,0.00,0.00,0.00,0.00,0.00,0.00,0.00,0.00,0.00,0.00,0.00,0.00,0.00,0.00,416729,543055,880634,429834,557209,893739,0,0,0,0,0,0,0,99307,0,123.78,123.84,123.89
1385,2,0,0,0,93619,93619,93619,3660,3660,3660,591,591,591,0.00,0.00,0.00,0.00,0.00,0.00,0.00,0.00,0.00,0.00,0.00,0.00,0.00,0.00,0.00,0.00,0.00,0.00,0.00,0.00,0.00,202064,354404,642132,210699,367140,655236,0,0,0,0,0,0,0,100662,0,125.55,125.62,125.66
1385,3,0,0,0,93660,93660,93660,3619,3619,3619,591,591,591,0.00,0.00,0.00,0.00,0.00,0.00,0.00,0.00,0.00,0.00,0.00,0.00,0.00,0.00,0.00,0.00,0.00,0.00,0.00,0.00,0.00,296168,353827,471774,309273,367457,487500,0,0,0,0,0,0,0,112622,0,140.14,140.17,140.22
1386,0,0,0,0,93656,93656,93656,3623,3623,3623,591,591,591,0.00,0.00,0.00,0.00,0.00,0.00,0.00,0.00,0.00,0.00,0.00,0.00,0.00,0.00,0.00,0.00,0.00,0.00,0.00,0.00,0.00,298785,374790,479630,311890,388943,495355,0,0,0,0,0,0,0,110180,0,137.47,137.49,137.51
1386,1,0,0,0,93624,93624,93624,3655,3655,3655,591,591,591,0.00,0.00,0.00,0.00,0.00,0.00,0.00,0.00,0.00,0.00,0.00,0.00,0.00,0.00,0.00,0.00,0.00,0.00,0.00,0.00,0.00,277817,409189,521566,286553,421906,534670,0,0,0,0,0,0,0,99180,0,123.75,123.82,123.91
1386,2,0,0,0,93619,93619,93619,3660,3660,3660,591,591,591,0.00,0.00,0.00,0.00,0.00,0.00,0.00,0.00,0.00,0.00,0.00,0.00,0.00,0.00,0.00,0.00,0.00,0.00,0.00,0.00,0.00,306650,581841,1336654,322376,595994,1352379,0,0,0,0,0,0,0,113355,0,125.55,125.57,125.60
1386,3,0,0,0,93660,93660,93660,3619,3619,3619,591,591,591,0.00,0.00,0.00,0.00,0.00,0.00,0.00,0.00,0.00,0.00,0.00,0.00,0.00,0.00,0.00,0.00,0.00,0.00,0.00,0.00,0.00,288279,425955,825592,304004,439713,841318,0,0,0,0,0,0,0,126939,0,140.29,140.40,140.47
1387,0,0,0,0,93656,93656,93656,3623,3623,3623,591,591,591,0.00,0.00,0.00,0.00,0.00,0.00,0.00,0.00,0.00,0.00,0.00,0.00,0.00,0.00,0.00,0.00,0.00,0.00,0.00,0.00,0.00,199192,472818,1237087,209675,485922,1250192,0,0,0,0,0,0,0,96425,0,137.38,137.41,137.44
1387,1,0,0,0,93624,93624,93624,3655,3655,3655,591,591,591,0.00,0.00,0.00,0.00,0.00,0.00,0.00,0.00,0.00,0.00,0.00,0.00,0.00,0.00,0.00,0.00,0.00,0.00,0.00,0.00,0.00,419347,538855,741718,432451,552483,754822,0,0,0,0,0,0,0,74355,0,123.76,123.79,123.84
1387,2,0,0,0,93619,93619,93619,3660,3660,3660,591,591,591,0.00,0.00,0.00,0.00,0.00,0.00,0.00,0.00,0.00,0.00,0.00,0.00,0.00,0.00,0.00,0.00,0.00,0.00,0.00,0.00,0.00,304030,382656,681446,319755,396809,694551,0,0,0,0,0,0,0,100789,0,125.62,125.66,125.69
1387,3,0,0,0,93660,93660,93660,3619,3619,3619,591,591,591,0.00,0.00,0.00,0.00,0.00,0.00,0.00,0.00,0.00,0.00,0.00,0.00,0.00,0.00,0.00,0.00,0.00,0.00,0.00,0.00,0.00,301410,404150,618547,311893,417779,631652,0,0,0,0,0,0,0,84477,0,140.32,140.42,140.49
1388,0,0,0,0,93656,93656,93656,3623,3623,3623,591,591,591,0.00,0.00,0.00,0.00,0.00,0.00,0.00,0.00,0.00,0.00,0.00,0.00,0.00,0.00,0.00,0.00,0.00,0.00,0.00,0.00,0.00,301405,366273,558258,317130,380033,568742,0,0,0,0,0,0,0,110181,0,137.34,137.37,137.43
1388,1,0,0,0,93624,93624,93624,3655,3655,3655,591,591,591,0.00,0.00,0.00,0.00,0.00,0.00,0.00,0.00,0.00,0.00,0.00,0.00,0.00,0.00,0.00,0.00,0.00,0.00,0.00,0.00,0.00,414102,555634,754826,427207,570049,770551,0,0,0,0,0,0,0,99149,0,123.79,123.83,123.86
1388,2,0,0,0,93619,93619,93619,3660,3660,3660,591,591,591,0.00,0.00,0.00,0.00,0.00,0.00,0.00,0.00,0.00,0.00,0.00,0.00,0.00,0.00,0.00,0.00,0.00,0.00,0.00,0.00,0.00,304030,402312,673572,317135,416072,684056,0,0,0,0,0,0,0,75580,0,125.69,125.70,125.71
1388,3,0,0,0,93660,93660,93660,3619,3619,3619,591,591,591,0.00,0.00,0.00,0.00,0.00,0.00,0.00,0.00,0.00,0.00,0.00,0.00,0.00,0.00,0.00,0.00,0.00,0.00,0.00,0.00,0.00,298791,332861,416733,314512,347276,432459,0,0,0,0,0,0,0,112520,0,140.10,140.15,140.19
1389,0,0,0,0,93656,93656,93656,3623,3623,3623,591,591,591,0.00,0.00,0.00,0.00,0.00,0.00,0.00,0.00,0.00,0.00,0.00,0.00,0.00,0.00,0.00,0.00,0.00,0.00,0.00,0.00,0.00,309271,450270,665685,322376,464423,678789,0,0,0,0,0,0,0,110196,0,137.37,137.41,137.48
1389,1,0,0,0,93624,93624,93624,3655,3655,3655,591,591,591,0.00,0.00,0.00,0.00,0.00,0.00,0.00,0.00,0.00,0.00,0.00,0.00,0.00,0.00,0.00,0.00,0.00,0.00,0.00,0.00,0.00,411488,488541,744343,424592,502169,757447,0,0,0,0,0,0,0,99216,0,123.72,123.75,123.79
1389,2,0,0,0,93619,93619,93619,3660,3660,3660,591,591,591,0.00,0.00,0.00,0.00,0.00,0.00,0.00,0.00,0.00,0.00,0.00,0.00,0.00,0.00,0.00,0.00,0.00,0.00,0.00,0.00,0.00,205576,360577,662883,214214,373341,679250,0,0,0,0,0,0,0,100575,0,125.35,125.46,125.64
1389,3,0,0,0,93660,93660,93660,3619,3619,3619,591,591,591,0.00,0.00,0.00,0.00,0.00,0.00,0.00,0.00,0.00,0.00,0.00,0.00,0.00,0.00,0.00,0.00,0.00,0.00,0.00,0.00,0.00,301393,326043,419354,314497,339147,432459,0,0,0,0,0,0,0,112608,0,140.10,140.15,140.19
1390,0,0,0,0,93656,93656,93656,3623,3623,3623,591,591,591,0.00,0.00,0.00,0.00,0.00,0.00,0.00,0.00,0.00,0.00,0.00,0.00,0.00,0.00,0.00,0.00,0.00,0.00,0.00,0.00,0.00,296166,336527,479629,311889,350156,495355,0,0,0,0,0,0,0,110247,0,137.46,137.52,137.56
1390,1,0,0,0,93624,93624,93624,3655,3655,3655,591,591,591,0.00,0.00,0.00,0.00,0.00,0.00,0.00,0.00,0.00,0.00,0.00,0.00,0.00,0.00,0.00,0.00,0.00,0.00,0.00,0.00,0.00,418164,524290,854385,431070,537704,870110,0,0,0,0,0,0,0,111688,0,123.75,123.82,123.88
1390,2,0,0,0,93619,93619,93619,3660,3660,3660,591,591,591,0.00,0.00,0.00,0.00,0.00,0.00,0.00,0.00,0.00,0.00,0.00,0.00,0.00,0.00,0.00,0.00,0.00,0.00,0.00,0.00,0.00,304029,570843,1326202,319755,584996,1339307,0,0,0,0,0,0,0,100681,0,125.36,125.44,125.49
1390,3,0,0,0,93660,93660,93660,3619,3619,3619,591,591,591,0.00,0.00,0.00,0.00,0.00,0.00,0.00,0.00,0.00,0.00,0.00,0.00,0.00,0.00,0.00,0.00,0.00,0.00,0.00,0.00,0.00,300168,470824,620302,318282,484057,629038,0,0,0,0,0,0,0,126527,0,140.21,140.23,140.24
1391,0,0,0,0,93656,93656,93656,3623,3623,3623,591,591,591,0.00,0.00,0.00,0.00,0.00,0.00,0.00,0.00,0.00,0.00,0.00,0.00,0.00,0.00,0.00,0.00,0.00,0.00,0.00,0.00,0.00,197443,520156,1192467,206180,532911,1208192,0,0,0,0,0,0,0,124151,0,137.58,137.61,137.63
1391,1,0,0,0,93624,93624,93624,3655,3655,3655,591,591,591,0.00,0.00,0.00,0.00,0.00,0.00,0.00,0.00,0.00,0.00,0.00,0.00,0.00,0.00,0.00,0.00,0.00,0.00,0.00,0.00,0.00,419345,525230,741719,429829,538335,757444,0,0,0,0,0,0,0,99302,0,123.80,123.84,123.87
1391,2,0,0,0,93619,93619,93619,3660,3660,3660,591,591,591,0.00,0.00,0.00,0.00,0.00,0.00,0.00,0.00,0.00,0.00,0.00,0.00,0.00,0.00,0.00,0.00,0.00,0.00,0.00,0.00,0.00,301409,388420,699793,317134,402573,712898,0,0,0,0,0,0,0,100816,0,125.52,125.60,125.68
1391,3,0,0,0,93660,93660,93660,3619,3619,3619,591,591,591,0.00,0.00,0.00,0.00,0.00,0.00,0.00,0.00,0.00,0.00,0.00,0.00,0.00,0.00,0.00,0.00,0.00,0.00,0.00,0.00,0.00,298788,339669,484849,311893,353822,497953,0,0,0,0,0,0,0,112493,0,140.08,140.15,140.18
1392,0,0,0,0,93656,93656,93656,3623,3623,3623,591,591,591,0.00,0.00,0.00,0.00,0.00,0.00,0.00,0.00,0.00,0.00,0.00,0.00,0.00,0.00,0.00,0.00,0.00,0.00,0.00,0.00,0.00,298786,378462,660476,314512,392615,676201,0,0,0,0,0,0,0,110098,0,137.36,137.48,137.56
1392,1,0,0,0,93624,93624,93624,3655,3655,3655,591,591,591,0.00,0.00,0.00,0.00,0.00,0.00,0.00,0.00,0.00,0.00,0.00,0.00,0.00,0.00,0.00,0.00,0.00,0.00,0.00,0.00,0.00,427210,577645,778417,442936,592322,794142,0,0,0,0,0,0,0,99186,0,123.81,123.92,124.01
1392,2,0,0,0,93619,93619,93619,3660,3660,3660,591,591,591,0.00,0.00,0.00,0.00,0.00,0.00,0.00,0.00,0.00,0.00,0.00,0.00,0.00,0.00,0.00,0.00,0.00,0.00,0.00,0.00,0.00,199809,351855,631649,208347,364571,644754,0,0,0,0,0,0,0,100604,0,125.47,125.58,125.67
1392,3,0,0,0,93660,93660,93660,3619,3619,3619,591,591,591,0.00,0.00,0.00,0.00,0.00,0.00,0.00,0.00,0.00,0.00,0.00,0.00,0.00,0.00,0.00,0.00,0.00,0.00,0.00,0.00,0.00,301404,317134,356450,317129,331287,369555,0,0,0,0,0,0,0,112578,0,140.01,140.07,140.13
1393,0,0,0,0,93656,93656,93656,3623,3623,3623,591,591,591,0.00,0.00,0.00,0.00,0.00,0.00,0.00,0.00,0.00,0.00,0.00,0.00,0.00,0.00,0.00,0.00,0.00,0.00,0.00,0.00,0.00,298773,368501,623786,311877,382654,639511,0,0,0,0,0,0,0,110234,0,137.34,137.38,137.48
1393,1,0,0,0,93624,93624,93624,3655,3655,3655,591,591,591,0.00,0.00,0.00,0.00,0.00,0.00,0.00,0.00,0.00,0.00,0.00,0.00,0.00,0.00,0.00,0.00,0.00,0.00,0.00,0.00,0.00,408865,433501,463907,424590,447130,479633,0,0,0,0,0,0,0,99282,0,123.72,123.79,123.89
1393,2,0,0,0,93619,93619,93619,3660,3660,3660,591,591,591,0.00,0.00,0.00,0.00,0.00,0.00,0.00,0.00,0.00,0.00,0.00,0.00,0.00,0.00,0.00,0.00,0.00,0.00,0.00,0.00,0.00,298793,579758,1307844,311898,593911,1323569,0,0,0,0,0,0,0,113369,0,125.47,125.54,125.61
1393,3,0,0,0,93660,93660,93660,3619,3619,3619,591,591,591,0.00,0.00,0.00,0.00,0.00,0.00,0.00,0.00,0.00,0.00,0.00,0.00,0.00,0.00,0.00,0.00,0.00,0.00,0.00,0.00,0.00,298790,320804,395768,314514,334433,411494,0,0,0,0,0,0,0,112528,0,140.16,140.21,140.31
1394,0,0,0,0,93656,93656,93656,3623,3623,3623,591,591,591,0.00,0.00,0.00,0.00,0.00,0.00,0.00,0.00,0.00,0.00,0.00,0.00,0.00,0.00,0.00,0.00,0.00,0.00,0.00,0.00,0.00,200938,313289,466527,209674,326044,479632,0,0,0,0,0,0,0,124002,0,137.48,137.53,137.59
1394,1,0,0,0,93624,93624,93624,3655,3655,3655,591,591,591,0.00,0.00,0.00,0.00,0.00,0.00,0.00,0.00,0.00,0.00,0.00,0.00,0.00,0.00,0.00,0.00,0.00,0.00,0.00,0.00,0.00,427214,572923,974927,440319,585678,988031,0,0,0,0,0,0,0,111541,0,123.73,123.80,123.86
1394,2,0,0,0,93619,93619,93619,3660,3660,3660,591,591,591,0.00,0.00,0.00,0.00,0.00,0.00,0.00,0.00,0.00,0.00,0.00,0.00,0.00,0.00,0.00,0.00,0.00,0.00,0.00,0.00,0.00,301411,378461,663100,317132,392089,676205,0,0,0,0,0,0,0,100674,0,125.56,125.59,125.64
1394,3,0,0,0,93660,93660,93660,3619,3619,3619,591,591,591,0.00,0.00,0.00,0.00,0.00,0.00,0.00,0.00,0.00,0.00,0.00,0.00,0.00,0.00,0.00,0.00,0.00,0.00,0.00,0.00,0.00,47174,395117,1023933,60278,408869,1032670,0,0,0,0,0,0,0,84257,0,140.09,140.16,140.25
1395,0,0,0,0,93656,93656,93656,3623,3623,3623,591,591,591,0.00,0.00,0.00,0.00,0.00,0.00,0.00,0.00,0.00,0.00,0.00,0.00,0.00,0.00,0.00,0.00,0.00,0.00,0.00,0.00,0.00,304028,595606,1184658,317132,609365,1200384,0,0,0,0,0,0,0,82543,0,137.34,137.39,137.47
1395,1,0,0,0,93624,93624,93625,3655,3655,3655,591,591,591,0.00,0.00,0.00,0.00,0.00,0.00,0.00,0.00,0.00,0.00,0.00,0.00,0.00,0.00,0.00,0.00,0.00,0.00,0.00,0.00,0.00,421965,502559,718132,432449,516975,733858,0,0,0,0,0,0,0,74426,0,123.75,123.79,123.82
1395,2,0,0,0,93619,93619,93620,3659,3659,3660,591,591,591,0.00,0.00,0.00,0.00,0.00,0.00,0.00,0.00,0.00,0.00,0.00,0.00,0.00,0.00,0.00,0.00,0.00,0.00,0.00,0.00,0.00,306648,405590,702412,319753,420005,718137,0,0,0,0,0,0,0,75555,0,125.56,125.58,125.61
1395,3,0,0,0,93660,93660,93660,3619,3619,3619,591,591,591,0.00,0.00,0.00,0.00,0.00,0.00,0.00,0.00,0.00,0.00,0.00,0.00,0.00,0.00,0.00,0.00,0.00,0.00,0.00,0.00,0.00,304030,355140,500604,317135,368245,513709,0,0,0,0,0,0,0,112660,0,140.09,140.18,140.25
1396,0,0,0,0,93656,93656,93656,3623,3623,3623,591,591,591,0.00,0.00,0.00,0.00,0.00,0.00,0.00,0.00,0.00,0.00,0.00,0.00,0.00,0.00,0.00,0.00,0.00,0.00,0.00,0.00,0.00,301409,383172,686649,317131,397325,699753,0,0,0,0,0,0,0,110250,0,137.30,137.38,137.50
1396,1,0,0,0,93625,93625,93625,3655,3655,3655,591,591,591,0.00,0.00,0.00,0.00,0.00,0.00,0.00,0.00,0.00,0.00,0.00,0.00,0.00,0.00,0.00,0.00,0.00,0.00,0.00,0.00,0.00,424588,518942,765308,437693,532571,778412,0,0,0,0,0,0,0,99202,0,123.80,123.85,123.88
1396,2,0,0,0,93620,93620,93620,3659,3659,3659,591,591,591,0.00,0.00,0.00,0.00,0.00,0.00,0.00,0.00,0.00,0.00,0.00,0.00,0.00,0.00,0.00,0.00,0.00,0.00,0.00,0.00,0.00,306650,399401,634271,319755,412315,647375,0,0,0,0,0,0,0,100674,0,125.45,125.49,125.54
1396,3,0,0,0,93660,93660,93660,3619,3619,3619,591,591,591,0.00,0.00,0.00,0.00,0.00,0.00,0.00,0.00,0.00,0.00,0.00,0.00,0.00,0.00,0.00,0.00,0.00,0.00,0.00,0.00,0.00,298773,311889,353828,311877,326043,369554,0,0,0,0,0,0,0,112544,0,140.18,140.24,140.29
1397,0,0,0,0,93656,93656,93656,3623,3623,3623,591,591,591,0.00,0.00,0.00,0.00,0.00,0.00,0.00,0.00,0.00,0.00,0.00,0.00,0.00,0.00,0.00,0.00,0.00,0.00,0.00,0.00,0.00,298784,363261,602817,311890,377414,615922,0,0,0,0,0,0,0,110157,0,137.45,137.50,137.53
1397,1,0,0,0,93625,93625,93625,3655,3655,3655,591,591,591,0.00,0.00,0.00,0.00,0.00,0.00,0.00,0.00,0.00,0.00,0.00,0.00,0.00,0.00,0.00,0.00,0.00,0.00,0.00,0.00,0.00,414082,428779,479633,427186,442932,492738,0,0,0,0,0,0,0,99230,0,123.74,123.78,123.82
1397,2,0,0,0,93620,93620,93620,3659,3659,3659,591,591,591,0.00,0.00,0.00,0.00,0.00,0.00,0.00,0.00,0.00,0.00,0.00,0.00,0.00,0.00,0.00,0.00,0.00,0.00,0.00,0.00,0.00,306645,516329,1341927,319750,531006,1357653,0,0,0,0,0,0,0,113386,0,125.54,125.57,125.58
1397,3,0,0,0,93660,93660,93660,3619,3619,3619,591,591,591,0.00,0.00,0.00,0.00,0.00,0.00,0.00,0.00,0.00,0.00,0.00,0.00,0.00,0.00,0.00,0.00,0.00,0.00,0.00,0.00,0.00,298788,324996,421966,311893,339150,437692,0,0,0,0,0,0,0,126685,0,140.15,140.21,140.25
1398,0,0,0,0,93656,93656,93656,3623,3623,3623,591,591,591,0.00,0.00,0.00,0.00,0.00,0.00,0.00,0.00,0.00,0.00,0.00,0.00,0.00,0.00,0.00,0.00,0.00,0.00,0.00,0.00,0.00,298786,431400,791493,309270,443981,801976,0,0,0,0,0,0,0,124042,0,137.50,137.57,137.63
1398,1,0,0,0,93625,93625,93625,3655,3655,3655,591,591,591,0.00,0.00,0.00,0.00,0.00,0.00,0.00,0.00,0.00,0.00,0.00,0.00,0.00,0.00,0.00,0.00,0.00,0.00,0.00,0.00,0.00,450800,499022,587084,463904,512302,600189,0,0,0,0,0,0,0,111607,0,123.81,123.92,123.99
1398,2,0,0,0,93620,93620,93620,3659,3659,3659,591,591,591,0.00,0.00,0.00,0.00,0.00,0.00,0.00,0.00,0.00,0.00,0.00,0.00,0.00,0.00,0.00,0.00,0.00,0.00,0.00,0.00,0.00,306651,447134,668347,322376,460763,681452,0,0,0,0,0,0,0,100748,0,125.66,125.67,125.69
1398,3,0,0,0,93660,93660,93660,3619,3619,3619,591,591,591,0.00,0.00,0.00,0.00,0.00,0.00,0.00,0.00,0.00,0.00,0.00,0.00,0.00,0.00,0.00,0.00,0.00,0.00,0.00,0.00,0.00,31450,391396,1023928,44554,404676,1032664,0,0,0,0,0,0,0,112576,0,140.16,140.22,140.28
1399,0,0,0,0,93656,93656,93656,3623,3623,3623,591,591,591,0.00,0.00,0.00,0.00,0.00,0.00,0.00,0.00,0.00,0.00,0.00,0.00,0.00,0.00,0.00,0.00,0.00,0.00,0.00,0.00,0.00,301406,366406,602815,317132,381084,615920,0,0,0,0,0,0,0,110259,0,137.42,137.47,137.52
1399,1,0,0,0,93625,93625,93625,3655,3655,3655,591,591,591,0.00,0.00,0.00,0.00,0.00,0.00,0.00,0.00,0.00,0.00,0.00,0.00,0.00,0.00,0.00,0.00,0.00,0.00,0.00,0.00,0.00,411483,507403,718131,424588,521032,733856,0,0,0,0,0,0,0,99160,0,123.77,123.82,123.88
1399,2,0,0,0,93620,93620,93620,3659,3659,3659,591,591,591,0.00,0.00,0.00,0.00,0.00,0.00,0.00,0.00,0.00,0.00,0.00,0.00,0.00,0.00,0.00,0.00,0.00,0.00,0.00,0.00,0.00,304023,374266,647376,317128,388419,660481,0,0,0,0,0,0,0,100727,0,125.54,125.56,125.59
1399,3,0,0,0,93660,93660,93660,3619,3619,3619,591,591,591,0.00,0.00,0.00,0.00,0.00,0.00,0.00,0.00,0.00,0.00,0.00,0.00,0.00,0.00,0.00,0.00,0.00,0.00,0.00,0.00,0.00,298789,363258,505845,314514,376887,518949,0,0,0,0,0,0,0,112639,0,140.20,140.22,140.25
1400,0,0,0,0,93656,93656,93656,3623,3623,3623,591,591,591,0.00,0.00,0.00,0.00,0.00,0.00,0.00,0.00,0.00,0.00,0.00,0.00,0.00,0.00,0.00,0.00,0.00,0.00,0.00,0.00,0.00,306648,447655,681444,319753,461284,694548,0,0,0,0,0,0,0,110202,0,137.48,137.52,137.56
1400,1,0,0,0,93625,93625,93625,3655,3655,3655,591,591,591,0.00,0.00,0.00,0.00,0.00,0.00,0.00,0.00,0.00,0.00,0.00,0.00,0.00,0.00,0.00,0.00,0.00,0.00,0.00,0.00,0.00,414108,492734,754829,429833,506887,767933,0,0,0,0,0,0,0,99212,0,123.72,123.74,123.78
1400,2,0,0,0,93620,93620,93620,3659,3659,3659,591,591,591,0.00,0.00,0.00,0.00,0.00,0.00,0.00,0.00,0.00,0.00,0.00,0.00,0.00,0.00,0.00,0.00,0.00,0.00,0.00,0.00,0.00,202136,363329,668333,212502,375886,681438,0,0,0,0,0,0,0,100681,0,125.49,125.52,125.53
1400,3,0,0,0,93660,93660,93660,3619,3619,3619,591,591,591,0.00,0.00,0.00,0.00,0.00,0.00,0.00,0.00,0.00,0.00,0.00,0.00,0.00,0.00,0.00,0.00,0.00,0.00,0.00,0.00,0.00,301412,327094,421975,314516,340723,435079,0,0,0,0,0,0,0,112668,0,140.28,140.36,140.42
1401,0,0,0,0,93656,93656,93656,3623,3623,3623,591,591,591,0.00,0.00,0.00,0.00,0.00,0.00,0.00,0.00,0.00,0.00,0.00,0.00,0.00,0.00,0.00,0.00,0.00,0.00,0.00,0.00,0.00,296165,331807,456040,309269,345960,469145,0,0,0,0,0,0,0,110202,0,137.42,137.48,137.54
1401,1,0,0,0,93625,93625,93625,3655,3655,3655,591,591,591,0.00,0.00,0.00,0.00,0.00,0.00,0.00,0.00,0.00,0.00,0.00,0.00,0.00,0.00,0.00,0.00,0.00,0.00,0.00,0.00,0.00,409441,575670,875394,422316,589777,888498,0,0,0,0,0,0,0,111594,0,123.76,123.78,123.79
1401,2,0,0,0,93620,93620,93620,3659,3659,3659,591,591,591,0.00,0.00,0.00,0.00,0.00,0.00,0.00,0.00,0.00,0.00,0.00,0.00,0.00,0.00,0.00,0.00,0.00,0.00,0.00,0.00,0.00,301413,578175,1360279,317134,591804,1373384,0,0,0,0,0,0,0,100789,0,125.52,125.55,125.58
1401,3,0,0,0,93660,93660,93660,3619,3619,3619,591,591,591,0.00,0.00,0.00,0.00,0.00,0.00,0.00,0.00,0.00,0.00,0.00,0.00,0.00,0.00,0.00,0.00,0.00,0.00,0.00,0.00,0.00,70763,406819,828216,86488,420911,841321,0,0,0,0,0,0,0,126592,0,140.28,140.31,140.34
1402,0,0,0,0,93656,93656,93656,3623,3623,3623,591,591,591,0.00,0.00,0.00,0.00,0.00,0.00,0.00,0.00,0.00,0.00,0.00,0.00,0.00,0.00,0.00,0.00,0.00,0.00,0.00,0.00,0.00,296166,522185,1140641,306650,535599,1155296,0,0,0,0,0,0,0,96568,0,137.41,137.48,137.56
1402,1,0,0,0,93625,93625,93625,3655,3655,3655,591,591,591,0.00,0.00,0.00,0.00,0.00,0.00,0.00,0.00,0.00,0.00,0.00,0.00,0.00,0.00,0.00,0.00,0.00,0.00,0.00,0.00,0.00,340722,444500,594914,347711,457430,610639,0,0,0,0,0,0,0,74437,0,123.81,123.87,123.92
1402,2,0,0,0,93620,93620,93620,3659,3659,3659,591,591,591,0.00,0.00,0.00,0.00,0.00,0.00,0.00,0.00,0.00,0.00,0.00,0.00,0.00,0.00,0.00,0.00,0.00,0.00,0.00,0.00,0.00,301410,382657,689306,317135,397334,705031,0,0,0,0,0,0,0,100782,0,125.65,125.68,125.73
1402,3,0,0,0,93660,93660,93660,3619,3619,3619,591,591,591,0.00,0.00,0.00,0.00,0.00,0.00,0.00,0.00,0.00,0.00,0.00,0.00,0.00,0.00,0.00,0.00,0.00,0.00,0.00,0.00,0.00,304028,405897,622044,317133,419002,632527,0,0,0,0,0,0,0,84431,0,140.22,140.26,140.30
1403,0,0,0,0,93656,93656,93656,3623,3623,3623,591,591,591,0.00,0.00,0.00,0.00,0.00,0.00,0.00,0.00,0.00,0.00,0.00,0.00,0.00,0.00,0.00,0.00,0.00,0.00,0.00,0.00,0.00,202685,367803,665718,211422,380471,678823,0,0,0,0,0,0,0,110164,0,137.46,137.51,137.55
1403,1,0,0,0,93625,93625,93625,3655,3655,3655,591,591,591,0.00,0.00,0.00,0.00,0.00,0.00,0.00,0.00,0.00,0.00,0.00,0.00,0.00,0.00,0.00,0.00,0.00,0.00,0.00,0.00,0.00,432450,534011,712886,448175,547771,725990,0,0,0,0,0,0,0,99162,0,123.80,123.82,123.87
1403,2,0,0,0,93620,93620,93620,3659,3659,3659,591,591,591,0.00,0.00,0.00,0.00,0.00,0.00,0.00,0.00,0.00,0.00,0.00,0.00,0.00,0.00,0.00,0.00,0.00,0.00,0.00,0.00,0.00,306652,392485,644752,319756,406245,657856,0,0,0,0,0,0,0,75541,0,125.57,125.59,125.62
1403,3,0,0,0,93660,93660,93660,3619,3619,3619,591,591,591,0.00,0.00,0.00,0.00,0.00,0.00,0.00,0.00,0.00,0.00,0.00,0.00,0.00,0.00,0.00,0.00,0.00,0.00,0.00,0.00,0.00,301411,342689,461285,314516,356450,477011,0,0,0,0,0,0,0,112450,0,140.01,140.04,140.09
1404,0,0,0,0,93656,93656,93656,3623,3623,3623,591,591,591,0.00,0.00,0.00,0.00,0.00,0.00,0.00,0.00,0.00,0.00,0.00,0.00,0.00,0.00,0.00,0.00,0.00,0.00,0.00,0.00,0.00,301407,372168,610675,317132,386321,623780,0,0,0,0,0,0,0,110245,0,137.50,137.54,137.61
1404,1,0,0,0,93625,93625,93625,3655,3655,3655,591,591,591,0.00,0.00,0.00,0.00,0.00,0.00,0.00,0.00,0.00,0.00,0.00,0.00,0.00,0.00,0.00,0.00,0.00,0.00,0.00,0.00,0.00,411484,491161,757445,424591,505314,773170,0,0,0,0,0,0,0,99219,0,123.71,123.77,123.83
1404,2,0,0,0,93620,93620,93620,3659,3659,3659,591,591,591,0.00,0.00,0.00,0.00,0.00,0.00,0.00,0.00,0.00,0.00,0.00,0.00,0.00,0.00,0.00,0.00,0.00,0.00,0.00,0.00,0.00,222890,363804,670930,233257,376362,686655,0,0,0,0,0,0,0,113430,0,125.61,125.68,125.73
1404,3,0,0,0,93660,93660,93660,3619,3619,3619,591,591,591,0.00,0.00,0.00,0.00,0.00,0.00,0.00,0.00,0.00,0.00,0.00,0.00,0.00,0.00,0.00,0.00,0.00,0.00,0.00,0.00,0.00,296170,323421,414110,311893,337575,429836,0,0,0,0,0,0,0,112620,0,140.08,140.19,140.26
1405,0,0,0,0,93656,93656,93656,3623,3623,3623,591,591,591,0.00,0.00,0.00,0.00,0.00,0.00,0.00,0.00,0.00,0.00,0.00,0.00,0.00,0.00,0.00,0.00,0.00,0.00,0.00,0.00,0.00,296167,337052,479634,311893,351205,492739,0,0,0,0,0,0,0,110222,0,137.46,137.52,137.56
1405,1,0,0,0,93625,93625,93625,3655,3655,3655,591,591,591,0.00,0.00,0.00,0.00,0.00,0.00,0.00,0.00,0.00,0.00,0.00,0.00,0.00,0.00,0.00,0.00,0.00,0.00,0.00,0.00,0.00,416514,503769,723824,429611,517309,739116,0,0,0,0,0,0,0,111652,0,123.69,123.76,123.85
1405,2,0,0,0,93620,93620,93620,3659,3659,3659,591,591,591,0.00,0.00,0.00,0.00,0.00,0.00,0.00,0.00,0.00,0.00,0.00,0.00,0.00,0.00,0.00,0.00,0.00,0.00,0.00,0.00,0.00,304030,572415,1328839,317135,586569,1344565,0,0,0,0,0,0,0,101048,0,125.68,125.81,125.94
1405,3,0,0,0,93660,93660,93660,3619,3619,3619,591,591,591,0.00,0.00,0.00,0.00,0.00,0.00,0.00,0.00,0.00,0.00,0.00,0.00,0.00,0.00,0.00,0.00,0.00,0.00,0.00,0.00,0.00,301410,492926,975931,314515,506405,990907,0,0,0,0,0,0,0,126608,0,140.20,140.27,140.30
1406,0,0,0,0,93656,93656,93656,3623,3623,3623,591,591,591,0.00,0.00,0.00,0.00,0.00,0.00,0.00,0.00,0.00,0.00,0.00,0.00,0.00,0.00,0.00,0.00,0.00,0.00,0.00,0.00,0.00,199191,517558,1210868,207928,530277,1223973,0,0,0,0,0,0,0,110289,0,137.54,137.58,137.65
1406,1,0,0,0,93625,93625,93625,3655,3655,3655,591,591,591,0.00,0.00,0.00,0.00,0.00,0.00,0.00,0.00,0.00,0.00,0.00,0.00,0.00,0.00,0.00,0.00,0.00,0.00,0.00,0.00,0.00,393138,477530,720750,403621,490634,733854,0,0,0,0,0,0,0,99208,0,123.83,123.88,123.94
1406,2,0,0,0,93620,93620,93620,3659,3659,3659,591,591,591,0.00,0.00,0.00,0.00,0.00,0.00,0.00,0.00,0.00,0.00,0.00,0.00,0.00,0.00,0.00,0.00,0.00,0.00,0.00,0.00,0.00,304030,386847,702415,317135,400476,715520,0,0,0,0,0,0,0,101107,0,126.01,126.06,126.16
1406,3,0,0,0,93660,93660,93660,3619,3619,3619,591,591,591,0.00,0.00,0.00,0.00,0.00,0.00,0.00,0.00,0.00,0.00,0.00,0.00,0.00,0.00,0.00,0.00,0.00,0.00,0.00,0.00,0.00,199194,364304,511056,209678,377933,524160,0,0,0,0,0,0,0,112596,0,140.18,140.24,140.27
1407,0,0,0,0,93656,93656,93656,3623,3623,3623,591,591,591,0.00,0.00,0.00,0.00,0.00,0.00,0.00,0.00,0.00,0.00,0.00,0.00,0.00,0.00,0.00,0.00,0.00,0.00,0.00,0.00,0.00,301407,384753,681446,317131,398906,694551,0,0,0,0,0,0,0,110168,0,137.43,137.50,137.58
1407,1,0,0,0,93625,93625,93625,3655,3655,3655,591,591,591,0.00,0.00,0.00,0.00,0.00,0.00,0.00,0.00,0.00,0.00,0.00,0.00,0.00,0.00,0.00,0.00,0.00,0.00,0.00,0.00,0.00,432425,525228,794145,448149,538856,804629,0,0,0,0,0,0,0,99203,0,123.79,123.82,123.84
1407,2,0,0,0,93620,93620,93620,3659,3659,3659,591,591,591,0.00,0.00,0.00,0.00,0.00,0.00,0.00,0.00,0.00,0.00,0.00,0.00,0.00,0.00,0.00,0.00,0.00,0.00,0.00,0.00,0.00,304029,449230,676207,317133,463383,691933,0,0,0,0,0,0,0,101060,0,126.05,126.07,126.11
1407,3,0,0,0,93660,93660,93660,3619,3619,3619,591,591,591,0.00,0.00,0.00,0.00,0.00,0.00,0.00,0.00,0.00,0.00,0.00,0.00,0.00,0.00,0.00,0.00,0.00,0.00,0.00,0.00,0.00,296169,314513,364312,309274,328142,377417,0,0,0,0,0,0,0,112508,0,140.16,140.23,140.30
1408,0,0,0,0,93656,93656,93656,3623,3623,3623,591,591,591,0.00,0.00,0.00,0.00,0.00,0.00,0.00,0.00,0.00,0.00,0.00,0.00,0.00,0.00,0.00,0.00,0.00,0.00,0.00,0.00,0.00,301409,365878,602812,314514,379507,618538,0,0,0,0,0,0,0,110255,0,137.34,137.40,137.50
1408,1,0,0,0,93625,93625,93625,3655,3655,3655,591,591,591,0.00,0.00,0.00,0.00,0.00,0.00,0.00,0.00,0.00,0.00,0.00,0.00,0.00,0.00,0.00,0.00,0.00,0.00,0.00,0.00,0.00,408861,423541,458667,421966,438219,474393,0,0,0,0,0,0,0,99444,0,123.80,123.91,124.04
1408,2,0,0,0,93620,93620,93620,3659,3659,3659,591,591,591,0.00,0.00,0.00,0.00,0.00,0.00,0.00,0.00,0.00,0.00,0.00,0.00,0.00,0.00,0.00,0.00,0.00,0.00,0.00,0.00,0.00,317135,464529,961930,327622,477200,977657,0,0,0,0,0,0,0,113770,0,125.93,125.96,126.01
1408,3,0,0,0,93660,93660,93660,3619,3619,3619,591,591,591,0.00,0.00,0.00,0.00,0.00,0.00,0.00,0.00,0.00,0.00,0.00,0.00,0.00,0.00,0.00,0.00,0.00,0.00,0.00,0.00,0.00,301409,320804,393145,314516,334433,406250,0,0,0,0,0,0,0,126721,0,140.22,140.26,140.30
1409,0,0,0,0,93656,93656,93656,3623,3623,3623,591,591,591,0.00,0.00,0.00,0.00,0.00,0.00,0.00,0.00,0.00,0.00,0.00,0.00,0.00,0.00,0.00,0.00,0.00,0.00,0.00,0.00,0.00,304028,527857,1234463,314513,542010,1247568,0,0,0,0,0,0,0,124008,0,137.43,137.50,137.55
1409,1,0,0,0,93625,93625,93625,3655,3655,3655,591,591,591,0.00,0.00,0.00,0.00,0.00,0.00,0.00,0.00,0.00,0.00,0.00,0.00,0.00,0.00,0.00,0.00,0.00,0.00,0.00,0.00,0.00,212295,482781,744344,222778,495299,757448,0,0,0,0,0,0,0,111627,0,123.91,123.99,124.08
1409,2,0,0,0,93620,93620,93620,3659,3659,3659,591,591,591,0.00,0.00,0.00,0.00,0.00,0.00,0.00,0.00,0.00,0.00,0.00,0.00,0.00,0.00,0.00,0.00,0.00,0.00,0.00,0.00,0.00,304029,448173,676205,317134,462326,689310,0,0,0,0,0,0,0,101062,0,125.91,125.94,125.99
1409,3,0,0,0,93660,93660,93660,3619,3619,3619,591,591,591,0.00,0.00,0.00,0.00,0.00,0.00,0.00,0.00,0.00,0.00,0.00,0.00,0.00,0.00,0.00,0.00,0.00,0.00,0.00,0.00,0.00,298788,495597,1027422,314513,509669,1043148,0,0,0,0,0,0,0,84476,0,140.29,140.37,140.45
1410,0,0,0,0,93656,93656,93656,3623,3623,3623,591,591,591,0.00,0.00,0.00,0.00,0.00,0.00,0.00,0.00,0.00,0.00,0.00,0.00,0.00,0.00,0.00,0.00,0.00,0.00,0.00,0.00,0.00,290924,362670,549081,304029,376311,564333,0,0,0,0,0,0,0,82617,0,137.44,137.48,137.54
1410,1,0,0,0,93625,93625,93625,3655,3655,3655,591,591,591,0.00,0.00,0.00,0.00,0.00,0.00,0.00,0.00,0.00,0.00,0.00,0.00,0.00,0.00,0.00,0.00,0.00,0.00,0.00,0.00,0.00,419346,501247,720747,435071,515662,733852,0,0,0,0,0,0,0,74542,0,123.95,123.97,123.99
1410,2,0,0,0,93620,93620,93620,3659,3659,3659,591,591,591,0.00,0.00,0.00,0.00,0.00,0.00,0.00,0.00,0.00,0.00,0.00,0.00,0.00,0.00,0.00,0.00,0.00,0.00,0.00,0.00,0.00,306646,395105,644753,322374,408865,655236,0,0,0,0,0,0,0,75835,0,125.98,126.01,126.04
1410,3,0,0,0,93660,93660,93660,3619,3619,3619,591,591,591,0.00,0.00,0.00,0.00,0.00,0.00,0.00,0.00,0.00,0.00,0.00,0.00,0.00,0.00,0.00,0.00,0.00,0.00,0.00,0.00,0.00,213172,329148,497979,223656,341597,511084,0,0,0,0,0,0,0,112669,0,140.38,140.40,140.46
1411,0,0,0,0,93656,93656,93656,3623,3623,3623,591,591,591,0.00,0.00,0.00,0.00,0.00,0.00,0.00,0.00,0.00,0.00,0.00,0.00,0.00,0.00,0.00,0.00,0.00,0.00,0.00,0.00,0.00,199191,366402,691924,207928,379682,707650,0,0,0,0,0,0,0,110293,0,137.56,137.60,137.64
1411,1,0,0,0,93625,93625,93625,3655,3655,3655,591,591,591,0.00,0.00,0.00,0.00,0.00,0.00,0.00,0.00,0.00,0.00,0.00,0.00,0.00,0.00,0.00,0.00,0.00,0.00,0.00,0.00,0.00,419349,530997,788897,432453,544626,802002,0,0,0,0,0,0,0,99269,0,123.84,123.87,123.93
1411,2,0,0,0,93620,93620,93620,3659,3659,3659,591,591,591,0.00,0.00,0.00,0.00,0.00,0.00,0.00,0.00,0.00,0.00,0.00,0.00,0.00,0.00,0.00,0.00,0.00,0.00,0.00,0.00,0.00,306634,380555,655226,319738,394708,670952,0,0,0,0,0,0,0,101067,0,125.94,125.98,126.00
1411,3,0,0,0,93660,93660,93660,3619,3619,3619,591,591,591,0.00,0.00,0.00,0.00,0.00,0.00,0.00,0.00,0.00,0.00,0.00,0.00,0.00,0.00,0.00,0.00,0.00,0.00,0.00,0.00,0.00,301409,356967,482248,314515,370596,495352,0,0,0,0,0,0,0,112689,0,140.30,140.38,140.43
1412,0,0,0,0,93656,93656,93656,3623,3623,3623,591,591,591,0.00,0.00,0.00,0.00,0.00,0.00,0.00,0.00,0.00,0.00,0.00,0.00,0.00,0.00,0.00,0.00,0.00,0.00,0.00,0.00,0.00,296165,402050,621159,311890,416203,634264,0,0,0,0,0,0,0,110194,0,137.49,137.52,137.57
1412,1,0,0,0,93625,93625,93625,3655,3655,3655,591,591,591,0.00,0.00,0.00,0.00,0.00,0.00,0.00,0.00,0.00,0.00,0.00,0.00,0.00,0.00,0.00,0.00,0.00,0.00,0.00,0.00,0.00,411486,421963,435074,424591,436116,450800,0,0,0,0,0,0,0,99261,0,123.76,123.81,123.85
1412,2,0,0,0,93620,93620,93620,3659,3659,3659,591,591,591,0.00,0.00,0.00,0.00,0.00,0.00,0.00,0.00,0.00,0.00,0.00,0.00,0.00,0.00,0.00,0.00,0.00,0.00,0.00,0.00,0.00,317843,531043,998092,328527,544304,1013527,0,0,0,0,0,0,0,113811,0,125.97,126.01,126.06
1412,3,0,0,0,93660,93660,93660,3619,3619,3619,591,591,591,0.00,0.00,0.00,0.00,0.00,0.00,0.00,0.00,0.00,0.00,0.00,0.00,0.00,0.00,0.00,0.00,0.00,0.00,0.00,0.00,0.00,301410,449230,1016931,317135,463383,1030036,0,0,0,0,0,0,0,126748,0,140.24,140.27,140.32
1413,0,0,0,0,93656,93656,93656,3623,3623,3623,591,591,591,0.00,0.00,0.00,0.00,0.00,0.00,0.00,0.00,0.00,0.00,0.00,0.00,0.00,0.00,0.00,0.00,0.00,0.00,0.00,0.00,0.00,298786,485920,1208248,314512,499549,1223974,0,0,0,0,0,0,0,124107,0,137.45,137.48,137.51
1413,1,0,0,0,93625,93625,93625,3655,3655,3655,591,591,591,0.00,0.00,0.00,0.00,0.00,0.00,0.00,0.00,0.00,0.00,0.00,0.00,0.00,0.00,0.00,0.00,0.00,0.00,0.00,0.00,0.00,281313,557467,723377,290050,570150,736482,0,0,0,0,0,0,0,99136,0,123.76,123.78,123.81
1413,2,0,0,0,93620,93620,93620,3659,3659,3659,591,591,591,0.00,0.00,0.00,0.00,0.00,0.00,0.00,0.00,0.00,0.00,0.00,0.00,0.00,0.00,0.00,0.00,0.00,0.00,0.00,0.00,0.00,304025,384230,694555,317129,397858,710280,0,0,0,0,0,0,0,101049,0,125.99,126.05,126.08
1413,3,0,0,0,93660,93660,93660,3619,3619,3619,591,591,591,0.00,0.00,0.00,0.00,0.00,0.00,0.00,0.00,0.00,0.00,0.00,0.00,0.00,0.00,0.00,0.00,0.00,0.00,0.00,0.00,0.00,288252,381248,571365,301355,395363,587091,0,0,0,0,0,0,0,112572,0,140.28,140.30,140.33
1414,0,0,0,0,93656,93656,93656,3623,3623,3623,591,591,591,0.00,0.00,0.00,0.00,0.00,0.00,0.00,0.00,0.00,0.00,0.00,0.00,0.00,0.00,0.00,0.00,0.00,0.00,0.00,0.00,0.00,293524,388562,584437,306628,401627,597541,0,0,0,0,0,0,0,110201,0,137.38,137.40,137.42
1414,1,0,0,0,93625,93625,93625,3655,3655,3655,591,591,591,0.00,0.00,0.00,0.00,0.00,0.00,0.00,0.00,0.00,0.00,0.00,0.00,0.00,0.00,0.00,0.00,0.00,0.00,0.00,0.00,0.00,414104,519460,739100,427209,533613,757446,0,0,0,0,0,0,0,99246,0,123.78,123.81,123.83
1414,2,0,0,0,93620,93620,93620,3659,3659,3659,591,591,591,0.00,0.00,0.00,0.00,0.00,0.00,0.00,0.00,0.00,0.00,0.00,0.00,0.00,0.00,0.00,0.00,0.00,0.00,0.00,0.00,0.00,301408,378458,663088,314513,392611,678814,0,0,0,0,0,0,0,100918,0,125.85,125.91,126.00
1414,3,0,0,0,93660,93660,93660,3619,3619,3619,591,591,591,0.00,0.00,0.00,0.00,0.00,0.00,0.00,0.00,0.00,0.00,0.00,0.00,0.00,0.00,0.00,0.00,0.00,0.00,0.00,0.00,0.00,202681,308394,421972,209670,321324,435077,0,0,0,0,0,0,0,112648,0,140.21,140.28,140.36
1415,0,0,0,0,93656,93656,93656,3623,3623,3623,591,591,591,0.00,0.00,0.00,0.00,0.00,0.00,0.00,0.00,0.00,0.00,0.00,0.00,0.00,0.00,0.00,0.00,0.00,0.00,0.00,0.00,0.00,298788,372173,623782,311893,385802,636886,0,0,0,0,0,0,0,110161,0,137.36,137.39,137.42
1415,1,0,0,0,93625,93625,93625,3655,3655,3655,591,591,591,0.00,0.00,0.00,0.00,0.00,0.00,0.00,0.00,0.00,0.00,0.00,0.00,0.00,0.00,0.00,0.00,0.00,0.00,0.00,0.00,0.00,408867,573457,843940,421972,587610,859665,0,0,0,0,0,0,0,99271,0,123.80,123.83,123.86
1415,2,0,0,0,93620,93620,93620,3659,3659,3659,591,591,591,0.00,0.00,0.00,0.00,0.00,0.00,0.00,0.00,0.00,0.00,0.00,0.00,0.00,0.00,0.00,0.00,0.00,0.00,0.00,0.00,0.00,306650,378987,636892,319751,393140,652617,0,0,0,0,0,0,0,113533,0,125.83,125.86,125.88
1415,3,0,0,0,93660,93660,93660,3619,3619,3619,591,591,591,0.00,0.00,0.00,0.00,0.00,0.00,0.00,0.00,0.00,0.00,0.00,0.00,0.00,0.00,0.00,0.00,0.00,0.00,0.00,0.00,0.00,301409,324473,414112,314515,338626,429838,0,0,0,0,0,0,0,112699,0,140.34,140.38,140.44
1416,0,0,0,0,93656,93656,93656,3623,3623,3623,591,591,591,0.00,0.00,0.00,0.00,0.00,0.00,0.00,0.00,0.00,0.00,0.00,0.00,0.00,0.00,0.00,0.00,0.00,0.00,0.00,0.00,0.00,298785,331805,456020,311889,345958,469124,0,0,0,0,0,0,0,110089,0,137.31,137.40,137.46
1416,1,0,0,0,93625,93625,93625,3655,3655,3655,591,591,591,0.00,0.00,0.00,0.00,0.00,0.00,0.00,0.00,0.00,0.00,0.00,0.00,0.00,0.00,0.00,0.00,0.00,0.00,0.00,0.00,0.00,411483,507411,754829,424587,521040,767934,0,0,0,0,0,0,0,111577,0,123.80,123.81,123.84
1416,2,0,0,0,93620,93620,93620,3659,3659,3659,591,591,591,0.00,0.00,0.00,0.00,0.00,0.00,0.00,0.00,0.00,0.00,0.00,0.00,0.00,0.00,0.00,0.00,0.00,0.00,0.00,0.00,0.00,304014,492931,859388,317118,505702,868052,0,0,0,0,0,0,0,100956,0,125.82,125.84,125.87
1416,3,0,0,0,93660,93660,93660,3619,3619,3619,591,591,591,0.00,0.00,0.00,0.00,0.00,0.00,0.00,0.00,0.00,0.00,0.00,0.00,0.00,0.00,0.00,0.00,0.00,0.00,0.00,0.00,0.00,304024,538337,830853,317129,551966,846579,0,0,0,0,0,0,0,112403,0,140.20,140.28,140.36
1417,0,0,0,0,93656,93656,93656,3623,3623,3623,591,591,591,0.00,0.00,0.00,0.00,0.00,0.00,0.00,0.00,0.00,0.00,0.00,0.00,0.00,0.00,0.00,0.00,0.00,0.00,0.00,0.00,0.00,296168,533098,1179418,311893,547251,1195144,0,0,0,0,0,0,0,82687,0,137.34,137.38,137.46
1417,1,0,0,0,93625,93625,93625,3655,3655,3655,591,591,591,0.00,0.00,0.00,0.00,0.00,0.00,0.00,0.00,0.00,0.00,0.00,0.00,0.00,0.00,0.00,0.00,0.00,0.00,0.00,0.00,0.00,286541,529076,799390,293530,542006,815116,0,0,0,0,0,0,0,74408,0,123.75,123.79,123.82
1417,2,0,0,0,93620,93620,93620,3659,3659,3659,591,591,591,0.00,0.00,0.00,0.00,0.00,0.00,0.00,0.00,0.00,0.00,0.00,0.00,0.00,0.00,0.00,0.00,0.00,0.00,0.00,0.00,0.00,306651,387375,691929,322377,401528,705034,0,0,0,0,0,0,0,101127,0,125.90,126.02,126.09
1417,3,0,0,0,93660,93660,93660,3619,3619,3619,591,591,591,0.00,0.00,0.00,0.00,0.00,0.00,0.00,0.00,0.00,0.00,0.00,0.00,0.00,0.00,0.00,0.00,0.00,0.00,0.00,0.00,0.00,202687,323784,511086,214918,337193,526812,0,0,0,0,0,0,0,84361,0,140.13,140.16,140.20
1418,0,0,0,0,93656,93656,93656,3623,3623,3623,591,591,591,0.00,0.00,0.00,0.00,0.00,0.00,0.00,0.00,0.00,0.00,0.00,0.00,0.00,0.00,0.00,0.00,0.00,0.00,0.00,0.00,0.00,209672,376314,707649,220156,388715,720753,0,0,0,0,0,0,0,110231,0,137.42,137.45,137.48
1418,1,0,0,0,93625,93625,93625,3655,3655,3655,591,591,591,0.00,0.00,0.00,0.00,0.00,0.00,0.00,0.00,0.00,0.00,0.00,0.00,0.00,0.00,0.00,0.00,0.00,0.00,0.00,0.00,0.00,424588,536633,752207,440313,551048,765312,0,0,0,0,0,0,0,99269,0,123.82,123.83,123.84
1418,2,0,0,0,93620,93620,93620,3659,3659,3659,591,591,591,0.00,0.00,0.00,0.00,0.00,0.00,0.00,0.00,0.00,0.00,0.00,0.00,0.00,0.00,0.00,0.00,0.00,0.00,0.00,0.00,0.00,306649,382657,605440,322375,397072,618544,0,0,0,0,0,0,0,75898,0,126.09,126.11,126.12
1418,3,0,0,0,93660,93660,93660,3619,3619,3619,591,591,591,0.00,0.00,0.00,0.00,0.00,0.00,0.00,0.00,0.00,0.00,0.00,0.00,0.00,0.00,0.00,0.00,0.00,0.00,0.00,0.00,0.00,304031,318446,351209,317135,331551,361692,0,0,0,0,0,0,0,112737,0,140.13,140.22,140.28
1419,0,0,0,0,93656,93656,93656,3623,3623,3623,591,591,591,0.00,0.00,0.00,0.00,0.00,0.00,0.00,0.00,0.00,0.00,0.00,0.00,0.00,0.00,0.00,0.00,0.00,0.00,0.00,0.00,0.00,296165,364306,589712,311891,378459,602817,0,0,0,0,0,0,0,110055,0,137.28,137.38,137.46
1419,1,0,0,0,93625,93625,93625,3655,3655,3655,591,591,591,0.00,0.00,0.00,0.00,0.00,0.00,0.00,0.00,0.00,0.00,0.00,0.00,0.00,0.00,0.00,0.00,0.00,0.00,0.00,0.00,0.00,414103,512129,867531,427208,526282,880636,0,0,0,0,0,0,0,99283,0,123.79,123.82,123.84
1419,2,0,0,0,93620,93620,93620,3659,3659,3659,591,591,591,0.00,0.00,0.00,0.00,0.00,0.00,0.00,0.00,0.00,0.00,0.00,0.00,0.00,0.00,0.00,0.00,0.00,0.00,0.00,0.00,0.00,306646,586039,1326201,319737,599669,1339306,0,0,0,0,0,0,0,113737,0,126.09,126.10,126.13
1419,3,0,0,0,93660,93660,93660,3619,3619,3619,591,591,591,0.00,0.00,0.00,0.00,0.00,0.00,0.00,0.00,0.00,0.00,0.00,0.00,0.00,0.00,0.00,0.00,0.00,0.00,0.00,0.00,0.00,298784,327089,421950,314510,341242,435054,0,0,0,0,0,0,0,126765,0,140.33,140.36,140.41
1420,0,0,0,0,93656,93656,93656,3623,3623,3623,591,591,591,0.00,0.00,0.00,0.00,0.00,0.00,0.00,0.00,0.00,0.00,0.00,0.00,0.00,0.00,0.00,0.00,0.00,0.00,0.00,0.00,0.00,301405,336527,474390,314509,350155,490115,0,0,0,0,0,0,0,123909,0,137.28,137.33,137.42
1420,1,0,0,0,93625,93625,93625,3655,3655,3655,591,591,591,0.00,0.00,0.00,0.00,0.00,0.00,0.00,0.00,0.00,0.00,0.00,0.00,0.00,0.00,0.00,0.00,0.00,0.00,0.00,0.00,0.00,414110,534664,746960,427215,548817,762685,0,0,0,0,0,0,0,111632,0,123.86,123.89,123.91
1420,2,0,0,0,93620,93620,93620,3659,3659,3659,591,591,591,0.00,0.00,0.00,0.00,0.00,0.00,0.00,0.00,0.00,0.00,0.00,0.00,0.00,0.00,0.00,0.00,0.00,0.00,0.00,0.00,0.00,199637,349728,634300,209875,362784,644785,0,0,0,0,0,0,0,101098,0,125.97,126.03,126.06
1420,3,0,0,0,93660,93660,93660,3619,3619,3619,591,591,591,0.00,0.00,0.00,0.00,0.00,0.00,0.00,0.00,0.00,0.00,0.00,0.00,0.00,0.00,0.00,0.00,0.00,0.00,0.00,0.00,0.00,304031,535197,880644,317136,548826,896370,0,0,0,0,0,0,0,112573,0,140.34,140.37,140.42
1421,0,0,0,0,93656,93656,93656,3623,3623,3623,591,591,591,0.00,0.00,0.00,0.00,0.00,0.00,0.00,0.00,0.00,0.00,0.00,0.00,0.00,0.00,0.00,0.00,0.00,0.00,0.00,0.00,0.00,301407,537287,1176805,314514,550916,1189910,0,0,0,0,0,0,0,110149,0,137.40,137.43,137.45
1421,1,0,0,0,93625,93625,93625,3655,3655,3655,591,591,591,0.00,0.00,0.00,0.00,0.00,0.00,0.00,0.00,0.00,0.00,0.00,0.00,0.00,0.00,0.00,0.00,0.00,0.00,0.00,0.00,0.00,284808,467921,720751,295291,480501,733856,0,0,0,0,0,0,0,99165,0,123.75,123.83,123.90
1421,2,0,0,0,93620,93620,93620,3659,3659,3659,591,591,591,0.00,0.00,0.00,0.00,0.00,0.00,0.00,0.00,0.00,0.00,0.00,0.00,0.00,0.00,0.00,0.00,0.00,0.00,0.00,0.00,0.00,306644,453942,715517,319748,467571,728622,0,0,0,0,0,0,0,101127,0,126.02,126.05,126.10
1421,3,0,0,0,93660,93660,93660,3619,3619,3619,591,591,591,0.00,0.00,0.00,0.00,0.00,0.00,0.00,0.00,0.00,0.00,0.00,0.00,0.00,0.00,0.00,0.00,0.00,0.00,0.00,0.00,0.00,204428,321849,492738,213165,335128,505842,0,0,0,0,0,0,0,112717,0,140.25,140.27,140.29
1422,0,0,0,0,93656,93656,93656,3623,3623,3623,591,591,591,0.00,0.00,0.00,0.00,0.00,0.00,0.00,0.00,0.00,0.00,0.00,0.00,0.00,0.00,0.00,0.00,0.00,0.00,0.00,0.00,0.00,294489,385442,676086,309988,399550,689189,0,0,0,0,0,0,0,110136,0,137.35,137.40,137.43
1422,1,0,0,0,93625,93625,93625,3655,3655,3655,591,591,591,0.00,0.00,0.00,0.00,0.00,0.00,0.00,0.00,0.00,0.00,0.00,0.00,0.00,0.00,0.00,0.00,0.00,0.00,0.00,0.00,0.00,414103,527844,786237,427208,541997,801961,0,0,0,0,0,0,0,99172,0,123.72,123.75,123.78
1422,2,0,0,0,93620,93620,93620,3659,3659,3659,591,591,591,0.00,0.00,0.00,0.00,0.00,0.00,0.00,0.00,0.00,0.00,0.00,0.00,0.00,0.00,0.00,0.00,0.00,0.00,0.00,0.00,0.00,304025,371648,631645,319750,385801,647371,0,0,0,0,0,0,0,101050,0,125.90,125.95,126.01
1422,3,0,0,0,93660,93660,93660,3619,3619,3619,591,591,591,0.00,0.00,0.00,0.00,0.00,0.00,0.00,0.00,0.00,0.00,0.00,0.00,0.00,0.00,0.00,0.00,0.00,0.00,0.00,0.00,0.00,296167,348586,450805,309272,362739,466531,0,0,0,0,0,0,0,112624,0,140.14,140.21,140.30
1423,0,0,0,0,93656,93656,93656,3623,3623,3623,591,591,591,0.00,0.00,0.00,0.00,0.00,0.00,0.00,0.00,0.00,0.00,0.00,0.00,0.00,0.00,0.00,0.00,0.00,0.00,0.00,0.00,0.00,298787,403100,597574,311894,417253,613300,0,0,0,0,0,0,0,110160,0,137.41,137.45,137.48
1423,1,0,0,0,93625,93625,93625,3655,3655,3655,591,591,591,0.00,0.00,0.00,0.00,0.00,0.00,0.00,0.00,0.00,0.00,0.00,0.00,0.00,0.00,0.00,0.00,0.00,0.00,0.00,0.00,0.00,406241,437694,487488,419346,451323,497971,0,0,0,0,0,0,0,99319,0,123.76,123.81,123.84
1423,2,0,0,0,93620,93620,93620,3659,3659,3659,591,591,591,0.00,0.00,0.00,0.00,0.00,0.00,0.00,0.00,0.00,0.00,0.00,0.00,0.00,0.00,0.00,0.00,0.00,0.00,0.00,0.00,0.00,304030,578178,1302589,317134,592331,1315693,0,0,0,0,0,0,0,113554,0,125.85,125.93,125.97
1423,3,0,0,0,93660,93660,93660,3619,3619,3619,591,591,591,0.00,0.00,0.00,0.00,0.00,0.00,0.00,0.00,0.00,0.00,0.00,0.00,0.00,0.00,0.00,0.00,0.00,0.00,0.00,0.00,0.00,301409,438744,977596,317134,452373,990700,0,0,0,0,0,0,0,126845,0,140.29,140.31,140.34
1424,0,0,0,0,93656,93656,93656,3623,3623,3623,591,591,591,0.00,0.00,0.00,0.00,0.00,0.00,0.00,0.00,0.00,0.00,0.00,0.00,0.00,0.00,0.00,0.00,0.00,0.00,0.00,0.00,0.00,272579,432452,995962,290925,446604,1009067,0,0,0,0,0,0,0,96539,0,137.41,137.50,137.56
1424,1,0,0,0,93625,93625,93625,3655,3655,3655,591,591,591,0.00,0.00,0.00,0.00,0.00,0.00,0.00,0.00,0.00,0.00,0.00,0.00,0.00,0.00,0.00,0.00,0.00,0.00,0.00,0.00,0.00,424589,570833,746973,440290,584986,760078,0,0,0,0,0,0,0,74380,0,123.74,123.78,123.84
1424,2,0,0,0,93620,93620,93620,3659,3659,3659,591,591,591,0.00,0.00,0.00,0.00,0.00,0.00,0.00,0.00,0.00,0.00,0.00,0.00,0.00,0.00,0.00,0.00,0.00,0.00,0.00,0.00,0.00,304026,383285,689304,314958,396882,705030,0,0,0,0,0,0,0,101045,0,125.86,125.89,125.94
1424,3,0,0,0,93660,93660,93660,3619,3619,3619,591,591,591,0.00,0.00,0.00,0.00,0.00,0.00,0.00,0.00,0.00,0.00,0.00,0.00,0.00,0.00,0.00,0.00,0.00,0.00,0.00,0.00,0.00,306633,413058,634272,322358,427211,647377,0,0,0,0,0,0,0,84539,0,140.38,140.44,140.47
1425,0,0,0,0,93656,93656,93656,3623,3623,3623,591,591,591,0.00,0.00,0.00,0.00,0.00,0.00,0.00,0.00,0.00,0.00,0.00,0.00,0.00,0.00,0.00,0.00,0.00,0.00,0.00,0.00,0.00,290164,352102,547777,302779,365634,560882,0,0,0,0,0,0,0,110113,0,137.36,137.46,137.56
1425,1,0,0,0,93625,93625,93625,3655,3655,3655,591,591,591,0.00,0.00,0.00,0.00,0.00,0.00,0.00,0.00,0.00,0.00,0.00,0.00,0.00,0.00,0.00,0.00,0.00,0.00,0.00,0.00,0.00,414105,507932,723369,427210,521561,736474,0,0,0,0,0,0,0,99174,0,123.71,123.77,123.79
1425,2,0,0,0,93620,93620,93620,3659,3659,3659,591,591,591,0.00,0.00,0.00,0.00,0.00,0.00,0.00,0.00,0.00,0.00,0.00,0.00,0.00,0.00,0.00,0.00,0.00,0.00,0.00,0.00,0.00,304028,374269,639510,317133,388422,652615,0,0,0,0,0,0,0,75771,0,125.87,125.90,125.95
1425,3,0,0,0,93660,93660,93660,3619,3619,3619,591,591,591,0.00,0.00,0.00,0.00,0.00,0.00,0.00,0.00,0.00,0.00,0.00,0.00,0.00,0.00,0.00,0.00,0.00,0.00,0.00,0.00,0.00,306651,336530,393144,319756,350683,406249,0,0,0,0,0,0,0,112520,0,140.08,140.19,140.34
1426,0,0,0,0,93656,93656,93656,3623,3623,3623,591,591,591,0.00,0.00,0.00,0.00,0.00,0.00,0.00,0.00,0.00,0.00,0.00,0.00,0.00,0.00,0.00,0.00,0.00,0.00,0.00,0.00,0.00,311891,444654,684251,324995,458818,697113,0,0,0,0,0,0,0,110270,0,137.40,137.45,137.55
1426,1,0,0,0,93625,93625,93625,3655,3655,3655,591,591,591,0.00,0.00,0.00,0.00,0.00,0.00,0.00,0.00,0.00,0.00,0.00,0.00,0.00,0.00,0.00,0.00,0.00,0.00,0.00,0.00,0.00,406244,486443,752205,421969,500595,767930,0,0,0,0,0,0,0,99096,0,123.64,123.68,123.74
1426,2,0,0,0,93620,93620,93620,3659,3659,3659,591,591,591,0.00,0.00,0.00,0.00,0.00,0.00,0.00,0.00,0.00,0.00,0.00,0.00,0.00,0.00,0.00,0.00,0.00,0.00,0.00,0.00,0.00,301407,381081,678826,314512,394710,691931,0,0,0,0,0,0,0,101087,0,125.91,125.96,126.05
1426,3,0,0,0,93660,93660,93660,3619,3619,3619,591,591,591,0.00,0.00,0.00,0.00,0.00,0.00,0.00,0.00,0.00,0.00,0.00,0.00,0.00,0.00,0.00,0.00,0.00,0.00,0.00,0.00,0.00,301407,330235,427217,314512,344388,440322,0,0,0,0,0,0,0,112718,0,140.14,140.24,140.37
1427,0,0,0,0,93656,93656,93656,3623,3623,3623,591,591,591,0.00,0.00,0.00,0.00,0.00,0.00,0.00,0.00,0.00,0.00,0.00,0.00,0.00,0.00,0.00,0.00,0.00,0.00,0.00,0.00,0.00,298776,338097,482251,311880,351726,497977,0,0,0,0,0,0,0,110155,0,137.48,137.55,137.58
1427,1,0,0,0,93625,93625,93625,3655,3655,3655,591,591,591,0.00,0.00,0.00,0.00,0.00,0.00,0.00,0.00,0.00,0.00,0.00,0.00,0.00,0.00,0.00,0.00,0.00,0.00,0.00,0.00,0.00,416700,506882,739104,432424,520511,752209,0,0,0,0,0,0,0,111695,0,123.73,123.85,123.89
1427,2,0,0,0,93620,93620,93620,3659,3659,3659,591,591,591,0.00,0.00,0.00,0.00,0.00,0.00,0.00,0.00,0.00,0.00,0.00,0.00,0.00,0.00,0.00,0.00,0.00,0.00,0.00,0.00,0.00,301586,520555,1032655,314474,534141,1043139,0,0,0,0,0,0,0,101170,0,126.12,126.16,126.20
1427,3,0,0,0,93660,93660,93660,3619,3619,3619,591,591,591,0.00,0.00,0.00,0.00,0.00,0.00,0.00,0.00,0.00,0.00,0.00,0.00,0.00,0.00,0.00,0.00,0.00,0.00,0.00,0.00,0.00,62903,443990,922578,78629,457619,935682,0,0,0,0,0,0,0,126942,0,140.34,140.39,140.43
1428,0,0,0,0,93656,93656,93656,3623,3623,3623,591,591,591,0.00,0.00,0.00,0.00,0.00,0.00,0.00,0.00,0.00,0.00,0.00,0.00,0.00,0.00,0.00,0.00,0.00,0.00,0.00,0.00,0.00,301407,550396,1244942,314511,564549,1260668,0,0,0,0,0,0,0,123925,0,137.35,137.38,137.43
1428,1,0,0,0,93625,93625,93625,3655,3655,3655,591,591,591,0.00,0.00,0.00,0.00,0.00,0.00,0.00,0.00,0.00,0.00,0.00,0.00,0.00,0.00,0.00,0.00,0.00,0.00,0.00,0.00,0.00,214915,373218,456037,230641,387371,471762,0,0,0,0,0,0,0,99300,0,123.89,123.91,123.93
1428,2,0,0,0,93620,93620,93620,3659,3659,3659,591,591,591,0.00,0.00,0.00,0.00,0.00,0.00,0.00,0.00,0.00,0.00,0.00,0.00,0.00,0.00,0.00,0.00,0.00,0.00,0.00,0.00,0.00,301119,382660,691915,315077,396806,705020,0,0,0,0,0,0,0,101060,0,126.01,126.09,126.13
1428,3,0,0,0,93660,93660,93660,3619,3619,3619,591,591,591,0.00,0.00,0.00,0.00,0.00,0.00,0.00,0.00,0.00,0.00,0.00,0.00,0.00,0.00,0.00,0.00,0.00,0.00,0.00,0.00,0.00,301412,340200,453423,314517,353828,469148,0,0,0,0,0,0,0,112546,0,140.16,140.26,140.32
1429,0,0,0,0,93656,93656,93656,3623,3623,3623,591,591,591,0.00,0.00,0.00,0.00,0.00,0.00,0.00,0.00,0.00,0.00,0.00,0.00,0.00,0.00,0.00,0.00,0.00,0.00,0.00,0.00,0.00,298787,330124,432554,311892,342635,442935,0,0,0,0,0,0,0,110271,0,137.35,137.40,137.50
1429,1,0,0,0,93625,93625,93625,3655,3655,3655,591,591,591,0.00,0.00,0.00,0.00,0.00,0.00,0.00,0.00,0.00,0.00,0.00,0.00,0.00,0.00,0.00,0.00,0.00,0.00,0.00,0.00,0.00,429831,528370,642124,442935,542523,655229,0,0,0,0,0,0,0,99205,0,123.82,123.88,123.95
1429,2,0,0,0,93620,93620,93620,3659,3659,3659,591,591,591,0.00,0.00,0.00,0.00,0.00,0.00,0.00,0.00,0.00,0.00,0.00,0.00,0.00,0.00,0.00,0.00,0.00,0.00,0.00,0.00,0.00,304030,374262,642095,319749,388415,657820,0,0,0,0,0,0,0,101057,0,125.92,125.95,126.00
1429,3,0,0,0,93660,93660,93660,3619,3619,3619,591,591,591,0.00,0.00,0.00,0.00,0.00,0.00,0.00,0.00,0.00,0.00,0.00,0.00,0.00,0.00,0.00,0.00,0.00,0.00,0.00,0.00,0.00,298789,313461,356451,311893,327614,369555,0,0,0,0,0,0,0,112603,0,140.22,140.28,140.34
1430,0,0,0,0,93656,93656,93656,3623,3623,3623,591,591,591,0.00,0.00,0.00,0.00,0.00,0.00,0.00,0.00,0.00,0.00,0.00,0.00,0.00,0.00,0.00,0.00,0.00,0.00,0.00,0.00,0.00,304031,369178,600196,317135,383391,615922,0,0,0,0,0,0,0,110000,0,137.29,137.47,137.55
1430,1,0,0,0,93625,93625,93625,3655,3655,3655,591,591,591,0.00,0.00,0.00,0.00,0.00,0.00,0.00,0.00,0.00,0.00,0.00,0.00,0.00,0.00,0.00,0.00,0.00,0.00,0.00,0.00,0.00,406272,502673,817725,421999,516302,830830,0,0,0,0,0,0,0,99245,0,123.80,123.81,123.82
1430,2,0,0,0,93620,93620,93620,3659,3659,3659,591,591,591,0.00,0.00,0.00,0.00,0.00,0.00,0.00,0.00,0.00,0.00,0.00,0.00,0.00,0.00,0.00,0.00,0.00,0.00,0.00,0.00,0.00,298785,586563,1334052,311890,600192,1347157,0,0,0,0,0,0,0,113698,0,125.94,125.96,125.99
1430,3,0,0,0,93660,93660,93660,3619,3619,3619,591,591,591,0.00,0.00,0.00,0.00,0.00,0.00,0.00,0.00,0.00,0.00,0.00,0.00,0.00,0.00,0.00,0.00,0.00,0.00,0.00,0.00,0.00,298789,326569,406245,311894,340722,421971,0,0,0,0,0,0,0,126442,0,140.06,140.19,140.32
1431,0,0,0,0,93656,93656,93656,3623,3623,3623,591,591,591,0.00,0.00,0.00,0.00,0.00,0.00,0.00,0.00,0.00,0.00,0.00,0.00,0.00,0.00,0.00,0.00,0.00,0.00,0.00,0.00,0.00,301391,334952,463907,314495,349105,477011,0,0,0,0,0,0,0,123795,0,137.24,137.28,137.33
1431,1,0,0,0,93625,93625,93625,3655,3655,3655,591,591,591,0.00,0.00,0.00,0.00,0.00,0.00,0.00,0.00,0.00,0.00,0.00,0.00,0.00,0.00,0.00,0.00,0.00,0.00,0.00,0.00,0.00,414102,536400,751575,427207,550554,767342,0,0,0,0,0,0,0,111458,0,123.71,123.75,123.78
1431,2,0,0,0,93620,93620,93620,3659,3659,3659,591,591,591,0.00,0.00,0.00,0.00,0.00,0.00,0.00,0.00,0.00,0.00,0.00,0.00,0.00,0.00,0.00,0.00,0.00,0.00,0.00,0.00,0.00,204198,349063,623786,212850,362326,636890,0,0,0,0,0,0,0,101144,0,126.00,126.09,126.16
1431,3,0,0,0,93660,93660,93660,3619,3619,3619,591,591,591,0.00,0.00,0.00,0.00,0.00,0.00,0.00,0.00,0.00,0.00,0.00,0.00,0.00,0.00,0.00,0.00,0.00,0.00,0.00,0.00,0.00,301404,537814,830846,317129,551443,843951,0,0,0,0,0,0,0,112604,0,140.01,140.14,140.28
1432,0,0,0,0,93656,93656,93656,3623,3623,3623,591,591,591,0.00,0.00,0.00,0.00,0.00,0.00,0.00,0.00,0.00,0.00,0.00,0.00,0.00,0.00,0.00,0.00,0.00,0.00,0.00,0.00,0.00,301409,604124,1252807,317135,617885,1265912,0,0,0,0,0,0,0,82705,0,137.37,137.47,137.53
1432,1,0,0,0,93625,93625,93625,3655,3655,3655,591,591,591,0.00,0.00,0.00,0.00,0.00,0.00,0.00,0.00,0.00,0.00,0.00,0.00,0.00,0.00,0.00,0.00,0.00,0.00,0.00,0.00,0.00,280322,456729,697161,290834,469822,712887,0,0,0,0,0,0,0,74372,0,123.69,123.72,123.75
1432,2,0,0,0,93620,93620,93620,3659,3659,3659,591,591,591,0.00,0.00,0.00,0.00,0.00,0.00,0.00,0.00,0.00,0.00,0.00,0.00,0.00,0.00,0.00,0.00,0.00,0.00,0.00,0.00,0.00,304028,401006,681458,317132,414766,694563,0,0,0,0,0,0,0,101113,0,126.03,126.07,126.11
1432,3,0,0,0,93660,93660,93660,3619,3619,3619,591,591,591,0.00,0.00,0.00,0.00,0.00,0.00,0.00,0.00,0.00,0.00,0.00,0.00,0.00,0.00,0.00,0.00,0.00,0.00,0.00,0.00,0.00,202689,315389,463904,211425,328056,477008,0,0,0,0,0,0,0,84468,0,140.26,140.30,140.32
1433,0,0,0,0,93656,93656,93656,3623,3623,3623,591,591,591,0.00,0.00,0.00,0.00,0.00,0.00,0.00,0.00,0.00,0.00,0.00,0.00,0.00,0.00,0.00,0.00,0.00,0.00,0.00,0.00,0.00,296166,381179,673583,311892,395285,686688,0,0,0,0,0,0,0,110090,0,137.30,137.41,137.53
1433,1,0,0,0,93625,93625,93625,3655,3655,3655,591,591,591,0.00,0.00,0.00,0.00,0.00,0.00,0.00,0.00,0.00,0.00,0.00,0.00,0.00,0.00,0.00,0.00,0.00,0.00,0.00,0.00,0.00,428684,530246,815114,444368,543867,828219,0,0,0,0,0,0,0,99305,0,123.78,123.84,123.90
1433,2,0,0,0,93620,93620,93620,3659,3659,3659,591,591,591,0.00,0.00,0.00,0.00,0.00,0.00,0.00,0.00,0.00,0.00,0.00,0.00,0.00,0.00,0.00,0.00,0.00,0.00,0.00,0.00,0.00,304031,449753,678824,317136,463382,689308,0,0,0,0,0,0,0,75856,0,126.01,126.03,126.06
1433,3,0,0,0,93660,93660,93660,3619,3619,3619,591,591,591,0.00,0.00,0.00,0.00,0.00,0.00,0.00,0.00,0.00,0.00,0.00,0.00,0.00,0.00,0.00,0.00,0.00,0.00,0.00,0.00,0.00,298787,313465,364313,311892,327618,377418,0,0,0,0,0,0,0,112694,0,140.35,140.38,140.41
1434,0,0,0,0,93656,93656,93656,3623,3623,3623,591,591,591,0.00,0.00,0.00,0.00,0.00,0.00,0.00,0.00,0.00,0.00,0.00,0.00,0.00,0.00,0.00,0.00,0.00,0.00,0.00,0.00,0.00,197445,346125,608055,207928,359229,621159,0,0,0,0,0,0,0,110177,0,137.28,137.36,137.46
1434,1,0,0,0,93625,93625,93625,3655,3655,3655,591,591,591,0.00,0.00,0.00,0.00,0.00,0.00,0.00,0.00,0.00,0.00,0.00,0.00,0.00,0.00,0.00,0.00,0.00,0.00,0.00,0.00,0.00,410276,423299,448179,425956,436919,461284,0,0,0,0,0,0,0,99330,0,123.82,123.86,123.90
1434,2,0,0,0,93620,93620,93620,3659,3659,3659,591,591,591,0.00,0.00,0.00,0.00,0.00,0.00,0.00,0.00,0.00,0.00,0.00,0.00,0.00,0.00,0.00,0.00,0.00,0.00,0.00,0.00,0.00,304029,512650,1328807,319756,527328,1344533,0,0,0,0,0,0,0,113860,0,126.03,126.09,126.15
1434,3,0,0,0,93660,93660,93660,3619,3619,3619,591,591,591,0.00,0.00,0.00,0.00,0.00,0.00,0.00,0.00,0.00,0.00,0.00,0.00,0.00,0.00,0.00,0.00,0.00,0.00,0.00,0.00,0.00,301394,316607,374792,314498,330236,390517,0,0,0,0,0,0,0,126780,0,140.28,140.31,140.36
1435,0,0,0,0,93656,93656,93656,3623,3623,3623,591,591,591,0.00,0.00,0.00,0.00,0.00,0.00,0.00,0.00,0.00,0.00,0.00,0.00,0.00,0.00,0.00,0.00,0.00,0.00,0.00,0.00,0.00,301409,519992,1195139,317135,533097,1205623,0,0,0,0,0,0,0,124164,0,137.50,137.55,137.59
1435,1,0,0,0,93625,93625,93625,3655,3655,3655,591,591,591,0.00,0.00,0.00,0.00,0.00,0.00,0.00,0.00,0.00,0.00,0.00,0.00,0.00,0.00,0.00,0.00,0.00,0.00,0.00,0.00,0.00,408864,559008,723380,424589,573151,739105,0,0,0,0,0,0,0,111554,0,123.84,123.88,123.92
1435,2,0,0,0,93620,93620,93620,3659,3659,3659,591,591,591,0.00,0.00,0.00,0.00,0.00,0.00,0.00,0.00,0.00,0.00,0.00,0.00,0.00,0.00,0.00,0.00,0.00,0.00,0.00,0.00,0.00,197441,425901,689732,207653,438380,702601,0,0,0,0,0,0,0,101065,0,125.98,126.05,126.11
1435,3,0,0,0,93660,93660,93660,3619,3619,3619,591,591,591,0.00,0.00,0.00,0.00,0.00,0.00,0.00,0.00,0.00,0.00,0.00,0.00,0.00,0.00,0.00,0.00,0.00,0.00,0.00,0.00,0.00,298789,494654,1032642,311894,508777,1050988,0,0,0,0,0,0,0,112633,0,140.24,140.31,140.37
1436,0,0,0,0,93656,93656,93656,3623,3623,3623,591,591,591,0.00,0.00,0.00,0.00,0.00,0.00,0.00,0.00,0.00,0.00,0.00,0.00,0.00,0.00,0.00,0.00,0.00,0.00,0.00,0.00,0.00,301391,363783,587089,314495,377936,600194,0,0,0,0,0,0,0,110306,0,137.56,137.62,137.68
1436,1,0,0,0,93625,93625,93625,3655,3655,3655,591,591,591,0.00,0.00,0.00,0.00,0.00,0.00,0.00,0.00,0.00,0.00,0.00,0.00,0.00,0.00,0.00,0.00,0.00,0.00,0.00,0.00,0.00,416726,462314,542531,432451,475066,558257,0,0,0,0,0,0,0,99297,0,123.70,123.79,123.87
1436,2,0,0,0,93620,93620,93620,3659,3659,3659,591,591,591,0.00,0.00,0.00,0.00,0.00,0.00,0.00,0.00,0.00,0.00,0.00,0.00,0.00,0.00,0.00,0.00,0.00,0.00,0.00,0.00,0.00,304328,374321,644716,319755,388009,657820,0,0,0,0,0,0,0,101152,0,126.01,126.04,126.07
1436,3,0,0,0,93660,93660,93660,3619,3619,3619,591,591,591,0.00,0.00,0.00,0.00,0.00,0.00,0.00,0.00,0.00,0.00,0.00,0.00,0.00,0.00,0.00,0.00,0.00,0.00,0.00,0.00,0.00,200934,333206,495356,211418,346311,511082,0,0,0,0,0,0,0,112600,0,140.09,140.16,140.21
1437,0,0,0,0,93656,93656,93656,3623,3623,3623,591,591,591,0.00,0.00,0.00,0.00,0.00,0.00,0.00,0.00,0.00,0.00,0.00,0.00,0.00,0.00,0.00,0.00,0.00,0.00,0.00,0.00,0.00,306651,444029,655235,322377,458143,668340,0,0,0,0,0,0,0,110169,0,137.45,137.51,137.58
1437,1,0,0,0,93625,93625,93625,3655,3655,3655,591,591,591,0.00,0.00,0.00,0.00,0.00,0.00,0.00,0.00,0.00,0.00,0.00,0.00,0.00,0.00,0.00,0.00,0.00,0.00,0.00,0.00,0.00,408863,497802,767808,421967,511950,780822,0,0,0,0,0,0,0,99201,0,123.78,123.84,123.89
1437,2,0,0,0,93620,93620,93620,3659,3659,3659,591,591,591,0.00,0.00,0.00,0.00,0.00,0.00,0.00,0.00,0.00,0.00,0.00,0.00,0.00,0.00,0.00,0.00,0.00,0.00,0.00,0.00,0.00,301409,381083,644741,317135,395236,657845,0,0,0,0,0,0,0,101018,0,125.99,126.04,126.10
1437,3,0,0,0,93660,93660,93660,3619,3619,3619,591,591,591,0.00,0.00,0.00,0.00,0.00,0.00,0.00,0.00,0.00,0.00,0.00,0.00,0.00,0.00,0.00,0.00,0.00,0.00,0.00,0.00,0.00,301409,322376,387901,314516,336005,401006,0,0,0,0,0,0,0,112543,0,140.13,140.22,140.28
1438,0,0,0,0,93656,93656,93656,3623,3623,3623,591,591,591,0.00,0.00,0.00,0.00,0.00,0.00,0.00,0.00,0.00,0.00,0.00,0.00,0.00,0.00,0.00,0.00,0.00,0.00,0.00,0.00,0.00,202685,319925,471768,211421,333204,487494,0,0,0,0,0,0,0,110036,0,137.30,137.38,137.42
1438,1,0,0,0,93625,93625,93625,3655,3655,3655,591,591,591,0.00,0.00,0.00,0.00,0.00,0.00,0.00,0.00,0.00,0.00,0.00,0.00,0.00,0.00,0.00,0.00,0.00,0.00,0.00,0.00,0.00,403620,566390,857047,419345,580535,870152,0,0,0,0,0,0,0,111561,0,123.66,123.72,123.77
1438,2,0,0,0,93620,93620,93620,3659,3659,3659,591,591,591,0.00,0.00,0.00,0.00,0.00,0.00,0.00,0.00,0.00,0.00,0.00,0.00,0.00,0.00,0.00,0.00,0.00,0.00,0.00,0.00,0.00,304030,577132,1310482,317134,591285,1326208,0,0,0,0,0,0,0,101124,0,125.97,126.02,126.08
1438,3,0,0,0,93660,93660,93660,3619,3619,3619,591,591,591,0.00,0.00,0.00,0.00,0.00,0.00,0.00,0.00,0.00,0.00,0.00,0.00,0.00,0.00,0.00,0.00,0.00,0.00,0.00,0.00,0.00,301411,537817,828221,317137,551970,841326,0,0,0,0,0,0,0,126870,0,140.15,140.31,140.51
1439,0,0,0,0,93656,93656,93656,3623,3623,3623,591,591,591,0.00,0.00,0.00,0.00,0.00,0.00,0.00,0.00,0.00,0.00,0.00,0.00,0.00,0.00,0.00,0.00,0.00,0.00,0.00,0.00,0.00,306650,546204,1223982,319755,559833,1237087,0,0,0,0,0,0,0,96401,0,137.30,137.34,137.37
1439,1,0,0,0,93625,93625,93625,3655,3655,3655,591,591,591,0.00,0.00,0.00,0.00,0.00,0.00,0.00,0.00,0.00,0.00,0.00,0.00,0.00,0.00,0.00,0.00,0.00,0.00,0.00,0.00,0.00,419324,485635,598567,432428,499230,611579,0,0,0,0,0,0,0,74393,0,123.73,123.77,123.79
1439,2,0,0,0,93620,93620,93620,3659,3659,3659,591,591,591,0.00,0.00,0.00,0.00,0.00,0.00,0.00,0.00,0.00,0.00,0.00,0.00,0.00,0.00,0.00,0.00,0.00,0.00,0.00,0.00,0.00,306633,337363,454977,319737,349923,465357,0,0,0,0,0,0,0,101099,0,126.02,126.05,126.07
1439,3,0,0,0,93660,93660,93660,3619,3619,3619,591,591,591,0.00,0.00,0.00,0.00,0.00,0.00,0.00,0.00,0.00,0.00,0.00,0.00,0.00,0.00,0.00,0.00,0.00,0.00,0.00,0.00,0.00,301391,328140,429839,314513,341769,442944,0,0,0,0,0,0,0,84604,0,140.37,140.40,140.48
1440,0,0,0,0,93656,93656,93656,3623,3623,3623,591,591,591,0.00,0.00,0.00,0.00,0.00,0.00,0.00,0.00,0.00,0.00,0.00,0.00,0.00,0.00,0.00,0.00,0.00,0.00,0.00,0.00,0.00,306649,462595,914709,322374,476355,927813,0,0,0,0,0,0,0,110105,0,137.23,137.27,137.35
1440,1,0,0,0,93625,93625,93625,3655,3655,3655,591,591,591,0.00,0.00,0.00,0.00,0.00,0.00,0.00,0.00,0.00,0.00,0.00,0.00,0.00,0.00,0.00,0.00,0.00,0.00,0.00,0.00,0.00,440312,588397,830835,456038,601720,846560,0,0,0,0,0,0,0,99254,0,123.82,123.84,123.87
1440,2,0,0,0,93620,93620,93620,3659,3659,3659,591,591,591,0.00,0.00,0.00,0.00,0.00,0.00,0.00,0.00,0.00,0.00,0.00,0.00,0.00,0.00,0.00,0.00,0.00,0.00,0.00,0.00,0.00,304029,394452,655239,317137,408212,670965,0,0,0,0,0,0,0,75832,0,126.03,126.07,126.10
1440,3,0,0,0,93660,93660,93660,3619,3619,3619,591,591,591,0.00,0.00,0.00,0.00,0.00,0.00,0.00,0.00,0.00,0.00,0.00,0.00,0.00,0.00,0.00,0.00,0.00,0.00,0.00,0.00,0.00,202688,304248,414108,209678,317789,429833,0,0,0,0,0,0,0,112789,0,140.36,140.39,140.44
1441,0,0,0,0,93656,93656,93656,3623,3623,3623,591,591,591,0.00,0.00,0.00,0.00,0.00,0.00,0.00,0.00,0.00,0.00,0.00,0.00,0.00,0.00,0.00,0.00,0.00,0.00,0.00,0.00,0.00,204432,325674,479574,214916,339268,492677,0,0,0,0,0,0,0,110292,0,137.30,137.34,137.42
1441,1,0,0,0,93625,93625,93625,3655,3655,3655,591,591,591,0.00,0.00,0.00,0.00,0.00,0.00,0.00,0.00,0.00,0.00,0.00,0.00,0.00,0.00,0.00,0.00,0.00,0.00,0.00,0.00,0.00,411442,446595,558256,421970,460224,571361,0,0,0,0,0,0,0,99137,0,123.74,123.80,123.87
1441,2,0,0,0,93620,93620,93620,3659,3659,3659,591,591,591,0.00,0.00,0.00,0.00,0.00,0.00,0.00,0.00,0.00,0.00,0.00,0.00,0.00,0.00,0.00,0.00,0.00,0.00,0.00,0.00,0.00,301391,376887,655239,314495,391041,670965,0,0,0,0,0,0,0,113532,0,125.84,125.95,126.04
1441,3,0,0,0,93660,93660,93660,3619,3619,3619,591,591,591,0.00,0.00,0.00,0.00,0.00,0.00,0.00,0.00,0.00,0.00,0.00,0.00,0.00,0.00,0.00,0.00,0.00,0.00,0.00,0.00,0.00,298784,329188,427217,314497,342816,440322,0,0,0,0,0,0,0,112559,0,140.25,140.33,140.42
1442,0,0,0,0,93656,93656,93656,3623,3623,3623,591,591,591,0.00,0.00,0.00,0.00,0.00,0.00,0.00,0.00,0.00,0.00,0.00,0.00,0.00,0.00,0.00,0.00,0.00,0.00,0.00,0.00,0.00,301408,343866,482250,317134,357495,495354,0,0,0,0,0,0,0,110178,0,137.42,137.43,137.44
1442,1,0,0,0,93625,93625,93625,3655,3655,3655,591,591,591,0.00,0.00,0.00,0.00,0.00,0.00,0.00,0.00,0.00,0.00,0.00,0.00,0.00,0.00,0.00,0.00,0.00,0.00,0.00,0.00,0.00,414106,503701,728619,429622,517852,741723,0,0,0,0,0,0,0,111443,0,123.65,123.69,123.74
1442,2,0,0,0,93620,93620,93620,3659,3659,3659,591,591,591,0.00,0.00,0.00,0.00,0.00,0.00,0.00,0.00,0.00,0.00,0.00,0.00,0.00,0.00,0.00,0.00,0.00,0.00,0.00,0.00,0.00,306653,579230,1349793,319757,593383,1365518,0,0,0,0,0,0,0,100958,0,125.84,125.88,125.90
1442,3,0,0,0,93660,93660,93660,3619,3619,3619,591,591,591,0.00,0.00,0.00,0.00,0.00,0.00,0.00,0.00,0.00,0.00,0.00,0.00,0.00,0.00,0.00,0.00,0.00,0.00,0.00,0.00,0.00,304030,528382,885875,314514,542011,898980,0,0,0,0,0,0,0,112546,0,140.27,140.34,140.41
1443,0,0,0,0,93656,93656,93656,3623,3623,3623,591,591,591,0.00,0.00,0.00,0.00,0.00,0.00,0.00,0.00,0.00,0.00,0.00,0.00,0.00,0.00,0.00,0.00,0.00,0.00,0.00,0.00,0.00,304025,540961,1213501,317130,554590,1226606,0,0,0,0,0,0,0,110151,0,137.35,137.39,137.43
1443,1,0,0,0,93625,93625,93625,3655,3655,3655,591,591,591,0.00,0.00,0.00,0.00,0.00,0.00,0.00,0.00,0.00,0.00,0.00,0.00,0.00,0.00,0.00,0.00,0.00,0.00,0.00,0.00,0.00,416723,524236,723372,429827,537809,736477,0,0,0,0,0,0,0,99222,0,123.59,123.68,123.77
1443,2,0,0,0,93620,93620,93620,3659,3659,3659,591,591,591,0.00,0.00,0.00,0.00,0.00,0.00,0.00,0.00,0.00,0.00,0.00,0.00,0.00,0.00,0.00,0.00,0.00,0.00,0.00,0.00,0.00,205596,365596,686693,212507,379035,702419,0,0,0,0,0,0,0,101089,0,125.81,125.87,125.96
1443,3,0,0,0,93660,93660,93660,3619,3619,3619,591,591,591,0.00,0.00,0.00,0.00,0.00,0.00,0.00,0.00,0.00,0.00,0.00,0.00,0.00,0.00,0.00,0.00,0.00,0.00,0.00,0.00,0.00,296168,339820,482979,314512,353895,498312,0,0,0,0,0,0,0,112688,0,140.40,140.43,140.45
1444,0,0,0,0,93656,93656,93656,3623,3623,3623,591,591,591,0.00,0.00,0.00,0.00,0.00,0.00,0.00,0.00,0.00,0.00,0.00,0.00,0.00,0.00,0.00,0.00,0.00,0.00,0.00,0.00,0.00,301391,393659,723369,314513,407812,736474,0,0,0,0,0,0,0,110186,0,137.38,137.42,137.46
1444,1,0,0,0,93625,93625,93625,3655,3655,3655,591,591,591,0.00,0.00,0.00,0.00,0.00,0.00,0.00,0.00,0.00,0.00,0.00,0.00,0.00,0.00,0.00,0.00,0.00,0.00,0.00,0.00,0.00,283059,480293,715513,293543,493390,731239,0,0,0,0,0,0,0,99248,0,123.75,123.77,123.79
1444,2,0,0,0,93620,93620,93620,3659,3659,3659,591,591,591,0.00,0.00,0.00,0.00,0.00,0.00,0.00,0.00,0.00,0.00,0.00,0.00,0.00,0.00,0.00,0.00,0.00,0.00,0.00,0.00,0.00,306652,445555,649995,322369,459184,663100,0,0,0,0,0,0,0,100906,0,125.86,125.93,126.01
1444,3,0,0,0,93660,93660,93660,3619,3619,3619,591,591,591,0.00,0.00,0.00,0.00,0.00,0.00,0.00,0.00,0.00,0.00,0.00,0.00,0.00,0.00,0.00,0.00,0.00,0.00,0.00,0.00,0.00,200941,292842,356431,209678,306121,372156,0,0,0,0,0,0,0,112587,0,140.11,140.20,140.33
1445,0,0,0,0,93656,93656,93656,3623,3623,3623,591,591,591,0.00,0.00,0.00,0.00,0.00,0.00,0.00,0.00,0.00,0.00,0.00,0.00,0.00,0.00,0.00,0.00,0.00,0.00,0.00,0.00,0.00,193939,357541,665958,202675,370225,681327,0,0,0,0,0,0,0,110100,0,137.28,137.34,137.39
1445,1,0,0,0,93625,93625,93625,3655,3655,3655,591,591,591,0.00,0.00,0.00,0.00,0.00,0.00,0.00,0.00,0.00,0.00,0.00,0.00,0.00,0.00,0.00,0.00,0.00,0.00,0.00,0.00,0.00,403380,480711,742134,418995,494329,755293,0,0,0,0,0,0,0,99308,0,123.78,123.85,123.91
1445,2,0,0,0,93620,93620,93620,3659,3659,3659,591,591,591,0.00,0.00,0.00,0.00,0.00,0.00,0.00,0.00,0.00,0.00,0.00,0.00,0.00,0.00,0.00,0.00,0.00,0.00,0.00,0.00,0.00,304028,514227,1315715,317133,528380,1331440,0,0,0,0,0,0,0,113848,0,125.86,126.00,126.09
1445,3,0,0,0,93660,93660,93660,3619,3619,3619,591,591,591,0.00,0.00,0.00,0.00,0.00,0.00,0.00,0.00,0.00,0.00,0.00,0.00,0.00,0.00,0.00,0.00,0.00,0.00,0.00,0.00,0.00,301409,394713,636879,314514,408865,649983,0,0,0,0,0,0,0,126550,0,140.18,140.19,140.22
1446,0,0,0,0,93656,93656,93656,3623,3623,3623,591,591,591,0.00,0.00,0.00,0.00,0.00,0.00,0.00,0.00,0.00,0.00,0.00,0.00,0.00,0.00,0.00,0.00,0.00,0.00,0.00,0.00,0.00,301410,528376,1223978,317135,542529,1237082,0,0,0,0,0,0,0,123926,0,137.33,137.38,137.42
1446,1,0,0,0,93625,93625,93625,3655,3655,3655,591,591,591,0.00,0.00,0.00,0.00,0.00,0.00,0.00,0.00,0.00,0.00,0.00,0.00,0.00,0.00,0.00,0.00,0.00,0.00,0.00,0.00,0.00,411484,541375,754843,427209,555521,767858,0,0,0,0,0,0,0,111436,0,123.73,123.86,123.94
1446,2,0,0,0,93620,93620,93620,3659,3659,3659,591,591,591,0.00,0.00,0.00,0.00,0.00,0.00,0.00,0.00,0.00,0.00,0.00,0.00,0.00,0.00,0.00,0.00,0.00,0.00,0.00,0.00,0.00,301409,450798,720760,317135,464951,733865,0,0,0,0,0,0,0,101098,0,125.97,125.99,126.03
1446,3,0,0,0,93660,93660,93660,3619,3619,3619,591,591,591,0.00,0.00,0.00,0.00,0.00,0.00,0.00,0.00,0.00,0.00,0.00,0.00,0.00,0.00,0.00,0.00,0.00,0.00,0.00,0.00,0.00,298784,465477,815120,314497,479630,830846,0,0,0,0,0,0,0,84249,0,140.19,140.22,140.29
1447,0,0,0,0,93656,93656,93656,3623,3623,3623,591,591,591,0.00,0.00,0.00,0.00,0.00,0.00,0.00,0.00,0.00,0.00,0.00,0.00,0.00,0.00,0.00,0.00,0.00,0.00,0.00,0.00,0.00,301406,364309,542534,314510,378069,555639,0,0,0,0,0,0,0,82523,0,137.33,137.35,137.38
1447,1,0,0,0,93625,93625,93625,3655,3655,3655,591,591,591,0.00,0.00,0.00,0.00,0.00,0.00,0.00,0.00,0.00,0.00,0.00,0.00,0.00,0.00,0.00,0.00,0.00,0.00,0.00,0.00,0.00,404569,494925,718094,417454,508629,733819,0,0,0,0,0,0,0,74432,0,123.66,123.68,123.72
1447,2,0,0,0,93620,93620,93620,3659,3659,3659,591,591,591,0.00,0.00,0.00,0.00,0.00,0.00,0.00,0.00,0.00,0.00,0.00,0.00,0.00,0.00,0.00,0.00,0.00,0.00,0.00,0.00,0.00,202417,365340,657155,214527,377601,673516,0,0,0,0,0,0,0,75953,0,126.04,126.10,126.17
1447,3,0,0,0,93660,93660,93660,3619,3619,3619,591,591,591,0.00,0.00,0.00,0.00,0.00,0.00,0.00,0.00,0.00,0.00,0.00,0.00,0.00,0.00,0.00,0.00,0.00,0.00,0.00,0.00,0.00,304030,353163,484878,317134,366922,497982,0,0,0,0,0,0,0,112558,0,140.14,140.19,140.25
1448,0,0,0,0,93656,93656,93656,3623,3623,3623,591,591,591,0.00,0.00,0.00,0.00,0.00,0.00,0.00,0.00,0.00,0.00,0.00,0.00,0.00,0.00,0.00,0.00,0.00,0.00,0.00,0.00,0.00,301408,387898,702408,317134,402051,715513,0,0,0,0,0,0,0,110195,0,137.35,137.39,137.43
1448,1,0,0,0,93625,93625,93625,3655,3655,3655,591,591,591,0.00,0.00,0.00,0.00,0.00,0.00,0.00,0.00,0.00,0.00,0.00,0.00,0.00,0.00,0.00,0.00,0.00,0.00,0.00,0.00,0.00,288303,493257,762680,297040,506536,775785,0,0,0,0,0,0,0,99224,0,123.76,123.79,123.81
1448,2,0,0,0,93620,93620,93620,3659,3659,3659,591,591,591,0.00,0.00,0.00,0.00,0.00,0.00,0.00,0.00,0.00,0.00,0.00,0.00,0.00,0.00,0.00,0.00,0.00,0.00,0.00,0.00,0.00,301409,377939,670956,314514,391568,686681,0,0,0,0,0,0,0,101031,0,125.98,126.09,126.21
1448,3,0,0,0,93660,93660,93660,3619,3619,3619,591,591,591,0.00,0.00,0.00,0.00,0.00,0.00,0.00,0.00,0.00,0.00,0.00,0.00,0.00,0.00,0.00,0.00,0.00,0.00,0.00,0.00,0.00,200941,310146,390522,211425,322727,401006,0,0,0,0,0,0,0,112755,0,140.18,140.29,140.37
1449,0,0,0,0,93656,93656,93656,3623,3623,3623,591,591,591,0.00,0.00,0.00,0.00,0.00,0.00,0.00,0.00,0.00,0.00,0.00,0.00,0.00,0.00,0.00,0.00,0.00,0.00,0.00,0.00,0.00,227148,380973,602786,235884,394232,618510,0,0,0,0,0,0,0,110132,0,137.36,137.40,137.43
1449,1,0,0,0,93625,93625,93625,3655,3655,3655,591,591,591,0.00,0.00,0.00,0.00,0.00,0.00,0.00,0.00,0.00,0.00,0.00,0.00,0.00,0.00,0.00,0.00,0.00,0.00,0.00,0.00,0.00,416727,521562,867527,429831,535191,880632,0,0,0,0,0,0,0,99289,0,123.75,123.79,123.83
1449,2,0,0,0,93620,93620,93620,3659,3659,3659,591,591,591,0.00,0.00,0.00,0.00,0.00,0.00,0.00,0.00,0.00,0.00,0.00,0.00,0.00,0.00,0.00,0.00,0.00,0.00,0.00,0.00,0.00,306635,579226,1368142,319739,593379,1381246,0,0,0,0,0,0,0,113632,0,125.90,125.91,125.94
1449,3,0,0,0,93660,93660,93660,3619,3619,3619,591,591,591,0.00,0.00,0.00,0.00,0.00,0.00,0.00,0.00,0.00,0.00,0.00,0.00,0.00,0.00,0.00,0.00,0.00,0.00,0.00,0.00,0.00,301393,491162,977611,317117,505315,990715,0,0,0,0,0,0,0,126785,0,140.38,140.42,140.46
1450,0,0,0,0,93656,93656,93656,3623,3623,3623,591,591,591,0.00,0.00,0.00,0.00,0.00,0.00,0.00,0.00,0.00,0.00,0.00,0.00,0.00,0.00,0.00,0.00,0.00,0.00,0.00,0.00,0.00,298785,482774,1192518,314511,496402,1205622,0,0,0,0,0,0,0,124091,0,137.28,137.36,137.47
1450,1,0,0,0,93625,93625,93625,3655,3655,3655,591,591,591,0.00,0.00,0.00,0.00,0.00,0.00,0.00,0.00,0.00,0.00,0.00,0.00,0.00,0.00,0.00,0.00,0.00,0.00,0.00,0.00,0.00,414107,638450,888495,429832,652602,904220,0,0,0,0,0,0,0,99200,0,123.76,123.81,123.85
1450,2,0,0,0,93620,93620,93620,3659,3659,3659,591,591,591,0.00,0.00,0.00,0.00,0.00,0.00,0.00,0.00,0.00,0.00,0.00,0.00,0.00,0.00,0.00,0.00,0.00,0.00,0.00,0.00,0.00,304029,384231,681445,314513,397860,697170,0,0,0,0,0,0,0,101101,0,125.94,126.03,126.09
1450,3,0,0,0,93660,93660,93660,3619,3619,3619,591,591,591,0.00,0.00,0.00,0.00,0.00,0.00,0.00,0.00,0.00,0.00,0.00,0.00,0.00,0.00,0.00,0.00,0.00,0.00,0.00,0.00,0.00,298790,363787,500598,314514,377416,516323,0,0,0,0,0,0,0,112557,0,140.21,140.26,140.36
1451,0,0,0,0,93656,93656,93656,3623,3623,3623,591,591,591,0.00,0.00,0.00,0.00,0.00,0.00,0.00,0.00,0.00,0.00,0.00,0.00,0.00,0.00,0.00,0.00,0.00,0.00,0.00,0.00,0.00,298787,436644,649993,314512,450797,663098,0,0,0,0,0,0,0,110245,0,137.43,137.49,137.55
1451,1,0,0,0,93625,93625,93625,3655,3655,3655,591,591,591,0.00,0.00,0.00,0.00,0.00,0.00,0.00,0.00,0.00,0.00,0.00,0.00,0.00,0.00,0.00,0.00,0.00,0.00,0.00,0.00,0.00,416731,489931,677977,432457,504026,688173,0,0,0,0,0,0,0,99182,0,123.80,123.83,123.87
1451,2,0,0,0,93620,93620,93620,3659,3659,3659,591,591,591,0.00,0.00,0.00,0.00,0.00,0.00,0.00,0.00,0.00,0.00,0.00,0.00,0.00,0.00,0.00,0.00,0.00,0.00,0.00,0.00,0.00,196265,349370,643469,206505,361903,656338,0,0,0,0,0,0,0,101183,0,126.14,126.20,126.25
1451,3,0,0,0,93660,93660,93660,3619,3619,3619,591,591,591,0.00,0.00,0.00,0.00,0.00,0.00,0.00,0.00,0.00,0.00,0.00,0.00,0.00,0.00,0.00,0.00,0.00,0.00,0.00,0.00,0.00,298787,322287,382660,311892,336386,395765,0,0,0,0,0,0,0,112659,0,140.18,140.22,140.25
1452,0,0,0,0,93656,93656,93656,3623,3623,3623,591,591,591,0.00,0.00,0.00,0.00,0.00,0.00,0.00,0.00,0.00,0.00,0.00,0.00,0.00,0.00,0.00,0.00,0.00,0.00,0.00,0.00,0.00,301411,371648,610675,314516,385277,626401,0,0,0,0,0,0,0,110143,0,137.45,137.47,137.50
1452,1,0,0,0,93625,93625,93625,3655,3655,3655,591,591,591,0.00,0.00,0.00,0.00,0.00,0.00,0.00,0.00,0.00,0.00,0.00,0.00,0.00,0.00,0.00,0.00,0.00,0.00,0.00,0.00,0.00,416728,537634,885875,432453,550389,896358,0,0,0,0,0,0,0,99210,0,123.74,123.77,123.79
1452,2,0,0,0,93620,93620,93620,3659,3659,3659,591,591,591,0.00,0.00,0.00,0.00,0.00,0.00,0.00,0.00,0.00,0.00,0.00,0.00,0.00,0.00,0.00,0.00,0.00,0.00,0.00,0.00,0.00,298789,386850,686688,314515,401528,699793,0,0,0,0,0,0,0,113514,0,125.86,125.93,126.07
1452,3,0,0,0,93660,93660,93660,3619,3619,3619,591,591,591,0.00,0.00,0.00,0.00,0.00,0.00,0.00,0.00,0.00,0.00,0.00,0.00,0.00,0.00,0.00,0.00,0.00,0.00,0.00,0.00,0.00,202686,303680,408872,213170,316785,421977,0,0,0,0,0,0,0,112684,0,140.31,140.33,140.40
1453,0,0,0,0,93656,93656,93656,3623,3623,3623,591,591,591,0.00,0.00,0.00,0.00,0.00,0.00,0.00,0.00,0.00,0.00,0.00,0.00,0.00,0.00,0.00,0.00,0.00,0.00,0.00,0.00,0.00,192202,312224,448177,200938,325457,463902,0,0,0,0,0,0,0,110278,0,137.45,137.51,137.54
1453,1,0,0,0,93625,93625,93625,3655,3655,3655,591,591,591,0.00,0.00,0.00,0.00,0.00,0.00,0.00,0.00,0.00,0.00,0.00,0.00,0.00,0.00,0.00,0.00,0.00,0.00,0.00,0.00,0.00,414106,501121,733866,427211,515274,746971,0,0,0,0,0,0,0,111523,0,123.77,123.81,123.85
1453,2,0,0,0,93620,93620,93620,3659,3659,3659,591,591,591,0.00,0.00,0.00,0.00,0.00,0.00,0.00,0.00,0.00,0.00,0.00,0.00,0.00,0.00,0.00,0.00,0.00,0.00,0.00,0.00,0.00,304031,579751,1336679,317136,593380,1347163,0,0,0,0,0,0,0,101123,0,125.92,126.01,126.08
1453,3,0,0,0,93660,93660,93660,3619,3619,3619,591,591,591,0.00,0.00,0.00,0.00,0.00,0.00,0.00,0.00,0.00,0.00,0.00,0.00,0.00,0.00,0.00,0.00,0.00,0.00,0.00,0.00,0.00,301404,537295,833469,314509,550924,846574,0,0,0,0,0,0,0,112403,0,140.31,140.34,140.37
1454,0,0,0,0,93656,93656,93656,3623,3623,3623,591,591,591,0.00,0.00,0.00,0.00,0.00,0.00,0.00,0.00,0.00,0.00,0.00,0.00,0.00,0.00,0.00,0.00,0.00,0.00,0.00,0.00,0.00,290923,534146,1210875,304028,547775,1223979,0,0,0,0,0,0,0,82745,0,137.46,137.48,137.50
1454,1,0,0,0,93625,93625,93625,3655,3655,3655,591,591,591,0.00,0.00,0.00,0.00,0.00,0.00,0.00,0.00,0.00,0.00,0.00,0.00,0.00,0.00,0.00,0.00,0.00,0.00,0.00,0.00,0.00,403623,510027,707619,416728,524179,723344,0,0,0,0,0,0,0,74355,0,123.72,123.77,123.80
1454,2,0,0,0,93620,93620,93620,3659,3659,3659,591,591,591,0.00,0.00,0.00,0.00,0.00,0.00,0.00,0.00,0.00,0.00,0.00,0.00,0.00,0.00,0.00,0.00,0.00,0.00,0.00,0.00,0.00,296167,376359,673549,309272,389988,686653,0,0,0,0,0,0,0,101121,0,126.11,126.12,126.12
1454,3,0,0,0,93660,93660,93660,3619,3619,3619,591,591,591,0.00,0.00,0.00,0.00,0.00,0.00,0.00,0.00,0.00,0.00,0.00,0.00,0.00,0.00,0.00,0.00,0.00,0.00,0.00,0.00,0.00,301406,337050,474396,314510,351203,487501,0,0,0,0,0,0,0,84349,0,140.14,140.20,140.30
1455,0,0,0,0,93656,93656,93656,3623,3623,3623,591,591,591,0.00,0.00,0.00,0.00,0.00,0.00,0.00,0.00,0.00,0.00,0.00,0.00,0.00,0.00,0.00,0.00,0.00,0.00,0.00,0.00,0.00,296166,389208,644749,311890,403623,657854,0,0,0,0,0,0,0,110194,0,137.44,137.46,137.50
1455,1,0,0,0,93625,93625,93625,3655,3655,3655,591,591,591,0.00,0.00,0.00,0.00,0.00,0.00,0.00,0.00,0.00,0.00,0.00,0.00,0.00,0.00,0.00,0.00,0.00,0.00,0.00,0.00,0.00,413138,535066,762692,423467,548787,775797,0,0,0,0,0,0,0,99255,0,123.77,123.82,123.87
1455,2,0,0,0,93620,93620,93620,3659,3659,3659,591,591,591,0.00,0.00,0.00,0.00,0.00,0.00,0.00,0.00,0.00,0.00,0.00,0.00,0.00,0.00,0.00,0.00,0.00,0.00,0.00,0.00,0.00,296162,331338,418502,311888,344416,428878,0,0,0,0,0,0,0,75774,0,126.00,126.04,126.08
1455,3,0,0,0,93660,93660,93660,3619,3619,3619,591,591,591,0.00,0.00,0.00,0.00,0.00,0.00,0.00,0.00,0.00,0.00,0.00,0.00,0.00,0.00,0.00,0.00,0.00,0.00,0.00,0.00,0.00,195700,287431,359070,204437,300099,372175,0,0,0,0,0,0,0,112641,0,140.16,140.24,140.29
1456,0,0,0,0,93656,93656,93656,3623,3623,3623,591,591,591,0.00,0.00,0.00,0.00,0.00,0.00,0.00,0.00,0.00,0.00,0.00,0.00,0.00,0.00,0.00,0.00,0.00,0.00,0.00,0.00,0.00,296149,369548,639511,311874,383701,655237,0,0,0,0,0,0,0,110217,0,137.41,137.45,137.47
1456,1,0,0,0,93625,93625,93625,3655,3655,3655,591,591,591,0.00,0.00,0.00,0.00,0.00,0.00,0.00,0.00,0.00,0.00,0.00,0.00,0.00,0.00,0.00,0.00,0.00,0.00,0.00,0.00,0.00,283061,480155,849188,291797,492910,862292,0,0,0,0,0,0,0,99228,0,123.85,123.86,123.87
1456,2,0,0,0,93620,93620,93620,3659,3659,3659,591,591,591,0.00,0.00,0.00,0.00,0.00,0.00,0.00,0.00,0.00,0.00,0.00,0.00,0.00,0.00,0.00,0.00,0.00,0.00,0.00,0.00,0.00,296168,582884,1323508,311894,596513,1336612,0,0,0,0,0,0,0,113742,0,125.90,125.93,126.00
1456,3,0,0,0,93660,93660,93660,3619,3619,3619,591,591,591,0.00,0.00,0.00,0.00,0.00,0.00,0.00,0.00,0.00,0.00,0.00,0.00,0.00,0.00,0.00,0.00,0.00,0.00,0.00,0.00,0.00,298773,319752,398386,311877,333905,414111,0,0,0,0,0,0,0,126771,0,140.24,140.29,140.33
1457,0,0,0,0,93656,93656,93656,3623,3623,3623,591,591,591,0.00,0.00,0.00,0.00,0.00,0.00,0.00,0.00,0.00,0.00,0.00,0.00,0.00,0.00,0.00,0.00,0.00,0.00,0.00,0.00,0.00,195382,312177,461285,204027,324914,474390,0,0,0,0,0,0,0,123997,0,137.48,137.54,137.62
1457,1,0,0,0,93625,93625,93625,3655,3655,3655,591,591,591,0.00,0.00,0.00,0.00,0.00,0.00,0.00,0.00,0.00,0.00,0.00,0.00,0.00,0.00,0.00,0.00,0.00,0.00,0.00,0.00,0.00,406244,527321,762641,421969,541998,775745,0,0,0,0,0,0,0,111722,0,123.85,123.92,123.97
1457,2,0,0,0,93620,93620,93620,3659,3659,3659,591,591,591,0.00,0.00,0.00,0.00,0.00,0.00,0.00,0.00,0.00,0.00,0.00,0.00,0.00,0.00,0.00,0.00,0.00,0.00,0.00,0.00,0.00,304026,361689,592333,317135,375843,608059,0,0,0,0,0,0,0,100934,0,125.97,126.04,126.09
1457,3,0,0,0,93660,93660,93660,3619,3619,3619,591,591,591,0.00,0.00,0.00,0.00,0.00,0.00,0.00,0.00,0.00,0.00,0.00,0.00,0.00,0.00,0.00,0.00,0.00,0.00,0.00,0.00,0.00,296168,535721,896366,309272,549874,912092,0,0,0,0,0,0,0,112631,0,140.42,140.50,140.55
1458,0,0,0,0,93656,93656,93656,3623,3623,3623,591,591,591,0.00,0.00,0.00,0.00,0.00,0.00,0.00,0.00,0.00,0.00,0.00,0.00,0.00,0.00,0.00,0.00,0.00,0.00,0.00,0.00,0.00,298785,537289,1208245,311890,551442,1221350,0,0,0,0,0,0,0,110250,0,137.57,137.60,137.65
1458,1,0,0,0,93625,93625,93625,3655,3655,3655,591,591,591,0.00,0.00,0.00,0.00,0.00,0.00,0.00,0.00,0.00,0.00,0.00,0.00,0.00,0.00,0.00,0.00,0.00,0.00,0.00,0.00,0.00,406238,474913,691927,424585,488542,702411,0,0,0,0,0,0,0,99220,0,123.84,123.87,123.93
1458,2,0,0,0,93620,93620,93620,3659,3659,3659,591,591,591,0.00,0.00,0.00,0.00,0.00,0.00,0.00,0.00,0.00,0.00,0.00,0.00,0.00,0.00,0.00,0.00,0.00,0.00,0.00,0.00,0.00,301409,450280,676204,314514,464433,691930,0,0,0,0,0,0,0,101159,0,125.91,126.00,126.09
1458,3,0,0,0,93660,93660,93660,3619,3619,3619,591,591,591,0.00,0.00,0.00,0.00,0.00,0.00,0.00,0.00,0.00,0.00,0.00,0.00,0.00,0.00,0.00,0.00,0.00,0.00,0.00,0.00,0.00,293545,339150,490117,306649,352779,505843,0,0,0,0,0,0,0,112643,0,140.31,140.36,140.40
1459,0,0,0,0,93656,93656,93656,3623,3623,3623,591,591,591,0.00,0.00,0.00,0.00,0.00,0.00,0.00,0.00,0.00,0.00,0.00,0.00,0.00,0.00,0.00,0.00,0.00,0.00,0.00,0.00,0.00,298772,374266,655239,311876,388419,670964,0,0,0,0,0,0,0,110313,0,137.55,137.58,137.63
1459,1,0,0,0,93625,93625,93625,3655,3655,3655,591,591,591,0.00,0.00,0.00,0.00,0.00,0.00,0.00,0.00,0.00,0.00,0.00,0.00,0.00,0.00,0.00,0.00,0.00,0.00,0.00,0.00,0.00,270823,487809,799373,279559,501039,815099,0,0,0,0,0,0,0,99242,0,123.82,123.83,123.84
1459,2,0,0,0,93620,93620,93620,3659,3659,3659,591,591,591,0.00,0.00,0.00,0.00,0.00,0.00,0.00,0.00,0.00,0.00,0.00,0.00,0.00,0.00,0.00,0.00,0.00,0.00,0.00,0.00,0.00,202149,352341,665727,210788,365602,681453,0,0,0,0,0,0,0,101077,0,126.00,126.12,126.17
1459,3,0,0,0,93660,93660,93660,3619,3619,3619,591,591,591,0.00,0.00,0.00,0.00,0.00,0.00,0.00,0.00,0.00,0.00,0.00,0.00,0.00,0.00,0.00,0.00,0.00,0.00,0.00,0.00,0.00,199195,307169,387892,209679,320274,400996,0,0,0,0,0,0,0,112688,0,140.27,140.31,140.35
1460,0,0,0,0,93656,93656,93656,3623,3623,3623,591,591,591,0.00,0.00,0.00,0.00,0.00,0.00,0.00,0.00,0.00,0.00,0.00,0.00,0.00,0.00,0.00,0.00,0.00,0.00,0.00,0.00,0.00,206180,376717,623790,214916,389472,634274,0,0,0,0,0,0,0,110139,0,137.48,137.53,137.60
1460,1,0,0,0,93625,93625,93625,3655,3655,3655,591,591,591,0.00,0.00,0.00,0.00,0.00,0.00,0.00,0.00,0.00,0.00,0.00,0.00,0.00,0.00,0.00,0.00,0.00,0.00,0.00,0.00,0.00,403628,418826,453420,416733,432455,469145,0,0,0,0,0,0,0,99322,0,123.80,123.83,123.86
1460,2,0,0,0,93620,93620,93620,3659,3659,3659,591,591,591,0.00,0.00,0.00,0.00,0.00,0.00,0.00,0.00,0.00,0.00,0.00,0.00,0.00,0.00,0.00,0.00,0.00,0.00,0.00,0.00,0.00,301408,568215,1258026,314513,581844,1271130,0,0,0,0,0,0,0,113747,0,125.86,125.91,125.96
1460,3,0,0,0,93660,93660,93660,3619,3619,3619,591,591,591,0.00,0.00,0.00,0.00,0.00,0.00,0.00,0.00,0.00,0.00,0.00,0.00,0.00,0.00,0.00,0.00,0.00,0.00,0.00,0.00,0.00,293545,437696,998568,306650,451850,1011673,0,0,0,0,0,0,0,126877,0,140.25,140.28,140.33
1461,0,0,0,0,93656,93656,93656,3623,3623,3623,591,591,591,0.00,0.00,0.00,0.00,0.00,0.00,0.00,0.00,0.00,0.00,0.00,0.00,0.00,0.00,0.00,0.00,0.00,0.00,0.00,0.00,0.00,298771,484869,1208250,311875,499022,1223976,0,0,0,0,0,0,0,96390,0,137.32,137.35,137.40
1461,1,0,0,0,93625,93625,93625,3655,3655,3655,591,591,591,0.00,0.00,0.00,0.00,0.00,0.00,0.00,0.00,0.00,0.00,0.00,0.00,0.00,0.00,0.00,0.00,0.00,0.00,0.00,0.00,0.00,424442,557095,723218,435060,571245,736319,0,0,0,0,0,0,0,74407,0,123.74,123.77,123.81
1461,2,0,0,0,93620,93620,93620,3659,3659,3659,591,591,591,0.00,0.00,0.00,0.00,0.00,0.00,0.00,0.00,0.00,0.00,0.00,0.00,0.00,0.00,0.00,0.00,0.00,0.00,0.00,0.00,0.00,301404,380030,689275,314508,394182,704999,0,0,0,0,0,0,0,100990,0,125.88,125.91,125.97
1461,3,0,0,0,93660,93660,93660,3619,3619,3619,591,591,591,0.00,0.00,0.00,0.00,0.00,0.00,0.00,0.00,0.00,0.00,0.00,0.00,0.00,0.00,0.00,0.00,0.00,0.00,0.00,0.00,0.00,296151,391041,581853,311876,404670,597579,0,0,0,0,0,0,0,84410,0,140.20,140.25,140.31
1462,0,0,0,0,93656,93656,93656,3623,3623,3623,591,591,591,0.00,0.00,0.00,0.00,0.00,0.00,0.00,0.00,0.00,0.00,0.00,0.00,0.00,0.00,0.00,0.00,0.00,0.00,0.00,0.00,0.00,293543,357101,537290,306648,370861,553016,0,0,0,0,0,0,0,110154,0,137.32,137.37,137.41
1462,1,0,0,0,93625,93625,93625,3655,3655,3655,591,591,591,0.00,0.00,0.00,0.00,0.00,0.00,0.00,0.00,0.00,0.00,0.00,0.00,0.00,0.00,0.00,0.00,0.00,0.00,0.00,0.00,0.00,414215,522248,710273,424701,536009,725999,0,0,0,0,0,0,0,99298,0,123.86,123.88,123.89
1462,2,0,0,0,93620,93620,93620,3659,3659,3659,591,591,591,0.00,0.00,0.00,0.00,0.00,0.00,0.00,0.00,0.00,0.00,0.00,0.00,0.00,0.00,0.00,0.00,0.00,0.00,0.00,0.00,0.00,301408,383967,610674,314513,397727,623779,0,0,0,0,0,0,0,75713,0,125.89,125.91,125.93
1462,3,0,0,0,93660,93660,93660,3619,3619,3619,591,591,591,0.00,0.00,0.00,0.00,0.00,0.00,0.00,0.00,0.00,0.00,0.00,0.00,0.00,0.00,0.00,0.00,0.00,0.00,0.00,0.00,0.00,298698,319734,364314,311799,334149,380040,0,0,0,0,0,0,0,112656,0,140.22,140.26,140.30
1463,0,0,0,0,93656,93656,93656,3623,3623,3623,591,591,591,0.00,0.00,0.00,0.00,0.00,0.00,0.00,0.00,0.00,0.00,0.00,0.00,0.00,0.00,0.00,0.00,0.00,0.00,0.00,0.00,0.00,306650,440317,681439,319756,454470,694544,0,0,0,0,0,0,0,110366,0,137.40,137.50,137.56
1463,1,0,0,0,93625,93625,93625,3655,3655,3655,591,591,591,0.00,0.00,0.00,0.00,0.00,0.00,0.00,0.00,0.00,0.00,0.00,0.00,0.00,0.00,0.00,0.00,0.00,0.00,0.00,0.00,0.00,276073,457789,757438,288304,470195,770543,0,0,0,0,0,0,0,99275,0,123.86,123.87,123.89
1463,2,0,0,0,93620,93620,93620,3659,3659,3659,591,591,591,0.00,0.00,0.00,0.00,0.00,0.00,0.00,0.00,0.00,0.00,0.00,0.00,0.00,0.00,0.00,0.00,0.00,0.00,0.00,0.00,0.00,207563,349214,623793,217942,361774,639519,0,0,0,0,0,0,0,101060,0,125.89,125.94,125.98
1463,3,0,0,0,93660,93660,93660,3619,3619,3619,591,591,591,0.00,0.00,0.00,0.00,0.00,0.00,0.00,0.00,0.00,0.00,0.00,0.00,0.00,0.00,0.00,0.00,0.00,0.00,0.00,0.00,0.00,200940,301758,408871,211424,314339,421976,0,0,0,0,0,0,0,112762,0,140.28,140.36,140.43
1464,0,0,0,0,93656,93656,93656,3623,3623,3623,591,591,591,0.00,0.00,0.00,0.00,0.00,0.00,0.00,0.00,0.00,0.00,0.00,0.00,0.00,0.00,0.00,0.00,0.00,0.00,0.00,0.00,0.00,199189,312411,474387,206178,325341,490112,0,0,0,0,0,0,0,110237,0,137.56,137.57,137.60
1464,1,0,0,0,93625,93625,93625,3655,3655,3655,591,591,591,0.00,0.00,0.00,0.00,0.00,0.00,0.00,0.00,0.00,0.00,0.00,0.00,0.00,0.00,0.00,0.00,0.00,0.00,0.00,0.00,0.00,403626,484873,712896,416731,499026,726000,0,0,0,0,0,0,0,111720,0,123.86,123.89,123.91
1464,2,0,0,0,93620,93620,93620,3659,3659,3659,591,591,591,0.00,0.00,0.00,0.00,0.00,0.00,0.00,0.00,0.00,0.00,0.00,0.00,0.00,0.00,0.00,0.00,0.00,0.00,0.00,0.00,0.00,301410,573445,1333983,317136,587598,1347087,0,0,0,0,0,0,0,101175,0,125.99,126.04,126.13
1464,3,0,0,0,93660,93660,93660,3619,3619,3619,591,591,591,0.00,0.00,0.00,0.00,0.00,0.00,0.00,0.00,0.00,0.00,0.00,0.00,0.00,0.00,0.00,0.00,0.00,0.00,0.00,0.00,0.00,298789,493784,1014310,311894,507937,1030036,0,0,0,0,0,0,0,126890,0,140.38,140.41,140.44
1465,0,0,0,0,93656,93656,93656,3623,3623,3623,591,591,591,0.00,0.00,0.00,0.00,0.00,0.00,0.00,0.00,0.00,0.00,0.00,0.00,0.00,0.00,0.00,0.00,0.00,0.00,0.00,0.00,0.00,293543,535194,1161074,309269,549347,1174178,0,0,0,0,0,0,0,123894,0,137.44,137.50,137.56
1465,1,0,0,0,93625,93625,93625,3655,3655,3655,591,591,591,0.00,0.00,0.00,0.00,0.00,0.00,0.00,0.00,0.00,0.00,0.00,0.00,0.00,0.00,0.00,0.00,0.00,0.00,0.00,0.00,0.00,406246,483300,573984,421971,497453,589709,0,0,0,0,0,0,0,99220,0,123.84,123.87,123.91
1465,2,0,0,0,93620,93620,93620,3659,3659,3659,591,591,591,0.00,0.00,0.00,0.00,0.00,0.00,0.00,0.00,0.00,0.00,0.00,0.00,0.00,0.00,0.00,0.00,0.00,0.00,0.00,0.00,0.00,298789,377940,678827,314514,392093,689311,0,0,0,0,0,0,0,101082,0,126.04,126.10,126.14
1465,3,0,0,0,93660,93660,93660,3619,3619,3619,591,591,591,0.00,0.00,0.00,0.00,0.00,0.00,0.00,0.00,0.00,0.00,0.00,0.00,0.00,0.00,0.00,0.00,0.00,0.00,0.00,0.00,0.00,298788,341247,497985,314510,354876,511090,0,0,0,0,0,0,0,112865,0,140.43,140.51,140.62
1466,0,0,0,0,93656,93656,93656,3623,3623,3623,591,591,591,0.00,0.00,0.00,0.00,0.00,0.00,0.00,0.00,0.00,0.00,0.00,0.00,0.00,0.00,0.00,0.00,0.00,0.00,0.00,0.00,0.00,293525,376362,673581,309250,390515,686685,0,0,0,0,0,0,0,110176,0,137.32,137.35,137.37
1466,1,0,0,0,93625,93625,93625,3655,3655,3655,591,591,591,0.00,0.00,0.00,0.00,0.00,0.00,0.00,0.00,0.00,0.00,0.00,0.00,0.00,0.00,0.00,0.00,0.00,0.00,0.00,0.00,0.00,416729,570422,736393,429834,584008,749496,0,0,0,0,0,0,0,99316,0,123.83,123.87,123.89
1466,2,0,0,0,93620,93620,93620,3659,3659,3659,591,591,591,0.00,0.00,0.00,0.00,0.00,0.00,0.00,0.00,0.00,0.00,0.00,0.00,0.00,0.00,0.00,0.00,0.00,0.00,0.00,0.00,0.00,196116,351117,652621,204643,363831,665725,0,0,0,0,0,0,0,101128,0,126.05,126.07,126.09
1466,3,0,0,0,93660,93660,93660,3619,3619,3619,591,591,591,0.00,0.00,0.00,0.00,0.00,0.00,0.00,0.00,0.00,0.00,0.00,0.00,0.00,0.00,0.00,0.00,0.00,0.00,0.00,0.00,0.00,293552,329828,466526,306657,343932,482252,0,0,0,0,0,0,0,112820,0,140.51,140.55,140.62
1467,0,0,0,0,93656,93656,93656,3623,3623,3623,591,591,591,0.00,0.00,0.00,0.00,0.00,0.00,0.00,0.00,0.00,0.00,0.00,0.00,0.00,0.00,0.00,0.00,0.00,0.00,0.00,0.00,0.00,290924,365882,623783,304029,379511,636888,0,0,0,0,0,0,0,110212,0,137.40,137.47,137.54
1467,1,0,0,0,93625,93625,93625,3655,3655,3655,591,591,591,0.00,0.00,0.00,0.00,0.00,0.00,0.00,0.00,0.00,0.00,0.00,0.00,0.00,0.00,0.00,0.00,0.00,0.00,0.00,0.00,0.00,277807,475959,825595,286543,489238,841321,0,0,0,0,0,0,0,99232,0,123.87,123.93,123.96
1467,2,0,0,0,93620,93620,93620,3659,3659,3659,591,591,591,0.00,0.00,0.00,0.00,0.00,0.00,0.00,0.00,0.00,0.00,0.00,0.00,0.00,0.00,0.00,0.00,0.00,0.00,0.00,0.00,0.00,298968,568608,1294754,312314,582763,1307859,0,0,0,0,0,0,0,113766,0,126.01,126.04,126.06
1467,3,0,0,0,93660,93660,93660,3619,3619,3619,591,591,591,0.00,0.00,0.00,0.00,0.00,0.00,0.00,0.00,0.00,0.00,0.00,0.00,0.00,0.00,0.00,0.00,0.00,0.00,0.00,0.00,0.00,200939,304902,416730,211423,317483,429835,0,0,0,0,0,0,0,126742,0,140.39,140.52,140.59
1468,0,0,0,0,93656,93656,93656,3623,3623,3623,591,591,591,0.00,0.00,0.00,0.00,0.00,0.00,0.00,0.00,0.00,0.00,0.00,0.00,0.00,0.00,0.00,0.00,0.00,0.00,0.00,0.00,0.00,296165,337575,479624,311891,351728,492728,0,0,0,0,0,0,0,123902,0,137.42,137.48,137.53
1468,1,0,0,0,93625,93625,93625,3655,3655,3655,591,591,591,0.00,0.00,0.00,0.00,0.00,0.00,0.00,0.00,0.00,0.00,0.00,0.00,0.00,0.00,0.00,0.00,0.00,0.00,0.00,0.00,0.00,411484,598621,909468,424589,612774,922572,0,0,0,0,0,0,0,111666,0,123.87,123.89,123.92
1468,2,0,0,0,93620,93620,93620,3659,3659,3659,591,591,591,0.00,0.00,0.00,0.00,0.00,0.00,0.00,0.00,0.00,0.00,0.00,0.00,0.00,0.00,0.00,0.00,0.00,0.00,0.00,0.00,0.00,301409,374269,652617,314514,388422,663101,0,0,0,0,0,0,0,101028,0,125.98,126.04,126.08
1468,3,0,0,0,93660,93660,93660,3619,3619,3619,591,591,591,0.00,0.00,0.00,0.00,0.00,0.00,0.00,0.00,0.00,0.00,0.00,0.00,0.00,0.00,0.00,0.00,0.00,0.00,0.00,0.00,0.00,298788,528383,815111,311893,542536,830837,0,0,0,0,0,0,0,112616,0,140.25,140.31,140.37
1469,0,0,0,0,93656,93656,93656,3623,3623,3623,591,591,591,0.00,0.00,0.00,0.00,0.00,0.00,0.00,0.00,0.00,0.00,0.00,0.00,0.00,0.00,0.00,0.00,0.00,0.00,0.00,0.00,0.00,230630,473861,1016915,243734,485393,1022157,0,0,0,0,0,0,0,82629,0,137.41,137.43,137.44
1469,1,0,0,0,93625,93625,93625,3655,3655,3655,591,591,591,0.00,0.00,0.00,0.00,0.00,0.00,0.00,0.00,0.00,0.00,0.00,0.00,0.00,0.00,0.00,0.00,0.00,0.00,0.00,0.00,0.00,408864,483295,707656,424589,496924,723382,0,0,0,0,0,0,0,74424,0,123.81,123.87,123.90
1469,2,0,0,0,93620,93620,93620,3659,3659,3659,591,591,591,0.00,0.00,0.00,0.00,0.00,0.00,0.00,0.00,0.00,0.00,0.00,0.00,0.00,0.00,0.00,0.00,0.00,0.00,0.00,0.00,0.00,298771,441362,665721,311875,454990,678825,0,0,0,0,0,0,0,101101,0,125.90,125.94,126.01
1469,3,0,0,0,93660,93660,93660,3619,3619,3619,591,591,591,0.00,0.00,0.00,0.00,0.00,0.00,0.00,0.00,0.00,0.00,0.00,0.00,0.00,0.00,0.00,0.00,0.00,0.00,0.00,0.00,0.00,293546,325190,424574,309272,339306,437678,0,0,0,0,0,0,0,84411,0,140.23,140.28,140.33
1470,0,0,0,0,93656,93656,93656,3623,3623,3623,591,591,591,0.00,0.00,0.00,0.00,0.00,0.00,0.00,0.00,0.00,0.00,0.00,0.00,0.00,0.00,0.00,0.00,0.00,0.00,0.00,0.00,0.00,296166,395760,678822,309270,391567,691927,0,0,0,0,0,0,0,110044,0,137.27,137.35,137.43
1470,1,0,0,0,93625,93625,93625,3655,3655,3655,591,591,591,0.00,0.00,0.00,0.00,0.00,0.00,0.00,0.00,0.00,0.00,0.00,0.00,0.00,0.00,0.00,0.00,0.00,0.00,0.00,0.00,0.00,416730,525936,740896,427214,540239,756173,0,0,0,0,0,0,0,99267,0,123.77,123.79,123.80
1470,2,0,0,0,93620,93620,93620,3659,3659,3659,591,591,591,0.00,0.00,0.00,0.00,0.00,0.00,0.00,0.00,0.00,0.00,0.00,0.00,0.00,0.00,0.00,0.00,0.00,0.00,0.00,0.00,0.00,296161,334371,435886,309265,347882,447994,0,0,0,0,0,0,0,75898,0,125.98,126.02,126.06
1470,3,0,0,0,93660,93660,93660,3619,3619,3619,591,591,591,0.00,0.00,0.00,0.00,0.00,0.00,0.00,0.00,0.00,0.00,0.00,0.00,0.00,0.00,0.00,0.00,0.00,0.00,0.00,0.00,0.00,298789,313859,351211,309273,327619,364316,0,0,0,0,0,0,0,112623,0,140.25,140.30,140.35
1471,0,0,0,0,93656,93656,93656,3623,3623,3623,591,591,591,0.00,0.00,0.00,0.00,0.00,0.00,0.00,0.00,0.00,0.00,0.00,0.00,0.00,0.00,0.00,0.00,0.00,0.00,0.00,0.00,0.00,296149,362735,608058,309253,375315,621162,0,0,0,0,0,0,0,110147,0,137.28,137.35,137.43
1471,1,0,0,0,93625,93625,93625,3655,3655,3655,591,591,591,0.00,0.00,0.00,0.00,0.00,0.00,0.00,0.00,0.00,0.00,0.00,0.00,0.00,0.00,0.00,0.00,0.00,0.00,0.00,0.00,0.00,406246,443985,571363,419350,456915,583594,0,0,0,0,0,0,0,99263,0,123.85,123.89,123.92
1471,2,0,0,0,93620,93620,93620,3659,3659,3659,591,591,591,0.00,0.00,0.00,0.00,0.00,0.00,0.00,0.00,0.00,0.00,0.00,0.00,0.00,0.00,0.00,0.00,0.00,0.00,0.00,0.00,0.00,304029,515274,1339289,314528,528903,1352394,0,0,0,0,0,0,0,113894,0,126.02,126.08,126.11
1471,3,0,0,0,93660,93660,93660,3619,3619,3619,591,591,591,0.00,0.00,0.00,0.00,0.00,0.00,0.00,0.00,0.00,0.00,0.00,0.00,0.00,0.00,0.00,0.00,0.00,0.00,0.00,0.00,0.00,279568,353122,576575,291799,366577,589679,0,0,0,0,0,0,0,126539,0,140.13,140.17,140.21
1472,0,0,0,0,93656,93656,93656,3623,3623,3623,591,591,591,0.00,0.00,0.00,0.00,0.00,0.00,0.00,0.00,0.00,0.00,0.00,0.00,0.00,0.00,0.00,0.00,0.00,0.00,0.00,0.00,0.00,296167,332333,466525,311890,519467,1176798,0,0,0,0,0,0,0,123946,0,137.31,137.37,137.46
1472,1,0,0,0,93625,93625,93625,3655,3655,3655,591,591,591,0.00,0.00,0.00,0.00,0.00,0.00,0.00,0.00,0.00,0.00,0.00,0.00,0.00,0.00,0.00,0.00,0.00,0.00,0.00,0.00,0.00,414106,535710,760066,427211,549863,775791,0,0,0,0,0,0,0,111683,0,123.84,123.91,123.95
1472,2,0,0,0,93620,93620,93620,3659,3659,3659,591,591,591,0.00,0.00,0.00,0.00,0.00,0.00,0.00,0.00,0.00,0.00,0.00,0.00,0.00,0.00,0.00,0.00,0.00,0.00,0.00,0.00,0.00,301409,441892,686691,314514,455521,697175,0,0,0,0,0,0,0,101147,0,125.98,126.01,126.05
1472,3,0,0,0,93660,93660,93660,3619,3619,3619,591,591,591,0.00,0.00,0.00,0.00,0.00,0.00,0.00,0.00,0.00,0.00,0.00,0.00,0.00,0.00,0.00,0.00,0.00,0.00,0.00,0.00,0.00,293546,470198,893742,306651,483827,906846,0,0,0,0,0,0,0,112671,0,140.25,140.32,140.37
1473,0,0,0,0,93656,93656,93656,3623,3623,3623,591,591,591,0.00,0.00,0.00,0.00,0.00,0.00,0.00,0.00,0.00,0.00,0.00,0.00,0.00,0.00,0.00,0.00,0.00,0.00,0.00,0.00,0.00,298784,529952,1163694,311889,374269,589713,0,0,0,0,0,0,0,110095,0,137.38,137.40,137.44
1473,1,0,0,0,93625,93625,93625,3655,3655,3655,591,591,591,0.00,0.00,0.00,0.00,0.00,0.00,0.00,0.00,0.00,0.00,0.00,0.00,0.00,0.00,0.00,0.00,0.00,0.00,0.00,0.00,0.00,403621,495876,694539,416725,509505,710265,0,0,0,0,0,0,0,99303,0,123.86,123.90,123.93
1473,2,0,0,0,93620,93620,93620,3659,3659,3659,591,591,591,0.00,0.00,0.00,0.00,0.00,0.00,0.00,0.00,0.00,0.00,0.00,0.00,0.00,0.00,0.00,0.00,0.00,0.00,0.00,0.00,0.00,298787,366408,618545,311892,380561,634271,0,0,0,0,0,0,0,101135,0,126.09,126.10,126.11
1473,3,0,0,0,93660,93660,93660,3619,3619,3619,591,591,591,0.00,0.00,0.00,0.00,0.00,0.00,0.00,0.00,0.00,0.00,0.00,0.00,0.00,0.00,0.00,0.00,0.00,0.00,0.00,0.00,0.00,298789,371651,487492,311894,385804,503218,0,0,0,0,0,0,0,112580,0,140.32,140.35,140.38
1474,0,0,0,0,93656,93656,93656,3623,3623,3623,591,591,591,0.00,0.00,0.00,0.00,0.00,0.00,0.00,0.00,0.00,0.00,0.00,0.00,0.00,0.00,0.00,0.00,0.00,0.00,0.00,0.00,0.00,304029,378456,652581,319752,455510,665685,0,0,0,0,0,0,0,110245,0,137.28,137.33,137.39
1474,1,0,0,0,93625,93625,93625,3655,3655,3655,591,591,591,0.00,0.00,0.00,0.00,0.00,0.00,0.00,0.00,0.00,0.00,0.00,0.00,0.00,0.00,0.00,0.00,0.00,0.00,0.00,0.00,0.00,390485,478788,746968,406209,493425,762693,0,0,0,0,0,0,0,99156,0,123.71,123.83,123.90
1474,2,0,0,0,93620,93620,93620,3659,3659,3659,591,591,591,0.00,0.00,0.00,0.00,0.00,0.00,0.00,0.00,0.00,0.00,0.00,0.00,0.00,0.00,0.00,0.00,0.00,0.00,0.00,0.00,0.00,200268,357711,642135,210627,370791,655240,0,0,0,0,0,0,0,101059,0,126.02,126.06,126.08
1474,3,0,0,0,93660,93660,93660,3619,3619,3619,591,591,591,0.00,0.00,0.00,0.00,0.00,0.00,0.00,0.00,0.00,0.00,0.00,0.00,0.00,0.00,0.00,0.00,0.00,0.00,0.00,0.00,0.00,276077,293192,304023,283066,306121,317127,0,0,0,0,0,0,0,112761,0,140.26,140.36,140.44
1475,0,0,0,0,93656,93656,93656,3623,3623,3623,591,591,591,0.00,0.00,0.00,0.00,0.00,0.00,0.00,0.00,0.00,0.00,0.00,0.00,0.00,0.00,0.00,0.00,0.00,0.00,0.00,0.00,0.00,293545,366930,631641,309271,313114,323246,0,0,0,0,0,0,0,110124,0,137.46,137.46,137.48
1475,1,0,0,0,93625,93625,93625,3655,3655,3655,591,591,591,0.00,0.00,0.00,0.00,0.00,0.00,0.00,0.00,0.00,0.00,0.00,0.00,0.00,0.00,0.00,0.00,0.00,0.00,0.00,0.00,0.00,403624,517191,773173,419349,530121,786278,0,0,0,0,0,0,0,111592,0,123.69,123.73,123.78
1475,2,0,0,0,93620,93620,93620,3659,3659,3659,591,591,591,0.00,0.00,0.00,0.00,0.00,0.00,0.00,0.00,0.00,0.00,0.00,0.00,0.00,0.00,0.00,0.00,0.00,0.00,0.00,0.00,0.00,296172,562980,1286891,309277,576609,1302617,0,0,0,0,0,0,0,101447,0,126.02,126.21,126.40
1475,3,0,0,0,93660,93660,93660,3619,3619,3619,591,591,591,0.00,0.00,0.00,0.00,0.00,0.00,0.00,0.00,0.00,0.00,0.00,0.00,0.00,0.00,0.00,0.00,0.00,0.00,0.00,0.00,0.00,301411,531528,817737,314516,545157,830842,0,0,0,0,0,0,0,126623,0,140.31,140.36,140.41
1476,0,0,0,0,93656,93656,93656,3623,3623,3623,591,591,591,0.00,0.00,0.00,0.00,0.00,0.00,0.00,0.00,0.00,0.00,0.00,0.00,0.00,0.00,0.00,0.00,0.00,0.00,0.00,0.00,0.00,296164,528891,1187225,309269,543044,1200329,0,0,0,0,0,0,0,96603,0,137.49,137.55,137.59
1476,1,0,0,0,93625,93625,93625,3655,3655,3655,591,591,591,0.00,0.00,0.00,0.00,0.00,0.00,0.00,0.00,0.00,0.00,0.00,0.00,0.00,0.00,0.00,0.00,0.00,0.00,0.00,0.00,0.00,416730,467047,576603,427213,480676,589707,0,0,0,0,0,0,0,74308,0,123.65,123.70,123.74
1476,2,0,0,0,93620,93620,93620,3659,3659,3659,591,591,591,0.00,0.00,0.00,0.00,0.00,0.00,0.00,0.00,0.00,0.00,0.00,0.00,0.00,0.00,0.00,0.00,0.00,0.00,0.00,0.00,0.00,301408,382128,678811,314513,396281,694537,0,0,0,0,0,0,0,101237,0,126.19,126.31,126.41
1476,3,0,0,0,93660,93660,93660,3619,3619,3619,591,591,591,0.00,0.00,0.00,0.00,0.00,0.00,0.00,0.00,0.00,0.00,0.00,0.00,0.00,0.00,0.00,0.00,0.00,0.00,0.00,0.00,0.00,296165,345959,497952,311891,360112,511056,0,0,0,0,0,0,0,84411,0,140.27,140.35,140.41
1477,0,0,0,0,93656,93656,93656,3623,3623,3623,591,591,591,0.00,0.00,0.00,0.00,0.00,0.00,0.00,0.00,0.00,0.00,0.00,0.00,0.00,0.00,0.00,0.00,0.00,0.00,0.00,0.00,0.00,296165,394450,678822,309269,408210,694547,0,0,0,0,0,0,0,110217,0,137.49,137.55,137.60
1477,1,0,0,0,93625,93625,93625,3655,3655,3655,591,591,591,0.00,0.00,0.00,0.00,0.00,0.00,0.00,0.00,0.00,0.00,0.00,0.00,0.00,0.00,0.00,0.00,0.00,0.00,0.00,0.00,0.00,424595,537281,720752,440321,551695,733856,0,0,0,0,0,0,0,99135,0,123.66,123.68,123.69
1477,2,0,0,0,93620,93620,93620,3659,3659,3659,591,591,591,0.00,0.00,0.00,0.00,0.00,0.00,0.00,0.00,0.00,0.00,0.00,0.00,0.00,0.00,0.00,0.00,0.00,0.00,0.00,0.00,0.00,298786,383312,631651,314512,397072,642135,0,0,0,0,0,0,0,75892,0,126.13,126.16,126.20
1477,3,0,0,0,93660,93660,93660,3619,3619,3619,591,591,591,0.00,0.00,0.00,0.00,0.00,0.00,0.00,0.00,0.00,0.00,0.00,0.00,0.00,0.00,0.00,0.00,0.00,0.00,0.00,0.00,0.00,296167,330896,429840,309272,344655,442944,0,0,0,0,0,0,0,112631,0,140.26,140.29,140.33
1479,0,0,0,0,93656,93656,93656,3623,3623,3623,591,591,591,0.00,0.00,0.00,0.00,0.00,0.00,0.00,0.00,0.00,0.00,0.00,0.00,0.00,0.00,0.00,0.00,0.00,0.00,0.00,0.00,0.00,192179,333346,605435,202661,346678,618540,0,0,0,0,0,0,0,247883,0,137.29,137.41,137.52
1479,1,0,0,0,93625,93625,93625,3655,3655,3655,591,591,591,0.00,0.00,0.00,0.00,0.00,0.00,0.00,0.00,0.00,0.00,0.00,0.00,0.00,0.00,0.00,0.00,0.00,0.00,0.00,0.00,0.00,407705,515507,778417,420607,528941,788900,0,0,0,0,0,0,0,235516,0,123.67,123.70,123.78
1479,2,0,0,0,93620,93620,93620,3659,3659,3659,591,591,591,0.00,0.00,0.00,0.00,0.00,0.00,0.00,0.00,0.00,0.00,0.00,0.00,0.00,0.00,0.00,0.00,0.00,0.00,0.00,0.00,0.00,212873,463703,1334072,221527,477411,1349798,0,0,0,0,0,0,0,240106,0,125.95,126.13,126.29
1479,3,0,0,0,93660,93660,93660,3619,3619,3619,591,591,591,0.00,0.00,0.00,0.00,0.00,0.00,0.00,0.00,0.00,0.00,0.00,0.00,0.00,0.00,0.00,0.00,0.00,0.00,0.00,0.00,0.00,262099,408865,862297,269088,422669,875402,0,0,0,0,0,0,0,267495,0,140.19,140.30,140.39
1480,0,0,0,0,93656,93656,93656,3623,3623,3623,591,591,591,0.00,0.00,0.00,0.00,0.00,0.00,0.00,0.00,0.00,0.00,0.00,0.00,0.00,0.00,0.00,0.00,0.00,0.00,0.00,0.00,0.00,298786,534144,1184661,311891,548297,1200386,0,0,0,0,0,0,0,110115,0,137.32,137.35,137.39
1480,1,0,0,0,93625,93625,93625,3655,3655,3655,591,591,591,0.00,0.00,0.00,0.00,0.00,0.00,0.00,0.00,0.00,0.00,0.00,0.00,0.00,0.00,0.00,0.00,0.00,0.00,0.00,0.00,0.00,421966,507929,676204,437691,522081,691929,0,0,0,0,0,0,0,99201,0,123.76,123.78,123.80
1480,2,0,0,0,93620,93620,93620,3659,3659,3659,591,591,591,0.00,0.00,0.00,0.00,0.00,0.00,0.00,0.00,0.00,0.00,0.00,0.00,0.00,0.00,0.00,0.00,0.00,0.00,0.00,0.00,0.00,301405,374794,663100,314511,388423,681447,0,0,0,0,0,0,0,101087,0,125.97,125.99,126.02
1480,3,0,0,0,93660,93660,93660,3619,3619,3619,591,591,591,0.00,0.00,0.00,0.00,0.00,0.00,0.00,0.00,0.00,0.00,0.00,0.00,0.00,0.00,0.00,0.00,0.00,0.00,0.00,0.00,0.00,301407,349111,492743,317132,362740,505848,0,0,0,0,0,0,0,112490,0,140.15,140.27,140.37
1481,0,0,0,0,93656,93656,93656,3623,3623,3623,591,591,591,0.00,0.00,0.00,0.00,0.00,0.00,0.00,0.00,0.00,0.00,0.00,0.00,0.00,0.00,0.00,0.00,0.00,0.00,0.00,0.00,0.00,296164,374785,660441,311889,388938,673545,0,0,0,0,0,0,0,110137,0,137.32,137.34,137.36
1481,1,0,0,0,93625,93625,93625,3655,3655,3655,591,591,591,0.00,0.00,0.00,0.00,0.00,0.00,0.00,0.00,0.00,0.00,0.00,0.00,0.00,0.00,0.00,0.00,0.00,0.00,0.00,0.00,0.00,419350,515800,781045,432455,529428,796770,0,0,0,0,0,0,0,99234,0,123.76,123.77,123.79
1481,2,0,0,0,93620,93620,93620,3659,3659,3659,591,591,591,0.00,0.00,0.00,0.00,0.00,0.00,0.00,0.00,0.00,0.00,0.00,0.00,0.00,0.00,0.00,0.00,0.00,0.00,0.00,0.00,0.00,301408,438740,647340,314513,452893,663065,0,0,0,0,0,0,0,101180,0,125.97,126.03,126.10
1481,3,0,0,0,93660,93660,93660,3619,3619,3619,591,591,591,0.00,0.00,0.00,0.00,0.00,0.00,0.00,0.00,0.00,0.00,0.00,0.00,0.00,0.00,0.00,0.00,0.00,0.00,0.00,0.00,0.00,298792,319964,381092,311897,334071,393967,0,0,0,0,0,0,0,112536,0,139.99,140.06,140.13
1482,0,0,0,0,93656,93656,93656,3623,3623,3623,591,591,591,0.00,0.00,0.00,0.00,0.00,0.00,0.00,0.00,0.00,0.00,0.00,0.00,0.00,0.00,0.00,0.00,0.00,0.00,0.00,0.00,0.00,293543,361165,608059,309269,374794,623785,0,0,0,0,0,0,0,110004,0,137.28,137.32,137.38
1482,1,0,0,0,93625,93625,93625,3655,3655,3655,591,591,591,0.00,0.00,0.00,0.00,0.00,0.00,0.00,0.00,0.00,0.00,0.00,0.00,0.00,0.00,0.00,0.00,0.00,0.00,0.00,0.00,0.00,411395,443090,553868,424594,455844,562604,0,0,0,0,0,0,0,99175,0,123.69,123.72,123.75
1482,2,0,0,0,93620,93620,93620,3659,3659,3659,591,591,591,0.00,0.00,0.00,0.00,0.00,0.00,0.00,0.00,0.00,0.00,0.00,0.00,0.00,0.00,0.00,0.00,0.00,0.00,0.00,0.00,0.00,298791,459279,948827,311896,471757,961932,0,0,0,0,0,0,0,113760,0,126.02,126.09,126.13
1482,3,0,0,0,93660,93660,93660,3619,3619,3619,591,591,591,0.00,0.00,0.00,0.00,0.00,0.00,0.00,0.00,0.00,0.00,0.00,0.00,0.00,0.00,0.00,0.00,0.00,0.00,0.00,0.00,0.00,202688,371822,636876,211424,384577,649981,0,0,0,0,0,0,0,126624,0,140.17,140.26,140.32
1483,0,0,0,0,93656,93656,93656,3623,3623,3623,591,591,591,0.00,0.00,0.00,0.00,0.00,0.00,0.00,0.00,0.00,0.00,0.00,0.00,0.00,0.00,0.00,0.00,0.00,0.00,0.00,0.00,0.00,192179,490476,1205560,200914,503710,1221285,0,0,0,0,0,0,0,123853,0,137.25,137.31,137.35
1483,1,0,0,0,93625,93625,93625,3655,3655,3655,591,591,591,0.00,0.00,0.00,0.00,0.00,0.00,0.00,0.00,0.00,0.00,0.00,0.00,0.00,0.00,0.00,0.00,0.00,0.00,0.00,0.00,0.00,406242,571886,767934,421967,586039,783660,0,0,0,0,0,0,0,111622,0,123.72,123.82,123.87
1483,2,0,0,0,93620,93620,93620,3659,3659,3659,591,591,591,0.00,0.00,0.00,0.00,0.00,0.00,0.00,0.00,0.00,0.00,0.00,0.00,0.00,0.00,0.00,0.00,0.00,0.00,0.00,0.00,0.00,298784,448704,707659,314507,462857,720763,0,0,0,0,0,0,0,101395,0,126.04,126.18,126.37
1483,3,0,0,0,93660,93660,93660,3619,3619,3619,591,591,591,0.00,0.00,0.00,0.00,0.00,0.00,0.00,0.00,0.00,0.00,0.00,0.00,0.00,0.00,0.00,0.00,0.00,0.00,0.00,0.00,0.00,298782,461288,812504,311887,475441,828230,0,0,0,0,0,0,0,84256,0,140.28,140.30,140.32
1484,0,0,0,0,93656,93656,93656,3623,3623,3623,591,591,591,0.00,0.00,0.00,0.00,0.00,0.00,0.00,0.00,0.00,0.00,0.00,0.00,0.00,0.00,0.00,0.00,0.00,0.00,0.00,0.00,0.00,296165,358413,529432,309270,372828,542536,0,0,0,0,0,0,0,82469,0,137.29,137.33,137.37
1484,1,0,0,0,93625,93625,93625,3655,3655,3655,591,591,591,0.00,0.00,0.00,0.00,0.00,0.00,0.00,0.00,0.00,0.00,0.00,0.00,0.00,0.00,0.00,0.00,0.00,0.00,0.00,0.00,0.00,414103,493388,710269,427208,507148,728616,0,0,0,0,0,0,0,74525,0,123.82,123.86,123.89
1484,2,0,0,0,93620,93620,93620,3659,3659,3659,591,591,591,0.00,0.00,0.00,0.00,0.00,0.00,0.00,0.00,0.00,0.00,0.00,0.00,0.00,0.00,0.00,0.00,0.00,0.00,0.00,0.00,0.00,301390,385271,629017,314494,399030,642122,0,0,0,0,0,0,0,76108,0,126.46,126.50,126.52
1484,3,0,0,0,93660,93660,93660,3619,3619,3619,591,591,591,0.00,0.00,0.00,0.00,0.00,0.00,0.00,0.00,0.00,0.00,0.00,0.00,0.00,0.00,0.00,0.00,0.00,0.00,0.00,0.00,0.00,293550,350547,471772,309275,364307,487498,0,0,0,0,0,0,0,112539,0,140.15,140.19,140.23
1485,0,0,0,0,93656,93656,93656,3623,3623,3623,591,591,591,0.00,0.00,0.00,0.00,0.00,0.00,0.00,0.00,0.00,0.00,0.00,0.00,0.00,0.00,0.00,0.00,0.00,0.00,0.00,0.00,0.00,301407,379511,673580,311891,393139,686684,0,0,0,0,0,0,0,110204,0,137.30,137.34,137.43
1485,1,0,0,0,93625,93625,93625,3655,3655,3655,591,591,591,0.00,0.00,0.00,0.00,0.00,0.00,0.00,0.00,0.00,0.00,0.00,0.00,0.00,0.00,0.00,0.00,0.00,0.00,0.00,0.00,0.00,406245,521560,799394,421971,536237,812499,0,0,0,0,0,0,0,99255,0,123.82,123.88,123.94
1485,2,0,0,0,93620,93620,93620,3659,3659,3659,591,591,591,0.00,0.00,0.00,0.00,0.00,0.00,0.00,0.00,0.00,0.00,0.00,0.00,0.00,0.00,0.00,0.00,0.00,0.00,0.00,0.00,0.00,298787,373744,663088,311891,387897,676193,0,0,0,0,0,0,0,100996,0,125.94,126.20,126.43
1485,3,0,0,0,93660,93660,93660,3619,3619,3619,591,591,591,0.00,0.00,0.00,0.00,0.00,0.00,0.00,0.00,0.00,0.00,0.00,0.00,0.00,0.00,0.00,0.00,0.00,0.00,0.00,0.00,0.00,296995,327259,382663,311892,341366,395768,0,0,0,0,0,0,0,112631,0,140.16,140.23,140.27
1486,0,0,0,0,93656,93656,93656,3623,3623,3623,591,591,591,0.00,0.00,0.00,0.00,0.00,0.00,0.00,0.00,0.00,0.00,0.00,0.00,0.00,0.00,0.00,0.00,0.00,0.00,0.00,0.00,0.00,293542,398903,618541,309255,412531,631645,0,0,0,0,0,0,0,110131,0,137.41,137.44,137.47
1486,1,0,0,0,93625,93625,93625,3655,3655,3655,591,591,591,0.00,0.00,0.00,0.00,0.00,0.00,0.00,0.00,0.00,0.00,0.00,0.00,0.00,0.00,0.00,0.00,0.00,0.00,0.00,0.00,0.00,265562,389062,435073,274298,401781,448178,0,0,0,0,0,0,0,99327,0,123.83,123.86,123.88
1486,2,0,0,0,93620,93620,93620,3659,3659,3659,591,591,591,0.00,0.00,0.00,0.00,0.00,0.00,0.00,0.00,0.00,0.00,0.00,0.00,0.00,0.00,0.00,0.00,0.00,0.00,0.00,0.00,0.00,304028,523214,1037937,319754,536316,1051043,0,0,0,0,0,0,0,113764,0,125.88,125.92,125.97
1486,3,0,0,0,93660,93660,93660,3619,3619,3619,591,591,591,0.00,0.00,0.00,0.00,0.00,0.00,0.00,0.00,0.00,0.00,0.00,0.00,0.00,0.00,0.00,0.00,0.00,0.00,0.00,0.00,0.00,197445,424757,1027354,207929,437861,1043079,0,0,0,0,0,0,0,126855,0,140.19,140.25,140.31
1487,0,0,0,0,93656,93656,93656,3623,3623,3623,591,591,591,0.00,0.00,0.00,0.00,0.00,0.00,0.00,0.00,0.00,0.00,0.00,0.00,0.00,0.00,0.00,0.00,0.00,0.00,0.00,0.00,0.00,192186,449566,1161071,200922,462797,1174175,0,0,0,0,0,0,0,124091,0,137.41,137.44,137.51
1487,1,0,0,0,93625,93625,93625,3655,3655,3655,591,591,591,0.00,0.00,0.00,0.00,0.00,0.00,0.00,0.00,0.00,0.00,0.00,0.00,0.00,0.00,0.00,0.00,0.00,0.00,0.00,0.00,0.00,414107,562444,725995,424591,576073,739100,0,0,0,0,0,0,0,99091,0,123.79,123.83,123.87
1487,2,0,0,0,93620,93620,93620,3659,3659,3659,591,591,591,0.00,0.00,0.00,0.00,0.00,0.00,0.00,0.00,0.00,0.00,0.00,0.00,0.00,0.00,0.00,0.00,0.00,0.00,0.00,0.00,0.00,301407,380036,689302,314512,393664,702406,0,0,0,0,0,0,0,101129,0,126.08,126.15,126.20
1487,3,0,0,0,93660,93660,93660,3619,3619,3619,591,591,591,0.00,0.00,0.00,0.00,0.00,0.00,0.00,0.00,0.00,0.00,0.00,0.00,0.00,0.00,0.00,0.00,0.00,0.00,0.00,0.00,0.00,298787,373222,539909,311894,386851,553014,0,0,0,0,0,0,0,112506,0,140.23,140.35,140.43
1488,0,0,0,0,93656,93656,93656,3623,3623,3623,591,591,591,0.00,0.00,0.00,0.00,0.00,0.00,0.00,0.00,0.00,0.00,0.00,0.00,0.00,0.00,0.00,0.00,0.00,0.00,0.00,0.00,0.00,293541,436122,684063,306646,450275,699788,0,0,0,0,0,0,0,110276,0,137.46,137.49,137.50
1488,1,0,0,0,93625,93625,93625,3655,3655,3655,591,591,591,0.00,0.00,0.00,0.00,0.00,0.00,0.00,0.00,0.00,0.00,0.00,0.00,0.00,0.00,0.00,0.00,0.00,0.00,0.00,0.00,0.00,408860,500596,699788,424585,514748,712892,0,0,0,0,0,0,0,99234,0,123.72,123.77,123.81
1488,2,0,0,0,93620,93620,93620,3659,3659,3659,591,591,591,0.00,0.00,0.00,0.00,0.00,0.00,0.00,0.00,0.00,0.00,0.00,0.00,0.00,0.00,0.00,0.00,0.00,0.00,0.00,0.00,0.00,298787,371650,634270,311892,385803,647375,0,0,0,0,0,0,0,101081,0,125.97,126.00,126.04
1488,3,0,0,0,93660,93660,93660,3619,3619,3619,591,591,591,0.00,0.00,0.00,0.00,0.00,0.00,0.00,0.00,0.00,0.00,0.00,0.00,0.00,0.00,0.00,0.00,0.00,0.00,0.00,0.00,0.00,298054,334810,461284,311894,348955,474389,0,0,0,0,0,0,0,112543,0,140.12,140.16,140.22
1489,0,0,0,0,93656,93656,93656,3623,3623,3623,591,591,591,0.00,0.00,0.00,0.00,0.00,0.00,0.00,0.00,0.00,0.00,0.00,0.00,0.00,0.00,0.00,0.00,0.00,0.00,0.00,0.00,0.00,301409,365878,602810,317134,379507,613293,0,0,0,0,0,0,0,110235,0,137.49,137.51,137.54
1489,1,0,0,0,93625,93625,93625,3655,3655,3655,591,591,591,0.00,0.00,0.00,0.00,0.00,0.00,0.00,0.00,0.00,0.00,0.00,0.00,0.00,0.00,0.00,0.00,0.00,0.00,0.00,0.00,0.00,400433,478469,762689,414110,492577,775794,0,0,0,0,0,0,0,99207,0,123.75,123.82,123.91
1489,2,0,0,0,93620,93620,93620,3659,3659,3659,591,591,591,0.00,0.00,0.00,0.00,0.00,0.00,0.00,0.00,0.00,0.00,0.00,0.00,0.00,0.00,0.00,0.00,0.00,0.00,0.00,0.00,0.00,301410,373740,639476,314514,387369,652580,0,0,0,0,0,0,0,113776,0,126.10,126.12,126.16
1489,3,0,0,0,93660,93660,93660,3619,3619,3619,591,591,591,0.00,0.00,0.00,0.00,0.00,0.00,0.00,0.00,0.00,0.00,0.00,0.00,0.00,0.00,0.00,0.00,0.00,0.00,0.00,0.00,0.00,199191,304025,411493,206181,316955,424598,0,0,0,0,0,0,0,112654,0,140.10,140.18,140.31
1490,0,0,0,0,93656,93656,93656,3623,3623,3623,591,591,591,0.00,0.00,0.00,0.00,0.00,0.00,0.00,0.00,0.00,0.00,0.00,0.00,0.00,0.00,0.00,0.00,0.00,0.00,0.00,0.00,0.00,288303,327093,456044,304028,340721,471770,0,0,0,0,0,0,0,110201,0,137.40,137.44,137.47
1490,1,0,0,0,93625,93625,93625,3655,3655,3655,591,591,591,0.00,0.00,0.00,0.00,0.00,0.00,0.00,0.00,0.00,0.00,0.00,0.00,0.00,0.00,0.00,0.00,0.00,0.00,0.00,0.00,0.00,290038,478927,752205,298774,492207,765310,0,0,0,0,0,0,0,111603,0,123.68,123.72,123.80
1490,2,0,0,0,93620,93620,93620,3659,3659,3659,591,591,591,0.00,0.00,0.00,0.00,0.00,0.00,0.00,0.00,0.00,0.00,0.00,0.00,0.00,0.00,0.00,0.00,0.00,0.00,0.00,0.00,0.00,301408,480857,868404,314513,493945,878804,0,0,0,0,0,0,0,101188,0,126.17,126.18,126.19
1490,3,0,0,0,93660,93660,93660,3619,3619,3619,591,591,591,0.00,0.00,0.00,0.00,0.00,0.00,0.00,0.00,0.00,0.00,0.00,0.00,0.00,0.00,0.00,0.00,0.00,0.00,0.00,0.00,0.00,298788,497457,977623,314509,511610,988107,0,0,0,0,0,0,0,126752,0,140.32,140.35,140.38
1491,0,0,0,0,93656,93656,93656,3623,3623,3623,591,591,591,0.00,0.00,0.00,0.00,0.00,0.00,0.00,0.00,0.00,0.00,0.00,0.00,0.00,0.00,0.00,0.00,0.00,0.00,0.00,0.00,0.00,192280,510220,1197766,202674,523306,1210871,0,0,0,0,0,0,0,82665,0,137.50,137.55,137.58
1491,1,0,0,0,93625,93625,93625,3655,3655,3655,591,591,591,0.00,0.00,0.00,0.00,0.00,0.00,0.00,0.00,0.00,0.00,0.00,0.00,0.00,0.00,0.00,0.00,0.00,0.00,0.00,0.00,0.00,408866,514750,736483,421970,527854,749588,0,0,0,0,0,0,0,74372,0,123.67,123.71,123.76
1491,2,0,0,0,93620,93620,93620,3659,3659,3659,591,591,591,0.00,0.00,0.00,0.00,0.00,0.00,0.00,0.00,0.00,0.00,0.00,0.00,0.00,0.00,0.00,0.00,0.00,0.00,0.00,0.00,0.00,296168,376889,681452,311893,391042,694557,0,0,0,0,0,0,0,101151,0,126.08,126.10,126.12
1491,3,0,0,0,93660,93660,93660,3619,3619,3619,591,591,591,0.00,0.00,0.00,0.00,0.00,0.00,0.00,0.00,0.00,0.00,0.00,0.00,0.00,0.00,0.00,0.00,0.00,0.00,0.00,0.00,0.00,298784,340195,487499,314510,354349,500604,0,0,0,0,0,0,0,84368,0,140.18,140.23,140.32
1492,0,0,0,0,93656,93656,93656,3623,3623,3623,591,591,591,0.00,0.00,0.00,0.00,0.00,0.00,0.00,0.00,0.00,0.00,0.00,0.00,0.00,0.00,0.00,0.00,0.00,0.00,0.00,0.00,0.00,298785,397726,681444,311889,412141,694548,0,0,0,0,0,0,0,110171,0,137.40,137.43,137.45
1492,1,0,0,0,93625,93625,93625,3655,3655,3655,591,591,591,0.00,0.00,0.00,0.00,0.00,0.00,0.00,0.00,0.00,0.00,0.00,0.00,0.00,0.00,0.00,0.00,0.00,0.00,0.00,0.00,0.00,421971,539905,749589,437697,554319,762693,0,0,0,0,0,0,0,99221,0,123.71,123.75,123.77
1492,2,0,0,0,93620,93620,93620,3659,3659,3659,591,591,591,0.00,0.00,0.00,0.00,0.00,0.00,0.00,0.00,0.00,0.00,0.00,0.00,0.00,0.00,0.00,0.00,0.00,0.00,0.00,0.00,0.00,298788,396417,665723,311893,410177,676207,0,0,0,0,0,0,0,75711,0,125.93,126.02,126.11
1492,3,0,0,0,93660,93660,93660,3619,3619,3619,591,591,591,0.00,0.00,0.00,0.00,0.00,0.00,0.00,0.00,0.00,0.00,0.00,0.00,0.00,0.00,0.00,0.00,0.00,0.00,0.00,0.00,0.00,293545,326964,416732,306650,340724,432458,0,0,0,0,0,0,0,112402,0,140.10,140.16,140.20
1493,0,0,0,0,93656,93656,93656,3623,3623,3623,591,591,591,0.00,0.00,0.00,0.00,0.00,0.00,0.00,0.00,0.00,0.00,0.00,0.00,0.00,0.00,0.00,0.00,0.00,0.00,0.00,0.00,0.00,290924,365882,613298,301408,379511,629024,0,0,0,0,0,0,0,110122,0,137.37,137.39,137.43
1493,1,0,0,0,93625,93625,93625,3655,3655,3655,591,591,591,0.00,0.00,0.00,0.00,0.00,0.00,0.00,0.00,0.00,0.00,0.00,0.00,0.00,0.00,0.00,0.00,0.00,0.00,0.00,0.00,0.00,403621,494236,820034,416725,507823,832928,0,0,0,0,0,0,0,99065,0,123.58,123.66,123.75
1493,2,0,0,0,93620,93620,93620,3659,3659,3659,591,591,591,0.00,0.00,0.00,0.00,0.00,0.00,0.00,0.00,0.00,0.00,0.00,0.00,0.00,0.00,0.00,0.00,0.00,0.00,0.00,0.00,0.00,304029,573987,1336688,317134,588140,1349793,0,0,0,0,0,0,0,113737,0,125.85,125.89,125.97
1493,3,0,0,0,93660,93660,93660,3619,3619,3619,591,591,591,0.00,0.00,0.00,0.00,0.00,0.00,0.00,0.00,0.00,0.00,0.00,0.00,0.00,0.00,0.00,0.00,0.00,0.00,0.00,0.00,0.00,197447,303155,421968,207931,316260,432452,0,0,0,0,0,0,0,126629,0,140.04,140.11,140.20
1494,0,0,0,0,93656,93656,93656,3623,3623,3623,591,591,591,0.00,0.00,0.00,0.00,0.00,0.00,0.00,0.00,0.00,0.00,0.00,0.00,0.00,0.00,0.00,0.00,0.00,0.00,0.00,0.00,0.00,199192,307171,456043,206181,320101,469148,0,0,0,0,0,0,0,123777,0,137.32,137.34,137.36
1494,1,0,0,0,93625,93625,93625,3655,3655,3655,591,591,591,0.00,0.00,0.00,0.00,0.00,0.00,0.00,0.00,0.00,0.00,0.00,0.00,0.00,0.00,0.00,0.00,0.00,0.00,0.00,0.00,0.00,276071,540608,754828,286555,553713,767933,0,0,0,0,0,0,0,111436,0,123.63,123.65,123.67
1494,2,0,0,0,93620,93620,93620,3659,3659,3659,591,591,591,0.00,0.00,0.00,0.00,0.00,0.00,0.00,0.00,0.00,0.00,0.00,0.00,0.00,0.00,0.00,0.00,0.00,0.00,0.00,0.00,0.00,197972,342507,599473,206506,355233,612337,0,0,0,0,0,0,0,101015,0,125.97,125.99,126.02
1494,3,0,0,0,93660,93660,93660,3619,3619,3619,591,591,591,0.00,0.00,0.00,0.00,0.00,0.00,0.00,0.00,0.00,0.00,0.00,0.00,0.00,0.00,0.00,0.00,0.00,0.00,0.00,0.00,0.00,293548,528380,877973,306653,542533,893697,0,0,0,0,0,0,0,112571,0,140.21,140.25,140.27
1495,0,0,0,0,93656,93656,93656,3623,3623,3623,591,591,591,0.00,0.00,0.00,0.00,0.00,0.00,0.00,0.00,0.00,0.00,0.00,0.00,0.00,0.00,0.00,0.00,0.00,0.00,0.00,0.00,0.00,304026,539387,1200387,317131,554064,1216112,0,0,0,0,0,0,0,110216,0,137.40,137.46,137.52
1495,1,0,0,0,93625,93625,93625,3655,3655,3655,591,591,591,0.00,0.00,0.00,0.00,0.00,0.00,0.00,0.00,0.00,0.00,0.00,0.00,0.00,0.00,0.00,0.00,0.00,0.00,0.00,0.00,0.00,414102,468093,660477,427207,482246,676202,0,0,0,0,0,0,0,99142,0,123.65,123.71,123.76
1495,2,0,0,0,93620,93620,93620,3659,3659,3659,591,591,591,0.00,0.00,0.00,0.00,0.00,0.00,0.00,0.00,0.00,0.00,0.00,0.00,0.00,0.00,0.00,0.00,0.00,0.00,0.00,0.00,0.00,304025,446607,678825,317135,460761,694551,0,0,0,0,0,0,0,101014,0,125.87,125.94,126.00
1495,3,0,0,0,93660,93660,93660,3619,3619,3619,591,591,591,0.00,0.00,0.00,0.00,0.00,0.00,0.00,0.00,0.00,0.00,0.00,0.00,0.00,0.00,0.00,0.00,0.00,0.00,0.00,0.00,0.00,296168,337531,492740,306653,351158,505845,0,0,0,0,0,0,0,112558,0,140.26,140.30,140.33
1496,0,0,0,0,93656,93656,93656,3623,3623,3623,591,591,591,0.00,0.00,0.00,0.00,0.00,0.00,0.00,0.00,0.00,0.00,0.00,0.00,0.00,0.00,0.00,0.00,0.00,0.00,0.00,0.00,0.00,301407,433498,878007,314512,447126,891112,0,0,0,0,0,0,0,110215,0,137.35,137.40,137.51
1496,1,0,0,0,93625,93625,93625,3655,3655,3655,591,591,591,0.00,0.00,0.00,0.00,0.00,0.00,0.00,0.00,0.00,0.00,0.00,0.00,0.00,0.00,0.00,0.00,0.00,0.00,0.00,0.00,0.00,401006,526807,878016,416732,540436,891121,0,0,0,0,0,0,0,99122,0,123.64,123.66,123.69
1496,2,0,0,0,93620,93620,93620,3659,3659,3659,591,591,591,0.00,0.00,0.00,0.00,0.00,0.00,0.00,0.00,0.00,0.00,0.00,0.00,0.00,0.00,0.00,0.00,0.00,0.00,0.00,0.00,0.00,301408,370597,642129,314496,384226,660475,0,0,0,0,0,0,0,101082,0,125.96,126.02,126.09
1496,3,0,0,0,93660,93660,93660,3619,3619,3619,591,591,591,0.00,0.00,0.00,0.00,0.00,0.00,0.00,0.00,0.00,0.00,0.00,0.00,0.00,0.00,0.00,0.00,0.00,0.00,0.00,0.00,0.00,290930,331683,414111,301414,345831,427216,0,0,0,0,0,0,0,112892,0,140.17,140.27,140.40
1497,0,0,0,0,93656,93656,93656,3623,3623,3623,591,591,591,0.00,0.00,0.00,0.00,0.00,0.00,0.00,0.00,0.00,0.00,0.00,0.00,0.00,0.00,0.00,0.00,0.00,0.00,0.00,0.00,0.00,296165,374269,529430,311890,387898,539914,0,0,0,0,0,0,0,110075,0,137.34,137.37,137.41
1497,1,0,0,0,93625,93625,93625,3655,3655,3655,591,591,591,0.00,0.00,0.00,0.00,0.00,0.00,0.00,0.00,0.00,0.00,0.00,0.00,0.00,0.00,0.00,0.00,0.00,0.00,0.00,0.00,0.00,406247,435353,529431,421973,449466,542536,0,0,0,0,0,0,0,99063,0,123.64,123.68,123.73
1497,2,0,0,0,93620,93620,93620,3659,3659,3659,591,591,591,0.00,0.00,0.00,0.00,0.00,0.00,0.00,0.00,0.00,0.00,0.00,0.00,0.00,0.00,0.00,0.00,0.00,0.00,0.00,0.00,0.00,309271,565602,1145354,322376,579755,1161080,0,0,0,0,0,0,0,101090,0,126.02,126.05,126.06
1497,3,0,0,0,93660,93660,93660,3619,3619,3619,591,591,591,0.00,0.00,0.00,0.00,0.00,0.00,0.00,0.00,0.00,0.00,0.00,0.00,0.00,0.00,0.00,0.00,0.00,0.00,0.00,0.00,0.00,83870,298617,511087,99596,312239,524192,0,0,0,0,0,0,0,126851,0,140.49,140.54,140.60
1498,0,0,0,0,93656,93656,93656,3623,3623,3623,591,591,591,0.00,0.00,0.00,0.00,0.00,0.00,0.00,0.00,0.00,0.00,0.00,0.00,0.00,0.00,0.00,0.00,0.00,0.00,0.00,0.00,0.00,241127,433501,1003812,254231,447654,1019537,0,0,0,0,0,0,0,96467,0,137.32,137.36,137.42
1498,1,0,0,0,93625,93625,93625,3655,3655,3655,591,591,591,0.00,0.00,0.00,0.00,0.00,0.00,0.00,0.00,0.00,0.00,0.00,0.00,0.00,0.00,0.00,0.00,0.00,0.00,0.00,0.00,0.00,214913,467573,715516,230639,481202,731242,0,0,0,0,0,0,0,74298,0,123.65,123.69,123.75
1498,2,0,0,0,93620,93620,93620,3659,3659,3659,591,591,591,0.00,0.00,0.00,0.00,0.00,0.00,0.00,0.00,0.00,0.00,0.00,0.00,0.00,0.00,0.00,0.00,0.00,0.00,0.00,0.00,0.00,293548,381275,710258,307429,395391,723362,0,0,0,0,0,0,0,101127,0,125.94,125.99,126.05
1498,3,0,0,0,93660,93660,93660,3619,3619,3619,591,591,591,0.00,0.00,0.00,0.00,0.00,0.00,0.00,0.00,0.00,0.00,0.00,0.00,0.00,0.00,0.00,0.00,0.00,0.00,0.00,0.00,0.00,293548,464465,807412,309274,478084,823090,0,0,0,0,0,0,0,84480,0,140.27,140.33,140.40
1499,0,0,0,0,93656,93656,93656,3623,3623,3623,591,591,591,0.00,0.00,0.00,0.00,0.00,0.00,0.00,0.00,0.00,0.00,0.00,0.00,0.00,0.00,0.00,0.00,0.00,0.00,0.00,0.00,0.00,296166,349104,539910,309270,363257,555636,0,0,0,0,0,0,0,110159,0,137.48,137.49,137.50
1499,1,0,0,0,93625,93625,93625,3655,3655,3655,591,591,591,0.00,0.00,0.00,0.00,0.00,0.00,0.00,0.00,0.00,0.00,0.00,0.00,0.00,0.00,0.00,0.00,0.00,0.00,0.00,0.00,0.00,408864,492208,694535,421969,506361,710260,0,0,0,0,0,0,0,99103,0,123.64,123.69,123.76
1499,2,0,0,0,93620,93620,93620,3659,3659,3659,591,591,591,0.00,0.00,0.00,0.00,0.00,0.00,0.00,0.00,0.00,0.00,0.00,0.00,0.00,0.00,0.00,0.00,0.00,0.00,0.00,0.00,0.00,301410,367452,610681,314515,381081,626407,0,0,0,0,0,0,0,75727,0,125.92,126.00,126.03
1499,3,0,0,0,93660,93660,93660,3619,3619,3619,591,591,591,0.00,0.00,0.00,0.00,0.00,0.00,0.00,0.00,0.00,0.00,0.00,0.00,0.00,0.00,0.00,0.00,0.00,0.00,0.00,0.00,0.00,293549,350411,478292,309275,364556,493973,0,0,0,0,0,0,0,112560,0,140.22,140.27,140.36
1500,0,0,0,0,93656,93656,93656,3623,3623,3623,591,591,591,0.00,0.00,0.00,0.00,0.00,0.00,0.00,0.00,0.00,0.00,0.00,0.00,0.00,0.00,0.00,0.00,0.00,0.00,0.00,0.00,0.00,301409,438743,660472,317134,452371,673576,0,0,0,0,0,0,0,110210,0,137.44,137.45,137.47
1500,1,0,0,0,93625,93625,93625,3655,3655,3655,591,591,591,0.00,0.00,0.00,0.00,0.00,0.00,0.00,0.00,0.00,0.00,0.00,0.00,0.00,0.00,0.00,0.00,0.00,0.00,0.00,0.00,0.00,401006,486964,760070,414110,500593,773175,0,0,0,0,0,0,0,99120,0,123.61,123.64,123.67
1500,2,0,0,0,93620,93620,93620,3659,3659,3659,591,591,591,0.00,0.00,0.00,0.00,0.00,0.00,0.00,0.00,0.00,0.00,0.00,0.00,0.00,0.00,0.00,0.00,0.00,0.00,0.00,0.00,0.00,298786,375317,652615,311893,389470,665720,0,0,0,0,0,0,0,101056,0,125.91,125.97,126.03
1500,3,0,0,0,93660,93660,93660,3619,3619,3619,591,591,591,0.00,0.00,0.00,0.00,0.00,0.00,0.00,0.00,0.00,0.00,0.00,0.00,0.00,0.00,0.00,0.00,0.00,0.00,0.00,0.00,0.00,293557,319923,369553,306662,334057,382658,0,0,0,0,0,0,0,112739,0,140.24,140.34,140.41
1501,0,0,0,0,93656,93656,93656,3623,3623,3623,591,591,591,0.00,0.00,0.00,0.00,0.00,0.00,0.00,0.00,0.00,0.00,0.00,0.00,0.00,0.00,0.00,0.00,0.00,0.00,0.00,0.00,0.00,293545,338621,505842,306650,352774,521568,0,0,0,0,0,0,0,110035,0,137.30,137.39,137.46
1501,1,0,0,0,93625,93625,93625,3655,3655,3655,591,591,591,0.00,0.00,0.00,0.00,0.00,0.00,0.00,0.00,0.00,0.00,0.00,0.00,0.00,0.00,0.00,0.00,0.00,0.00,0.00,0.00,0.00,406242,482776,726003,419346,496929,739107,0,0,0,0,0,0,0,111600,0,123.66,123.73,123.79
1501,2,0,0,0,93620,93620,93620,3659,3659,3659,591,591,591,0.00,0.00,0.00,0.00,0.00,0.00,0.00,0.00,0.00,0.00,0.00,0.00,0.00,0.00,0.00,0.00,0.00,0.00,0.00,0.00,0.00,299001,506408,1011687,314466,520509,1024792,0,0,0,0,0,0,0,101125,0,126.06,126.08,126.11
1501,3,0,0,0,93660,93660,93660,3619,3619,3619,591,591,591,0.00,0.00,0.00,0.00,0.00,0.00,0.00,0.00,0.00,0.00,0.00,0.00,0.00,0.00,0.00,0.00,0.00,0.00,0.00,0.00,0.00,296170,494296,982864,311893,508449,995969,0,0,0,0,0,0,0,126584,0,140.14,140.24,140.32
1502,0,0,0,0,93656,93656,93656,3623,3623,3623,591,591,591,0.00,0.00,0.00,0.00,0.00,0.00,0.00,0.00,0.00,0.00,0.00,0.00,0.00,0.00,0.00,0.00,0.00,0.00,0.00,0.00,0.00,296168,538862,1234458,309273,552491,1247562,0,0,0,0,0,0,0,124055,0,137.29,137.38,137.50
1502,1,0,0,0,93625,93625,93625,3655,3655,3655,591,591,591,0.00,0.00,0.00,0.00,0.00,0.00,0.00,0.00,0.00,0.00,0.00,0.00,0.00,0.00,0.00,0.00,0.00,0.00,0.00,0.00,0.00,411486,494826,697165,424591,508979,712891,0,0,0,0,0,0,0,99150,0,123.75,123.80,123.84
1502,2,0,0,0,93620,93620,93620,3659,3659,3659,591,591,591,0.00,0.00,0.00,0.00,0.00,0.00,0.00,0.00,0.00,0.00,0.00,0.00,0.00,0.00,0.00,0.00,0.00,0.00,0.00,0.00,0.00,293550,380039,678825,309276,393668,691929,0,0,0,0,0,0,0,101193,0,126.09,126.13,126.15
1502,3,0,0,0,93660,93660,93660,3619,3619,3619,591,591,591,0.00,0.00,0.00,0.00,0.00,0.00,0.00,0.00,0.00,0.00,0.00,0.00,0.00,0.00,0.00,0.00,0.00,0.00,0.00,0.00,0.00,296169,344230,492742,309274,357852,505846,0,0,0,0,0,0,0,112489,0,140.14,140.22,140.26
1503,0,0,0,0,93656,93656,93656,3623,3623,3623,591,591,591,0.00,0.00,0.00,0.00,0.00,0.00,0.00,0.00,0.00,0.00,0.00,0.00,0.00,0.00,0.00,0.00,0.00,0.00,0.00,0.00,0.00,296165,372696,655231,309269,386849,670957,0,0,0,0,0,0,0,110130,0,137.36,137.42,137.50
1503,1,0,0,0,93625,93625,93625,3655,3655,3655,591,591,591,0.00,0.00,0.00,0.00,0.00,0.00,0.00,0.00,0.00,0.00,0.00,0.00,0.00,0.00,0.00,0.00,0.00,0.00,0.00,0.00,0.00,421972,572411,770558,437698,586564,786284,0,0,0,0,0,0,0,99190,0,123.70,123.73,123.74
1503,2,0,0,0,93620,93620,93620,3659,3659,3659,591,591,591,0.00,0.00,0.00,0.00,0.00,0.00,0.00,0.00,0.00,0.00,0.00,0.00,0.00,0.00,0.00,0.00,0.00,0.00,0.00,0.00,0.00,298787,366933,629028,309271,380562,644754,0,0,0,0,0,0,0,101252,0,126.14,126.17,126.22
1503,3,0,0,0,93660,93660,93660,3619,3619,3619,591,591,591,0.00,0.00,0.00,0.00,0.00,0.00,0.00,0.00,0.00,0.00,0.00,0.00,0.00,0.00,0.00,0.00,0.00,0.00,0.00,0.00,0.00,296168,308052,345967,311894,322196,361692,0,0,0,0,0,0,0,112576,0,140.19,140.23,140.32
1504,0,0,0,0,93656,93656,93656,3623,3623,3623,591,591,591,0.00,0.00,0.00,0.00,0.00,0.00,0.00,0.00,0.00,0.00,0.00,0.00,0.00,0.00,0.00,0.00,0.00,0.00,0.00,0.00,0.00,296166,363782,608056,309271,377410,621160,0,0,0,0,0,0,0,110096,0,137.36,137.40,137.41
1504,1,0,0,0,93625,93625,93625,3655,3655,3655,591,591,591,0.00,0.00,0.00,0.00,0.00,0.00,0.00,0.00,0.00,0.00,0.00,0.00,0.00,0.00,0.00,0.00,0.00,0.00,0.00,0.00,0.00,408862,510558,864913,424588,524186,878017,0,0,0,0,0,0,0,99077,0,123.64,123.68,123.72
1504,2,0,0,0,93620,93620,93620,3659,3659,3659,591,591,591,0.00,0.00,0.00,0.00,0.00,0.00,0.00,0.00,0.00,0.00,0.00,0.00,0.00,0.00,0.00,0.00,0.00,0.00,0.00,0.00,0.00,298788,580276,1313104,314514,594429,1326209,0,0,0,0,0,0,0,113967,0,126.21,126.23,126.26
1504,3,0,0,0,93660,93660,93660,3619,3619,3619,591,591,591,0.00,0.00,0.00,0.00,0.00,0.00,0.00,0.00,0.00,0.00,0.00,0.00,0.00,0.00,0.00,0.00,0.00,0.00,0.00,0.00,0.00,197447,289187,367481,207931,301664,382900,0,0,0,0,0,0,0,126614,0,140.24,140.30,140.36
1505,0,0,0,0,93656,93656,93656,3623,3623,3623,591,591,591,0.00,0.00,0.00,0.00,0.00,0.00,0.00,0.00,0.00,0.00,0.00,0.00,0.00,0.00,0.00,0.00,0.00,0.00,0.00,0.00,0.00,197444,307872,458664,206180,321152,471768,0,0,0,0,0,0,0,123874,0,137.32,137.35,137.41
1505,1,0,0,0,93625,93625,93625,3655,3655,3655,591,591,591,0.00,0.00,0.00,0.00,0.00,0.00,0.00,0.00,0.00,0.00,0.00,0.00,0.00,0.00,0.00,0.00,0.00,0.00,0.00,0.00,0.00,414104,586877,1079819,429830,599599,1092924,0,0,0,0,0,0,0,111520,0,123.63,123.68,123.71
1505,2,0,0,0,93620,93620,93620,3659,3659,3659,591,591,591,0.00,0.00,0.00,0.00,0.00,0.00,0.00,0.00,0.00,0.00,0.00,0.00,0.00,0.00,0.00,0.00,0.00,0.00,0.00,0.00,0.00,202265,348156,623789,210909,361417,639515,0,0,0,0,0,0,0,101188,0,126.21,126.24,126.31
1505,3,0,0,0,93660,93660,93660,3619,3619,3619,591,591,591,0.00,0.00,0.00,0.00,0.00,0.00,0.00,0.00,0.00,0.00,0.00,0.00,0.00,0.00,0.00,0.00,0.00,0.00,0.00,0.00,0.00,296167,523665,809874,306651,537818,822979,0,0,0,0,0,0,0,112551,0,140.21,140.24,140.26
1506,0,0,0,0,93656,93656,93656,3623,3623,3623,591,591,591,0.00,0.00,0.00,0.00,0.00,0.00,0.00,0.00,0.00,0.00,0.00,0.00,0.00,0.00,0.00,0.00,0.00,0.00,0.00,0.00,0.00,296166,538333,1234460,311892,552486,1250186,0,0,0,0,0,0,0,82614,0,137.37,137.39,137.43
1506,1,0,0,0,93625,93625,93625,3655,3655,3655,591,591,591,0.00,0.00,0.00,0.00,0.00,0.00,0.00,0.00,0.00,0.00,0.00,0.00,0.00,0.00,0.00,0.00,0.00,0.00,0.00,0.00,0.00,414104,475435,697164,427209,490112,710269,0,0,0,0,0,0,0,74356,0,123.62,123.67,123.71
1506,2,0,0,0,93620,93620,93620,3659,3659,3659,591,591,591,0.00,0.00,0.00,0.00,0.00,0.00,0.00,0.00,0.00,0.00,0.00,0.00,0.00,0.00,0.00,0.00,0.00,0.00,0.00,0.00,0.00,301391,440315,655245,314512,453944,668350,0,0,0,0,0,0,0,101148,0,126.09,126.12,126.16
1506,3,0,0,0,93660,93660,93660,3619,3619,3619,591,591,591,0.00,0.00,0.00,0.00,0.00,0.00,0.00,0.00,0.00,0.00,0.00,0.00,0.00,0.00,0.00,0.00,0.00,0.00,0.00,0.00,0.00,290911,334954,474391,306636,348582,487496,0,0,0,0,0,0,0,84412,0,140.18,140.23,140.27
1507,0,0,0,0,93656,93656,93656,3623,3623,3623,591,591,591,0.00,0.00,0.00,0.00,0.00,0.00,0.00,0.00,0.00,0.00,0.00,0.00,0.00,0.00,0.00,0.00,0.00,0.00,0.00,0.00,0.00,293543,395760,660476,309268,409520,673581,0,0,0,0,0,0,0,110260,0,137.37,137.45,137.53
1507,1,0,0,0,93625,93625,93625,3655,3655,3655,591,591,591,0.00,0.00,0.00,0.00,0.00,0.00,0.00,0.00,0.00,0.00,0.00,0.00,0.00,0.00,0.00,0.00,0.00,0.00,0.00,0.00,0.00,427212,534659,762648,440317,547764,775752,0,0,0,0,0,0,0,99131,0,123.62,123.64,123.65
1507,2,0,0,0,93620,93620,93620,3659,3659,3659,591,591,591,0.00,0.00,0.00,0.00,0.00,0.00,0.00,0.00,0.00,0.00,0.00,0.00,0.00,0.00,0.00,0.00,0.00,0.00,0.00,0.00,0.00,298786,392485,663100,311891,406900,678826,0,0,0,0,0,0,0,75971,0,126.15,126.18,126.23
1507,3,0,0,0,93660,93660,93660,3619,3619,3619,591,591,591,0.00,0.00,0.00,0.00,0.00,0.00,0.00,0.00,0.00,0.00,0.00,0.00,0.00,0.00,0.00,0.00,0.00,0.00,0.00,0.00,0.00,296166,313203,361692,309271,326964,377418,0,0,0,0,0,0,0,112634,0,140.22,140.25,140.30
1508,0,0,0,0,93656,93656,93656,3623,3623,3623,591,591,591,0.00,0.00,0.00,0.00,0.00,0.00,0.00,0.00,0.00,0.00,0.00,0.00,0.00,0.00,0.00,0.00,0.00,0.00,0.00,0.00,0.00,290923,360115,605432,306648,374268,621158,0,0,0,0,0,0,0,110215,0,137.49,137.55,137.62
1508,1,0,0,0,93625,93625,93625,3655,3655,3655,591,591,591,0.00,0.00,0.00,0.00,0.00,0.00,0.00,0.00,0.00,0.00,0.00,0.00,0.00,0.00,0.00,0.00,0.00,0.00,0.00,0.00,0.00,406248,503218,851803,421974,517895,867529,0,0,0,0,0,0,0,99103,0,123.63,123.66,123.69
1508,2,0,0,0,93620,93620,93620,3659,3659,3659,591,591,591,0.00,0.00,0.00,0.00,0.00,0.00,0.00,0.00,0.00,0.00,0.00,0.00,0.00,0.00,0.00,0.00,0.00,0.00,0.00,0.00,0.00,298790,517369,1344516,311895,530998,1360242,0,0,0,0,0,0,0,113975,0,126.24,126.29,126.34
1508,3,0,0,0,93660,93660,93660,3619,3619,3619,591,591,591,0.00,0.00,0.00,0.00,0.00,0.00,0.00,0.00,0.00,0.00,0.00,0.00,0.00,0.00,0.00,0.00,0.00,0.00,0.00,0.00,0.00,296164,341940,403629,309927,355181,416726,0,0,0,0,0,0,0,126712,0,140.15,140.23,140.34
1509,0,0,0,0,93656,93656,93656,3623,3623,3623,591,591,591,0.00,0.00,0.00,0.00,0.00,0.00,0.00,0.00,0.00,0.00,0.00,0.00,0.00,0.00,0.00,0.00,0.00,0.00,0.00,0.00,0.00,296164,494421,1114487,309268,507873,1126708,0,0,0,0,0,0,0,124043,0,137.38,137.41,137.45
1509,1,0,0,0,93625,93625,93625,3655,3655,3655,591,591,591,0.00,0.00,0.00,0.00,0.00,0.00,0.00,0.00,0.00,0.00,0.00,0.00,0.00,0.00,0.00,0.00,0.00,0.00,0.00,0.00,0.00,416728,482425,563500,429832,495355,573983,0,0,0,0,0,0,0,111476,0,123.64,123.68,123.72
1509,2,0,0,0,93620,93620,93620,3659,3659,3659,591,591,591,0.00,0.00,0.00,0.00,0.00,0.00,0.00,0.00,0.00,0.00,0.00,0.00,0.00,0.00,0.00,0.00,0.00,0.00,0.00,0.00,0.00,199346,412047,678856,209569,424576,691962,0,0,0,0,0,0,0,101198,0,126.16,126.20,126.23
1509,3,0,0,0,93660,93660,93660,3619,3619,3619,591,591,591,0.00,0.00,0.00,0.00,0.00,0.00,0.00,0.00,0.00,0.00,0.00,0.00,0.00,0.00,0.00,0.00,0.00,0.00,0.00,0.00,0.00,293548,469142,896355,306653,483295,912081,0,0,0,0,0,0,0,112441,0,140.19,140.32,140.38
1510,0,0,0,0,93656,93656,93656,3623,3623,3623,591,591,591,0.00,0.00,0.00,0.00,0.00,0.00,0.00,0.00,0.00,0.00,0.00,0.00,0.00,0.00,0.00,0.00,0.00,0.00,0.00,0.00,0.00,199190,336519,597571,207927,349799,610676,0,0,0,0,0,0,0,110156,0,137.41,137.49,137.55
1510,1,0,0,0,93625,93625,93625,3655,3655,3655,591,591,591,0.00,0.00,0.00,0.00,0.00,0.00,0.00,0.00,0.00,0.00,0.00,0.00,0.00,0.00,0.00,0.00,0.00,0.00,0.00,0.00,0.00,411490,497446,699781,424595,511075,715507,0,0,0,0,0,0,0,99145,0,123.62,123.68,123.70
1510,2,0,0,0,93620,93620,93620,3659,3659,3659,591,591,591,0.00,0.00,0.00,0.00,0.00,0.00,0.00,0.00,0.00,0.00,0.00,0.00,0.00,0.00,0.00,0.00,0.00,0.00,0.00,0.00,0.00,290929,369028,644745,304033,383181,660470,0,0,0,0,0,0,0,101052,0,126.02,126.07,126.14
1510,3,0,0,0,93660,93660,93660,3619,3619,3619,591,591,591,0.00,0.00,0.00,0.00,0.00,0.00,0.00,0.00,0.00,0.00,0.00,0.00,0.00,0.00,0.00,0.00,0.00,0.00,0.00,0.00,0.00,298789,351731,505838,311894,365360,521563,0,0,0,0,0,0,0,112461,0,140.05,140.10,140.17
1511,0,0,0,0,93656,93656,93656,3623,3623,3623,591,591,591,0.00,0.00,0.00,0.00,0.00,0.00,0.00,0.00,0.00,0.00,0.00,0.00,0.00,0.00,0.00,0.00,0.00,0.00,0.00,0.00,0.00,306648,441886,639508,319753,456039,655234,0,0,0,0,0,0,0,110135,0,137.38,137.39,137.40
1511,1,0,0,0,93625,93625,93625,3655,3655,3655,591,591,591,0.00,0.00,0.00,0.00,0.00,0.00,0.00,0.00,0.00,0.00,0.00,0.00,0.00,0.00,0.00,0.00,0.00,0.00,0.00,0.00,0.00,403624,501646,809871,416728,515799,825597,0,0,0,0,0,0,0,99203,0,123.65,123.69,123.72
1511,2,0,0,0,93620,93620,93620,3659,3659,3659,591,591,591,0.00,0.00,0.00,0.00,0.00,0.00,0.00,0.00,0.00,0.00,0.00,0.00,0.00,0.00,0.00,0.00,0.00,0.00,0.00,0.00,0.00,304031,380558,663097,319756,394710,676201,0,0,0,0,0,0,0,101156,0,126.00,126.05,126.12
1511,3,0,0,0,93660,93660,93660,3619,3619,3619,591,591,591,0.00,0.00,0.00,0.00,0.00,0.00,0.00,0.00,0.00,0.00,0.00,0.00,0.00,0.00,0.00,0.00,0.00,0.00,0.00,0.00,0.00,296164,316607,393143,309273,330760,406248,0,0,0,0,0,0,0,112570,0,140.02,140.08,140.16
1512,0,0,0,0,93656,93656,93656,3623,3623,3623,591,591,591,0.00,0.00,0.00,0.00,0.00,0.00,0.00,0.00,0.00,0.00,0.00,0.00,0.00,0.00,0.00,0.00,0.00,0.00,0.00,0.00,0.00,293545,336526,487489,304029,350156,503215,0,0,0,0,0,0,0,110214,0,137.35,137.41,137.45
1512,1,0,0,0,93625,93625,93625,3655,3655,3655,591,591,591,0.00,0.00,0.00,0.00,0.00,0.00,0.00,0.00,0.00,0.00,0.00,0.00,0.00,0.00,0.00,0.00,0.00,0.00,0.00,0.00,0.00,411468,513350,846565,427193,526105,859670,0,0,0,0,0,0,0,111445,0,123.61,123.70,123.80
1512,2,0,0,0,93620,93620,93620,3659,3659,3659,591,591,591,0.00,0.00,0.00,0.00,0.00,0.00,0.00,0.00,0.00,0.00,0.00,0.00,0.00,0.00,0.00,0.00,0.00,0.00,0.00,0.00,0.00,301412,564029,1279026,314515,578182,1294751,0,0,0,0,0,0,0,101246,0,126.14,126.19,126.22
1512,3,0,0,0,93660,93660,93660,3619,3619,3619,591,591,591,0.00,0.00,0.00,0.00,0.00,0.00,0.00,0.00,0.00,0.00,0.00,0.00,0.00,0.00,0.00,0.00,0.00,0.00,0.00,0.00,0.00,301402,488892,809878,314506,501997,822983,0,0,0,0,0,0,0,126625,0,140.22,140.28,140.31
1513,0,0,0,0,93656,93656,93656,3623,3623,3623,591,591,591,0.00,0.00,0.00,0.00,0.00,0.00,0.00,0.00,0.00,0.00,0.00,0.00,0.00,0.00,0.00,0.00,0.00,0.00,0.00,0.00,0.00,290923,534262,1200394,304028,548368,1213498,0,0,0,0,0,0,0,96589,0,137.46,137.52,137.57
1513,1,0,0,0,93625,93625,93625,3655,3655,3655,591,591,591,0.00,0.00,0.00,0.00,0.00,0.00,0.00,0.00,0.00,0.00,0.00,0.00,0.00,0.00,0.00,0.00,0.00,0.00,0.00,0.00,0.00,406245,468516,578518,419350,482668,591607,0,0,0,0,0,0,0,74296,0,123.64,123.69,123.72
1513,2,0,0,0,93620,93620,93620,3659,3659,3659,591,591,591,0.00,0.00,0.00,0.00,0.00,0.00,0.00,0.00,0.00,0.00,0.00,0.00,0.00,0.00,0.00,0.00,0.00,0.00,0.00,0.00,0.00,296173,329997,449573,311893,342901,461677,0,0,0,0,0,0,0,101252,0,126.26,126.28,126.32
1513,3,0,0,0,93660,93660,93660,3619,3619,3619,591,591,591,0.00,0.00,0.00,0.00,0.00,0.00,0.00,0.00,0.00,0.00,0.00,0.00,0.00,0.00,0.00,0.00,0.00,0.00,0.00,0.00,0.00,298788,345965,492742,309272,359594,508468,0,0,0,0,0,0,0,84475,0,140.25,140.27,140.30
1514,0,0,0,0,93656,93656,93656,3623,3623,3623,591,591,591,0.00,0.00,0.00,0.00,0.00,0.00,0.00,0.00,0.00,0.00,0.00,0.00,0.00,0.00,0.00,0.00,0.00,0.00,0.00,0.00,0.00,296164,397066,697166,309268,390514,710271,0,0,0,0,0,0,0,110273,0,137.51,137.55,137.57
1514,1,0,0,0,93625,93625,93625,3655,3655,3655,591,591,591,0.00,0.00,0.00,0.00,0.00,0.00,0.00,0.00,0.00,0.00,0.00,0.00,0.00,0.00,0.00,0.00,0.00,0.00,0.00,0.00,0.00,424591,527485,718137,440317,541899,733862,0,0,0,0,0,0,0,99250,0,123.71,123.76,123.79
1514,2,0,0,0,93620,93620,93620,3659,3659,3659,591,591,591,0.00,0.00,0.00,0.00,0.00,0.00,0.00,0.00,0.00,0.00,0.00,0.00,0.00,0.00,0.00,0.00,0.00,0.00,0.00,0.00,0.00,301410,394442,657823,314514,408202,670927,0,0,0,0,0,0,0,75859,0,126.18,126.22,126.28
1514,3,0,0,0,93660,93660,93660,3619,3619,3619,591,591,591,0.00,0.00,0.00,0.00,0.00,0.00,0.00,0.00,0.00,0.00,0.00,0.00,0.00,0.00,0.00,0.00,0.00,0.00,0.00,0.00,0.00,293549,337445,461292,306654,351205,474397,0,0,0,0,0,0,0,112653,0,140.25,140.27,140.29
1515,0,0,0,0,93656,93656,93656,3623,3623,3623,591,591,591,0.00,0.00,0.00,0.00,0.00,0.00,0.00,0.00,0.00,0.00,0.00,0.00,0.00,0.00,0.00,0.00,0.00,0.00,0.00,0.00,0.00,293543,360639,602813,309269,375317,618539,0,0,0,0,0,0,0,110244,0,137.48,137.53,137.55
1515,1,0,0,0,93625,93625,93625,3655,3655,3655,591,591,591,0.00,0.00,0.00,0.00,0.00,0.00,0.00,0.00,0.00,0.00,0.00,0.00,0.00,0.00,0.00,0.00,0.00,0.00,0.00,0.00,0.00,403945,484213,739066,416975,497839,752170,0,0,0,0,0,0,0,99148,0,123.62,123.70,123.78
1515,2,0,0,0,93620,93620,93620,3659,3659,3659,591,591,591,0.00,0.00,0.00,0.00,0.00,0.00,0.00,0.00,0.00,0.00,0.00,0.00,0.00,0.00,0.00,0.00,0.00,0.00,0.00,0.00,0.00,304029,371649,629029,314514,385802,644755,0,0,0,0,0,0,0,113816,0,126.09,126.15,126.19
1515,3,0,0,0,93660,93660,93660,3619,3619,3619,591,591,591,0.00,0.00,0.00,0.00,0.00,0.00,0.00,0.00,0.00,0.00,0.00,0.00,0.00,0.00,0.00,0.00,0.00,0.00,0.00,0.00,0.00,288037,318020,390524,303607,332660,401008,0,0,0,0,0,0,0,112523,0,140.24,140.31,140.36
1516,0,0,0,0,93656,93656,93656,3623,3623,3623,591,591,591,0.00,0.00,0.00,0.00,0.00,0.00,0.00,0.00,0.00,0.00,0.00,0.00,0.00,0.00,0.00,0.00,0.00,0.00,0.00,0.00,0.00,296148,328662,456045,309252,342290,469150,0,0,0,0,0,0,0,110121,0,137.34,137.39,137.44
1516,1,0,0,0,93625,93625,93625,3655,3655,3655,591,591,591,0.00,0.00,0.00,0.00,0.00,0.00,0.00,0.00,0.00,0.00,0.00,0.00,0.00,0.00,0.00,0.00,0.00,0.00,0.00,0.00,0.00,361690,472717,712777,370426,485959,728500,0,0,0,0,0,0,0,111664,0,123.63,123.71,123.81
1516,2,0,0,0,93620,93620,93620,3659,3659,3659,591,591,591,0.00,0.00,0.00,0.00,0.00,0.00,0.00,0.00,0.00,0.00,0.00,0.00,0.00,0.00,0.00,0.00,0.00,0.00,0.00,0.00,0.00,301392,569789,1313099,314496,583418,1326204,0,0,0,0,0,0,0,101109,0,126.19,126.21,126.23
1516,3,0,0,0,93660,93660,93660,3619,3619,3619,591,591,591,0.00,0.00,0.00,0.00,0.00,0.00,0.00,0.00,0.00,0.00,0.00,0.00,0.00,0.00,0.00,0.00,0.00,0.00,0.00,0.00,0.00,199192,471756,972376,209676,484860,988102,0,0,0,0,0,0,0,126588,0,140.10,140.15,140.18
1517,0,0,0,0,93656,93656,93656,3623,3623,3623,591,591,591,0.00,0.00,0.00,0.00,0.00,0.00,0.00,0.00,0.00,0.00,0.00,0.00,0.00,0.00,0.00,0.00,0.00,0.00,0.00,0.00,0.00,220157,472970,954023,233262,483306,956644,0,0,0,0,0,0,0,110210,0,137.29,137.39,137.44
1517,1,0,0,0,93625,93625,93625,3655,3655,3655,591,591,591,0.00,0.00,0.00,0.00,0.00,0.00,0.00,0.00,0.00,0.00,0.00,0.00,0.00,0.00,0.00,0.00,0.00,0.00,0.00,0.00,0.00,408867,543573,744341,424593,557726,760067,0,0,0,0,0,0,0,99210,0,123.85,123.87,123.89
1517,2,0,0,0,93620,93620,93620,3659,3659,3659,591,591,591,0.00,0.00,0.00,0.00,0.00,0.00,0.00,0.00,0.00,0.00,0.00,0.00,0.00,0.00,0.00,0.00,0.00,0.00,0.00,0.00,0.00,200498,354603,681449,209140,367856,694553,0,0,0,0,0,0,0,101203,0,126.09,126.12,126.14
1517,3,0,0,0,93660,93660,93660,3619,3619,3619,591,591,591,0.00,0.00,0.00,0.00,0.00,0.00,0.00,0.00,0.00,0.00,0.00,0.00,0.00,0.00,0.00,0.00,0.00,0.00,0.00,0.00,0.00,298787,341771,505845,311892,355400,518950,0,0,0,0,0,0,0,112599,0,140.30,140.32,140.32
1518,0,0,0,0,93656,93656,93656,3623,3623,3623,591,591,591,0.00,0.00,0.00,0.00,0.00,0.00,0.00,0.00,0.00,0.00,0.00,0.00,0.00,0.00,0.00,0.00,0.00,0.00,0.00,0.00,0.00,288019,368969,652608,306650,386848,668334,0,0,0,0,0,0,0,110070,0,137.22,137.30,137.45
1518,1,0,0,0,93625,93625,93625,3655,3655,3655,591,591,591,0.00,0.00,0.00,0.00,0.00,0.00,0.00,0.00,0.00,0.00,0.00,0.00,0.00,0.00,0.00,0.00,0.00,0.00,0.00,0.00,0.00,421970,522089,762698,437696,536242,775803,0,0,0,0,0,0,0,99139,0,123.69,123.73,123.84
1518,2,0,0,0,93620,93620,93620,3659,3659,3659,591,591,591,0.00,0.00,0.00,0.00,0.00,0.00,0.00,0.00,0.00,0.00,0.00,0.00,0.00,0.00,0.00,0.00,0.00,0.00,0.00,0.00,0.00,298789,442941,657858,311894,456570,670963,0,0,0,0,0,0,0,101300,0,126.17,126.26,126.35
1518,3,0,0,0,93660,93660,93660,3619,3619,3619,591,591,591,0.00,0.00,0.00,0.00,0.00,0.00,0.00,0.00,0.00,0.00,0.00,0.00,0.00,0.00,0.00,0.00,0.00,0.00,0.00,0.00,0.00,296168,327094,440323,309272,340724,456049,0,0,0,0,0,0,0,112566,0,140.18,140.25,140.30
1519,0,0,0,0,93656,93656,93656,3623,3623,3623,591,591,591,0.00,0.00,0.00,0.00,0.00,0.00,0.00,0.00,0.00,0.00,0.00,0.00,0.00,0.00,0.00,0.00,0.00,0.00,0.00,0.00,0.00,296166,369024,636890,309272,380556,649995,0,0,0,0,0,0,0,110269,0,137.24,137.37,137.53
1519,1,0,0,0,93625,93625,93625,3655,3655,3655,591,591,591,0.00,0.00,0.00,0.00,0.00,0.00,0.00,0.00,0.00,0.00,0.00,0.00,0.00,0.00,0.00,0.00,0.00,0.00,0.00,0.00,0.00,406243,493049,827161,416727,506675,840249,0,0,0,0,0,0,0,99278,0,123.71,123.83,123.91
1519,2,0,0,0,93620,93620,93620,3659,3659,3659,591,591,591,0.00,0.00,0.00,0.00,0.00,0.00,0.00,0.00,0.00,0.00,0.00,0.00,0.00,0.00,0.00,0.00,0.00,0.00,0.00,0.00,0.00,301409,504792,1297375,314513,518944,1313101,0,0,0,0,0,0,0,114057,0,126.29,126.34,126.38
1519,3,0,0,0,93660,93660,93660,3619,3619,3619,591,591,591,0.00,0.00,0.00,0.00,0.00,0.00,0.00,0.00,0.00,0.00,0.00,0.00,0.00,0.00,0.00,0.00,0.00,0.00,0.00,0.00,0.00,290503,367767,534674,303472,381888,547779,0,0,0,0,0,0,0,126559,0,140.06,140.11,140.19
1520,0,0,0,0,93656,93656,93656,3623,3623,3623,591,591,591,0.00,0.00,0.00,0.00,0.00,0.00,0.00,0.00,0.00,0.00,0.00,0.00,0.00,0.00,0.00,0.00,0.00,0.00,0.00,0.00,0.00,296164,514749,1210875,309269,528902,1226600,0,0,0,0,0,0,0,124000,0,137.42,137.50,137.56
1520,1,0,0,0,93625,93625,93625,3655,3655,3655,591,591,591,0.00,0.00,0.00,0.00,0.00,0.00,0.00,0.00,0.00,0.00,0.00,0.00,0.00,0.00,0.00,0.00,0.00,0.00,0.00,0.00,0.00,408843,498200,719281,421947,511730,737135,0,0,0,0,0,0,0,111552,0,123.86,123.87,123.90
1520,2,0,0,0,93620,93620,93620,3659,3659,3659,591,591,591,0.00,0.00,0.00,0.00,0.00,0.00,0.00,0.00,0.00,0.00,0.00,0.00,0.00,0.00,0.00,0.00,0.00,0.00,0.00,0.00,0.00,296167,439271,676209,311892,453424,689314,0,0,0,0,0,0,0,101150,0,126.13,126.21,126.32
1520,3,0,0,0,93660,93660,93660,3619,3619,3619,591,591,591,0.00,0.00,0.00,0.00,0.00,0.00,0.00,0.00,0.00,0.00,0.00,0.00,0.00,0.00,0.00,0.00,0.00,0.00,0.00,0.00,0.00,296162,421272,615923,311887,434901,629028,0,0,0,0,0,0,0,84302,0,140.12,140.15,140.18
1521,0,0,0,0,93656,93656,93656,3623,3623,3623,591,591,591,0.00,0.00,0.00,0.00,0.00,0.00,0.00,0.00,0.00,0.00,0.00,0.00,0.00,0.00,0.00,0.00,0.00,0.00,0.00,0.00,0.00,292322,363989,553023,307844,377697,566128,0,0,0,0,0,0,0,82535,0,137.33,137.38,137.42
1521,1,0,0,0,93625,93625,93625,3655,3655,3655,591,591,591,0.00,0.00,0.00,0.00,0.00,0.00,0.00,0.00,0.00,0.00,0.00,0.00,0.00,0.00,0.00,0.00,0.00,0.00,0.00,0.00,0.00,414107,499941,736479,427211,513701,749584,0,0,0,0,0,0,0,74411,0,123.71,123.76,123.82
1521,2,0,0,0,93620,93620,93620,3659,3659,3659,591,591,591,0.00,0.00,0.00,0.00,0.00,0.00,0.00,0.00,0.00,0.00,0.00,0.00,0.00,0.00,0.00,0.00,0.00,0.00,0.00,0.00,0.00,200724,360103,631621,211106,372527,644725,0,0,0,0,0,0,0,75968,0,126.12,126.21,126.31
1521,3,0,0,0,93660,93660,93660,3619,3619,3619,591,591,591,0.00,0.00,0.00,0.00,0.00,0.00,0.00,0.00,0.00,0.00,0.00,0.00,0.00,0.00,0.00,0.00,0.00,0.00,0.00,0.00,0.00,296153,346616,479636,311878,360376,492741,0,0,0,0,0,0,0,112623,0,140.17,140.24,140.28
1522,0,0,0,0,93656,93656,93656,3623,3623,3623,591,591,591,0.00,0.00,0.00,0.00,0.00,0.00,0.00,0.00,0.00,0.00,0.00,0.00,0.00,0.00,0.00,0.00,0.00,0.00,0.00,0.00,0.00,298784,333732,447307,314509,347186,454296,0,0,0,0,0,0,0,110184,0,137.34,137.36,137.38
1522,1,0,0,0,93625,93625,93625,3655,3655,3655,591,591,591,0.00,0.00,0.00,0.00,0.00,0.00,0.00,0.00,0.00,0.00,0.00,0.00,0.00,0.00,0.00,0.00,0.00,0.00,0.00,0.00,0.00,408862,524704,770555,424588,538857,786280,0,0,0,0,0,0,0,99173,0,123.73,123.76,123.81
1522,2,0,0,0,93620,93620,93620,3659,3659,3659,591,591,591,0.00,0.00,0.00,0.00,0.00,0.00,0.00,0.00,0.00,0.00,0.00,0.00,0.00,0.00,0.00,0.00,0.00,0.00,0.00,0.00,0.00,298787,374268,665707,311892,388421,681432,0,0,0,0,0,0,0,101337,0,126.31,126.34,126.39
1522,3,0,0,0,93660,93660,93660,3619,3619,3619,591,591,591,0.00,0.00,0.00,0.00,0.00,0.00,0.00,0.00,0.00,0.00,0.00,0.00,0.00,0.00,0.00,0.00,0.00,0.00,0.00,0.00,0.00,296170,346488,440312,311896,360117,453416,0,0,0,0,0,0,0,112538,0,140.13,140.20,140.26
1523,0,0,0,0,93656,93656,93656,3623,3623,3623,591,591,591,0.00,0.00,0.00,0.00,0.00,0.00,0.00,0.00,0.00,0.00,0.00,0.00,0.00,0.00,0.00,0.00,0.00,0.00,0.00,0.00,0.00,293545,392615,605437,306649,406243,618542,0,0,0,0,0,0,0,110177,0,137.38,137.42,137.47
1523,1,0,0,0,93625,93625,93625,3655,3655,3655,591,591,591,0.00,0.00,0.00,0.00,0.00,0.00,0.00,0.00,0.00,0.00,0.00,0.00,0.00,0.00,0.00,0.00,0.00,0.00,0.00,0.00,0.00,406245,417252,435072,419350,430881,453419,0,0,0,0,0,0,0,99229,0,123.77,123.82,123.87
1523,2,0,0,0,93620,93620,93620,3659,3659,3659,591,591,591,0.00,0.00,0.00,0.00,0.00,0.00,0.00,0.00,0.00,0.00,0.00,0.00,0.00,0.00,0.00,0.00,0.00,0.00,0.00,0.00,0.00,301409,573464,1362901,317135,587093,1373385,0,0,0,0,0,0,0,114040,0,126.38,126.39,126.41
1523,3,0,0,0,93660,93660,93660,3619,3619,3619,591,591,591,0.00,0.00,0.00,0.00,0.00,0.00,0.00,0.00,0.00,0.00,0.00,0.00,0.00,0.00,0.00,0.00,0.00,0.00,0.00,0.00,0.00,60281,250026,306798,70765,263599,319909,0,0,0,0,0,0,0,126686,0,140.17,140.22,140.27
1524,0,0,0,0,93656,93656,93656,3623,3623,3623,591,591,591,0.00,0.00,0.00,0.00,0.00,0.00,0.00,0.00,0.00,0.00,0.00,0.00,0.00,0.00,0.00,0.00,0.00,0.00,0.00,0.00,0.00,293543,474910,1174183,309268,489063,1189909,0,0,0,0,0,0,0,124070,0,137.42,137.45,137.46
1524,1,0,0,0,93625,93625,93625,3655,3655,3655,591,591,591,0.00,0.00,0.00,0.00,0.00,0.00,0.00,0.00,0.00,0.00,0.00,0.00,0.00,0.00,0.00,0.00,0.00,0.00,0.00,0.00,0.00,207017,508494,741727,220120,521546,754831,0,0,0,0,0,0,0,99025,0,123.70,123.71,123.71
1524,2,0,0,0,93620,93620,93620,3659,3659,3659,591,591,591,0.00,0.00,0.00,0.00,0.00,0.00,0.00,0.00,0.00,0.00,0.00,0.00,0.00,0.00,0.00,0.00,0.00,0.00,0.00,0.00,0.00,301392,381604,702401,314496,395757,715505,0,0,0,0,0,0,0,101207,0,126.19,126.26,126.36
1524,3,0,0,0,93660,93660,93660,3619,3619,3619,591,591,591,0.00,0.00,0.00,0.00,0.00,0.00,0.00,0.00,0.00,0.00,0.00,0.00,0.00,0.00,0.00,0.00,0.00,0.00,0.00,0.00,0.00,296169,467575,1016932,309274,481204,1027416,0,0,0,0,0,0,0,112566,0,140.18,140.25,140.29
1525,0,0,0,0,93656,93656,93656,3623,3623,3623,591,591,591,0.00,0.00,0.00,0.00,0.00,0.00,0.00,0.00,0.00,0.00,0.00,0.00,0.00,0.00,0.00,0.00,0.00,0.00,0.00,0.00,0.00,288251,437329,728614,301354,451444,746961,0,0,0,0,0,0,0,110082,0,137.37,137.47,137.51
1525,1,0,0,0,93625,93625,93625,3655,3655,3655,591,591,591,0.00,0.00,0.00,0.00,0.00,0.00,0.00,0.00,0.00,0.00,0.00,0.00,0.00,0.00,0.00,0.00,0.00,0.00,0.00,0.00,0.00,406220,495348,694541,416703,508977,710267,0,0,0,0,0,0,0,99099,0,123.63,123.66,123.68
1525,2,0,0,0,93620,93620,93620,3659,3659,3659,591,591,591,0.00,0.00,0.00,0.00,0.00,0.00,0.00,0.00,0.00,0.00,0.00,0.00,0.00,0.00,0.00,0.00,0.00,0.00,0.00,0.00,0.00,197741,344108,626438,206264,357345,642164,0,0,0,0,0,0,0,101258,0,126.16,126.20,126.24
1525,3,0,0,0,93660,93660,93660,3619,3619,3619,591,591,591,0.00,0.00,0.00,0.00,0.00,0.00,0.00,0.00,0.00,0.00,0.00,0.00,0.00,0.00,0.00,0.00,0.00,0.00,0.00,0.00,0.00,298789,310844,348590,311894,324473,361695,0,0,0,0,0,0,0,112626,0,140.26,140.28,140.29
1526,0,0,0,0,93656,93656,93656,3623,3623,3623,591,591,591,0.00,0.00,0.00,0.00,0.00,0.00,0.00,0.00,0.00,0.00,0.00,0.00,0.00,0.00,0.00,0.00,0.00,0.00,0.00,0.00,0.00,204432,359064,684061,213169,371819,697166,0,0,0,0,0,0,0,110219,0,137.25,137.33,137.46
1526,1,0,0,0,93625,93625,93625,3655,3655,3655,591,591,591,0.00,0.00,0.00,0.00,0.00,0.00,0.00,0.00,0.00,0.00,0.00,0.00,0.00,0.00,0.00,0.00,0.00,0.00,0.00,0.00,0.00,403626,524710,691929,416731,538864,705034,0,0,0,0,0,0,0,99192,0,123.72,123.76,123.80
1526,2,0,0,0,93620,93620,93620,3659,3659,3659,591,591,591,0.00,0.00,0.00,0.00,0.00,0.00,0.00,0.00,0.00,0.00,0.00,0.00,0.00,0.00,0.00,0.00,0.00,0.00,0.00,0.00,0.00,301407,378985,655237,314512,392614,668342,0,0,0,0,0,0,0,113831,0,126.18,126.22,126.25
1526,3,0,0,0,93660,93660,93660,3619,3619,3619,591,591,591,0.00,0.00,0.00,0.00,0.00,0.00,0.00,0.00,0.00,0.00,0.00,0.00,0.00,0.00,0.00,0.00,0.00,0.00,0.00,0.00,0.00,296151,321324,416727,309272,335477,429832,0,0,0,0,0,0,0,112685,0,140.16,140.21,140.26
1527,0,0,0,0,93656,93656,93656,3623,3623,3623,591,591,591,0.00,0.00,0.00,0.00,0.00,0.00,0.00,0.00,0.00,0.00,0.00,0.00,0.00,0.00,0.00,0.00,0.00,0.00,0.00,0.00,0.00,290922,324995,445556,304026,339148,461281,0,0,0,0,0,0,0,110173,0,137.48,137.51,137.54
1527,1,0,0,0,93625,93625,93625,3655,3655,3655,591,591,591,0.00,0.00,0.00,0.00,0.00,0.00,0.00,0.00,0.00,0.00,0.00,0.00,0.00,0.00,0.00,0.00,0.00,0.00,0.00,0.00,0.00,411459,501119,731242,424563,515272,746968,0,0,0,0,0,0,0,111521,0,123.74,123.77,123.79
1527,2,0,0,0,93620,93620,93620,3659,3659,3659,591,591,591,0.00,0.00,0.00,0.00,0.00,0.00,0.00,0.00,0.00,0.00,0.00,0.00,0.00,0.00,0.00,0.00,0.00,0.00,0.00,0.00,0.00,309271,573988,1292133,324996,588141,1305238,0,0,0,0,0,0,0,101243,0,126.15,126.20,126.25
1527,3,0,0,0,93660,93660,93660,3619,3619,3619,591,591,591,0.00,0.00,0.00,0.00,0.00,0.00,0.00,0.00,0.00,0.00,0.00,0.00,0.00,0.00,0.00,0.00,0.00,0.00,0.00,0.00,0.00,128401,465612,770557,141503,478259,783662,0,0,0,0,0,0,0,112331,0,140.23,140.35,140.45
1528,0,0,0,0,93656,93656,93656,3623,3623,3623,591,591,591,0.00,0.00,0.00,0.00,0.00,0.00,0.00,0.00,0.00,0.00,0.00,0.00,0.00,0.00,0.00,0.00,0.00,0.00,0.00,0.00,0.00,290922,527857,1200397,304027,541486,1213502,0,0,0,0,0,0,0,82647,0,137.34,137.39,137.43
1528,1,0,0,0,93625,93625,93625,3655,3655,3655,591,591,591,0.00,0.00,0.00,0.00,0.00,0.00,0.00,0.00,0.00,0.00,0.00,0.00,0.00,0.00,0.00,0.00,0.00,0.00,0.00,0.00,0.00,286552,500869,707648,297036,513396,720752,0,0,0,0,0,0,0,74445,0,123.72,123.74,123.77
1528,2,0,0,0,93620,93620,93620,3659,3659,3659,591,591,591,0.00,0.00,0.00,0.00,0.00,0.00,0.00,0.00,0.00,0.00,0.00,0.00,0.00,0.00,0.00,0.00,0.00,0.00,0.00,0.00,0.00,301409,374272,634274,314514,387901,652621,0,0,0,0,0,0,0,101249,0,126.17,126.21,126.24
1528,3,0,0,0,93660,93660,93660,3619,3619,3619,591,591,591,0.00,0.00,0.00,0.00,0.00,0.00,0.00,0.00,0.00,0.00,0.00,0.00,0.00,0.00,0.00,0.00,0.00,0.00,0.00,0.00,0.00,296169,340723,477013,311887,354876,490118,0,0,0,0,0,0,0,84406,0,140.06,140.10,140.15
1529,0,0,0,0,93656,93656,93656,3623,3623,3623,591,591,591,0.00,0.00,0.00,0.00,0.00,0.00,0.00,0.00,0.00,0.00,0.00,0.00,0.00,0.00,0.00,0.00,0.00,0.00,0.00,0.00,0.00,206180,366376,676105,216664,379428,689208,0,0,0,0,0,0,0,110284,0,137.41,137.47,137.56
1529,1,0,0,0,93625,93625,93625,3655,3655,3655,591,591,591,0.00,0.00,0.00,0.00,0.00,0.00,0.00,0.00,0.00,0.00,0.00,0.00,0.00,0.00,0.00,0.00,0.00,0.00,0.00,0.00,0.00,421967,535323,754827,437692,549082,770553,0,0,0,0,0,0,0,99175,0,123.70,123.74,123.81
1529,2,0,0,0,93620,93620,93620,3659,3659,3659,591,591,591,0.00,0.00,0.00,0.00,0.00,0.00,0.00,0.00,0.00,0.00,0.00,0.00,0.00,0.00,0.00,0.00,0.00,0.00,0.00,0.00,0.00,295953,330283,411577,308820,342707,421953,0,0,0,0,0,0,0,75905,0,126.17,126.20,126.23
1529,3,0,0,0,93660,93660,93660,3619,3619,3619,591,591,591,0.00,0.00,0.00,0.00,0.00,0.00,0.00,0.00,0.00,0.00,0.00,0.00,0.00,0.00,0.00,0.00,0.00,0.00,0.00,0.00,0.00,296169,313200,356433,309274,326960,372158,0,0,0,0,0,0,0,112657,0,140.21,140.27,140.29
1530,0,0,0,0,93656,93656,93656,3623,3623,3623,591,591,591,0.00,0.00,0.00,0.00,0.00,0.00,0.00,0.00,0.00,0.00,0.00,0.00,0.00,0.00,0.00,0.00,0.00,0.00,0.00,0.00,0.00,296168,366406,621164,311891,380035,634268,0,0,0,0,0,0,0,110240,0,137.47,137.54,137.62
1530,1,0,0,0,93625,93625,93625,3655,3655,3655,591,591,591,0.00,0.00,0.00,0.00,0.00,0.00,0.00,0.00,0.00,0.00,0.00,0.00,0.00,0.00,0.00,0.00,0.00,0.00,0.00,0.00,0.00,406246,517891,906837,421972,532044,919942,0,0,0,0,0,0,0,99088,0,123.68,123.72,123.74
1530,2,0,0,0,93620,93620,93620,3659,3659,3659,591,591,591,0.00,0.00,0.00,0.00,0.00,0.00,0.00,0.00,0.00,0.00,0.00,0.00,0.00,0.00,0.00,0.00,0.00,0.00,0.00,0.00,0.00,304029,583946,1326193,317134,598099,1339297,0,0,0,0,0,0,0,113893,0,126.13,126.19,126.25
1530,3,0,0,0,93660,93660,93660,3619,3619,3619,591,591,591,0.00,0.00,0.00,0.00,0.00,0.00,0.00,0.00,0.00,0.00,0.00,0.00,0.00,0.00,0.00,0.00,0.00,0.00,0.00,0.00,0.00,296167,320804,408869,311892,334433,419353,0,0,0,0,0,0,0,126534,0,140.18,140.23,140.28
1531,0,0,0,0,93656,93656,93656,3623,3623,3623,591,591,591,0.00,0.00,0.00,0.00,0.00,0.00,0.00,0.00,0.00,0.00,0.00,0.00,0.00,0.00,0.00,0.00,0.00,0.00,0.00,0.00,0.00,293526,327612,463904,306630,341765,474388,0,0,0,0,0,0,0,123869,0,137.47,137.49,137.51
1531,1,0,0,0,93625,93625,93625,3655,3655,3655,591,591,591,0.00,0.00,0.00,0.00,0.00,0.00,0.00,0.00,0.00,0.00,0.00,0.00,0.00,0.00,0.00,0.00,0.00,0.00,0.00,0.00,0.00,408866,526285,718138,421972,539914,731243,0,0,0,0,0,0,0,111656,0,123.67,123.77,123.87
1531,2,0,0,0,93620,93620,93620,3659,3659,3659,591,591,591,0.00,0.00,0.00,0.00,0.00,0.00,0.00,0.00,0.00,0.00,0.00,0.00,0.00,0.00,0.00,0.00,0.00,0.00,0.00,0.00,0.00,296167,361162,602819,311893,375315,613303,0,0,0,0,0,0,0,101345,0,126.17,126.22,126.26
1531,3,0,0,0,93660,93660,93660,3619,3619,3619,591,591,591,0.00,0.00,0.00,0.00,0.00,0.00,0.00,0.00,0.00,0.00,0.00,0.00,0.00,0.00,0.00,0.00,0.00,0.00,0.00,0.00,0.00,296150,513952,834784,309254,527968,849825,0,0,0,0,0,0,0,112590,0,140.17,140.21,140.29
1532,0,0,0,0,93656,93656,93656,3623,3623,3623,591,591,591,0.00,0.00,0.00,0.00,0.00,0.00,0.00,0.00,0.00,0.00,0.00,0.00,0.00,0.00,0.00,0.00,0.00,0.00,0.00,0.00,0.00,296168,537815,1203011,309273,551968,1216116,0,0,0,0,0,0,0,110149,0,137.42,137.46,137.47
1532,1,0,0,0,93625,93625,93625,3655,3655,3655,591,591,591,0.00,0.00,0.00,0.00,0.00,0.00,0.00,0.00,0.00,0.00,0.00,0.00,0.00,0.00,0.00,0.00,0.00,0.00,0.00,0.00,0.00,284797,457436,691925,295280,470541,705030,0,0,0,0,0,0,0,99254,0,123.83,123.86,123.89
1532,2,0,0,0,93620,93620,93620,3659,3659,3659,591,591,591,0.00,0.00,0.00,0.00,0.00,0.00,0.00,0.00,0.00,0.00,0.00,0.00,0.00,0.00,0.00,0.00,0.00,0.00,0.00,0.00,0.00,301404,442940,665722,314515,456569,678827,0,0,0,0,0,0,0,101251,0,126.15,126.22,126.33
1532,3,0,0,0,93660,93660,93660,3619,3619,3619,591,591,591,0.00,0.00,0.00,0.00,0.00,0.00,0.00,0.00,0.00,0.00,0.00,0.00,0.00,0.00,0.00,0.00,0.00,0.00,0.00,0.00,0.00,202688,315213,477012,213172,328318,490116,0,0,0,0,0,0,0,112610,0,140.16,140.27,140.33
1533,0,0,0,0,93656,93656,93656,3623,3623,3623,591,591,591,0.00,0.00,0.00,0.00,0.00,0.00,0.00,0.00,0.00,0.00,0.00,0.00,0.00,0.00,0.00,0.00,0.00,0.00,0.00,0.00,0.00,212000,348839,614257,219008,361116,629424,0,0,0,0,0,0,0,110065,0,137.26,137.30,137.38
1533,1,0,0,0,93625,93625,93625,3655,3655,3655,591,591,591,0.00,0.00,0.00,0.00,0.00,0.00,0.00,0.00,0.00,0.00,0.00,0.00,0.00,0.00,0.00,0.00,0.00,0.00,0.00,0.00,0.00,429832,536240,815097,442936,549869,828201,0,0,0,0,0,0,0,99219,0,123.74,123.77,123.82
1533,2,0,0,0,93620,93620,93620,3659,3659,3659,591,591,591,0.00,0.00,0.00,0.00,0.00,0.00,0.00,0.00,0.00,0.00,0.00,0.00,0.00,0.00,0.00,0.00,0.00,0.00,0.00,0.00,0.00,198956,353781,668330,209336,366865,684055,0,0,0,0,0,0,0,101245,0,126.21,126.27,126.32
1533,3,0,0,0,93660,93660,93660,3619,3619,3619,591,591,591,0.00,0.00,0.00,0.00,0.00,0.00,0.00,0.00,0.00,0.00,0.00,0.00,0.00,0.00,0.00,0.00,0.00,0.00,0.00,0.00,0.00,296170,344392,456037,311894,358021,469142,0,0,0,0,0,0,0,112587,0,140.15,140.17,140.20
1534,0,0,0,0,93656,93656,93656,3623,3623,3623,591,591,591,0.00,0.00,0.00,0.00,0.00,0.00,0.00,0.00,0.00,0.00,0.00,0.00,0.00,0.00,0.00,0.00,0.00,0.00,0.00,0.00,0.00,298866,391841,617962,311892,405983,636292,0,0,0,0,0,0,0,110088,0,137.27,137.33,137.39
1534,1,0,0,0,93625,93625,93625,3655,3655,3655,591,591,591,0.00,0.00,0.00,0.00,0.00,0.00,0.00,0.00,0.00,0.00,0.00,0.00,0.00,0.00,0.00,0.00,0.00,0.00,0.00,0.00,0.00,411485,506887,870145,424590,521040,883250,0,0,0,0,0,0,0,99310,0,123.77,123.81,123.84
1534,2,0,0,0,93620,93620,93620,3659,3659,3659,591,591,591,0.00,0.00,0.00,0.00,0.00,0.00,0.00,0.00,0.00,0.00,0.00,0.00,0.00,0.00,0.00,0.00,0.00,0.00,0.00,0.00,0.00,298772,571888,1284271,311876,585517,1299997,0,0,0,0,0,0,0,113924,0,126.25,126.27,126.29
1534,3,0,0,0,93660,93660,93660,3619,3619,3619,591,591,591,0.00,0.00,0.00,0.00,0.00,0.00,0.00,0.00,0.00,0.00,0.00,0.00,0.00,0.00,0.00,0.00,0.00,0.00,0.00,0.00,0.00,296150,470194,825597,311875,484347,838701,0,0,0,0,0,0,0,126698,0,140.16,140.19,140.24
1535,0,0,0,0,93656,93656,93656,3623,3623,3623,591,591,591,0.00,0.00,0.00,0.00,0.00,0.00,0.00,0.00,0.00,0.00,0.00,0.00,0.00,0.00,0.00,0.00,0.00,0.00,0.00,0.00,0.00,293545,481551,1215229,309271,496219,1230909,0,0,0,0,0,0,0,123982,0,137.27,137.33,137.37
1535,1,0,0,0,93625,93625,93625,3655,3655,3655,591,591,591,0.00,0.00,0.00,0.00,0.00,0.00,0.00,0.00,0.00,0.00,0.00,0.00,0.00,0.00,0.00,0.00,0.00,0.00,0.00,0.00,0.00,411485,556596,749549,424589,570747,765274,0,0,0,0,0,0,0,74315,0,123.72,123.75,123.79
1535,2,0,0,0,93620,93620,93620,3659,3659,3659,591,591,591,0.00,0.00,0.00,0.00,0.00,0.00,0.00,0.00,0.00,0.00,0.00,0.00,0.00,0.00,0.00,0.00,0.00,0.00,0.00,0.00,0.00,301409,378464,668343,317134,392618,681448,0,0,0,0,0,0,0,101298,0,126.26,126.28,126.33
1535,3,0,0,0,93660,93660,93660,3619,3619,3619,591,591,591,0.00,0.00,0.00,0.00,0.00,0.00,0.00,0.00,0.00,0.00,0.00,0.00,0.00,0.00,0.00,0.00,0.00,0.00,0.00,0.00,0.00,296169,394107,573563,309274,407636,588790,0,0,0,0,0,0,0,84448,0,140.17,140.23,140.28
1536,0,0,0,0,93656,93656,93656,3623,3623,3623,591,591,591,0.00,0.00,0.00,0.00,0.00,0.00,0.00,0.00,0.00,0.00,0.00,0.00,0.00,0.00,0.00,0.00,0.00,0.00,0.00,0.00,0.00,295287,362120,558259,310966,375868,568743,0,0,0,0,0,0,0,82643,0,137.30,137.36,137.41
1536,1,0,0,0,93625,93625,93625,3655,3655,3655,591,591,591,0.00,0.00,0.00,0.00,0.00,0.00,0.00,0.00,0.00,0.00,0.00,0.00,0.00,0.00,0.00,0.00,0.00,0.00,0.00,0.00,0.00,276072,501780,718195,284809,514442,733864,0,0,0,0,0,0,0,99166,0,123.68,123.70,123.72
1536,2,0,0,0,93620,93620,93620,3659,3659,3659,591,591,591,0.00,0.00,0.00,0.00,0.00,0.00,0.00,0.00,0.00,0.00,0.00,0.00,0.00,0.00,0.00,0.00,0.00,0.00,0.00,0.00,0.00,301410,387900,636893,314515,402315,649998,0,0,0,0,0,0,0,76100,0,126.32,126.43,126.52
1536,3,0,0,0,93660,93660,93660,3619,3619,3619,591,591,591,0.00,0.00,0.00,0.00,0.00,0.00,0.00,0.00,0.00,0.00,0.00,0.00,0.00,0.00,0.00,0.00,0.00,0.00,0.00,0.00,0.00,199191,309921,442919,211422,322807,456023,0,0,0,0,0,0,0,112551,0,140.06,140.13,140.16
1537,0,0,0,0,93656,93656,93656,3623,3623,3623,591,591,591,0.00,0.00,0.00,0.00,0.00,0.00,0.00,0.00,0.00,0.00,0.00,0.00,0.00,0.00,0.00,0.00,0.00,0.00,0.00,0.00,0.00,304028,398482,660146,318252,411222,673244,0,0,0,0,0,0,0,110162,0,137.36,137.39,137.42
1537,1,0,0,0,93625,93625,93625,3655,3655,3655,591,591,591,0.00,0.00,0.00,0.00,0.00,0.00,0.00,0.00,0.00,0.00,0.00,0.00,0.00,0.00,0.00,0.00,0.00,0.00,0.00,0.00,0.00,406246,492578,799379,419351,506726,812484,0,0,0,0,0,0,0,99247,0,123.69,123.75,123.81
1537,2,0,0,0,93620,93620,93620,3659,3659,3659,591,591,591,0.00,0.00,0.00,0.00,0.00,0.00,0.00,0.00,0.00,0.00,0.00,0.00,0.00,0.00,0.00,0.00,0.00,0.00,0.00,0.00,0.00,196948,357130,680504,205586,369874,694169,0,0,0,0,0,0,0,101210,0,126.20,126.34,126.53
1537,3,0,0,0,93660,93660,93660,3619,3619,3619,591,591,591,0.00,0.00,0.00,0.00,0.00,0.00,0.00,0.00,0.00,0.00,0.00,0.00,0.00,0.00,0.00,0.00,0.00,0.00,0.00,0.00,0.00,304031,326045,398387,317136,340199,411492,0,0,0,0,0,0,0,112680,0,140.17,140.20,140.23
1538,0,0,0,0,93656,93656,93656,3623,3623,3623,591,591,591,0.00,0.00,0.00,0.00,0.00,0.00,0.00,0.00,0.00,0.00,0.00,0.00,0.00,0.00,0.00,0.00,0.00,0.00,0.00,0.00,0.00,293545,336894,485904,306650,351047,498966,0,0,0,0,0,0,0,110022,0,137.23,137.30,137.38
1538,1,0,0,0,93625,93625,93625,3655,3655,3655,591,591,591,0.00,0.00,0.00,0.00,0.00,0.00,0.00,0.00,0.00,0.00,0.00,0.00,0.00,0.00,0.00,0.00,0.00,0.00,0.00,0.00,0.00,406244,474648,715515,421970,488799,731240,0,0,0,0,0,0,0,111655,0,123.81,123.83,123.84
1538,2,0,0,0,93620,93620,93620,3659,3659,3659,591,591,591,0.00,0.00,0.00,0.00,0.00,0.00,0.00,0.00,0.00,0.00,0.00,0.00,0.00,0.00,0.00,0.00,0.00,0.00,0.00,0.00,0.00,296167,565074,1320959,311892,579227,1334064,0,0,0,0,0,0,0,101207,0,126.12,126.15,126.17
1538,3,0,0,0,93660,93660,93660,3619,3619,3619,591,591,591,0.00,0.00,0.00,0.00,0.00,0.00,0.00,0.00,0.00,0.00,0.00,0.00,0.00,0.00,0.00,0.00,0.00,0.00,0.00,0.00,0.00,306646,503747,1027415,317130,517376,1037899,0,0,0,0,0,0,0,126648,0,140.16,140.17,140.18
1539,0,0,0,0,93656,93656,93656,3623,3623,3623,591,591,591,0.00,0.00,0.00,0.00,0.00,0.00,0.00,0.00,0.00,0.00,0.00,0.00,0.00,0.00,0.00,0.00,0.00,0.00,0.00,0.00,0.00,293543,535864,1195146,306633,549487,1205630,0,0,0,0,0,0,0,123907,0,137.24,137.31,137.36
1539,1,0,0,0,93625,93625,93625,3655,3655,3655,591,591,591,0.00,0.00,0.00,0.00,0.00,0.00,0.00,0.00,0.00,0.00,0.00,0.00,0.00,0.00,0.00,0.00,0.00,0.00,0.00,0.00,0.00,276071,520435,901605,284808,533188,917330,0,0,0,0,0,0,0,99115,0,123.79,123.83,123.88
1539,2,0,0,0,93620,93620,93620,3659,3659,3659,591,591,591,0.00,0.00,0.00,0.00,0.00,0.00,0.00,0.00,0.00,0.00,0.00,0.00,0.00,0.00,0.00,0.00,0.00,0.00,0.00,0.00,0.00,298788,379503,689270,311893,393656,704995,0,0,0,0,0,0,0,101236,0,126.16,126.19,126.21
1539,3,0,0,0,93660,93660,93660,3619,3619,3619,591,591,591,0.00,0.00,0.00,0.00,0.00,0.00,0.00,0.00,0.00,0.00,0.00,0.00,0.00,0.00,0.00,0.00,0.00,0.00,0.00,0.00,0.00,290881,337725,497985,306605,351839,513711,0,0,0,0,0,0,0,112429,0,140.16,140.20,140.22
1540,0,0,0,0,93656,93656,93656,3623,3623,3623,591,591,591,0.00,0.00,0.00,0.00,0.00,0.00,0.00,0.00,0.00,0.00,0.00,0.00,0.00,0.00,0.00,0.00,0.00,0.00,0.00,0.00,0.00,293544,373606,674273,306649,387754,687290,0,0,0,0,0,0,0,110069,0,137.36,137.40,137.44
1540,1,0,0,0,93625,93625,93625,3655,3655,3655,591,591,591,0.00,0.00,0.00,0.00,0.00,0.00,0.00,0.00,0.00,0.00,0.00,0.00,0.00,0.00,0.00,0.00,0.00,0.00,0.00,0.00,0.00,421969,564227,749587,435073,578370,762692,0,0,0,0,0,0,0,99101,0,123.61,123.65,123.67
1540,2,0,0,0,93620,93620,93620,3659,3659,3659,591,591,591,0.00,0.00,0.00,0.00,0.00,0.00,0.00,0.00,0.00,0.00,0.00,0.00,0.00,0.00,0.00,0.00,0.00,0.00,0.00,0.00,0.00,197869,353563,649999,206398,366277,663104,0,0,0,0,0,0,0,101302,0,126.19,126.21,126.25
1540,3,0,0,0,93660,93660,93660,3619,3619,3619,591,591,591,0.00,0.00,0.00,0.00,0.00,0.00,0.00,0.00,0.00,0.00,0.00,0.00,0.00,0.00,0.00,0.00,0.00,0.00,0.00,0.00,0.00,202688,290576,353830,211424,303331,369556,0,0,0,0,0,0,0,112580,0,140.06,140.09,140.13
1541,0,0,0,0,93656,93656,93656,3623,3623,3623,591,591,591,0.00,0.00,0.00,0.00,0.00,0.00,0.00,0.00,0.00,0.00,0.00,0.00,0.00,0.00,0.00,0.00,0.00,0.00,0.00,0.00,0.00,202679,341822,608057,213162,354370,621162,0,0,0,0,0,0,0,110193,0,137.23,137.32,137.40
1541,1,0,0,0,93625,93625,93625,3655,3655,3655,591,591,591,0.00,0.00,0.00,0.00,0.00,0.00,0.00,0.00,0.00,0.00,0.00,0.00,0.00,0.00,0.00,0.00,0.00,0.00,0.00,0.00,0.00,407633,506642,849179,421974,520261,862284,0,0,0,0,0,0,0,99136,0,123.67,123.71,123.77
1541,2,0,0,0,93620,93620,93620,3659,3659,3659,591,591,591,0.00,0.00,0.00,0.00,0.00,0.00,0.00,0.00,0.00,0.00,0.00,0.00,0.00,0.00,0.00,0.00,0.00,0.00,0.00,0.00,0.00,296170,568737,1284197,309275,582367,1294680,0,0,0,0,0,0,0,113831,0,126.17,126.26,126.32
1541,3,0,0,0,93660,93660,93660,3619,3619,3619,591,591,591,0.00,0.00,0.00,0.00,0.00,0.00,0.00,0.00,0.00,0.00,0.00,0.00,0.00,0.00,0.00,0.00,0.00,0.00,0.00,0.00,0.00,293542,328663,424594,309268,342816,437699,0,0,0,0,0,0,0,126555,0,140.10,140.13,140.16
1542,0,0,0,0,93656,93656,93656,3623,3623,3623,591,591,591,0.00,0.00,0.00,0.00,0.00,0.00,0.00,0.00,0.00,0.00,0.00,0.00,0.00,0.00,0.00,0.00,0.00,0.00,0.00,0.00,0.00,296166,327092,442939,309272,341769,456043,0,0,0,0,0,0,0,123720,0,137.16,137.21,137.34
1542,1,0,0,0,93625,93625,93625,3655,3655,3655,591,591,591,0.00,0.00,0.00,0.00,0.00,0.00,0.00,0.00,0.00,0.00,0.00,0.00,0.00,0.00,0.00,0.00,0.00,0.00,0.00,0.00,0.00,401002,552086,737074,416728,566232,750143,0,0,0,0,0,0,0,111498,0,123.71,123.72,123.74
1542,2,0,0,0,93620,93620,93620,3659,3659,3659,591,591,591,0.00,0.00,0.00,0.00,0.00,0.00,0.00,0.00,0.00,0.00,0.00,0.00,0.00,0.00,0.00,0.00,0.00,0.00,0.00,0.00,0.00,296167,375843,670964,309272,389997,686690,0,0,0,0,0,0,0,101240,0,126.10,126.15,126.22
1542,3,0,0,0,93660,93660,93660,3619,3619,3619,591,591,591,0.00,0.00,0.00,0.00,0.00,0.00,0.00,0.00,0.00,0.00,0.00,0.00,0.00,0.00,0.00,0.00,0.00,0.00,0.00,0.00,0.00,294290,529056,843941,307198,543169,857046,0,0,0,0,0,0,0,112473,0,140.09,140.11,140.11
1543,0,0,0,0,93656,93656,93656,3623,3623,3623,591,591,591,0.00,0.00,0.00,0.00,0.00,0.00,0.00,0.00,0.00,0.00,0.00,0.00,0.00,0.00,0.00,0.00,0.00,0.00,0.00,0.00,0.00,295535,530876,1200393,306647,543974,1213498,0,0,0,0,0,0,0,82524,0,137.22,137.29,137.32
1543,1,0,0,0,93625,93625,93625,3655,3655,3655,591,591,591,0.00,0.00,0.00,0.00,0.00,0.00,0.00,0.00,0.00,0.00,0.00,0.00,0.00,0.00,0.00,0.00,0.00,0.00,0.00,0.00,0.00,410323,432045,489239,423390,445317,497975,0,0,0,0,0,0,0,74401,0,123.76,123.78,123.79
1543,2,0,0,0,93620,93620,93620,3659,3659,3659,591,591,591,0.00,0.00,0.00,0.00,0.00,0.00,0.00,0.00,0.00,0.00,0.00,0.00,0.00,0.00,0.00,0.00,0.00,0.00,0.00,0.00,0.00,296167,445037,665724,309272,459191,681450,0,0,0,0,0,0,0,101151,0,126.09,126.15,126.20
1543,3,0,0,0,93660,93660,93660,3619,3619,3619,591,591,591,0.00,0.00,0.00,0.00,0.00,0.00,0.00,0.00,0.00,0.00,0.00,0.00,0.00,0.00,0.00,0.00,0.00,0.00,0.00,0.00,0.00,197446,319928,495357,206183,333207,508462,0,0,0,0,0,0,0,84251,0,140.04,140.09,140.17
1544,0,0,0,0,93656,93656,93656,3623,3623,3623,591,591,591,0.00,0.00,0.00,0.00,0.00,0.00,0.00,0.00,0.00,0.00,0.00,0.00,0.00,0.00,0.00,0.00,0.00,0.00,0.00,0.00,0.00,296151,401604,684066,311876,416017,697171,0,0,0,0,0,0,0,110007,0,137.17,137.22,137.29
1544,1,0,0,0,93625,93625,93625,3655,3655,3655,591,591,591,0.00,0.00,0.00,0.00,0.00,0.00,0.00,0.00,0.00,0.00,0.00,0.00,0.00,0.00,0.00,0.00,0.00,0.00,0.00,0.00,0.00,424235,545180,763154,439851,558268,773680,0,0,0,0,0,0,0,99281,0,123.79,123.82,123.85
1544,2,0,0,0,93620,93620,93620,3659,3659,3659,591,591,591,0.00,0.00,0.00,0.00,0.00,0.00,0.00,0.00,0.00,0.00,0.00,0.00,0.00,0.00,0.00,0.00,0.00,0.00,0.00,0.00,0.00,301392,331321,418453,314496,343743,428828,0,0,0,0,0,0,0,75863,0,126.05,126.08,126.11
1544,3,0,0,0,93660,93660,93660,3619,3619,3619,591,591,591,0.00,0.00,0.00,0.00,0.00,0.00,0.00,0.00,0.00,0.00,0.00,0.00,0.00,0.00,0.00,0.00,0.00,0.00,0.00,0.00,0.00,296152,336788,458663,309275,350548,469147,0,0,0,0,0,0,0,112342,0,139.92,139.96,140.00
1545,0,0,0,0,93656,93656,93656,3623,3623,3623,591,591,591,0.00,0.00,0.00,0.00,0.00,0.00,0.00,0.00,0.00,0.00,0.00,0.00,0.00,0.00,0.00,0.00,0.00,0.00,0.00,0.00,0.00,195696,342939,615895,204433,356180,628999,0,0,0,0,0,0,0,109982,0,137.21,137.25,137.28
1545,1,0,0,0,93625,93625,93625,3655,3655,3655,591,591,591,0.00,0.00,0.00,0.00,0.00,0.00,0.00,0.00,0.00,0.00,0.00,0.00,0.00,0.00,0.00,0.00,0.00,0.00,0.00,0.00,0.00,406244,499232,851150,419348,513383,861562,0,0,0,0,0,0,0,99159,0,123.79,123.85,123.90
1545,2,0,0,0,93620,93620,93620,3659,3659,3659,591,591,591,0.00,0.00,0.00,0.00,0.00,0.00,0.00,0.00,0.00,0.00,0.00,0.00,0.00,0.00,0.00,0.00,0.00,0.00,0.00,0.00,0.00,301409,506363,1305198,314514,521040,1318302,0,0,0,0,0,0,0,114153,0,126.08,126.26,126.40
1545,3,0,0,0,93660,93660,93660,3619,3619,3619,591,591,591,0.00,0.00,0.00,0.00,0.00,0.00,0.00,0.00,0.00,0.00,0.00,0.00,0.00,0.00,0.00,0.00,0.00,0.00,0.00,0.00,0.00,298788,378465,605444,309272,392094,618549,0,0,0,0,0,0,0,126381,0,139.92,139.97,140.02
1546,0,0,0,0,93656,93656,93656,3623,3623,3623,591,591,591,0.00,0.00,0.00,0.00,0.00,0.00,0.00,0.00,0.00,0.00,0.00,0.00,0.00,0.00,0.00,0.00,0.00,0.00,0.00,0.00,0.00,293543,503739,1168936,306648,517368,1182041,0,0,0,0,0,0,0,124026,0,137.22,137.34,137.45
1546,1,0,0,0,93625,93625,93625,3655,3655,3655,591,591,591,0.00,0.00,0.00,0.00,0.00,0.00,0.00,0.00,0.00,0.00,0.00,0.00,0.00,0.00,0.00,0.00,0.00,0.00,0.00,0.00,0.00,406248,581591,765791,419353,595702,778949,0,0,0,0,0,0,0,111438,0,123.70,123.71,123.74
1546,2,0,0,0,93620,93620,93620,3659,3659,3659,591,591,591,0.00,0.00,0.00,0.00,0.00,0.00,0.00,0.00,0.00,0.00,0.00,0.00,0.00,0.00,0.00,0.00,0.00,0.00,0.00,0.00,0.00,301408,443980,665687,314513,457084,678791,0,0,0,0,0,0,0,101268,0,126.26,126.32,126.40
1546,3,0,0,0,93660,93660,93660,3619,3619,3619,591,591,591,0.00,0.00,0.00,0.00,0.00,0.00,0.00,0.00,0.00,0.00,0.00,0.00,0.00,0.00,0.00,0.00,0.00,0.00,0.00,0.00,0.00,298769,471240,891107,311873,484869,904211,0,0,0,0,0,0,0,112449,0,139.92,139.99,140.10
1547,0,0,0,0,93656,93656,93656,3623,3623,3623,591,591,591,0.00,0.00,0.00,0.00,0.00,0.00,0.00,0.00,0.00,0.00,0.00,0.00,0.00,0.00,0.00,0.00,0.00,0.00,0.00,0.00,0.00,296165,361165,600202,311891,375318,610686,0,0,0,0,0,0,0,110122,0,137.48,137.50,137.53
1547,1,0,0,0,93625,93625,93625,3655,3655,3655,591,591,591,0.00,0.00,0.00,0.00,0.00,0.00,0.00,0.00,0.00,0.00,0.00,0.00,0.00,0.00,0.00,0.00,0.00,0.00,0.00,0.00,0.00,403554,448683,537282,416656,461961,550387,0,0,0,0,0,0,0,99214,0,123.70,123.75,123.83
1547,2,0,0,0,93620,93620,93620,3659,3659,3659,591,591,591,0.00,0.00,0.00,0.00,0.00,0.00,0.00,0.00,0.00,0.00,0.00,0.00,0.00,0.00,0.00,0.00,0.00,0.00,0.00,0.00,0.00,293545,370598,647361,309271,385276,657845,0,0,0,0,0,0,0,101256,0,126.25,126.28,126.31
1547,3,0,0,0,93660,93660,93660,3619,3619,3619,591,591,591,0.00,0.00,0.00,0.00,0.00,0.00,0.00,0.00,0.00,0.00,0.00,0.00,0.00,0.00,0.00,0.00,0.00,0.00,0.00,0.00,0.00,202688,331463,492738,211425,344742,508464,0,0,0,0,0,0,0,112502,0,140.13,140.21,140.28
1548,0,0,0,0,93656,93656,93656,3623,3623,3623,591,591,591,0.00,0.00,0.00,0.00,0.00,0.00,0.00,0.00,0.00,0.00,0.00,0.00,0.00,0.00,0.00,0.00,0.00,0.00,0.00,0.00,0.00,304029,435889,665721,319060,449940,678826,0,0,0,0,0,0,0,110055,0,137.26,137.33,137.40
1548,1,0,0,0,93625,93625,93625,3655,3655,3655,591,591,591,0.00,0.00,0.00,0.00,0.00,0.00,0.00,0.00,0.00,0.00,0.00,0.00,0.00,0.00,0.00,0.00,0.00,0.00,0.00,0.00,0.00,408868,485397,757449,424592,499550,770553,0,0,0,0,0,0,0,99150,0,123.75,123.81,123.85
1548,2,0,0,0,93620,93620,93620,3659,3659,3659,591,591,591,0.00,0.00,0.00,0.00,0.00,0.00,0.00,0.00,0.00,0.00,0.00,0.00,0.00,0.00,0.00,0.00,0.00,0.00,0.00,0.00,0.00,200346,357627,673587,210709,370136,686692,0,0,0,0,0,0,0,101226,0,126.17,126.20,126.24
1548,3,0,0,0,93660,93660,93660,3619,3619,3619,591,591,591,0.00,0.00,0.00,0.00,0.00,0.00,0.00,0.00,0.00,0.00,0.00,0.00,0.00,0.00,0.00,0.00,0.00,0.00,0.00,0.00,0.00,296167,327094,408869,311893,341247,421974,0,0,0,0,0,0,0,112395,0,139.96,140.02,140.08
1549,0,0,0,0,93656,93656,93656,3623,3623,3623,591,591,591,0.00,0.00,0.00,0.00,0.00,0.00,0.00,0.00,0.00,0.00,0.00,0.00,0.00,0.00,0.00,0.00,0.00,0.00,0.00,0.00,0.00,192194,310491,474384,200930,323246,487488,0,0,0,0,0,0,0,110080,0,137.22,137.28,137.33
1549,1,0,0,0,93625,93625,93625,3655,3655,3655,591,591,591,0.00,0.00,0.00,0.00,0.00,0.00,0.00,0.00,0.00,0.00,0.00,0.00,0.00,0.00,0.00,0.00,0.00,0.00,0.00,0.00,0.00,406245,567673,851799,419350,581301,862283,0,0,0,0,0,0,0,111500,0,123.69,123.73,123.76
1549,2,0,0,0,93620,93620,93620,3659,3659,3659,591,591,591,0.00,0.00,0.00,0.00,0.00,0.00,0.00,0.00,0.00,0.00,0.00,0.00,0.00,0.00,0.00,0.00,0.00,0.00,0.00,0.00,0.00,296168,564037,1292059,309626,578238,1305163,0,0,0,0,0,0,0,101130,0,126.06,126.15,126.20
1549,3,0,0,0,93660,93660,93660,3619,3619,3619,591,591,591,0.00,0.00,0.00,0.00,0.00,0.00,0.00,0.00,0.00,0.00,0.00,0.00,0.00,0.00,0.00,0.00,0.00,0.00,0.00,0.00,0.00,298784,532051,812500,314509,545680,828225,0,0,0,0,0,0,0,126483,0,139.97,140.07,140.17
1550,0,0,0,0,93656,93656,93656,3623,3623,3623,591,591,591,0.00,0.00,0.00,0.00,0.00,0.00,0.00,0.00,0.00,0.00,0.00,0.00,0.00,0.00,0.00,0.00,0.00,0.00,0.00,0.00,0.00,298786,536242,1197768,311890,550395,1213494,0,0,0,0,0,0,0,96422,0,137.28,137.30,137.33
1550,1,0,0,0,93625,93625,93625,3655,3655,3655,591,591,591,0.00,0.00,0.00,0.00,0.00,0.00,0.00,0.00,0.00,0.00,0.00,0.00,0.00,0.00,0.00,0.00,0.00,0.00,0.00,0.00,0.00,406243,466296,576609,421969,480409,592334,0,0,0,0,0,0,0,74369,0,123.69,123.74,123.78
1550,2,0,0,0,93620,93620,93620,3659,3659,3659,591,591,591,0.00,0.00,0.00,0.00,0.00,0.00,0.00,0.00,0.00,0.00,0.00,0.00,0.00,0.00,0.00,0.00,0.00,0.00,0.00,0.00,0.00,298788,383706,715515,309272,397335,728620,0,0,0,0,0,0,0,101171,0,126.05,126.09,126.14
1550,3,0,0,0,93660,93660,93660,3619,3619,3619,591,591,591,0.00,0.00,0.00,0.00,0.00,0.00,0.00,0.00,0.00,0.00,0.00,0.00,0.00,0.00,0.00,0.00,0.00,0.00,0.00,0.00,0.00,296165,341772,482252,311891,355925,495357,0,0,0,0,0,0,0,84479,0,140.13,140.17,140.22
1551,0,0,0,0,93656,93656,93656,3623,3623,3623,591,591,591,0.00,0.00,0.00,0.00,0.00,0.00,0.00,0.00,0.00,0.00,0.00,0.00,0.00,0.00,0.00,0.00,0.00,0.00,0.00,0.00,0.00,301391,422490,885870,314495,436119,901595,0,0,0,0,0,0,0,110068,0,137.25,137.31,137.35
1551,1,0,0,0,93625,93625,93625,3655,3655,3655,591,591,591,0.00,0.00,0.00,0.00,0.00,0.00,0.00,0.00,0.00,0.00,0.00,0.00,0.00,0.00,0.00,0.00,0.00,0.00,0.00,0.00,0.00,427213,586037,864908,440318,599666,878013,0,0,0,0,0,0,0,99219,0,123.82,123.84,123.87
1551,2,0,0,0,93620,93620,93620,3659,3659,3659,591,591,591,0.00,0.00,0.00,0.00,0.00,0.00,0.00,0.00,0.00,0.00,0.00,0.00,0.00,0.00,0.00,0.00,0.00,0.00,0.00,0.00,0.00,301393,357494,571365,311894,371646,587091,0,0,0,0,0,0,0,75880,0,126.14,126.18,126.22
1551,3,0,0,0,93660,93660,93660,3619,3619,3619,591,591,591,0.00,0.00,0.00,0.00,0.00,0.00,0.00,0.00,0.00,0.00,0.00,0.00,0.00,0.00,0.00,0.00,0.00,0.00,0.00,0.00,0.00,293533,309268,356450,304016,322897,372176,0,0,0,0,0,0,0,112628,0,140.12,140.19,140.23
1552,0,0,0,0,93656,93656,93656,3623,3623,3623,591,591,591,0.00,0.00,0.00,0.00,0.00,0.00,0.00,0.00,0.00,0.00,0.00,0.00,0.00,0.00,0.00,0.00,0.00,0.00,0.00,0.00,0.00,306583,344469,474849,322306,358609,487894,0,0,0,0,0,0,0,110040,0,137.20,137.26,137.30
1552,1,0,0,0,93625,93625,93625,3655,3655,3655,591,591,591,0.00,0.00,0.00,0.00,0.00,0.00,0.00,0.00,0.00,0.00,0.00,0.00,0.00,0.00,0.00,0.00,0.00,0.00,0.00,0.00,0.00,403598,434546,534672,419323,448175,550398,0,0,0,0,0,0,0,99151,0,123.76,123.79,123.81
1552,2,0,0,0,93620,93620,93620,3659,3659,3659,591,591,591,0.00,0.00,0.00,0.00,0.00,0.00,0.00,0.00,0.00,0.00,0.00,0.00,0.00,0.00,0.00,0.00,0.00,0.00,0.00,0.00,0.00,297217,387572,665723,312724,401157,678828,0,0,0,0,0,0,0,113820,0,126.18,126.19,126.21
1552,3,0,0,0,93660,93660,93660,3619,3619,3619,591,591,591,0.00,0.00,0.00,0.00,0.00,0.00,0.00,0.00,0.00,0.00,0.00,0.00,0.00,0.00,0.00,0.00,0.00,0.00,0.00,0.00,0.00,296167,320803,411481,309272,334956,427207,0,0,0,0,0,0,0,112300,0,139.97,140.02,140.07
1553,0,0,0,0,93656,93656,93656,3623,3623,3623,591,591,591,0.00,0.00,0.00,0.00,0.00,0.00,0.00,0.00,0.00,0.00,0.00,0.00,0.00,0.00,0.00,0.00,0.00,0.00,0.00,0.00,0.00,301408,352776,518942,317133,366405,529426,0,0,0,0,0,0,0,110255,0,137.30,137.40,137.48
1553,1,0,0,0,93625,93625,93625,3655,3655,3655,591,591,591,0.00,0.00,0.00,0.00,0.00,0.00,0.00,0.00,0.00,0.00,0.00,0.00,0.00,0.00,0.00,0.00,0.00,0.00,0.00,0.00,0.00,209675,455515,707647,222780,469668,723373,0,0,0,0,0,0,0,111506,0,123.72,123.74,123.80
1553,2,0,0,0,93620,93620,93620,3659,3659,3659,591,591,591,0.00,0.00,0.00,0.00,0.00,0.00,0.00,0.00,0.00,0.00,0.00,0.00,0.00,0.00,0.00,0.00,0.00,0.00,0.00,0.00,0.00,304027,503220,990715,319747,516849,1003820,0,0,0,0,0,0,0,101231,0,126.17,126.19,126.23
1553,3,0,0,0,93660,93660,93660,3619,3619,3619,591,591,591,0.00,0.00,0.00,0.00,0.00,0.00,0.00,0.00,0.00,0.00,0.00,0.00,0.00,0.00,0.00,0.00,0.00,0.00,0.00,0.00,0.00,70765,464956,843951,83870,479109,857056,0,0,0,0,0,0,0,112286,0,139.96,140.01,140.03
1554,0,0,0,0,93656,93656,93656,3623,3623,3623,591,591,591,0.00,0.00,0.00,0.00,0.00,0.00,0.00,0.00,0.00,0.00,0.00,0.00,0.00,0.00,0.00,0.00,0.00,0.00,0.00,0.00,0.00,254215,479103,959273,267319,493256,974999,0,0,0,0,0,0,0,110154,0,137.42,137.46,137.50
1554,1,0,0,0,93625,93625,93625,3655,3655,3655,591,591,591,0.00,0.00,0.00,0.00,0.00,0.00,0.00,0.00,0.00,0.00,0.00,0.00,0.00,0.00,0.00,0.00,0.00,0.00,0.00,0.00,0.00,361692,462322,691928,374797,476475,707654,0,0,0,0,0,0,0,99120,0,123.64,123.69,123.78
1554,2,0,0,0,93620,93620,93620,3659,3659,3659,591,591,591,0.00,0.00,0.00,0.00,0.00,0.00,0.00,0.00,0.00,0.00,0.00,0.00,0.00,0.00,0.00,0.00,0.00,0.00,0.00,0.00,0.00,298788,378455,686650,314506,392608,699754,0,0,0,0,0,0,0,101260,0,126.20,126.24,126.29
1554,3,0,0,0,93660,93660,93660,3619,3619,3619,591,591,591,0.00,0.00,0.00,0.00,0.00,0.00,0.00,0.00,0.00,0.00,0.00,0.00,0.00,0.00,0.00,0.00,0.00,0.00,0.00,0.00,0.00,290911,342293,492743,306636,355922,505848,0,0,0,0,0,0,0,112314,0,139.87,139.95,140.03
1555,0,0,0,0,93656,93656,93656,3623,3623,3623,591,591,591,0.00,0.00,0.00,0.00,0.00,0.00,0.00,0.00,0.00,0.00,0.00,0.00,0.00,0.00,0.00,0.00,0.00,0.00,0.00,0.00,0.00,298785,426162,880634,311890,439791,893739,0,0,0,0,0,0,0,110167,0,137.39,137.41,137.44
1555,1,0,0,0,93625,93625,93625,3655,3655,3655,591,591,591,0.00,0.00,0.00,0.00,0.00,0.00,0.00,0.00,0.00,0.00,0.00,0.00,0.00,0.00,0.00,0.00,0.00,0.00,0.00,0.00,0.00,408863,527227,853930,421968,540853,869646,0,0,0,0,0,0,0,99094,0,123.69,123.71,123.75
1555,2,0,0,0,93620,93620,93620,3659,3659,3659,591,591,591,0.00,0.00,0.00,0.00,0.00,0.00,0.00,0.00,0.00,0.00,0.00,0.00,0.00,0.00,0.00,0.00,0.00,0.00,0.00,0.00,0.00,301410,439270,647376,317135,453423,663101,0,0,0,0,0,0,0,101262,0,126.22,126.27,126.31
1555,3,0,0,0,93660,93660,93660,3619,3619,3619,591,591,591,0.00,0.00,0.00,0.00,0.00,0.00,0.00,0.00,0.00,0.00,0.00,0.00,0.00,0.00,0.00,0.00,0.00,0.00,0.00,0.00,0.00,296168,333908,414109,311894,348061,427214,0,0,0,0,0,0,0,112487,0,139.89,140.01,140.08
1556,0,0,0,0,93656,93656,93656,3623,3623,3623,591,591,591,0.00,0.00,0.00,0.00,0.00,0.00,0.00,0.00,0.00,0.00,0.00,0.00,0.00,0.00,0.00,0.00,0.00,0.00,0.00,0.00,0.00,290997,329087,445063,303873,343211,460589,0,0,0,0,0,0,0,110061,0,137.27,137.31,137.38
1556,1,0,0,0,93625,93625,93625,3655,3655,3655,591,591,591,0.00,0.00,0.00,0.00,0.00,0.00,0.00,0.00,0.00,0.00,0.00,0.00,0.00,0.00,0.00,0.00,0.00,0.00,0.00,0.00,0.00,401006,440670,565266,416732,454819,578351,0,0,0,0,0,0,0,99103,0,123.64,123.65,123.67
1556,2,0,0,0,93620,93620,93620,3659,3659,3659,591,591,591,0.00,0.00,0.00,0.00,0.00,0.00,0.00,0.00,0.00,0.00,0.00,0.00,0.00,0.00,0.00,0.00,0.00,0.00,0.00,0.00,0.00,301410,505517,998312,314515,519485,1011177,0,0,0,0,0,0,0,113828,0,126.09,126.15,126.22
1556,3,0,0,0,93660,93660,93660,3619,3619,3619,591,591,591,0.00,0.00,0.00,0.00,0.00,0.00,0.00,0.00,0.00,0.00,0.00,0.00,0.00,0.00,0.00,0.00,0.00,0.00,0.00,0.00,0.00,290927,355394,589680,306653,369547,605405,0,0,0,0,0,0,0,126630,0,140.11,140.17,140.22
1557,0,0,0,0,93656,93656,93656,3623,3623,3623,591,591,591,0.00,0.00,0.00,0.00,0.00,0.00,0.00,0.00,0.00,0.00,0.00,0.00,0.00,0.00,0.00,0.00,0.00,0.00,0.00,0.00,0.00,296164,522613,1247565,309271,536766,1260670,0,0,0,0,0,0,0,123864,0,137.28,137.29,137.32
1557,1,0,0,0,93625,93625,93625,3655,3655,3655,591,591,591,0.00,0.00,0.00,0.00,0.00,0.00,0.00,0.00,0.00,0.00,0.00,0.00,0.00,0.00,0.00,0.00,0.00,0.00,0.00,0.00,0.00,406244,568963,760070,419349,583107,773175,0,0,0,0,0,0,0,111461,0,123.64,123.66,123.68
1557,2,0,0,0,93620,93620,93620,3659,3659,3659,591,591,591,0.00,0.00,0.00,0.00,0.00,0.00,0.00,0.00,0.00,0.00,0.00,0.00,0.00,0.00,0.00,0.00,0.00,0.00,0.00,0.00,0.00,296167,437173,665719,309271,450802,681445,0,0,0,0,0,0,0,101159,0,126.12,126.15,126.19
1557,3,0,0,0,93660,93660,93660,3619,3619,3619,591,591,591,0.00,0.00,0.00,0.00,0.00,0.00,0.00,0.00,0.00,0.00,0.00,0.00,0.00,0.00,0.00,0.00,0.00,0.00,0.00,0.00,0.00,296169,467052,849175,309274,481205,862280,0,0,0,0,0,0,0,84188,0,139.95,140.03,140.14
1558,0,0,0,0,93656,93656,93656,3623,3623,3623,591,591,591,0.00,0.00,0.00,0.00,0.00,0.00,0.00,0.00,0.00,0.00,0.00,0.00,0.00,0.00,0.00,0.00,0.00,0.00,0.00,0.00,0.00,298784,364308,547777,311888,378723,563502,0,0,0,0,0,0,0,82545,0,137.30,137.34,137.37
1558,1,0,0,0,93625,93625,93625,3655,3655,3655,591,591,591,0.00,0.00,0.00,0.00,0.00,0.00,0.00,0.00,0.00,0.00,0.00,0.00,0.00,0.00,0.00,0.00,0.00,0.00,0.00,0.00,0.00,276073,434604,647299,283063,447476,660455,0,0,0,0,0,0,0,74494,0,123.70,123.83,123.90
1558,2,0,0,0,93620,93620,93620,3659,3659,3659,591,591,591,0.00,0.00,0.00,0.00,0.00,0.00,0.00,0.00,0.00,0.00,0.00,0.00,0.00,0.00,0.00,0.00,0.00,0.00,0.00,0.00,0.00,298786,384623,634269,311890,399038,652615,0,0,0,0,0,0,0,75947,0,126.10,126.15,126.21
1558,3,0,0,0,93660,93660,93660,3619,3619,3619,591,591,591,0.00,0.00,0.00,0.00,0.00,0.00,0.00,0.00,0.00,0.00,0.00,0.00,0.00,0.00,0.00,0.00,0.00,0.00,0.00,0.00,0.00,297040,300972,309272,305776,313640,319756,0,0,0,0,0,0,0,112465,0,140.02,140.04,140.07
1559,0,0,0,0,93656,93656,93656,3623,3623,3623,591,591,591,0.00,0.00,0.00,0.00,0.00,0.00,0.00,0.00,0.00,0.00,0.00,0.00,0.00,0.00,0.00,0.00,0.00,0.00,0.00,0.00,0.00,298786,377407,676167,311891,391036,686651,0,0,0,0,0,0,0,110199,0,137.28,137.33,137.37
1559,1,0,0,0,93625,93625,93625,3655,3655,3655,591,591,591,0.00,0.00,0.00,0.00,0.00,0.00,0.00,0.00,0.00,0.00,0.00,0.00,0.00,0.00,0.00,0.00,0.00,0.00,0.00,0.00,0.00,424591,511005,681691,437696,525154,694701,0,0,0,0,0,0,0,99394,0,123.90,123.96,124.02
1559,2,0,0,0,93620,93620,93620,3659,3659,3659,591,591,591,0.00,0.00,0.00,0.00,0.00,0.00,0.00,0.00,0.00,0.00,0.00,0.00,0.00,0.00,0.00,0.00,0.00,0.00,0.00,0.00,0.00,301390,371646,644758,314511,385275,657863,0,0,0,0,0,0,0,101055,0,126.05,126.14,126.21
1559,3,0,0,0,93660,93660,93660,3619,3619,3619,591,591,591,0.00,0.00,0.00,0.00,0.00,0.00,0.00,0.00,0.00,0.00,0.00,0.00,0.00,0.00,0.00,0.00,0.00,0.00,0.00,0.00,0.00,293531,344388,456037,306635,358017,466521,0,0,0,0,0,0,0,112616,0,139.98,140.04,140.15
1560,0,0,0,0,93656,93656,93656,3623,3623,3623,591,591,591,0.00,0.00,0.00,0.00,0.00,0.00,0.00,0.00,0.00,0.00,0.00,0.00,0.00,0.00,0.00,0.00,0.00,0.00,0.00,0.00,0.00,234136,377446,597573,244620,390521,610678,0,0,0,0,0,0,0,110106,0,137.37,137.43,137.49
1560,1,0,0,0,93625,93625,93625,3655,3655,3655,591,591,591,0.00,0.00,0.00,0.00,0.00,0.00,0.00,0.00,0.00,0.00,0.00,0.00,0.00,0.00,0.00,0.00,0.00,0.00,0.00,0.00,0.00,400979,491443,825594,414083,505063,836078,0,0,0,0,0,0,0,99215,0,123.70,123.82,123.94
1560,2,0,0,0,93620,93620,93620,3659,3659,3659,591,591,591,0.00,0.00,0.00,0.00,0.00,0.00,0.00,0.00,0.00,0.00,0.00,0.00,0.00,0.00,0.00,0.00,0.00,0.00,0.00,0.00,0.00,291275,479733,900140,306472,493000,908779,0,0,0,0,0,0,0,113777,0,125.99,126.01,126.07
1560,3,0,0,0,93660,93660,93660,3619,3619,3619,591,591,591,0.00,0.00,0.00,0.00,0.00,0.00,0.00,0.00,0.00,0.00,0.00,0.00,0.00,0.00,0.00,0.00,0.00,0.00,0.00,0.00,0.00,301406,500078,988101,314510,514231,1001206,0,0,0,0,0,0,0,126538,0,140.04,140.13,140.21
1561,0,0,0,0,93656,93656,93656,3623,3623,3623,591,591,591,0.00,0.00,0.00,0.00,0.00,0.00,0.00,0.00,0.00,0.00,0.00,0.00,0.00,0.00,0.00,0.00,0.00,0.00,0.00,0.00,0.00,296166,480139,1195073,309269,493768,1210797,0,0,0,0,0,0,0,123846,0,137.25,137.31,137.37
1561,1,0,0,0,93625,93625,93625,3655,3655,3655,591,591,591,0.00,0.00,0.00,0.00,0.00,0.00,0.00,0.00,0.00,0.00,0.00,0.00,0.00,0.00,0.00,0.00,0.00,0.00,0.00,0.00,0.00,411490,605966,739313,427215,620112,752329,0,0,0,0,0,0,0,99088,0,123.72,123.74,123.76
1561,2,0,0,0,93620,93620,93620,3659,3659,3659,591,591,591,0.00,0.00,0.00,0.00,0.00,0.00,0.00,0.00,0.00,0.00,0.00,0.00,0.00,0.00,0.00,0.00,0.00,0.00,0.00,0.00,0.00,296167,380032,694540,311892,393136,707645,0,0,0,0,0,0,0,101143,0,126.06,126.10,126.13
1561,3,0,0,0,93660,93660,93660,3619,3619,3619,591,591,591,0.00,0.00,0.00,0.00,0.00,0.00,0.00,0.00,0.00,0.00,0.00,0.00,0.00,0.00,0.00,0.00,0.00,0.00,0.00,0.00,0.00,296170,372168,463901,309275,385797,477006,0,0,0,0,0,0,0,112403,0,139.98,140.01,140.06
1562,0,0,0,0,93656,93656,93656,3623,3623,3623,591,591,591,0.00,0.00,0.00,0.00,0.00,0.00,0.00,0.00,0.00,0.00,0.00,0.00,0.00,0.00,0.00,0.00,0.00,0.00,0.00,0.00,0.00,296163,432451,694542,309267,446604,710268,0,0,0,0,0,0,0,110043,0,137.18,137.22,137.26
1562,1,0,0,0,93625,93625,93625,3655,3655,3655,591,591,591,0.00,0.00,0.00,0.00,0.00,0.00,0.00,0.00,0.00,0.00,0.00,0.00,0.00,0.00,0.00,0.00,0.00,0.00,0.00,0.00,0.00,277820,469656,715510,288304,482743,728615,0,0,0,0,0,0,0,99199,0,123.69,123.71,123.75
1562,2,0,0,0,93620,93620,93620,3659,3659,3659,591,591,591,0.00,0.00,0.00,0.00,0.00,0.00,0.00,0.00,0.00,0.00,0.00,0.00,0.00,0.00,0.00,0.00,0.00,0.00,0.00,0.00,0.00,298788,370076,634268,314513,384229,647373,0,0,0,0,0,0,0,101001,0,125.95,126.02,126.09
1562,3,0,0,0,93660,93660,93660,3619,3619,3619,591,591,591,0.00,0.00,0.00,0.00,0.00,0.00,0.00,0.00,0.00,0.00,0.00,0.00,0.00,0.00,0.00,0.00,0.00,0.00,0.00,0.00,0.00,197448,314164,463909,207932,327269,477014,0,0,0,0,0,0,0,112583,0,139.99,140.04,140.10
1563,0,0,0,0,93656,93656,93656,3623,3623,3623,591,591,591,0.00,0.00,0.00,0.00,0.00,0.00,0.00,0.00,0.00,0.00,0.00,0.00,0.00,0.00,0.00,0.00,0.00,0.00,0.00,0.00,0.00,301405,362212,592326,317131,375841,605430,0,0,0,0,0,0,0,110061,0,137.27,137.36,137.47
1563,1,0,0,0,93625,93625,93625,3655,3655,3655,591,591,591,0.00,0.00,0.00,0.00,0.00,0.00,0.00,0.00,0.00,0.00,0.00,0.00,0.00,0.00,0.00,0.00,0.00,0.00,0.00,0.00,0.00,296165,392573,752204,309271,406200,762687,0,0,0,0,0,0,0,99318,0,123.77,123.82,123.84
1563,2,0,0,0,93620,93620,93620,3659,3659,3659,591,591,591,0.00,0.00,0.00,0.00,0.00,0.00,0.00,0.00,0.00,0.00,0.00,0.00,0.00,0.00,0.00,0.00,0.00,0.00,0.00,0.00,0.00,296165,500074,694550,311891,514226,707654,0,0,0,0,0,0,0,113734,0,125.98,126.09,126.22
1563,3,0,0,0,93660,93660,93660,3619,3619,3619,591,591,591,0.00,0.00,0.00,0.00,0.00,0.00,0.00,0.00,0.00,0.00,0.00,0.00,0.00,0.00,0.00,0.00,0.00,0.00,0.00,0.00,0.00,296166,314514,374800,311892,328667,387905,0,0,0,0,0,0,0,112446,0,140.01,140.06,140.17
1564,0,0,0,0,93656,93656,93656,3623,3623,3623,591,591,591,0.00,0.00,0.00,0.00,0.00,0.00,0.00,0.00,0.00,0.00,0.00,0.00,0.00,0.00,0.00,0.00,0.00,0.00,0.00,0.00,0.00,202836,318382,477010,209770,331825,492736,0,0,0,0,0,0,0,110170,0,137.28,137.32,137.43
1564,1,0,0,0,93625,93625,93625,3655,3655,3655,591,591,591,0.00,0.00,0.00,0.00,0.00,0.00,0.00,0.00,0.00,0.00,0.00,0.00,0.00,0.00,0.00,0.00,0.00,0.00,0.00,0.00,0.00,298282,365257,518941,313982,378881,534667,0,0,0,0,0,0,0,111525,0,123.74,123.79,123.86
1564,2,0,0,0,93620,93620,93620,3659,3659,3659,591,591,591,0.00,0.00,0.00,0.00,0.00,0.00,0.00,0.00,0.00,0.00,0.00,0.00,0.00,0.00,0.00,0.00,0.00,0.00,0.00,0.00,0.00,284031,725578,1604029,292586,738823,1619755,0,0,0,0,0,0,0,101173,0,126.12,126.17,126.22
1564,3,0,0,0,93660,93660,93660,3619,3619,3619,591,591,591,0.00,0.00,0.00,0.00,0.00,0.00,0.00,0.00,0.00,0.00,0.00,0.00,0.00,0.00,0.00,0.00,0.00,0.00,0.00,0.00,0.00,296149,498504,1009080,311874,512133,1022185,0,0,0,0,0,0,0,126498,0,139.98,140.01,140.05
1565,0,0,0,0,93656,93656,93656,3623,3623,3623,591,591,591,0.00,0.00,0.00,0.00,0.00,0.00,0.00,0.00,0.00,0.00,0.00,0.00,0.00,0.00,0.00,0.00,0.00,0.00,0.00,0.00,0.00,293542,530474,1174175,306647,544103,1187280,0,0,0,0,0,0,0,82566,0,137.31,137.38,137.45
1565,1,0,0,0,93625,93625,93625,3655,3655,3655,591,591,591,0.00,0.00,0.00,0.00,0.00,0.00,0.00,0.00,0.00,0.00,0.00,0.00,0.00,0.00,0.00,0.00,0.00,0.00,0.00,0.00,0.00,296165,384019,503172,311891,398110,516008,0,0,0,0,0,0,0,74320,0,123.66,123.67,123.68
1565,2,0,0,0,93620,93620,93620,3659,3659,3659,591,591,591,0.00,0.00,0.00,0.00,0.00,0.00,0.00,0.00,0.00,0.00,0.00,0.00,0.00,0.00,0.00,0.00,0.00,0.00,0.00,0.00,0.00,429836,550397,1014309,442941,564027,1027414,0,0,0,0,0,0,0,101293,0,126.09,126.14,126.19
1565,3,0,0,0,93660,93660,93660,3619,3619,3619,591,591,591,0.00,0.00,0.00,0.00,0.00,0.00,0.00,0.00,0.00,0.00,0.00,0.00,0.00,0.00,0.00,0.00,0.00,0.00,0.00,0.00,0.00,301514,342842,490125,314510,356973,503230,0,0,0,0,0,0,0,84359,0,140.01,140.03,140.04
1566,0,0,0,0,93656,93656,93656,3623,3623,3623,591,591,591,0.00,0.00,0.00,0.00,0.00,0.00,0.00,0.00,0.00,0.00,0.00,0.00,0.00,0.00,0.00,0.00,0.00,0.00,0.00,0.00,0.00,293545,400338,691892,309270,414753,704996,0,0,0,0,0,0,0,110095,0,137.30,137.34,137.36
1566,1,0,0,0,93625,93625,93625,3655,3655,3655,591,591,591,0.00,0.00,0.00,0.00,0.00,0.00,0.00,0.00,0.00,0.00,0.00,0.00,0.00,0.00,0.00,0.00,0.00,0.00,0.00,0.00,0.00,296119,340052,380034,311842,352719,390518,0,0,0,0,0,0,0,99225,0,123.77,123.79,123.82
1566,2,0,0,0,93620,93620,93620,3659,3659,3659,591,591,591,0.00,0.00,0.00,0.00,0.00,0.00,0.00,0.00,0.00,0.00,0.00,0.00,0.00,0.00,0.00,0.00,0.00,0.00,0.00,0.00,0.00,424590,545760,880641,435074,560174,896367,0,0,0,0,0,0,0,76018,0,126.25,126.29,126.32
1566,3,0,0,0,93660,93660,93660,3619,3619,3619,591,591,591,0.00,0.00,0.00,0.00,0.00,0.00,0.00,0.00,0.00,0.00,0.00,0.00,0.00,0.00,0.00,0.00,0.00,0.00,0.00,0.00,0.00,202686,296382,374795,213170,308831,387900,0,0,0,0,0,0,0,112479,0,140.07,140.08,140.10
1567,0,0,0,0,93656,93656,93656,3623,3623,3623,591,591,591,0.00,0.00,0.00,0.00,0.00,0.00,0.00,0.00,0.00,0.00,0.00,0.00,0.00,0.00,0.00,0.00,0.00,0.00,0.00,0.00,0.00,298786,366406,610677,311891,380035,623782,0,0,0,0,0,0,0,110080,0,137.30,137.32,137.34
1567,1,0,0,0,93625,93625,93625,3655,3655,3655,591,591,591,0.00,0.00,0.00,0.00,0.00,0.00,0.00,0.00,0.00,0.00,0.00,0.00,0.00,0.00,0.00,0.00,0.00,0.00,0.00,0.00,0.00,293544,366399,623747,309267,380551,636851,0,0,0,0,0,0,0,99071,0,123.60,123.67,123.73
1567,2,0,0,0,93620,93620,93620,3659,3659,3659,591,591,591,0.00,0.00,0.00,0.00,0.00,0.00,0.00,0.00,0.00,0.00,0.00,0.00,0.00,0.00,0.00,0.00,0.00,0.00,0.00,0.00,0.00,429839,824181,1873561,442944,837809,1889327,0,0,0,0,0,0,0,113820,0,126.14,126.21,126.28
1567,3,0,0,0,93660,93660,93660,3619,3619,3619,591,591,591,0.00,0.00,0.00,0.00,0.00,0.00,0.00,0.00,0.00,0.00,0.00,0.00,0.00,0.00,0.00,0.00,0.00,0.00,0.00,0.00,0.00,301408,325520,401005,317130,339674,419352,0,0,0,0,0,0,0,126562,0,140.06,140.15,140.21
1568,0,0,0,0,93656,93656,93656,3623,3623,3623,591,591,591,0.00,0.00,0.00,0.00,0.00,0.00,0.00,0.00,0.00,0.00,0.00,0.00,0.00,0.00,0.00,0.00,0.00,0.00,0.00,0.00,0.00,195697,316433,482254,206180,330062,492738,0,0,0,0,0,0,0,123784,0,137.26,137.30,137.32
1568,1,0,0,0,93625,93625,93625,3655,3655,3655,591,591,591,0.00,0.00,0.00,0.00,0.00,0.00,0.00,0.00,0.00,0.00,0.00,0.00,0.00,0.00,0.00,0.00,0.00,0.00,0.00,0.00,0.00,296165,382131,508460,309269,396283,524185,0,0,0,0,0,0,0,111559,0,123.58,123.63,123.74
1568,2,0,0,0,93620,93620,93620,3659,3659,3659,591,591,591,0.00,0.00,0.00,0.00,0.00,0.00,0.00,0.00,0.00,0.00,0.00,0.00,0.00,0.00,0.00,0.00,0.00,0.00,0.00,0.00,0.00,424513,459672,581617,440236,472411,590272,0,0,0,0,0,0,0,101270,0,126.13,126.22,126.29
1568,3,0,0,0,93660,93660,93660,3619,3619,3619,591,591,591,0.00,0.00,0.00,0.00,0.00,0.00,0.00,0.00,0.00,0.00,0.00,0.00,0.00,0.00,0.00,0.00,0.00,0.00,0.00,0.00,0.00,301409,535197,862289,311895,548826,875394,0,0,0,0,0,0,0,112240,0,139.92,140.01,140.12
1569,0,0,0,0,93656,93656,93656,3623,3623,3623,591,591,591,0.00,0.00,0.00,0.00,0.00,0.00,0.00,0.00,0.00,0.00,0.00,0.00,0.00,0.00,0.00,0.00,0.00,0.00,0.00,0.00,0.00,301405,539374,1205570,317131,553003,1216053,0,0,0,0,0,0,0,110256,0,137.35,137.43,137.49
1569,1,0,0,0,93625,93625,93625,3655,3655,3655,591,591,591,0.00,0.00,0.00,0.00,0.00,0.00,0.00,0.00,0.00,0.00,0.00,0.00,0.00,0.00,0.00,0.00,0.00,0.00,0.00,0.00,0.00,298785,344492,513703,311890,358080,529428,0,0,0,0,0,0,0,99186,0,123.79,123.80,123.81
1569,2,0,0,0,93620,93620,93620,3659,3659,3659,591,591,591,0.00,0.00,0.00,0.00,0.00,0.00,0.00,0.00,0.00,0.00,0.00,0.00,0.00,0.00,0.00,0.00,0.00,0.00,0.00,0.00,0.00,421974,641078,990719,435079,655231,1006445,0,0,0,0,0,0,0,101255,0,126.20,126.23,126.28
1569,3,0,0,0,93660,93660,93660,3619,3619,3619,591,591,591,0.00,0.00,0.00,0.00,0.00,0.00,0.00,0.00,0.00,0.00,0.00,0.00,0.00,0.00,0.00,0.00,0.00,0.00,0.00,0.00,0.00,296163,341533,499428,311889,355599,514717,0,0,0,0,0,0,0,112477,0,139.85,139.91,140.01
1570,0,0,0,0,93656,93656,93656,3623,3623,3623,591,591,591,0.00,0.00,0.00,0.00,0.00,0.00,0.00,0.00,0.00,0.00,0.00,0.00,0.00,0.00,0.00,0.00,0.00,0.00,0.00,0.00,0.00,293544,380559,678825,306649,394188,691930,0,0,0,0,0,0,0,110127,0,137.36,137.45,137.54
1570,1,0,0,0,93625,93625,93625,3655,3655,3655,591,591,591,0.00,0.00,0.00,0.00,0.00,0.00,0.00,0.00,0.00,0.00,0.00,0.00,0.00,0.00,0.00,0.00,0.00,0.00,0.00,0.00,0.00,211421,343163,545151,223652,357141,560876,0,0,0,0,0,0,0,99043,0,123.60,123.70,123.78
1570,2,0,0,0,93620,93620,93620,3659,3659,3659,591,591,591,0.00,0.00,0.00,0.00,0.00,0.00,0.00,0.00,0.00,0.00,0.00,0.00,0.00,0.00,0.00,0.00,0.00,0.00,0.00,0.00,0.00,427217,528382,925189,442939,542535,938294,0,0,0,0,0,0,0,101119,0,126.11,126.22,126.30
1570,3,0,0,0,93660,93660,93660,3619,3619,3619,591,591,591,0.00,0.00,0.00,0.00,0.00,0.00,0.00,0.00,0.00,0.00,0.00,0.00,0.00,0.00,0.00,0.00,0.00,0.00,0.00,0.00,0.00,202687,317310,408868,213171,330414,424594,0,0,0,0,0,0,0,112502,0,140.16,140.21,140.24
1571,0,0,0,0,93656,93656,93656,3623,3623,3623,591,591,591,0.00,0.00,0.00,0.00,0.00,0.00,0.00,0.00,0.00,0.00,0.00,0.00,0.00,0.00,0.00,0.00,0.00,0.00,0.00,0.00,0.00,293546,398902,623787,309272,413055,639513,0,0,0,0,0,0,0,110069,0,137.28,137.32,137.36
1571,1,0,0,0,93625,93625,93625,3655,3655,3655,591,591,591,0.00,0.00,0.00,0.00,0.00,0.00,0.00,0.00,0.00,0.00,0.00,0.00,0.00,0.00,0.00,0.00,0.00,0.00,0.00,0.00,0.00,293544,360640,610681,306649,374269,626407,0,0,0,0,0,0,0,99107,0,123.64,123.70,123.75
1571,2,0,0,0,93620,93620,93620,3659,3659,3659,591,591,591,0.00,0.00,0.00,0.00,0.00,0.00,0.00,0.00,0.00,0.00,0.00,0.00,0.00,0.00,0.00,0.00,0.00,0.00,0.00,0.00,0.00,429796,821390,1866124,445521,835543,1879229,0,0,0,0,0,0,0,113957,0,126.06,126.14,126.27
1571,3,0,0,0,93660,93660,93660,3619,3619,3619,591,591,591,0.00,0.00,0.00,0.00,0.00,0.00,0.00,0.00,0.00,0.00,0.00,0.00,0.00,0.00,0.00,0.00,0.00,0.00,0.00,0.00,0.00,304032,472810,815074,317137,486439,828178,0,0,0,0,0,0,0,126546,0,140.01,140.08,140.12
1572,0,0,0,0,93656,93656,93656,3623,3623,3623,591,591,591,0.00,0.00,0.00,0.00,0.00,0.00,0.00,0.00,0.00,0.00,0.00,0.00,0.00,0.00,0.00,0.00,0.00,0.00,0.00,0.00,0.00,235830,423544,980290,251552,435599,985533,0,0,0,0,0,0,0,123942,0,137.25,137.29,137.31
1572,1,0,0,0,93625,93625,93625,3655,3655,3655,591,591,591,0.00,0.00,0.00,0.00,0.00,0.00,0.00,0.00,0.00,0.00,0.00,0.00,0.00,0.00,0.00,0.00,0.00,0.00,0.00,0.00,0.00,306649,424058,584428,322375,438211,597532,0,0,0,0,0,0,0,74183,0,123.59,123.66,123.71
1572,2,0,0,0,93620,93620,93620,3659,3659,3659,591,591,591,0.00,0.00,0.00,0.00,0.00,0.00,0.00,0.00,0.00,0.00,0.00,0.00,0.00,0.00,0.00,0.00,0.00,0.00,0.00,0.00,0.00,286926,512375,995964,297297,525459,1011690,0,0,0,0,0,0,0,101129,0,126.08,126.15,126.24
1572,3,0,0,0,93660,93660,93660,3619,3619,3619,591,591,591,0.00,0.00,0.00,0.00,0.00,0.00,0.00,0.00,0.00,0.00,0.00,0.00,0.00,0.00,0.00,0.00,0.00,0.00,0.00,0.00,0.00,298788,400481,621161,311893,414634,636886,0,0,0,0,0,0,0,84315,0,139.90,139.97,140.02
1573,0,0,0,0,93656,93656,93656,3623,3623,3623,591,591,591,0.00,0.00,0.00,0.00,0.00,0.00,0.00,0.00,0.00,0.00,0.00,0.00,0.00,0.00,0.00,0.00,0.00,0.00,0.00,0.00,0.00,297876,367359,558261,313553,369012,571365,0,0,0,0,0,0,0,82738,0,137.35,137.43,137.48
1573,1,0,0,0,93625,93625,93625,3655,3655,3655,591,591,591,0.00,0.00,0.00,0.00,0.00,0.00,0.00,0.00,0.00,0.00,0.00,0.00,0.00,0.00,0.00,0.00,0.00,0.00,0.00,0.00,0.00,298784,372377,508462,309267,385431,524188,0,0,0,0,0,0,0,99134,0,123.59,123.64,123.67
1573,2,0,0,0,93620,93620,93620,3659,3659,3659,591,591,591,0.00,0.00,0.00,0.00,0.00,0.00,0.00,0.00,0.00,0.00,0.00,0.00,0.00,0.00,0.00,0.00,0.00,0.00,0.00,0.00,0.00,435079,554328,878001,450805,568743,891105,0,0,0,0,0,0,0,75874,0,126.05,126.08,126.11
1573,3,0,0,0,93660,93660,93660,3619,3619,3619,591,591,591,0.00,0.00,0.00,0.00,0.00,0.00,0.00,0.00,0.00,0.00,0.00,0.00,0.00,0.00,0.00,0.00,0.00,0.00,0.00,0.00,0.00,298791,327612,385281,314513,341372,398386,0,0,0,0,0,0,0,112483,0,139.94,139.96,139.99
1574,0,0,0,0,93656,93656,93656,3623,3623,3623,591,591,591,0.00,0.00,0.00,0.00,0.00,0.00,0.00,0.00,0.00,0.00,0.00,0.00,0.00,0.00,0.00,0.00,0.00,0.00,0.00,0.00,0.00,302323,388242,691891,317960,457744,704995,0,0,0,0,0,0,0,110306,0,137.46,137.48,137.50
1574,1,0,0,0,93625,93625,93625,3655,3655,3655,591,591,591,0.00,0.00,0.00,0.00,0.00,0.00,0.00,0.00,0.00,0.00,0.00,0.00,0.00,0.00,0.00,0.00,0.00,0.00,0.00,0.00,0.00,200937,331636,534669,209673,344915,547773,0,0,0,0,0,0,0,99092,0,123.70,123.72,123.75
1574,2,0,0,0,93620,93620,93620,3659,3659,3659,591,591,591,0.00,0.00,0.00,0.00,0.00,0.00,0.00,0.00,0.00,0.00,0.00,0.00,0.00,0.00,0.00,0.00,0.00,0.00,0.00,0.00,0.00,427208,534663,922528,440312,548292,935632,0,0,0,0,0,0,0,101134,0,126.17,126.22,126.25
1574,3,0,0,0,93660,93660,93660,3619,3619,3619,591,591,591,0.00,0.00,0.00,0.00,0.00,0.00,0.00,0.00,0.00,0.00,0.00,0.00,0.00,0.00,0.00,0.00,0.00,0.00,0.00,0.00,0.00,206181,305948,419354,218412,319402,432459,0,0,0,0,0,0,0,112427,0,139.96,139.98,140.01
1575,0,0,0,0,93656,93656,93656,3623,3623,3623,591,591,591,0.00,0.00,0.00,0.00,0.00,0.00,0.00,0.00,0.00,0.00,0.00,0.00,0.00,0.00,0.00,0.00,0.00,0.00,0.00,0.00,0.00,296166,389301,584261,309270,346069,481520,0,0,0,0,0,0,0,110168,0,137.38,137.46,137.51
1575,1,0,0,0,93625,93625,93625,3655,3655,3655,591,591,591,0.00,0.00,0.00,0.00,0.00,0.00,0.00,0.00,0.00,0.00,0.00,0.00,0.00,0.00,0.00,0.00,0.00,0.00,0.00,0.00,0.00,293530,356443,545155,306634,370596,558260,0,0,0,0,0,0,0,111511,0,123.65,123.69,123.73
1575,2,0,0,0,93620,93620,93620,3659,3659,3659,591,591,591,0.00,0.00,0.00,0.00,0.00,0.00,0.00,0.00,0.00,0.00,0.00,0.00,0.00,0.00,0.00,0.00,0.00,0.00,0.00,0.00,0.00,421976,814066,1894951,435081,828219,1910677,0,0,0,0,0,0,0,101208,0,126.17,126.22,126.26
1575,3,0,0,0,93660,93660,93660,3619,3619,3619,591,591,591,0.00,0.00,0.00,0.00,0.00,0.00,0.00,0.00,0.00,0.00,0.00,0.00,0.00,0.00,0.00,0.00,0.00,0.00,0.00,0.00,0.00,298790,497982,998587,309274,511611,1014313,0,0,0,0,0,0,0,126495,0,139.95,139.97,139.99
1576,0,0,0,0,93656,93656,93656,3623,3623,3623,591,591,591,0.00,0.00,0.00,0.00,0.00,0.00,0.00,0.00,0.00,0.00,0.00,0.00,0.00,0.00,0.00,0.00,0.00,0.00,0.00,0.00,0.00,298785,482045,1202999,311890,550941,1216103,0,0,0,0,0,0,0,123873,0,137.33,137.37,137.40
1576,1,0,0,0,93625,93625,93625,3655,3655,3655,591,591,591,0.00,0.00,0.00,0.00,0.00,0.00,0.00,0.00,0.00,0.00,0.00,0.00,0.00,0.00,0.00,0.00,0.00,0.00,0.00,0.00,0.00,296161,379939,612833,309265,394090,623309,0,0,0,0,0,0,0,99202,0,123.75,123.80,123.86
1576,2,0,0,0,93620,93620,93620,3659,3659,3659,591,591,591,0.00,0.00,0.00,0.00,0.00,0.00,0.00,0.00,0.00,0.00,0.00,0.00,0.00,0.00,0.00,0.00,0.00,0.00,0.00,0.00,0.00,285377,512597,982867,294024,525334,998593,0,0,0,0,0,0,0,101168,0,126.18,126.21,126.24
1576,3,0,0,0,93660,93660,93660,3619,3619,3619,591,591,591,0.00,0.00,0.00,0.00,0.00,0.00,0.00,0.00,0.00,0.00,0.00,0.00,0.00,0.00,0.00,0.00,0.00,0.00,0.00,0.00,0.00,296166,338215,492734,311892,352320,503218,0,0,0,0,0,0,0,112545,0,140.04,140.08,140.12
1577,0,0,0,0,93656,93656,93656,3623,3623,3623,591,591,591,0.00,0.00,0.00,0.00,0.00,0.00,0.00,0.00,0.00,0.00,0.00,0.00,0.00,0.00,0.00,0.00,0.00,0.00,0.00,0.00,0.00,301406,431475,679400,314510,392448,695019,0,0,0,0,0,0,0,110134,0,137.34,137.35,137.35
1577,1,0,0,0,93625,93625,93625,3655,3655,3655,591,591,591,0.00,0.00,0.00,0.00,0.00,0.00,0.00,0.00,0.00,0.00,0.00,0.00,0.00,0.00,0.00,0.00,0.00,0.00,0.00,0.00,0.00,309270,403100,497978,322375,416728,511083,0,0,0,0,0,0,0,99289,0,123.81,123.87,123.91
1577,2,0,0,0,93620,93620,93620,3659,3659,3659,591,591,591,0.00,0.00,0.00,0.00,0.00,0.00,0.00,0.00,0.00,0.00,0.00,0.00,0.00,0.00,0.00,0.00,0.00,0.00,0.00,0.00,0.00,419352,522618,904232,435077,536770,914715,0,0,0,0,0,0,0,101117,0,125.99,126.05,126.14
1577,3,0,0,0,93660,93660,93660,3619,3619,3619,591,591,591,0.00,0.00,0.00,0.00,0.00,0.00,0.00,0.00,0.00,0.00,0.00,0.00,0.00,0.00,0.00,0.00,0.00,0.00,0.00,0.00,0.00,202689,297914,374797,209678,310844,387902,0,0,0,0,0,0,0,112425,0,140.05,140.07,140.10
1578,0,0,0,0,93656,93656,93656,3623,3623,3623,591,591,591,0.00,0.00,0.00,0.00,0.00,0.00,0.00,0.00,0.00,0.00,0.00,0.00,0.00,0.00,0.00,0.00,0.00,0.00,0.00,0.00,0.00,294108,364150,587092,309724,376189,600197,0,0,0,0,0,0,0,110030,0,137.25,137.29,137.38
1578,1,0,0,0,93625,93625,93625,3655,3655,3655,591,591,591,0.00,0.00,0.00,0.00,0.00,0.00,0.00,0.00,0.00,0.00,0.00,0.00,0.00,0.00,0.00,0.00,0.00,0.00,0.00,0.00,0.00,199192,349635,615921,207928,362914,629025,0,0,0,0,0,0,0,99146,0,123.70,123.76,123.86
1578,2,0,0,0,93620,93620,93620,3659,3659,3659,591,591,591,0.00,0.00,0.00,0.00,0.00,0.00,0.00,0.00,0.00,0.00,0.00,0.00,0.00,0.00,0.00,0.00,0.00,0.00,0.00,0.00,0.00,429834,819835,1826809,442938,833988,1842535,0,0,0,0,0,0,0,113840,0,126.09,126.12,126.13
1578,3,0,0,0,93660,93660,93660,3619,3619,3619,591,591,591,0.00,0.00,0.00,0.00,0.00,0.00,0.00,0.00,0.00,0.00,0.00,0.00,0.00,0.00,0.00,0.00,0.00,0.00,0.00,0.00,0.00,301411,326570,406246,314515,340723,421971,0,0,0,0,0,0,0,126408,0,139.93,139.97,139.99
1579,0,0,0,0,93656,93656,93656,3623,3623,3623,591,591,591,0.00,0.00,0.00,0.00,0.00,0.00,0.00,0.00,0.00,0.00,0.00,0.00,0.00,0.00,0.00,0.00,0.00,0.00,0.00,0.00,0.00,193927,308418,451826,202662,321644,464662,0,0,0,0,0,0,0,123964,0,137.26,137.41,137.50
1579,1,0,0,0,93625,93625,93625,3655,3655,3655,591,591,591,0.00,0.00,0.00,0.00,0.00,0.00,0.00,0.00,0.00,0.00,0.00,0.00,0.00,0.00,0.00,0.00,0.00,0.00,0.00,0.00,0.00,301409,389336,533993,314513,402960,549699,0,0,0,0,0,0,0,111540,0,123.68,123.70,123.72
1579,2,0,0,0,93620,93620,93620,3659,3659,3659,591,591,591,0.00,0.00,0.00,0.00,0.00,0.00,0.00,0.00,0.00,0.00,0.00,0.00,0.00,0.00,0.00,0.00,0.00,0.00,0.00,0.00,0.00,279118,505050,930443,287628,517760,943548,0,0,0,0,0,0,0,101143,0,126.11,126.15,126.19
1579,3,0,0,0,93660,93660,93660,3619,3619,3619,591,591,591,0.00,0.00,0.00,0.00,0.00,0.00,0.00,0.00,0.00,0.00,0.00,0.00,0.00,0.00,0.00,0.00,0.00,0.00,0.00,0.00,0.00,301410,530995,825554,314515,545148,838658,0,0,0,0,0,0,0,112392,0,140.02,140.07,140.14
1580,0,0,0,0,93656,93656,93656,3623,3623,3623,591,591,591,0.00,0.00,0.00,0.00,0.00,0.00,0.00,0.00,0.00,0.00,0.00,0.00,0.00,0.00,0.00,0.00,0.00,0.00,0.00,0.00,0.00,298782,541484,1237084,314507,555637,1250189,0,0,0,0,0,0,0,82533,0,137.26,137.37,137.48
1580,1,0,0,0,93625,93625,93625,3655,3655,3655,591,591,591,0.00,0.00,0.00,0.00,0.00,0.00,0.00,0.00,0.00,0.00,0.00,0.00,0.00,0.00,0.00,0.00,0.00,0.00,0.00,0.00,0.00,298672,342273,500607,311772,355901,516333,0,0,0,0,0,0,0,74356,0,123.75,123.79,123.81
1580,2,0,0,0,93620,93620,93620,3659,3659,3659,591,591,591,0.00,0.00,0.00,0.00,0.00,0.00,0.00,0.00,0.00,0.00,0.00,0.00,0.00,0.00,0.00,0.00,0.00,0.00,0.00,0.00,0.00,418993,631283,952562,432336,645437,965435,0,0,0,0,0,0,0,101238,0,126.11,126.15,126.18
1580,3,0,0,0,93660,93660,93660,3619,3619,3619,591,591,591,0.00,0.00,0.00,0.00,0.00,0.00,0.00,0.00,0.00,0.00,0.00,0.00,0.00,0.00,0.00,0.00,0.00,0.00,0.00,0.00,0.00,293546,339674,474393,306651,353303,484877,0,0,0,0,0,0,0,84213,0,139.95,140.02,140.09
1581,0,0,0,0,93656,93656,93656,3623,3623,3623,591,591,591,0.00,0.00,0.00,0.00,0.00,0.00,0.00,0.00,0.00,0.00,0.00,0.00,0.00,0.00,0.00,0.00,0.00,0.00,0.00,0.00,0.00,296166,398376,670957,311891,412135,681441,0,0,0,0,0,0,0,109980,0,137.18,137.20,137.22
1581,1,0,0,0,93625,93625,93625,3655,3655,3655,591,591,591,0.00,0.00,0.00,0.00,0.00,0.00,0.00,0.00,0.00,0.00,0.00,0.00,0.00,0.00,0.00,0.00,0.00,0.00,0.00,0.00,0.00,304555,379512,524183,317460,393877,542529,0,0,0,0,0,0,0,99106,0,123.66,123.71,123.79
1581,2,0,0,0,93620,93620,93620,3659,3659,3659,591,591,591,0.00,0.00,0.00,0.00,0.00,0.00,0.00,0.00,0.00,0.00,0.00,0.00,0.00,0.00,0.00,0.00,0.00,0.00,0.00,0.00,0.00,427214,560226,954025,440320,573986,969751,0,0,0,0,0,0,0,75902,0,126.12,126.14,126.17
1581,3,0,0,0,93660,93660,93660,3619,3619,3619,591,591,591,0.00,0.00,0.00,0.00,0.00,0.00,0.00,0.00,0.00,0.00,0.00,0.00,0.00,0.00,0.00,0.00,0.00,0.00,0.00,0.00,0.00,199195,290920,361683,207932,303588,377408,0,0,0,0,0,0,0,112378,0,139.90,139.93,139.96
1582,0,0,0,0,93656,93656,93656,3623,3623,3623,591,591,591,0.00,0.00,0.00,0.00,0.00,0.00,0.00,0.00,0.00,0.00,0.00,0.00,0.00,0.00,0.00,0.00,0.00,0.00,0.00,0.00,0.00,296165,359067,594950,306650,373219,608054,0,0,0,0,0,0,0,110069,0,137.17,137.25,137.31
1582,1,0,0,0,93625,93625,93625,3655,3655,3655,591,591,591,0.00,0.00,0.00,0.00,0.00,0.00,0.00,0.00,0.00,0.00,0.00,0.00,0.00,0.00,0.00,0.00,0.00,0.00,0.00,0.00,0.00,197444,347705,636877,206181,360985,649982,0,0,0,0,0,0,0,99189,0,123.66,123.75,123.79
1582,2,0,0,0,93620,93620,93620,3659,3659,3659,591,591,591,0.00,0.00,0.00,0.00,0.00,0.00,0.00,0.00,0.00,0.00,0.00,0.00,0.00,0.00,0.00,0.00,0.00,0.00,0.00,0.00,0.00,424594,737000,1931609,440320,751153,1944713,0,0,0,0,0,0,0,113842,0,126.13,126.17,126.21
1582,3,0,0,0,93660,93660,93660,3619,3619,3619,591,591,591,0.00,0.00,0.00,0.00,0.00,0.00,0.00,0.00,0.00,0.00,0.00,0.00,0.00,0.00,0.00,0.00,0.00,0.00,0.00,0.00,0.00,296168,384230,592339,309273,398383,605443,0,0,0,0,0,0,0,126382,0,139.96,139.99,140.01
1583,0,0,0,0,93656,93656,93656,3623,3623,3623,591,591,591,0.00,0.00,0.00,0.00,0.00,0.00,0.00,0.00,0.00,0.00,0.00,0.00,0.00,0.00,0.00,0.00,0.00,0.00,0.00,0.00,0.00,192185,484675,1197763,202667,497216,1210867,0,0,0,0,0,0,0,123891,0,137.24,137.29,137.33
1583,1,0,0,0,93625,93625,93625,3655,3655,3655,591,591,591,0.00,0.00,0.00,0.00,0.00,0.00,0.00,0.00,0.00,0.00,0.00,0.00,0.00,0.00,0.00,0.00,0.00,0.00,0.00,0.00,0.00,301408,385277,521566,314512,398906,537292,0,0,0,0,0,0,0,111555,0,123.70,123.74,123.80
1583,2,0,0,0,93620,93620,93620,3659,3659,3659,591,591,591,0.00,0.00,0.00,0.00,0.00,0.00,0.00,0.00,0.00,0.00,0.00,0.00,0.00,0.00,0.00,0.00,0.00,0.00,0.00,0.00,0.00,437691,558437,875405,453417,571520,888510,0,0,0,0,0,0,0,101018,0,125.96,126.01,126.08
1583,3,0,0,0,93660,93660,93660,3619,3619,3619,591,591,591,0.00,0.00,0.00,0.00,0.00,0.00,0.00,0.00,0.00,0.00,0.00,0.00,0.00,0.00,0.00,0.00,0.00,0.00,0.00,0.00,0.00,298791,475961,857035,314512,490114,872761,0,0,0,0,0,0,0,112385,0,140.00,140.02,140.04
1584,0,0,0,0,93656,93656,93656,3623,3623,3623,591,591,591,0.00,0.00,0.00,0.00,0.00,0.00,0.00,0.00,0.00,0.00,0.00,0.00,0.00,0.00,0.00,0.00,0.00,0.00,0.00,0.00,0.00,296162,359586,597572,309268,373739,613297,0,0,0,0,0,0,0,110030,0,137.17,137.22,137.35
1584,1,0,0,0,93625,93625,93625,3655,3655,3655,591,591,591,0.00,0.00,0.00,0.00,0.00,0.00,0.00,0.00,0.00,0.00,0.00,0.00,0.00,0.00,0.00,0.00,0.00,0.00,0.00,0.00,0.00,298787,361164,497976,311891,375841,511081,0,0,0,0,0,0,0,99128,0,123.66,123.74,123.78
1584,2,0,0,0,93620,93620,93620,3659,3659,3659,591,591,591,0.00,0.00,0.00,0.00,0.00,0.00,0.00,0.00,0.00,0.00,0.00,0.00,0.00,0.00,0.00,0.00,0.00,0.00,0.00,0.00,0.00,424600,532049,909454,437705,545678,925179,0,0,0,0,0,0,0,100993,0,125.89,125.92,125.96
1584,3,0,0,0,93660,93660,93660,3619,3619,3619,591,591,591,0.00,0.00,0.00,0.00,0.00,0.00,0.00,0.00,0.00,0.00,0.00,0.00,0.00,0.00,0.00,0.00,0.00,0.00,0.00,0.00,0.00,290910,349630,497973,304015,363783,511078,0,0,0,0,0,0,0,112281,0,139.81,139.93,140.03
1585,0,0,0,0,93656,93656,93656,3623,3623,3623,591,591,591,0.00,0.00,0.00,0.00,0.00,0.00,0.00,0.00,0.00,0.00,0.00,0.00,0.00,0.00,0.00,0.00,0.00,0.00,0.00,0.00,0.00,304025,443461,697169,317130,457614,712895,0,0,0,0,0,0,0,110068,0,137.23,137.30,137.34
1585,1,0,0,0,93625,93625,93625,3655,3655,3655,591,591,591,0.00,0.00,0.00,0.00,0.00,0.00,0.00,0.00,0.00,0.00,0.00,0.00,0.00,0.00,0.00,0.00,0.00,0.00,0.00,0.00,0.00,298736,346103,511852,311838,359657,524584,0,0,0,0,0,0,0,99184,0,123.69,123.72,123.77
1585,2,0,0,0,93620,93620,93620,3659,3659,3659,591,591,591,0.00,0.00,0.00,0.00,0.00,0.00,0.00,0.00,0.00,0.00,0.00,0.00,0.00,0.00,0.00,0.00,0.00,0.00,0.00,0.00,0.00,429832,540964,914717,448179,554593,927822,0,0,0,0,0,0,0,101122,0,125.85,125.92,126.03
1585,3,0,0,0,93660,93660,93660,3619,3619,3619,591,591,591,0.00,0.00,0.00,0.00,0.00,0.00,0.00,0.00,0.00,0.00,0.00,0.00,0.00,0.00,0.00,0.00,0.00,0.00,0.00,0.00,0.00,202687,304205,416731,213171,316786,429836,0,0,0,0,0,0,0,112468,0,139.85,139.98,140.07
1586,0,0,0,0,93656,93656,93656,3623,3623,3623,591,591,591,0.00,0.00,0.00,0.00,0.00,0.00,0.00,0.00,0.00,0.00,0.00,0.00,0.00,0.00,0.00,0.00,0.00,0.00,0.00,0.00,0.00,296165,333377,469119,309269,347005,484844,0,0,0,0,0,0,0,110100,0,137.31,137.33,137.34
1586,1,0,0,0,93625,93625,93625,3655,3655,3655,591,591,591,0.00,0.00,0.00,0.00,0.00,0.00,0.00,0.00,0.00,0.00,0.00,0.00,0.00,0.00,0.00,0.00,0.00,0.00,0.00,0.00,0.00,301403,372870,529426,314512,385974,545151,0,0,0,0,0,0,0,111574,0,123.70,123.76,123.80
1586,2,0,0,0,93620,93620,93620,3659,3659,3659,591,591,591,0.00,0.00,0.00,0.00,0.00,0.00,0.00,0.00,0.00,0.00,0.00,0.00,0.00,0.00,0.00,0.00,0.00,0.00,0.00,0.00,0.00,432457,805675,1894956,445562,820352,1908061,0,0,0,0,0,0,0,101030,0,125.95,126.01,126.06
1586,3,0,0,0,93660,93660,93660,3619,3619,3619,591,591,591,0.00,0.00,0.00,0.00,0.00,0.00,0.00,0.00,0.00,0.00,0.00,0.00,0.00,0.00,0.00,0.00,0.00,0.00,0.00,0.00,0.00,301407,533095,843948,317133,547248,859674,0,0,0,0,0,0,0,126576,0,140.01,140.11,140.18
1588,0,0,0,0,93656,93656,93656,3623,3623,3623,591,591,591,0.00,0.00,0.00,0.00,0.00,0.00,0.00,0.00,0.00,0.00,0.00,0.00,0.00,0.00,0.00,0.00,0.00,0.00,0.00,0.00,0.00,192201,460328,1218728,200938,473796,1231833,0,0,0,0,0,0,0,234016,0,137.30,137.36,137.40
1588,1,0,0,0,93625,93625,93625,3655,3655,3655,591,591,591,0.00,0.00,0.00,0.00,0.00,0.00,0.00,0.00,0.00,0.00,0.00,0.00,0.00,0.00,0.00,0.00,0.00,0.00,0.00,0.00,0.00,311891,369839,508462,327616,383817,524187,0,0,0,0,0,0,0,198267,0,123.68,123.72,123.80
1588,2,0,0,0,93620,93620,93620,3659,3659,3659,591,591,591,0.00,0.00,0.00,0.00,0.00,0.00,0.00,0.00,0.00,0.00,0.00,0.00,0.00,0.00,0.00,0.00,0.00,0.00,0.00,0.00,0.00,281925,528434,993351,290573,541626,1009077,0,0,0,0,0,0,0,202213,0,125.96,126.03,126.08
1588,3,0,0,0,93660,93660,93660,3619,3619,3619,591,591,591,0.00,0.00,0.00,0.00,0.00,0.00,0.00,0.00,0.00,0.00,0.00,0.00,0.00,0.00,0.00,0.00,0.00,0.00,0.00,0.00,0.00,298790,331390,474394,314440,345368,487499,0,0,0,0,0,0,0,224618,0,139.90,140.03,140.23
1589,0,0,0,0,93656,93656,93656,3623,3623,3623,591,591,591,0.00,0.00,0.00,0.00,0.00,0.00,0.00,0.00,0.00,0.00,0.00,0.00,0.00,0.00,0.00,0.00,0.00,0.00,0.00,0.00,0.00,301403,367974,597573,317129,382127,610678,0,0,0,0,0,0,0,110091,0,137.25,137.30,137.36
1589,1,0,0,0,93625,93625,93625,3655,3655,3655,591,591,591,0.00,0.00,0.00,0.00,0.00,0.00,0.00,0.00,0.00,0.00,0.00,0.00,0.00,0.00,0.00,0.00,0.00,0.00,0.00,0.00,0.00,288279,379019,560878,304003,391736,573983,0,0,0,0,0,0,0,99022,0,123.60,123.68,123.75
1589,2,0,0,0,93620,93620,93620,3659,3659,3659,591,591,591,0.00,0.00,0.00,0.00,0.00,0.00,0.00,0.00,0.00,0.00,0.00,0.00,0.00,0.00,0.00,0.00,0.00,0.00,0.00,0.00,0.00,421948,543056,980241,435052,557209,993346,0,0,0,0,0,0,0,113840,0,126.05,126.11,126.18
1589,3,0,0,0,93660,93660,93660,3619,3619,3619,591,591,591,0.00,0.00,0.00,0.00,0.00,0.00,0.00,0.00,0.00,0.00,0.00,0.00,0.00,0.00,0.00,0.00,0.00,0.00,0.00,0.00,0.00,201948,295392,366916,208912,308332,377400,0,0,0,0,0,0,0,112508,0,139.98,140.04,140.11
1590,0,0,0,0,93656,93656,93656,3623,3623,3623,591,591,591,0.00,0.00,0.00,0.00,0.00,0.00,0.00,0.00,0.00,0.00,0.00,0.00,0.00,0.00,0.00,0.00,0.00,0.00,0.00,0.00,0.00,298645,337023,482253,311744,350651,497979,0,0,0,0,0,0,0,110125,0,137.39,137.40,137.41
1590,1,0,0,0,93625,93625,93625,3655,3655,3655,591,591,591,0.00,0.00,0.00,0.00,0.00,0.00,0.00,0.00,0.00,0.00,0.00,0.00,0.00,0.00,0.00,0.00,0.00,0.00,0.00,0.00,0.00,301407,362732,529423,317131,376884,545149,0,0,0,0,0,0,0,111451,0,123.59,123.67,123.73
1590,2,0,0,0,93620,93620,93620,3659,3659,3659,591,591,591,0.00,0.00,0.00,0.00,0.00,0.00,0.00,0.00,0.00,0.00,0.00,0.00,0.00,0.00,0.00,0.00,0.00,0.00,0.00,0.00,0.00,429829,809875,1879229,445555,823504,1892334,0,0,0,0,0,0,0,101124,0,126.06,126.13,126.19
1590,3,0,0,0,93660,93660,93660,3619,3619,3619,591,591,591,0.00,0.00,0.00,0.00,0.00,0.00,0.00,0.00,0.00,0.00,0.00,0.00,0.00,0.00,0.00,0.00,0.00,0.00,0.00,0.00,0.00,296170,535294,864920,309275,549436,880645,0,0,0,0,0,0,0,112143,0,139.82,139.91,139.99
1591,0,0,0,0,93656,93656,93656,3623,3623,3623,591,591,591,0.00,0.00,0.00,0.00,0.00,0.00,0.00,0.00,0.00,0.00,0.00,0.00,0.00,0.00,0.00,0.00,0.00,0.00,0.00,0.00,0.00,193896,517877,1192526,204283,530962,1205631,0,0,0,0,0,0,0,110109,0,137.38,137.40,137.43
1591,1,0,0,0,93625,93625,93625,3655,3655,3655,591,591,591,0.00,0.00,0.00,0.00,0.00,0.00,0.00,0.00,0.00,0.00,0.00,0.00,0.00,0.00,0.00,0.00,0.00,0.00,0.00,0.00,0.00,304027,371122,503218,317131,385275,518944,0,0,0,0,0,0,0,99155,0,123.65,123.71,123.77
1591,2,0,0,0,93620,93620,93620,3659,3659,3659,591,591,591,0.00,0.00,0.00,0.00,0.00,0.00,0.00,0.00,0.00,0.00,0.00,0.00,0.00,0.00,0.00,0.00,0.00,0.00,0.00,0.00,0.00,287016,507627,969758,297390,520611,980242,0,0,0,0,0,0,0,101078,0,126.02,126.04,126.07
1591,3,0,0,0,93660,93660,93660,3619,3619,3619,591,591,591,0.00,0.00,0.00,0.00,0.00,0.00,0.00,0.00,0.00,0.00,0.00,0.00,0.00,0.00,0.00,0.00,0.00,0.00,0.00,0.00,0.00,301862,347306,513709,314873,361424,526814,0,0,0,0,0,0,0,112349,0,139.89,139.90,139.92
1592,0,0,0,0,93656,93656,93656,3623,3623,3623,591,591,591,0.00,0.00,0.00,0.00,0.00,0.00,0.00,0.00,0.00,0.00,0.00,0.00,0.00,0.00,0.00,0.00,0.00,0.00,0.00,0.00,0.00,298785,382130,684060,311890,396283,699785,0,0,0,0,0,0,0,110067,0,137.25,137.29,137.36
1592,1,0,0,0,93625,93625,93625,3655,3655,3655,591,591,591,0.00,0.00,0.00,0.00,0.00,0.00,0.00,0.00,0.00,0.00,0.00,0.00,0.00,0.00,0.00,0.00,0.00,0.00,0.00,0.00,0.00,309269,372166,534639,322373,385794,550363,0,0,0,0,0,0,0,99211,0,123.63,123.70,123.77
1592,2,0,0,0,93620,93620,93620,3659,3659,3659,591,591,591,0.00,0.00,0.00,0.00,0.00,0.00,0.00,0.00,0.00,0.00,0.00,0.00,0.00,0.00,0.00,0.00,0.00,0.00,0.00,0.00,0.00,435074,635642,925198,448185,649900,938303,0,0,0,0,0,0,0,101036,0,125.96,126.00,126.02
1592,3,0,0,0,93660,93660,93660,3619,3619,3619,591,591,591,0.00,0.00,0.00,0.00,0.00,0.00,0.00,0.00,0.00,0.00,0.00,0.00,0.00,0.00,0.00,0.00,0.00,0.00,0.00,0.00,0.00,199193,321316,487494,209677,333896,503220,0,0,0,0,0,0,0,112380,0,139.88,139.91,139.96
1593,0,0,0,0,93656,93656,93656,3623,3623,3623,591,591,591,0.00,0.00,0.00,0.00,0.00,0.00,0.00,0.00,0.00,0.00,0.00,0.00,0.00,0.00,0.00,0.00,0.00,0.00,0.00,0.00,0.00,298785,361688,584466,311889,375841,597571,0,0,0,0,0,0,0,110103,0,137.32,137.39,137.45
1593,1,0,0,0,93625,93625,93625,3655,3655,3655,591,591,591,0.00,0.00,0.00,0.00,0.00,0.00,0.00,0.00,0.00,0.00,0.00,0.00,0.00,0.00,0.00,0.00,0.00,0.00,0.00,0.00,0.00,288303,318940,410610,301408,331492,421094,0,0,0,0,0,0,0,99405,0,123.79,124.00,124.13
1593,2,0,0,0,93620,93620,93620,3659,3659,3659,591,591,591,0.00,0.00,0.00,0.00,0.00,0.00,0.00,0.00,0.00,0.00,0.00,0.00,0.00,0.00,0.00,0.00,0.00,0.00,0.00,0.00,0.00,424596,720760,1860865,437700,734913,1873969,0,0,0,0,0,0,0,113776,0,126.01,126.03,126.06
1593,3,0,0,0,93660,93660,93660,3619,3619,3619,591,591,591,0.00,0.00,0.00,0.00,0.00,0.00,0.00,0.00,0.00,0.00,0.00,0.00,0.00,0.00,0.00,0.00,0.00,0.00,0.00,0.00,0.00,306652,405179,626409,319757,419332,639514,0,0,0,0,0,0,0,126430,0,140.03,140.06,140.08
1594,0,0,0,0,93656,93656,93656,3623,3623,3623,591,591,591,0.00,0.00,0.00,0.00,0.00,0.00,0.00,0.00,0.00,0.00,0.00,0.00,0.00,0.00,0.00,0.00,0.00,0.00,0.00,0.00,0.00,197224,494435,1216120,207696,507013,1229225,0,0,0,0,0,0,0,123957,0,137.39,137.42,137.48
1594,1,0,0,0,93625,93625,93625,3655,3655,3655,591,591,591,0.00,0.00,0.00,0.00,0.00,0.00,0.00,0.00,0.00,0.00,0.00,0.00,0.00,0.00,0.00,0.00,0.00,0.00,0.00,0.00,0.00,293543,385800,537294,309269,399953,550398,0,0,0,0,0,0,0,111742,0,124.10,124.13,124.16
1594,2,0,0,0,93620,93620,93620,3659,3659,3659,591,591,591,0.00,0.00,0.00,0.00,0.00,0.00,0.00,0.00,0.00,0.00,0.00,0.00,0.00,0.00,0.00,0.00,0.00,0.00,0.00,0.00,0.00,424590,634267,969759,440315,647896,982864,0,0,0,0,0,0,0,101170,0,126.01,126.05,126.11
1594,3,0,0,0,93660,93660,93660,3619,3619,3619,591,591,591,0.00,0.00,0.00,0.00,0.00,0.00,0.00,0.00,0.00,0.00,0.00,0.00,0.00,0.00,0.00,0.00,0.00,0.00,0.00,0.00,0.00,298789,462261,822637,311894,476413,835737,0,0,0,0,0,0,0,84107,0,139.99,140.04,140.08
1595,0,0,0,0,93656,93656,93656,3623,3623,3623,591,591,591,0.00,0.00,0.00,0.00,0.00,0.00,0.00,0.00,0.00,0.00,0.00,0.00,0.00,0.00,0.00,0.00,0.00,0.00,0.00,0.00,0.00,296165,353251,560872,311637,366878,573976,0,0,0,0,0,0,0,82485,0,137.32,137.40,137.47
1595,1,0,0,0,93625,93625,93625,3655,3655,3655,591,591,591,0.00,0.00,0.00,0.00,0.00,0.00,0.00,0.00,0.00,0.00,0.00,0.00,0.00,0.00,0.00,0.00,0.00,0.00,0.00,0.00,0.00,296168,369023,534664,311894,383176,550389,0,0,0,0,0,0,0,74434,0,123.69,123.81,123.98
1595,2,0,0,0,93620,93620,93620,3659,3659,3659,591,591,591,0.00,0.00,0.00,0.00,0.00,0.00,0.00,0.00,0.00,0.00,0.00,0.00,0.00,0.00,0.00,0.00,0.00,0.00,0.00,0.00,0.00,279551,497537,926812,288074,510758,944834,0,0,0,0,0,0,0,101288,0,126.16,126.23,126.28
1595,3,0,0,0,93660,93660,93660,3619,3619,3619,591,591,591,0.00,0.00,0.00,0.00,0.00,0.00,0.00,0.00,0.00,0.00,0.00,0.00,0.00,0.00,0.00,0.00,0.00,0.00,0.00,0.00,0.00,294780,368592,499799,307709,382182,512883,0,0,0,0,0,0,0,112512,0,140.02,140.08,140.12
1596,0,0,0,0,93656,93656,93656,3623,3623,3623,591,591,591,0.00,0.00,0.00,0.00,0.00,0.00,0.00,0.00,0.00,0.00,0.00,0.00,0.00,0.00,0.00,0.00,0.00,0.00,0.00,0.00,0.00,309271,407427,694546,322376,421836,710271,0,0,0,0,0,0,0,110040,0,137.22,137.28,137.31
1596,1,0,0,0,93625,93625,93625,3655,3655,3655,591,591,591,0.00,0.00,0.00,0.00,0.00,0.00,0.00,0.00,0.00,0.00,0.00,0.00,0.00,0.00,0.00,0.00,0.00,0.00,0.00,0.00,0.00,290924,370207,545157,304029,383967,560883,0,0,0,0,0,0,0,99080,0,123.66,123.69,123.73
1596,2,0,0,0,93620,93620,93620,3659,3659,3659,591,591,591,0.00,0.00,0.00,0.00,0.00,0.00,0.00,0.00,0.00,0.00,0.00,0.00,0.00,0.00,0.00,0.00,0.00,0.00,0.00,0.00,0.00,421972,558258,946148,435077,571363,959252,0,0,0,0,0,0,0,75956,0,126.22,126.25,126.28
1596,3,0,0,0,93660,93660,93660,3619,3619,3619,591,591,591,0.00,0.00,0.00,0.00,0.00,0.00,0.00,0.00,0.00,0.00,0.00,0.00,0.00,0.00,0.00,0.00,0.00,0.00,0.00,0.00,0.00,258594,290048,304023,269078,303153,319749,0,0,0,0,0,0,0,112441,0,140.01,140.06,140.11
1597,0,0,0,0,93656,93656,93656,3623,3623,3623,591,591,591,0.00,0.00,0.00,0.00,0.00,0.00,0.00,0.00,0.00,0.00,0.00,0.00,0.00,0.00,0.00,0.00,0.00,0.00,0.00,0.00,0.00,298787,399139,623782,311892,413283,636886,0,0,0,0,0,0,0,110012,0,137.22,137.25,137.28
1597,1,0,0,0,93625,93625,93625,3655,3655,3655,591,591,591,0.00,0.00,0.00,0.00,0.00,0.00,0.00,0.00,0.00,0.00,0.00,0.00,0.00,0.00,0.00,0.00,0.00,0.00,0.00,0.00,0.00,296164,322545,380909,309269,335824,389645,0,0,0,0,0,0,0,99117,0,123.68,123.70,123.72
1597,2,0,0,0,93620,93620,93620,3659,3659,3659,591,591,591,0.00,0.00,0.00,0.00,0.00,0.00,0.00,0.00,0.00,0.00,0.00,0.00,0.00,0.00,0.00,0.00,0.00,0.00,0.00,0.00,0.00,427207,812491,1939522,440311,826644,1952626,0,0,0,0,0,0,0,113954,0,126.23,126.28,126.33
1597,3,0,0,0,93660,93660,93660,3619,3619,3619,591,591,591,0.00,0.00,0.00,0.00,0.00,0.00,0.00,0.00,0.00,0.00,0.00,0.00,0.00,0.00,0.00,0.00,0.00,0.00,0.00,0.00,0.00,301403,500077,982863,314508,513707,998589,0,0,0,0,0,0,0,126656,0,139.99,140.09,140.16
1598,0,0,0,0,93656,93656,93656,3623,3623,3623,591,591,591,0.00,0.00,0.00,0.00,0.00,0.00,0.00,0.00,0.00,0.00,0.00,0.00,0.00,0.00,0.00,0.00,0.00,0.00,0.00,0.00,0.00,197444,454355,1160985,207927,466930,1174000,0,0,0,0,0,0,0,123896,0,137.24,137.26,137.28
1598,1,0,0,0,93625,93625,93625,3655,3655,3655,591,591,591,0.00,0.00,0.00,0.00,0.00,0.00,0.00,0.00,0.00,0.00,0.00,0.00,0.00,0.00,0.00,0.00,0.00,0.00,0.00,0.00,0.00,317133,409913,526809,332858,424065,539913,0,0,0,0,0,0,0,99057,0,123.60,123.61,123.62
1598,2,0,0,0,93620,93620,93620,3659,3659,3659,591,591,591,0.00,0.00,0.00,0.00,0.00,0.00,0.00,0.00,0.00,0.00,0.00,0.00,0.00,0.00,0.00,0.00,0.00,0.00,0.00,0.00,0.00,427215,542534,995948,440321,556687,1009053,0,0,0,0,0,0,0,101093,0,126.07,126.16,126.26
1598,3,0,0,0,93660,93660,93660,3619,3619,3619,591,591,591,0.00,0.00,0.00,0.00,0.00,0.00,0.00,0.00,0.00,0.00,0.00,0.00,0.00,0.00,0.00,0.00,0.00,0.00,0.00,0.00,0.00,301411,367456,487488,317135,381084,500592,0,0,0,0,0,0,0,112463,0,140.14,140.19,140.21
1599,0,0,0,0,93656,93656,93656,3623,3623,3623,591,591,591,0.00,0.00,0.00,0.00,0.00,0.00,0.00,0.00,0.00,0.00,0.00,0.00,0.00,0.00,0.00,0.00,0.00,0.00,0.00,0.00,0.00,296165,436235,676274,309270,450379,692062,0,0,0,0,0,0,0,110093,0,137.22,137.25,137.27
1599,1,0,0,0,93625,93625,93625,3655,3655,3655,591,591,591,0.00,0.00,0.00,0.00,0.00,0.00,0.00,0.00,0.00,0.00,0.00,0.00,0.00,0.00,0.00,0.00,0.00,0.00,0.00,0.00,0.00,298786,358017,497976,311891,371646,508459,0,0,0,0,0,0,0,99015,0,123.58,123.60,123.68
1599,2,0,0,0,93620,93620,93620,3659,3659,3659,591,591,591,0.00,0.00,0.00,0.00,0.00,0.00,0.00,0.00,0.00,0.00,0.00,0.00,0.00,0.00,0.00,0.00,0.00,0.00,0.00,0.00,0.00,424601,462967,585000,440327,476231,593654,0,0,0,0,0,0,0,101089,0,126.05,126.11,126.14
1599,3,0,0,0,93660,93660,93660,3619,3619,3619,591,591,591,0.00,0.00,0.00,0.00,0.00,0.00,0.00,0.00,0.00,0.00,0.00,0.00,0.00,0.00,0.00,0.00,0.00,0.00,0.00,0.00,0.00,304015,323964,354608,317119,338573,370026,0,0,0,0,0,0,0,112306,0,139.86,140.00,140.15
1600,0,0,0,0,93656,93656,93656,3623,3623,3623,591,591,591,0.00,0.00,0.00,0.00,0.00,0.00,0.00,0.00,0.00,0.00,0.00,0.00,0.00,0.00,0.00,0.00,0.00,0.00,0.00,0.00,0.00,302640,368404,606330,318430,382547,621944,0,0,0,0,0,0,0,110023,0,137.21,137.24,137.25
1600,1,0,0,0,93625,93625,93625,3655,3655,3655,591,591,591,0.00,0.00,0.00,0.00,0.00,0.00,0.00,0.00,0.00,0.00,0.00,0.00,0.00,0.00,0.00,0.00,0.00,0.00,0.00,0.00,0.00,280440,345043,542509,293545,359140,555613,0,0,0,0,0,0,0,99182,0,123.56,123.62,123.70
1600,2,0,0,0,93620,93620,93620,3659,3659,3659,591,591,591,0.00,0.00,0.00,0.00,0.00,0.00,0.00,0.00,0.00,0.00,0.00,0.00,0.00,0.00,0.00,0.00,0.00,0.00,0.00,0.00,0.00,427216,539391,938299,437700,553544,956645,0,0,0,0,0,0,0,113676,0,125.97,126.01,126.05
1600,3,0,0,0,93660,93660,93660,3619,3619,3619,591,591,591,0.00,0.00,0.00,0.00,0.00,0.00,0.00,0.00,0.00,0.00,0.00,0.00,0.00,0.00,0.00,0.00,0.00,0.00,0.00,0.00,0.00,200942,305952,429835,209679,318707,442940,0,0,0,0,0,0,0,112290,0,139.82,139.85,139.91
1601,0,0,0,0,93656,93656,93656,3623,3623,3623,591,591,591,0.00,0.00,0.00,0.00,0.00,0.00,0.00,0.00,0.00,0.00,0.00,0.00,0.00,0.00,0.00,0.00,0.00,0.00,0.00,0.00,0.00,296166,330583,461285,309269,344207,474390,0,0,0,0,0,0,0,110060,0,137.29,137.34,137.38
1601,1,0,0,0,93625,93625,93625,3655,3655,3655,591,591,591,0.00,0.00,0.00,0.00,0.00,0.00,0.00,0.00,0.00,0.00,0.00,0.00,0.00,0.00,0.00,0.00,0.00,0.00,0.00,0.00,0.00,213168,348233,558258,221904,360988,571362,0,0,0,0,0,0,0,111479,0,123.60,123.66,123.70
1601,2,0,0,0,93620,93620,93620,3659,3659,3659,591,591,591,0.00,0.00,0.00,0.00,0.00,0.00,0.00,0.00,0.00,0.00,0.00,0.00,0.00,0.00,0.00,0.00,0.00,0.00,0.00,0.00,0.00,429816,815636,1847774,445541,829264,1860879,0,0,0,0,0,0,0,101128,0,126.08,126.11,126.15
1601,3,0,0,0,93660,93660,93660,3619,3619,3619,591,591,591,0.00,0.00,0.00,0.00,0.00,0.00,0.00,0.00,0.00,0.00,0.00,0.00,0.00,0.00,0.00,0.00,0.00,0.00,0.00,0.00,0.00,298790,505840,988101,314516,519993,1001206,0,0,0,0,0,0,0,126290,0,139.92,139.95,140.01
1602,0,0,0,0,93656,93656,93656,3623,3623,3623,591,591,591,0.00,0.00,0.00,0.00,0.00,0.00,0.00,0.00,0.00,0.00,0.00,0.00,0.00,0.00,0.00,0.00,0.00,0.00,0.00,0.00,0.00,200938,498879,1116723,211421,511863,1126605,0,0,0,0,0,0,0,82571,0,137.20,137.25,137.29
1602,1,0,0,0,93625,93625,93625,3655,3655,3655,591,591,591,0.00,0.00,0.00,0.00,0.00,0.00,0.00,0.00,0.00,0.00,0.00,0.00,0.00,0.00,0.00,0.00,0.00,0.00,0.00,0.00,0.00,298786,388941,503219,311891,403094,518945,0,0,0,0,0,0,0,74271,0,123.65,123.67,123.68
1602,2,0,0,0,93620,93620,93620,3659,3659,3659,591,591,591,0.00,0.00,0.00,0.00,0.00,0.00,0.00,0.00,0.00,0.00,0.00,0.00,0.00,0.00,0.00,0.00,0.00,0.00,0.00,0.00,0.00,424594,543585,1006447,440319,557214,1019552,0,0,0,0,0,0,0,100974,0,126.00,126.03,126.14
1602,3,0,0,0,93660,93660,93660,3619,3619,3619,591,591,591,0.00,0.00,0.00,0.00,0.00,0.00,0.00,0.00,0.00,0.00,0.00,0.00,0.00,0.00,0.00,0.00,0.00,0.00,0.00,0.00,0.00,298788,339674,482254,311893,353303,495359,0,0,0,0,0,0,0,84173,0,139.73,139.74,139.77
1603,0,0,0,0,93656,93656,93656,3623,3623,3623,591,591,591,0.00,0.00,0.00,0.00,0.00,0.00,0.00,0.00,0.00,0.00,0.00,0.00,0.00,0.00,0.00,0.00,0.00,0.00,0.00,0.00,0.00,298784,398379,678821,311889,412138,691925,0,0,0,0,0,0,0,110026,0,137.25,137.27,137.29
1603,1,0,0,0,93625,93625,93625,3655,3655,3655,591,591,591,0.00,0.00,0.00,0.00,0.00,0.00,0.00,0.00,0.00,0.00,0.00,0.00,0.00,0.00,0.00,0.00,0.00,0.00,0.00,0.00,0.00,304025,383310,542533,317132,397070,555638,0,0,0,0,0,0,0,99021,0,123.61,123.62,123.62
1603,2,0,0,0,93620,93620,93620,3659,3659,3659,591,591,591,0.00,0.00,0.00,0.00,0.00,0.00,0.00,0.00,0.00,0.00,0.00,0.00,0.00,0.00,0.00,0.00,0.00,0.00,0.00,0.00,0.00,283628,505334,885887,294004,518412,898991,0,0,0,0,0,0,0,75786,0,125.91,125.95,125.99
1603,3,0,0,0,93660,93660,93660,3619,3619,3619,591,591,591,0.00,0.00,0.00,0.00,0.00,0.00,0.00,0.00,0.00,0.00,0.00,0.00,0.00,0.00,0.00,0.00,0.00,0.00,0.00,0.00,0.00,296165,318515,364315,309270,332222,380041,0,0,0,0,0,0,0,112322,0,139.84,139.87,139.90
1604,0,0,0,0,93656,93656,93656,3623,3623,3623,591,591,591,0.00,0.00,0.00,0.00,0.00,0.00,0.00,0.00,0.00,0.00,0.00,0.00,0.00,0.00,0.00,0.00,0.00,0.00,0.00,0.00,0.00,296167,364829,610675,309272,378458,626401,0,0,0,0,0,0,0,110074,0,137.28,137.32,137.37
1604,1,0,0,0,93625,93625,93625,3655,3655,3655,591,591,591,0.00,0.00,0.00,0.00,0.00,0.00,0.00,0.00,0.00,0.00,0.00,0.00,0.00,0.00,0.00,0.00,0.00,0.00,0.00,0.00,0.00,293544,360179,595299,306649,373703,610499,0,0,0,0,0,0,0,99076,0,123.60,123.64,123.69
1604,2,0,0,0,93620,93620,93620,3659,3659,3659,591,591,591,0.00,0.00,0.00,0.00,0.00,0.00,0.00,0.00,0.00,0.00,0.00,0.00,0.00,0.00,0.00,0.00,0.00,0.00,0.00,0.00,0.00,421964,834505,1923790,435068,848134,1939516,0,0,0,0,0,0,0,113691,0,125.81,125.85,125.94
1604,3,0,0,0,93660,93660,93660,3619,3619,3619,591,591,591,0.00,0.00,0.00,0.00,0.00,0.00,0.00,0.00,0.00,0.00,0.00,0.00,0.00,0.00,0.00,0.00,0.00,0.00,0.00,0.00,0.00,202690,307869,416721,211426,320624,429826,0,0,0,0,0,0,0,126425,0,139.87,139.94,140.05
1605,0,0,0,0,93656,93656,93656,3623,3623,3623,591,591,591,0.00,0.00,0.00,0.00,0.00,0.00,0.00,0.00,0.00,0.00,0.00,0.00,0.00,0.00,0.00,0.00,0.00,0.00,0.00,0.00,0.00,296168,332333,466523,311891,346486,479628,0,0,0,0,0,0,0,123722,0,137.17,137.23,137.27
1605,1,0,0,0,93625,93625,93625,3655,3655,3655,591,591,591,0.00,0.00,0.00,0.00,0.00,0.00,0.00,0.00,0.00,0.00,0.00,0.00,0.00,0.00,0.00,0.00,0.00,0.00,0.00,0.00,0.00,207920,382828,521562,218403,395932,537287,0,0,0,0,0,0,0,111548,0,123.66,123.72,123.74
1605,2,0,0,0,93620,93620,93620,3659,3659,3659,591,591,591,0.00,0.00,0.00,0.00,0.00,0.00,0.00,0.00,0.00,0.00,0.00,0.00,0.00,0.00,0.00,0.00,0.00,0.00,0.00,0.00,0.00,421974,517897,857049,435079,532051,870154,0,0,0,0,0,0,0,101125,0,125.94,125.98,126.03
1605,3,0,0,0,93660,93660,93660,3619,3619,3619,591,591,591,0.00,0.00,0.00,0.00,0.00,0.00,0.00,0.00,0.00,0.00,0.00,0.00,0.00,0.00,0.00,0.00,0.00,0.00,0.00,0.00,0.00,296168,534148,864917,311894,548301,880643,0,0,0,0,0,0,0,112269,0,139.86,139.93,140.00
1606,0,0,0,0,93656,93656,93656,3623,3623,3623,591,591,591,0.00,0.00,0.00,0.00,0.00,0.00,0.00,0.00,0.00,0.00,0.00,0.00,0.00,0.00,0.00,0.00,0.00,0.00,0.00,0.00,0.00,204425,521218,1184656,213162,534460,1197760,0,0,0,0,0,0,0,110011,0,137.19,137.24,137.28
1606,1,0,0,0,93625,93625,93625,3655,3655,3655,591,591,591,0.00,0.00,0.00,0.00,0.00,0.00,0.00,0.00,0.00,0.00,0.00,0.00,0.00,0.00,0.00,0.00,0.00,0.00,0.00,0.00,0.00,296163,343340,492732,309267,356969,508457,0,0,0,0,0,0,0,99230,0,123.69,123.73,123.77
1606,2,0,0,0,93620,93620,93620,3659,3659,3659,591,591,591,0.00,0.00,0.00,0.00,0.00,0.00,0.00,0.00,0.00,0.00,0.00,0.00,0.00,0.00,0.00,0.00,0.00,0.00,0.00,0.00,0.00,424586,635842,969756,437691,649995,985482,0,0,0,0,0,0,0,101185,0,126.11,126.19,126.23
1606,3,0,0,0,93660,93660,93660,3619,3619,3619,591,591,591,0.00,0.00,0.00,0.00,0.00,0.00,0.00,0.00,0.00,0.00,0.00,0.00,0.00,0.00,0.00,0.00,0.00,0.00,0.00,0.00,0.00,296151,348058,508465,311876,362211,521569,0,0,0,0,0,0,0,112338,0,139.84,139.87,139.90
1607,0,0,0,0,93656,93656,93656,3623,3623,3623,591,591,591,0.00,0.00,0.00,0.00,0.00,0.00,0.00,0.00,0.00,0.00,0.00,0.00,0.00,0.00,0.00,0.00,0.00,0.00,0.00,0.00,0.00,298787,430355,859661,311892,443984,875387,0,0,0,0,0,0,0,110079,0,137.24,137.26,137.29
1607,1,0,0,0,93625,93625,93625,3655,3655,3655,591,591,591,0.00,0.00,0.00,0.00,0.00,0.00,0.00,0.00,0.00,0.00,0.00,0.00,0.00,0.00,0.00,0.00,0.00,0.00,0.00,0.00,0.00,296164,323419,380035,309269,337572,393139,0,0,0,0,0,0,0,99004,0,123.50,123.69,123.81
1607,2,0,0,0,93620,93620,93620,3659,3659,3659,591,591,591,0.00,0.00,0.00,0.00,0.00,0.00,0.00,0.00,0.00,0.00,0.00,0.00,0.00,0.00,0.00,0.00,0.00,0.00,0.00,0.00,0.00,281783,503772,964523,292155,516339,978185,0,0,0,0,0,0,0,101038,0,125.99,126.09,126.19
1607,3,0,0,0,93660,93660,93660,3619,3619,3619,591,591,591,0.00,0.00,0.00,0.00,0.00,0.00,0.00,0.00,0.00,0.00,0.00,0.00,0.00,0.00,0.00,0.00,0.00,0.00,0.00,0.00,0.00,298405,336453,393142,311895,350574,408867,0,0,0,0,0,0,0,112370,0,139.93,139.97,140.00
1608,0,0,0,0,93656,93656,93656,3623,3623,3623,591,591,591,0.00,0.00,0.00,0.00,0.00,0.00,0.00,0.00,0.00,0.00,0.00,0.00,0.00,0.00,0.00,0.00,0.00,0.00,0.00,0.00,0.00,301406,366929,463902,314511,381082,477007,0,0,0,0,0,0,0,109935,0,137.13,137.17,137.23
1608,1,0,0,0,93625,93625,93625,3655,3655,3655,591,591,591,0.00,0.00,0.00,0.00,0.00,0.00,0.00,0.00,0.00,0.00,0.00,0.00,0.00,0.00,0.00,0.00,0.00,0.00,0.00,0.00,0.00,195688,318607,505842,204425,331311,516325,0,0,0,0,0,0,0,99039,0,123.50,123.55,123.62
1608,2,0,0,0,93620,93620,93620,3659,3659,3659,591,591,591,0.00,0.00,0.00,0.00,0.00,0.00,0.00,0.00,0.00,0.00,0.00,0.00,0.00,0.00,0.00,0.00,0.00,0.00,0.00,0.00,0.00,432456,825074,1876602,445561,839227,1889707,0,0,0,0,0,0,0,113738,0,126.00,126.03,126.06
1608,3,0,0,0,93660,93660,93660,3619,3619,3619,591,591,591,0.00,0.00,0.00,0.00,0.00,0.00,0.00,0.00,0.00,0.00,0.00,0.00,0.00,0.00,0.00,0.00,0.00,0.00,0.00,0.00,0.00,199191,453424,851806,209675,466005,864911,0,0,0,0,0,0,0,126484,0,139.82,139.87,139.95
1609,0,0,0,0,93656,93656,93656,3623,3623,3623,591,591,591,0.00,0.00,0.00,0.00,0.00,0.00,0.00,0.00,0.00,0.00,0.00,0.00,0.00,0.00,0.00,0.00,0.00,0.00,0.00,0.00,0.00,301408,495875,1226588,314512,509504,1242314,0,0,0,0,0,0,0,123927,0,137.11,137.17,137.23
1609,1,0,0,0,93625,93625,93625,3655,3655,3655,591,591,591,0.00,0.00,0.00,0.00,0.00,0.00,0.00,0.00,0.00,0.00,0.00,0.00,0.00,0.00,0.00,0.00,0.00,0.00,0.00,0.00,0.00,301405,401000,539908,314509,415153,555633,0,0,0,0,0,0,0,74269,0,123.58,123.61,123.65
1609,2,0,0,0,93620,93620,93620,3659,3659,3659,591,591,591,0.00,0.00,0.00,0.00,0.00,0.00,0.00,0.00,0.00,0.00,0.00,0.00,0.00,0.00,0.00,0.00,0.00,0.00,0.00,0.00,0.00,424594,535189,959253,440292,548817,974978,0,0,0,0,0,0,0,101021,0,125.97,126.00,126.05
1609,3,0,0,0,93660,93660,93660,3619,3619,3619,591,591,591,0.00,0.00,0.00,0.00,0.00,0.00,0.00,0.00,0.00,0.00,0.00,0.00,0.00,0.00,0.00,0.00,0.00,0.00,0.00,0.00,0.00,301393,396284,597571,314497,410437,613297,0,0,0,0,0,0,0,84373,0,139.97,140.02,140.06
1610,0,0,0,0,93656,93656,93656,3623,3623,3623,591,591,591,0.00,0.00,0.00,0.00,0.00,0.00,0.00,0.00,0.00,0.00,0.00,0.00,0.00,0.00,0.00,0.00,0.00,0.00,0.00,0.00,0.00,283013,418035,678820,296116,432089,694545,0,0,0,0,0,0,0,82626,0,137.29,137.34,137.37
1610,1,0,0,0,93625,93625,93625,3655,3655,3655,591,591,591,0.00,0.00,0.00,0.00,0.00,0.00,0.00,0.00,0.00,0.00,0.00,0.00,0.00,0.00,0.00,0.00,0.00,0.00,0.00,0.00,0.00,296151,360636,508460,309255,374789,521565,0,0,0,0,0,0,0,99086,0,123.58,123.61,123.64
1610,2,0,0,0,93620,93620,93620,3659,3659,3659,591,591,591,0.00,0.00,0.00,0.00,0.00,0.00,0.00,0.00,0.00,0.00,0.00,0.00,0.00,0.00,0.00,0.00,0.00,0.00,0.00,0.00,0.00,429836,509513,799394,442941,523667,812499,0,0,0,0,0,0,0,75819,0,125.95,126.00,126.03
1610,3,0,0,0,93660,93660,93660,3619,3619,3619,591,591,591,0.00,0.00,0.00,0.00,0.00,0.00,0.00,0.00,0.00,0.00,0.00,0.00,0.00,0.00,0.00,0.00,0.00,0.00,0.00,0.00,0.00,301408,318707,366935,314513,332336,382661,0,0,0,0,0,0,0,112548,0,140.09,140.12,140.15
1611,0,0,0,0,93656,93656,93656,3623,3623,3623,591,591,591,0.00,0.00,0.00,0.00,0.00,0.00,0.00,0.00,0.00,0.00,0.00,0.00,0.00,0.00,0.00,0.00,0.00,0.00,0.00,0.00,0.00,298784,372164,623746,314509,386317,636850,0,0,0,0,0,0,0,110030,0,137.26,137.29,137.33
1611,1,0,0,0,93625,93625,93625,3655,3655,3655,591,591,591,0.00,0.00,0.00,0.00,0.00,0.00,0.00,0.00,0.00,0.00,0.00,0.00,0.00,0.00,0.00,0.00,0.00,0.00,0.00,0.00,0.00,293546,414107,608061,309272,427736,618545,0,0,0,0,0,0,0,99110,0,123.62,123.66,123.70
1611,2,0,0,0,93620,93620,93620,3659,3659,3659,591,591,591,0.00,0.00,0.00,0.00,0.00,0.00,0.00,0.00,0.00,0.00,0.00,0.00,0.00,0.00,0.00,0.00,0.00,0.00,0.00,0.00,0.00,416734,535880,931262,429839,549916,946404,0,0,0,0,0,0,0,101049,0,125.95,125.98,126.02
1611,3,0,0,0,93660,93660,93660,3619,3619,3619,591,591,591,0.00,0.00,0.00,0.00,0.00,0.00,0.00,0.00,0.00,0.00,0.00,0.00,0.00,0.00,0.00,0.00,0.00,0.00,0.00,0.00,0.00,290928,319245,406248,304033,333344,419353,0,0,0,0,0,0,0,112367,0,139.92,139.97,140.02
1612,0,0,0,0,93656,93656,93656,3623,3623,3623,591,591,591,0.00,0.00,0.00,0.00,0.00,0.00,0.00,0.00,0.00,0.00,0.00,0.00,0.00,0.00,0.00,0.00,0.00,0.00,0.00,0.00,0.00,293544,339147,500598,306648,352776,511082,0,0,0,0,0,0,0,110085,0,137.30,137.34,137.39
1612,1,0,0,0,93625,93625,93625,3655,3655,3655,591,591,591,0.00,0.00,0.00,0.00,0.00,0.00,0.00,0.00,0.00,0.00,0.00,0.00,0.00,0.00,0.00,0.00,0.00,0.00,0.00,0.00,0.00,292306,361961,529430,305240,376604,542534,0,0,0,0,0,0,0,111469,0,123.63,123.68,123.73
1612,2,0,0,0,93620,93620,93620,3659,3659,3659,591,591,591,0.00,0.00,0.00,0.00,0.00,0.00,0.00,0.00,0.00,0.00,0.00,0.00,0.00,0.00,0.00,0.00,0.00,0.00,0.00,0.00,0.00,432459,725475,1465110,448180,739104,1478215,0,0,0,0,0,0,0,100975,0,125.94,125.98,126.01
1612,3,0,0,0,93660,93660,93660,3619,3619,3619,591,591,591,0.00,0.00,0.00,0.00,0.00,0.00,0.00,0.00,0.00,0.00,0.00,0.00,0.00,0.00,0.00,0.00,0.00,0.00,0.00,0.00,0.00,60282,475439,893750,73387,489068,906855,0,0,0,0,0,0,0,126389,0,139.95,139.99,140.03
1613,0,0,0,0,93656,93656,93656,3623,3623,3623,591,591,591,0.00,0.00,0.00,0.00,0.00,0.00,0.00,0.00,0.00,0.00,0.00,0.00,0.00,0.00,0.00,0.00,0.00,0.00,0.00,0.00,0.00,262091,482143,964509,275196,496244,974993,0,0,0,0,0,0,0,123873,0,137.27,137.29,137.31
1613,1,0,0,0,93625,93625,93625,3655,3655,3655,591,591,591,0.00,0.00,0.00,0.00,0.00,0.00,0.00,0.00,0.00,0.00,0.00,0.00,0.00,0.00,0.00,0.00,0.00,0.00,0.00,0.00,0.00,154634,268906,319753,165117,282011,332857,0,0,0,0,0,0,0,98991,0,123.53,123.58,123.64
1613,2,0,0,0,93620,93620,93620,3659,3659,3659,591,591,591,0.00,0.00,0.00,0.00,0.00,0.00,0.00,0.00,0.00,0.00,0.00,0.00,0.00,0.00,0.00,0.00,0.00,0.00,0.00,0.00,0.00,429833,539390,967135,442940,553544,982861,0,0,0,0,0,0,0,101059,0,125.90,125.96,126.02
1613,3,0,0,0,93660,93660,93660,3619,3619,3619,591,591,591,0.00,0.00,0.00,0.00,0.00,0.00,0.00,0.00,0.00,0.00,0.00,0.00,0.00,0.00,0.00,0.00,0.00,0.00,0.00,0.00,0.00,301409,345964,503222,314514,360117,518947,0,0,0,0,0,0,0,112361,0,139.86,139.90,139.96
1614,0,0,0,0,93656,93656,93656,3623,3623,3623,591,591,591,0.00,0.00,0.00,0.00,0.00,0.00,0.00,0.00,0.00,0.00,0.00,0.00,0.00,0.00,0.00,0.00,0.00,0.00,0.00,0.00,0.00,293589,376361,681438,306465,390515,697164,0,0,0,0,0,0,0,110167,0,137.35,137.37,137.40
1614,1,0,0,0,93625,93625,93625,3655,3655,3655,591,591,591,0.00,0.00,0.00,0.00,0.00,0.00,0.00,0.00,0.00,0.00,0.00,0.00,0.00,0.00,0.00,0.00,0.00,0.00,0.00,0.00,0.00,304031,411485,563503,314514,425638,579228,0,0,0,0,0,0,0,99062,0,123.58,123.61,123.64
1614,2,0,0,0,93620,93620,93620,3659,3659,3659,591,591,591,0.00,0.00,0.00,0.00,0.00,0.00,0.00,0.00,0.00,0.00,0.00,0.00,0.00,0.00,0.00,0.00,0.00,0.00,0.00,0.00,0.00,424593,529426,925202,437673,543055,940928,0,0,0,0,0,0,0,101034,0,125.94,125.98,126.03
1614,3,0,0,0,93660,93660,93660,3619,3619,3619,591,591,591,0.00,0.00,0.00,0.00,0.00,0.00,0.00,0.00,0.00,0.00,0.00,0.00,0.00,0.00,0.00,0.00,0.00,0.00,0.00,0.00,0.00,291193,309846,361697,306655,323947,374802,0,0,0,0,0,0,0,112231,0,139.73,139.82,139.95
1615,0,0,0,0,93656,93656,93656,3623,3623,3623,591,591,591,0.00,0.00,0.00,0.00,0.00,0.00,0.00,0.00,0.00,0.00,0.00,0.00,0.00,0.00,0.00,0.00,0.00,0.00,0.00,0.00,0.00,293540,364833,605438,309265,378462,621164,0,0,0,0,0,0,0,110072,0,137.39,137.40,137.42
1615,1,0,0,0,93625,93625,93625,3655,3655,3655,591,591,591,0.00,0.00,0.00,0.00,0.00,0.00,0.00,0.00,0.00,0.00,0.00,0.00,0.00,0.00,0.00,0.00,0.00,0.00,0.00,0.00,0.00,293547,369024,615925,309273,383177,629030,0,0,0,0,0,0,0,99073,0,123.56,123.60,123.65
1615,2,0,0,0,93620,93620,93620,3659,3659,3659,591,591,591,0.00,0.00,0.00,0.00,0.00,0.00,0.00,0.00,0.00,0.00,0.00,0.00,0.00,0.00,0.00,0.00,0.00,0.00,0.00,0.00,0.00,424115,816409,1829408,439538,830513,1845134,0,0,0,0,0,0,0,113660,0,125.85,125.88,125.92
1615,3,0,0,0,93660,93660,93660,3619,3619,3619,591,591,591,0.00,0.00,0.00,0.00,0.00,0.00,0.00,0.00,0.00,0.00,0.00,0.00,0.00,0.00,0.00,0.00,0.00,0.00,0.00,0.00,0.00,299560,323354,394634,312361,336998,410742,0,0,0,0,0,0,0,126546,0,139.78,140.01,140.17
1616,0,0,0,0,93656,93656,93656,3623,3623,3623,591,591,591,0.00,0.00,0.00,0.00,0.00,0.00,0.00,0.00,0.00,0.00,0.00,0.00,0.00,0.00,0.00,0.00,0.00,0.00,0.00,0.00,0.00,296165,343338,497976,311891,357490,511081,0,0,0,0,0,0,0,123815,0,137.30,137.32,137.38
1616,1,0,0,0,93625,93625,93625,3655,3655,3655,591,591,591,0.00,0.00,0.00,0.00,0.00,0.00,0.00,0.00,0.00,0.00,0.00,0.00,0.00,0.00,0.00,0.00,0.00,0.00,0.00,0.00,0.00,288304,382130,518940,301409,395759,534666,0,0,0,0,0,0,0,111359,0,123.60,123.64,123.67
1616,2,0,0,0,93620,93620,93620,3659,3659,3659,591,591,591,0.00,0.00,0.00,0.00,0.00,0.00,0.00,0.00,0.00,0.00,0.00,0.00,0.00,0.00,0.00,0.00,0.00,0.00,0.00,0.00,0.00,424591,530998,933062,435075,544627,948787,0,0,0,0,0,0,0,100870,0,125.81,125.92,125.97
1616,3,0,0,0,93660,93660,93660,3619,3619,3619,591,591,591,0.00,0.00,0.00,0.00,0.00,0.00,0.00,0.00,0.00,0.00,0.00,0.00,0.00,0.00,0.00,0.00,0.00,0.00,0.00,0.00,0.00,301393,530999,851805,314497,545152,864910,0,0,0,0,0,0,0,112481,0,140.11,140.19,140.23
1617,0,0,0,0,93656,93656,93656,3623,3623,3623,591,591,591,0.00,0.00,0.00,0.00,0.00,0.00,0.00,0.00,0.00,0.00,0.00,0.00,0.00,0.00,0.00,0.00,0.00,0.00,0.00,0.00,0.00,199137,574627,1226601,207795,587275,1239706,0,0,0,0,0,0,0,82500,0,137.29,137.32,137.34
1617,1,0,0,0,93625,93625,93625,3655,3655,3655,591,591,591,0.00,0.00,0.00,0.00,0.00,0.00,0.00,0.00,0.00,0.00,0.00,0.00,0.00,0.00,0.00,0.00,0.00,0.00,0.00,0.00,0.00,301408,346612,471766,317112,361027,487492,0,0,0,0,0,0,0,74269,0,123.59,123.60,123.62
1617,2,0,0,0,93620,93620,93620,3659,3659,3659,591,591,591,0.00,0.00,0.00,0.00,0.00,0.00,0.00,0.00,0.00,0.00,0.00,0.00,0.00,0.00,0.00,0.00,0.00,0.00,0.00,0.00,0.00,429834,568085,977597,445560,582500,990701,0,0,0,0,0,0,0,101065,0,125.77,125.82,125.88
1617,3,0,0,0,93660,93660,93660,3619,3619,3619,591,591,591,0.00,0.00,0.00,0.00,0.00,0.00,0.00,0.00,0.00,0.00,0.00,0.00,0.00,0.00,0.00,0.00,0.00,0.00,0.00,0.00,0.00,301410,347277,469153,314515,361037,482258,0,0,0,0,0,0,0,84426,0,140.23,140.27,140.31
1618,0,0,0,0,93656,93656,93656,3623,3623,3623,591,591,591,0.00,0.00,0.00,0.00,0.00,0.00,0.00,0.00,0.00,0.00,0.00,0.00,0.00,0.00,0.00,0.00,0.00,0.00,0.00,0.00,0.00,293606,381608,699788,309214,395237,712893,0,0,0,0,0,0,0,110110,0,137.26,137.27,137.29
1618,1,0,0,0,93625,93625,93625,3655,3655,3655,591,591,591,0.00,0.00,0.00,0.00,0.00,0.00,0.00,0.00,0.00,0.00,0.00,0.00,0.00,0.00,0.00,0.00,0.00,0.00,0.00,0.00,0.00,309268,365881,516321,319751,379510,532047,0,0,0,0,0,0,0,99042,0,123.56,123.59,123.62
1618,2,0,0,0,93620,93620,93620,3659,3659,3659,591,591,591,0.00,0.00,0.00,0.00,0.00,0.00,0.00,0.00,0.00,0.00,0.00,0.00,0.00,0.00,0.00,0.00,0.00,0.00,0.00,0.00,0.00,281313,594080,906852,291797,606661,919957,0,0,0,0,0,0,0,75808,0,125.93,125.94,125.95
1618,3,0,0,0,93660,93660,93660,3619,3619,3619,591,591,591,0.00,0.00,0.00,0.00,0.00,0.00,0.00,0.00,0.00,0.00,0.00,0.00,0.00,0.00,0.00,0.00,0.00,0.00,0.00,0.00,0.00,296167,310843,353824,309272,324996,366929,0,0,0,0,0,0,0,112493,0,140.10,140.17,140.28
1619,0,0,0,0,93656,93656,93656,3623,3623,3623,591,591,591,0.00,0.00,0.00,0.00,0.00,0.00,0.00,0.00,0.00,0.00,0.00,0.00,0.00,0.00,0.00,0.00,0.00,0.00,0.00,0.00,0.00,296164,359060,597538,309270,373213,613263,0,0,0,0,0,0,0,110100,0,137.29,137.31,137.34
1619,1,0,0,0,93625,93625,93625,3655,3655,3655,591,591,591,0.00,0.00,0.00,0.00,0.00,0.00,0.00,0.00,0.00,0.00,0.00,0.00,0.00,0.00,0.00,0.00,0.00,0.00,0.00,0.00,0.00,290924,359592,605437,306649,373221,618542,0,0,0,0,0,0,0,98998,0,123.53,123.57,123.61
1619,2,0,0,0,93620,93620,93620,3659,3659,3659,591,591,591,0.00,0.00,0.00,0.00,0.00,0.00,0.00,0.00,0.00,0.00,0.00,0.00,0.00,0.00,0.00,0.00,0.00,0.00,0.00,0.00,0.00,423280,728295,1913246,438765,742412,1926351,0,0,0,0,0,0,0,113641,0,125.84,125.92,125.99
1619,3,0,0,0,93660,93660,93660,3619,3619,3619,591,591,591,0.00,0.00,0.00,0.00,0.00,0.00,0.00,0.00,0.00,0.00,0.00,0.00,0.00,0.00,0.00,0.00,0.00,0.00,0.00,0.00,0.00,206184,366645,608063,214920,379871,623788,0,0,0,0,0,0,0,126500,0,140.08,140.11,140.15
1620,0,0,0,0,93656,93656,93656,3623,3623,3623,591,591,591,0.00,0.00,0.00,0.00,0.00,0.00,0.00,0.00,0.00,0.00,0.00,0.00,0.00,0.00,0.00,0.00,0.00,0.00,0.00,0.00,0.00,298785,511077,1189885,311889,524706,1202990,0,0,0,0,0,0,0,123835,0,137.26,137.29,137.31
1620,1,0,0,0,93625,93625,93625,3655,3655,3655,591,591,591,0.00,0.00,0.00,0.00,0.00,0.00,0.00,0.00,0.00,0.00,0.00,0.00,0.00,0.00,0.00,0.00,0.00,0.00,0.00,0.00,0.00,285682,374265,529424,301408,387544,545150,0,0,0,0,0,0,0,111509,0,123.62,123.71,123.80
1620,2,0,0,0,93620,93620,93620,3659,3659,3659,591,591,591,0.00,0.00,0.00,0.00,0.00,0.00,0.00,0.00,0.00,0.00,0.00,0.00,0.00,0.00,0.00,0.00,0.00,0.00,0.00,0.00,0.00,424590,629549,998581,437695,643178,1011686,0,0,0,0,0,0,0,100916,0,125.94,125.96,126.00
1620,3,0,0,0,93660,93660,93660,3619,3619,3619,591,591,591,0.00,0.00,0.00,0.00,0.00,0.00,0.00,0.00,0.00,0.00,0.00,0.00,0.00,0.00,0.00,0.00,0.00,0.00,0.00,0.00,0.00,301412,475438,885868,314515,489067,898973,0,0,0,0,0,0,0,112405,0,140.08,140.10,140.14
1621,0,0,0,0,93656,93656,93656,3623,3623,3623,591,591,591,0.00,0.00,0.00,0.00,0.00,0.00,0.00,0.00,0.00,0.00,0.00,0.00,0.00,0.00,0.00,0.00,0.00,0.00,0.00,0.00,0.00,293530,356588,589710,304013,371209,602814,0,0,0,0,0,0,0,109944,0,137.30,137.35,137.37
1621,1,0,0,0,93625,93625,93625,3655,3655,3655,591,591,591,0.00,0.00,0.00,0.00,0.00,0.00,0.00,0.00,0.00,0.00,0.00,0.00,0.00,0.00,0.00,0.00,0.00,0.00,0.00,0.00,0.00,296164,375840,521561,311890,389993,537287,0,0,0,0,0,0,0,99063,0,123.61,123.69,123.76
1621,2,0,0,0,93620,93620,93620,3659,3659,3659,591,591,591,0.00,0.00,0.00,0.00,0.00,0.00,0.00,0.00,0.00,0.00,0.00,0.00,0.00,0.00,0.00,0.00,0.00,0.00,0.00,0.00,0.00,421973,530475,933039,437699,544628,948764,0,0,0,0,0,0,0,101151,0,125.84,125.94,126.04
1621,3,0,0,0,93660,93660,93660,3619,3619,3619,591,591,591,0.00,0.00,0.00,0.00,0.00,0.00,0.00,0.00,0.00,0.00,0.00,0.00,0.00,0.00,0.00,0.00,0.00,0.00,0.00,0.00,0.00,296168,363783,508458,311894,377936,521562,0,0,0,0,0,0,0,112505,0,140.07,140.11,140.15
1622,0,0,0,0,93656,93656,93656,3623,3623,3623,591,591,591,0.00,0.00,0.00,0.00,0.00,0.00,0.00,0.00,0.00,0.00,0.00,0.00,0.00,0.00,0.00,0.00,0.00,0.00,0.00,0.00,0.00,213169,426337,673578,223653,438917,684062,0,0,0,0,0,0,0,110105,0,137.24,137.30,137.35
1622,1,0,0,0,93625,93625,93625,3655,3655,3655,591,591,591,0.00,0.00,0.00,0.00,0.00,0.00,0.00,0.00,0.00,0.00,0.00,0.00,0.00,0.00,0.00,0.00,0.00,0.00,0.00,0.00,0.00,293528,350678,545157,309253,364831,555641,0,0,0,0,0,0,0,99117,0,123.56,123.63,123.69
1622,2,0,0,0,93620,93620,93620,3659,3659,3659,591,591,591,0.00,0.00,0.00,0.00,0.00,0.00,0.00,0.00,0.00,0.00,0.00,0.00,0.00,0.00,0.00,0.00,0.00,0.00,0.00,0.00,0.00,307699,503426,909474,316343,516687,925199,0,0,0,0,0,0,0,101023,0,125.94,125.99,126.05
1622,3,0,0,0,93660,93660,93660,3619,3619,3619,591,591,591,0.00,0.00,0.00,0.00,0.00,0.00,0.00,0.00,0.00,0.00,0.00,0.00,0.00,0.00,0.00,0.00,0.00,0.00,0.00,0.00,0.00,296168,326684,432459,309638,340272,445564,0,0,0,0,0,0,0,112629,0,140.12,140.16,140.20
1623,0,0,0,0,93656,93656,93656,3623,3623,3623,591,591,591,0.00,0.00,0.00,0.00,0.00,0.00,0.00,0.00,0.00,0.00,0.00,0.00,0.00,0.00,0.00,0.00,0.00,0.00,0.00,0.00,0.00,296165,332856,471761,309270,347010,487487,0,0,0,0,0,0,0,110028,0,137.28,137.32,137.37
1623,1,0,0,0,93625,93625,93625,3655,3655,3655,591,591,591,0.00,0.00,0.00,0.00,0.00,0.00,0.00,0.00,0.00,0.00,0.00,0.00,0.00,0.00,0.00,0.00,0.00,0.00,0.00,0.00,0.00,296166,375143,600197,311892,387899,613302,0,0,0,0,0,0,0,111451,0,123.50,123.58,123.66
1623,2,0,0,0,93620,93620,93620,3659,3659,3659,591,591,591,0.00,0.00,0.00,0.00,0.00,0.00,0.00,0.00,0.00,0.00,0.00,0.00,0.00,0.00,0.00,0.00,0.00,0.00,0.00,0.00,0.00,427215,820244,1486715,442940,833906,1500955,0,0,0,0,0,0,0,101150,0,125.94,126.01,126.09
1623,3,0,0,0,93660,93660,93660,3619,3619,3619,591,591,591,0.00,0.00,0.00,0.00,0.00,0.00,0.00,0.00,0.00,0.00,0.00,0.00,0.00,0.00,0.00,0.00,0.00,0.00,0.00,0.00,0.00,301407,495710,817739,317132,508990,830844,0,0,0,0,0,0,0,126522,0,140.22,140.27,140.31
1624,0,0,0,0,93656,93656,93656,3623,3623,3623,591,591,591,0.00,0.00,0.00,0.00,0.00,0.00,0.00,0.00,0.00,0.00,0.00,0.00,0.00,0.00,0.00,0.00,0.00,0.00,0.00,0.00,0.00,296166,536762,1216112,309271,550391,1229217,0,0,0,0,0,0,0,96458,0,137.29,137.32,137.33
1624,1,0,0,0,93625,93625,93625,3655,3655,3655,591,591,591,0.00,0.00,0.00,0.00,0.00,0.00,0.00,0.00,0.00,0.00,0.00,0.00,0.00,0.00,0.00,0.00,0.00,0.00,0.00,0.00,0.00,301404,370598,568744,311888,384227,584470,0,0,0,0,0,0,0,74244,0,123.62,123.64,123.66
1624,2,0,0,0,93620,93620,93620,3659,3659,3659,591,591,591,0.00,0.00,0.00,0.00,0.00,0.00,0.00,0.00,0.00,0.00,0.00,0.00,0.00,0.00,0.00,0.00,0.00,0.00,0.00,0.00,0.00,421972,539379,967077,437698,553532,980181,0,0,0,0,0,0,0,100923,0,125.85,125.96,126.08
1624,3,0,0,0,93660,93660,93660,3619,3619,3619,591,591,591,0.00,0.00,0.00,0.00,0.00,0.00,0.00,0.00,0.00,0.00,0.00,0.00,0.00,0.00,0.00,0.00,0.00,0.00,0.00,0.00,0.00,301391,342293,492743,314495,356447,505848,0,0,0,0,0,0,0,84422,0,140.21,140.27,140.34
1625,0,0,0,0,93656,93656,93656,3623,3623,3623,591,591,591,0.00,0.00,0.00,0.00,0.00,0.00,0.00,0.00,0.00,0.00,0.00,0.00,0.00,0.00,0.00,0.00,0.00,0.00,0.00,0.00,0.00,298785,388106,653443,311893,401743,666057,0,0,0,0,0,0,0,110098,0,137.29,137.31,137.33
1625,1,0,0,0,93625,93625,93625,3655,3655,3655,591,591,591,0.00,0.00,0.00,0.00,0.00,0.00,0.00,0.00,0.00,0.00,0.00,0.00,0.00,0.00,0.00,0.00,0.00,0.00,0.00,0.00,0.00,304029,380014,511051,319754,394429,526776,0,0,0,0,0,0,0,99112,0,123.59,123.64,123.68
1625,2,0,0,0,93620,93620,93620,3659,3659,3659,591,591,591,0.00,0.00,0.00,0.00,0.00,0.00,0.00,0.00,0.00,0.00,0.00,0.00,0.00,0.00,0.00,0.00,0.00,0.00,0.00,0.00,0.00,427215,549089,906848,442941,563504,919953,0,0,0,0,0,0,0,75825,0,125.89,125.98,126.07
1625,3,0,0,0,93660,93660,93660,3619,3619,3619,591,591,591,0.00,0.00,0.00,0.00,0.00,0.00,0.00,0.00,0.00,0.00,0.00,0.00,0.00,0.00,0.00,0.00,0.00,0.00,0.00,0.00,0.00,298789,343999,469151,314515,357759,479635,0,0,0,0,0,0,0,112401,0,140.06,140.10,140.17
1626,0,0,0,0,93656,93656,93656,3623,3623,3623,591,591,591,0.00,0.00,0.00,0.00,0.00,0.00,0.00,0.00,0.00,0.00,0.00,0.00,0.00,0.00,0.00,0.00,0.00,0.00,0.00,0.00,0.00,301408,327561,414110,317099,340959,421099,0,0,0,0,0,0,0,110200,0,137.31,137.41,137.46
1626,1,0,0,0,93625,93625,93625,3655,3655,3655,591,591,591,0.00,0.00,0.00,0.00,0.00,0.00,0.00,0.00,0.00,0.00,0.00,0.00,0.00,0.00,0.00,0.00,0.00,0.00,0.00,0.00,0.00,296163,351683,553018,309267,365309,566123,0,0,0,0,0,0,0,99076,0,123.56,123.61,123.66
1626,2,0,0,0,93620,93620,93620,3659,3659,3659,591,591,591,0.00,0.00,0.00,0.00,0.00,0.00,0.00,0.00,0.00,0.00,0.00,0.00,0.00,0.00,0.00,0.00,0.00,0.00,0.00,0.00,0.00,427216,572012,969756,440320,585014,982861,0,0,0,0,0,0,0,113851,0,126.08,126.13,126.15
1626,3,0,0,0,93660,93660,93660,3619,3619,3619,591,591,591,0.00,0.00,0.00,0.00,0.00,0.00,0.00,0.00,0.00,0.00,0.00,0.00,0.00,0.00,0.00,0.00,0.00,0.00,0.00,0.00,0.00,294591,323633,421972,310096,337742,435077,0,0,0,0,0,0,0,112389,0,140.03,140.06,140.12
1627,0,0,0,0,93656,93656,93656,3623,3623,3623,591,591,591,0.00,0.00,0.00,0.00,0.00,0.00,0.00,0.00,0.00,0.00,0.00,0.00,0.00,0.00,0.00,0.00,0.00,0.00,0.00,0.00,0.00,293544,337052,474388,306648,351205,487493,0,0,0,0,0,0,0,110251,0,137.43,137.45,137.47
1627,1,0,0,0,93625,93625,93625,3655,3655,3655,591,591,591,0.00,0.00,0.00,0.00,0.00,0.00,0.00,0.00,0.00,0.00,0.00,0.00,0.00,0.00,0.00,0.00,0.00,0.00,0.00,0.00,0.00,249863,338464,542438,260347,352055,558161,0,0,0,0,0,0,0,111435,0,123.54,123.59,123.65
1627,2,0,0,0,93620,93620,93620,3659,3659,3659,591,591,591,0.00,0.00,0.00,0.00,0.00,0.00,0.00,0.00,0.00,0.00,0.00,0.00,0.00,0.00,0.00,0.00,0.00,0.00,0.00,0.00,0.00,427182,711490,1366380,440532,724606,1376673,0,0,0,0,0,0,0,101096,0,126.08,126.13,126.18
1627,3,0,0,0,93660,93660,93660,3619,3619,3619,591,591,591,0.00,0.00,0.00,0.00,0.00,0.00,0.00,0.00,0.00,0.00,0.00,0.00,0.00,0.00,0.00,0.00,0.00,0.00,0.00,0.00,0.00,202687,479270,1001204,211423,492025,1016930,0,0,0,0,0,0,0,126489,0,140.00,140.05,140.10
1628,0,0,0,0,93656,93656,93656,3623,3623,3623,591,591,591,0.00,0.00,0.00,0.00,0.00,0.00,0.00,0.00,0.00,0.00,0.00,0.00,0.00,0.00,0.00,0.00,0.00,0.00,0.00,0.00,0.00,296165,532575,1163703,309269,546204,1179428,0,0,0,0,0,0,0,110190,0,137.48,137.50,137.53
1628,1,0,0,0,93625,93625,93625,3655,3655,3655,591,591,591,0.00,0.00,0.00,0.00,0.00,0.00,0.00,0.00,0.00,0.00,0.00,0.00,0.00,0.00,0.00,0.00,0.00,0.00,0.00,0.00,0.00,301404,370073,503213,317130,383702,516318,0,0,0,0,0,0,0,99008,0,123.62,123.66,123.70
1628,2,0,0,0,93620,93620,93620,3659,3659,3659,591,591,591,0.00,0.00,0.00,0.00,0.00,0.00,0.00,0.00,0.00,0.00,0.00,0.00,0.00,0.00,0.00,0.00,0.00,0.00,0.00,0.00,0.00,429835,546728,1011686,445551,561405,1024790,0,0,0,0,0,0,0,101038,0,125.86,125.90,125.98
1628,3,0,0,0,93660,93660,93660,3619,3619,3619,591,591,591,0.00,0.00,0.00,0.00,0.00,0.00,0.00,0.00,0.00,0.00,0.00,0.00,0.00,0.00,0.00,0.00,0.00,0.00,0.00,0.00,0.00,301407,343868,503221,314515,357497,516326,0,0,0,0,0,0,0,112317,0,139.84,139.88,139.95
1629,0,0,0,0,93656,93656,93656,3623,3623,3623,591,591,591,0.00,0.00,0.00,0.00,0.00,0.00,0.00,0.00,0.00,0.00,0.00,0.00,0.00,0.00,0.00,0.00,0.00,0.00,0.00,0.00,0.00,298776,374971,665718,314501,389079,678822,0,0,0,0,0,0,0,110209,0,137.40,137.43,137.46
1629,1,0,0,0,93625,93625,93625,3655,3655,3655,591,591,591,0.00,0.00,0.00,0.00,0.00,0.00,0.00,0.00,0.00,0.00,0.00,0.00,0.00,0.00,0.00,0.00,0.00,0.00,0.00,0.00,0.00,298784,368502,545152,311889,382656,560878,0,0,0,0,0,0,0,99009,0,123.57,123.57,123.59
1629,2,0,0,0,93620,93620,93620,3659,3659,3659,591,591,591,0.00,0.00,0.00,0.00,0.00,0.00,0.00,0.00,0.00,0.00,0.00,0.00,0.00,0.00,0.00,0.00,0.00,0.00,0.00,0.00,0.00,427188,621157,930438,442913,634786,943542,0,0,0,0,0,0,0,101061,0,125.95,125.98,126.00
1629,3,0,0,0,93660,93660,93660,3619,3619,3619,591,591,591,0.00,0.00,0.00,0.00,0.00,0.00,0.00,0.00,0.00,0.00,0.00,0.00,0.00,0.00,0.00,0.00,0.00,0.00,0.00,0.00,0.00,298772,320802,390523,314496,334954,406249,0,0,0,0,0,0,0,112392,0,139.87,139.92,139.97
1630,0,0,0,0,93656,93656,93656,3623,3623,3623,591,591,591,0.00,0.00,0.00,0.00,0.00,0.00,0.00,0.00,0.00,0.00,0.00,0.00,0.00,0.00,0.00,0.00,0.00,0.00,0.00,0.00,0.00,202686,349282,644744,211422,362037,660470,0,0,0,0,0,0,0,110218,0,137.47,137.51,137.54
1630,1,0,0,0,93625,93625,93625,3655,3655,3655,591,591,591,0.00,0.00,0.00,0.00,0.00,0.00,0.00,0.00,0.00,0.00,0.00,0.00,0.00,0.00,0.00,0.00,0.00,0.00,0.00,0.00,0.00,296166,366405,613309,309271,380034,626414,0,0,0,0,0,0,0,99030,0,123.53,123.57,123.59
1630,2,0,0,0,93620,93620,93620,3659,3659,3659,591,591,591,0.00,0.00,0.00,0.00,0.00,0.00,0.00,0.00,0.00,0.00,0.00,0.00,0.00,0.00,0.00,0.00,0.00,0.00,0.00,0.00,0.00,427211,598103,1237091,440316,611366,1245742,0,0,0,0,0,0,0,113771,0,126.05,126.09,126.13
1630,3,0,0,0,93660,93660,93660,3619,3619,3619,591,591,591,0.00,0.00,0.00,0.00,0.00,0.00,0.00,0.00,0.00,0.00,0.00,0.00,0.00,0.00,0.00,0.00,0.00,0.00,0.00,0.00,0.00,297599,378227,534672,310538,392347,550398,0,0,0,0,0,0,0,126414,0,139.97,139.99,140.02
1631,0,0,0,0,93656,93656,93656,3623,3623,3623,591,591,591,0.00,0.00,0.00,0.00,0.00,0.00,0.00,0.00,0.00,0.00,0.00,0.00,0.00,0.00,0.00,0.00,0.00,0.00,0.00,0.00,0.00,301410,519466,1200389,317136,534143,1216114,0,0,0,0,0,0,0,123968,0,137.45,137.50,137.56
1631,1,0,0,0,93625,93625,93625,3655,3655,3655,591,591,591,0.00,0.00,0.00,0.00,0.00,0.00,0.00,0.00,0.00,0.00,0.00,0.00,0.00,0.00,0.00,0.00,0.00,0.00,0.00,0.00,0.00,279565,351203,509330,290049,364233,522063,0,0,0,0,0,0,0,111410,0,123.62,123.66,123.70
1631,2,0,0,0,93620,93620,93620,3659,3659,3659,591,591,591,0.00,0.00,0.00,0.00,0.00,0.00,0.00,0.00,0.00,0.00,0.00,0.00,0.00,0.00,0.00,0.00,0.00,0.00,0.00,0.00,0.00,429829,636357,967078,442934,650510,982803,0,0,0,0,0,0,0,100965,0,125.86,125.91,125.98
1631,3,0,0,0,93660,93660,93660,3619,3619,3619,591,591,591,0.00,0.00,0.00,0.00,0.00,0.00,0.00,0.00,0.00,0.00,0.00,0.00,0.00,0.00,0.00,0.00,0.00,0.00,0.00,0.00,0.00,296151,426862,621167,311876,440141,634271,0,0,0,0,0,0,0,112300,0,139.91,139.94,139.96
1632,0,0,0,0,93656,93656,93656,3623,3623,3623,591,591,591,0.00,0.00,0.00,0.00,0.00,0.00,0.00,0.00,0.00,0.00,0.00,0.00,0.00,0.00,0.00,0.00,0.00,0.00,0.00,0.00,0.00,298785,358543,566126,311890,372172,579230,0,0,0,0,0,0,0,82477,0,137.37,137.41,137.47
1632,1,0,0,0,93625,93625,93625,3655,3655,3655,591,591,591,0.00,0.00,0.00,0.00,0.00,0.00,0.00,0.00,0.00,0.00,0.00,0.00,0.00,0.00,0.00,0.00,0.00,0.00,0.00,0.00,0.00,301407,365874,524152,314511,380027,539877,0,0,0,0,0,0,0,74383,0,123.66,123.69,123.74
1632,2,0,0,0,93620,93620,93620,3659,3659,3659,591,591,591,0.00,0.00,0.00,0.00,0.00,0.00,0.00,0.00,0.00,0.00,0.00,0.00,0.00,0.00,0.00,0.00,0.00,0.00,0.00,0.00,0.00,424593,527331,919942,440319,540960,933046,0,0,0,0,0,0,0,101071,0,125.90,125.95,125.99
1632,3,0,0,0,93660,93660,93660,3619,3619,3619,591,591,591,0.00,0.00,0.00,0.00,0.00,0.00,0.00,0.00,0.00,0.00,0.00,0.00,0.00,0.00,0.00,0.00,0.00,0.00,0.00,0.00,0.00,298791,376892,503220,314515,390521,516325,0,0,0,0,0,0,0,84352,0,139.94,139.97,139.99
1633,0,0,0,0,93656,93656,93656,3623,3623,3623,591,591,591,0.00,0.00,0.00,0.00,0.00,0.00,0.00,0.00,0.00,0.00,0.00,0.00,0.00,0.00,0.00,0.00,0.00,0.00,0.00,0.00,0.00,301831,395213,660477,314729,408921,670960,0,0,0,0,0,0,0,110212,0,137.41,137.47,137.52
1633,1,0,0,0,93625,93625,93625,3655,3655,3655,591,591,591,0.00,0.00,0.00,0.00,0.00,0.00,0.00,0.00,0.00,0.00,0.00,0.00,0.00,0.00,0.00,0.00,0.00,0.00,0.00,0.00,0.00,298787,374793,558261,311892,388553,571366,0,0,0,0,0,0,0,99040,0,123.61,123.63,123.66
1633,2,0,0,0,93620,93620,93620,3659,3659,3659,591,591,591,0.00,0.00,0.00,0.00,0.00,0.00,0.00,0.00,0.00,0.00,0.00,0.00,0.00,0.00,0.00,0.00,0.00,0.00,0.00,0.00,0.00,427215,556951,933060,440320,570711,948786,0,0,0,0,0,0,0,75786,0,125.94,125.98,126.01
1633,3,0,0,0,93660,93660,93660,3619,3619,3619,591,591,591,0.00,0.00,0.00,0.00,0.00,0.00,0.00,0.00,0.00,0.00,0.00,0.00,0.00,0.00,0.00,0.00,0.00,0.00,0.00,0.00,0.00,301410,326308,395765,314515,340723,411490,0,0,0,0,0,0,0,112419,0,139.93,139.95,139.98
1634,0,0,0,0,93656,93656,93656,3623,3623,3623,591,591,591,0.00,0.00,0.00,0.00,0.00,0.00,0.00,0.00,0.00,0.00,0.00,0.00,0.00,0.00,0.00,0.00,0.00,0.00,0.00,0.00,0.00,197438,377044,621062,207921,390148,634164,0,0,0,0,0,0,0,110185,0,137.45,137.49,137.52
1634,1,0,0,0,93625,93625,93625,3655,3655,3655,591,591,591,0.00,0.00,0.00,0.00,0.00,0.00,0.00,0.00,0.00,0.00,0.00,0.00,0.00,0.00,0.00,0.00,0.00,0.00,0.00,0.00,0.00,290923,300882,314510,304028,314511,330235,0,0,0,0,0,0,0,99132,0,123.59,123.61,123.64
1634,2,0,0,0,93620,93620,93620,3659,3659,3659,591,591,591,0.00,0.00,0.00,0.00,0.00,0.00,0.00,0.00,0.00,0.00,0.00,0.00,0.00,0.00,0.00,0.00,0.00,0.00,0.00,0.00,0.00,424748,693042,1289355,439918,706135,1299838,0,0,0,0,0,0,0,113655,0,125.83,125.88,125.92
1634,3,0,0,0,93660,93660,93660,3619,3619,3619,591,591,591,0.00,0.00,0.00,0.00,0.00,0.00,0.00,0.00,0.00,0.00,0.00,0.00,0.00,0.00,0.00,0.00,0.00,0.00,0.00,0.00,0.00,298771,377416,670970,309255,389996,681454,0,0,0,0,0,0,0,126568,0,139.95,140.00,140.06
1635,0,0,0,0,93656,93656,93656,3623,3623,3623,591,591,591,0.00,0.00,0.00,0.00,0.00,0.00,0.00,0.00,0.00,0.00,0.00,0.00,0.00,0.00,0.00,0.00,0.00,0.00,0.00,0.00,0.00,296166,484350,1213498,311891,497979,1226603,0,0,0,0,0,0,0,124021,0,137.43,137.45,137.47
1635,1,0,0,0,93625,93625,93625,3655,3655,3655,591,591,591,0.00,0.00,0.00,0.00,0.00,0.00,0.00,0.00,0.00,0.00,0.00,0.00,0.00,0.00,0.00,0.00,0.00,0.00,0.00,0.00,0.00,159864,368652,547779,172967,381694,560884,0,0,0,0,0,0,0,98934,0,123.57,123.62,123.67
1635,2,0,0,0,93620,93620,93620,3659,3659,3659,591,591,591,0.00,0.00,0.00,0.00,0.00,0.00,0.00,0.00,0.00,0.00,0.00,0.00,0.00,0.00,0.00,0.00,0.00,0.00,0.00,0.00,0.00,424596,538863,972353,437700,552492,990699,0,0,0,0,0,0,0,101011,0,125.93,125.97,126.00
1635,3,0,0,0,93660,93660,93660,3619,3619,3619,591,591,591,0.00,0.00,0.00,0.00,0.00,0.00,0.00,0.00,0.00,0.00,0.00,0.00,0.00,0.00,0.00,0.00,0.00,0.00,0.00,0.00,0.00,301410,385278,592324,317136,399432,605429,0,0,0,0,0,0,0,112510,0,140.03,140.07,140.12
1636,0,0,0,0,93656,93656,93656,3623,3623,3623,591,591,591,0.00,0.00,0.00,0.00,0.00,0.00,0.00,0.00,0.00,0.00,0.00,0.00,0.00,0.00,0.00,0.00,0.00,0.00,0.00,0.00,0.00,298771,426161,665717,311875,440314,681443,0,0,0,0,0,0,0,110271,0,137.42,137.46,137.48
1636,1,0,0,0,93625,93625,93625,3655,3655,3655,591,591,591,0.00,0.00,0.00,0.00,0.00,0.00,0.00,0.00,0.00,0.00,0.00,0.00,0.00,0.00,0.00,0.00,0.00,0.00,0.00,0.00,0.00,298788,355921,482250,311892,370074,495354,0,0,0,0,0,0,0,99102,0,123.51,123.56,123.60
1636,2,0,0,0,93620,93620,93620,3659,3659,3659,591,591,591,0.00,0.00,0.00,0.00,0.00,0.00,0.00,0.00,0.00,0.00,0.00,0.00,0.00,0.00,0.00,0.00,0.00,0.00,0.00,0.00,0.00,427215,524188,898987,442939,538341,912092,0,0,0,0,0,0,0,101008,0,125.93,125.96,126.02
1636,3,0,0,0,93660,93660,93660,3619,3619,3619,591,591,591,0.00,0.00,0.00,0.00,0.00,0.00,0.00,0.00,0.00,0.00,0.00,0.00,0.00,0.00,0.00,0.00,0.00,0.00,0.00,0.00,0.00,301392,314509,351209,314514,328662,366935,0,0,0,0,0,0,0,112683,0,140.13,140.16,140.19
1637,0,0,0,0,93656,93656,93656,3623,3623,3623,591,591,591,0.00,0.00,0.00,0.00,0.00,0.00,0.00,0.00,0.00,0.00,0.00,0.00,0.00,0.00,0.00,0.00,0.00,0.00,0.00,0.00,0.00,193943,340836,587668,204426,353853,600334,0,0,0,0,0,0,0,110211,0,137.36,137.40,137.44
1637,1,0,0,0,93625,93625,93625,3655,3655,3655,591,591,591,0.00,0.00,0.00,0.00,0.00,0.00,0.00,0.00,0.00,0.00,0.00,0.00,0.00,0.00,0.00,0.00,0.00,0.00,0.00,0.00,0.00,301389,413580,610678,314493,427209,623783,0,0,0,0,0,0,0,98944,0,123.46,123.55,123.60
1637,2,0,0,0,93620,93620,93620,3659,3659,3659,591,591,591,0.00,0.00,0.00,0.00,0.00,0.00,0.00,0.00,0.00,0.00,0.00,0.00,0.00,0.00,0.00,0.00,0.00,0.00,0.00,0.00,0.00,424595,537813,912097,437699,551966,925202,0,0,0,0,0,0,0,113502,0,125.90,125.98,126.04
1637,3,0,0,0,93660,93660,93660,3619,3619,3619,591,591,591,0.00,0.00,0.00,0.00,0.00,0.00,0.00,0.00,0.00,0.00,0.00,0.00,0.00,0.00,0.00,0.00,0.00,0.00,0.00,0.00,0.00,298788,326569,411489,311893,340198,427215,0,0,0,0,0,0,0,112531,0,140.25,140.27,140.35
1638,0,0,0,0,93656,93656,93656,3623,3623,3623,591,591,591,0.00,0.00,0.00,0.00,0.00,0.00,0.00,0.00,0.00,0.00,0.00,0.00,0.00,0.00,0.00,0.00,0.00,0.00,0.00,0.00,0.00,298786,341244,463905,311890,355397,477009,0,0,0,0,0,0,0,109995,0,137.18,137.26,137.33
1638,1,0,0,0,93625,93625,93625,3655,3655,3655,591,591,591,0.00,0.00,0.00,0.00,0.00,0.00,0.00,0.00,0.00,0.00,0.00,0.00,0.00,0.00,0.00,0.00,0.00,0.00,0.00,0.00,0.00,293545,357495,526807,306649,371648,542533,0,0,0,0,0,0,0,111330,0,123.48,123.49,123.52
1638,2,0,0,0,93620,93620,93620,3659,3659,3659,591,591,591,0.00,0.00,0.00,0.00,0.00,0.00,0.00,0.00,0.00,0.00,0.00,0.00,0.00,0.00,0.00,0.00,0.00,0.00,0.00,0.00,0.00,282053,785041,1842530,290600,798282,1855635,0,0,0,0,0,0,0,100973,0,125.83,125.88,125.92
1638,3,0,0,0,93660,93660,93660,3619,3619,3619,591,591,591,0.00,0.00,0.00,0.00,0.00,0.00,0.00,0.00,0.00,0.00,0.00,0.00,0.00,0.00,0.00,0.00,0.00,0.00,0.00,0.00,0.00,76007,444067,966272,91732,456615,976756,0,0,0,0,0,0,0,112242,0,139.95,140.03,140.18
1639,0,0,0,0,93656,93656,93656,3623,3623,3623,591,591,591,0.00,0.00,0.00,0.00,0.00,0.00,0.00,0.00,0.00,0.00,0.00,0.00,0.00,0.00,0.00,0.00,0.00,0.00,0.00,0.00,0.00,296152,532571,1208254,306635,546200,1223979,0,0,0,0,0,0,0,82576,0,137.22,137.26,137.29
1639,1,0,0,0,93625,93625,93625,3655,3655,3655,591,591,591,0.00,0.00,0.00,0.00,0.00,0.00,0.00,0.00,0.00,0.00,0.00,0.00,0.00,0.00,0.00,0.00,0.00,0.00,0.00,0.00,0.00,204431,362193,505839,216662,374530,516323,0,0,0,0,0,0,0,74247,0,123.53,123.55,123.57
1639,2,0,0,0,93620,93620,93620,3659,3659,3659,591,591,591,0.00,0.00,0.00,0.00,0.00,0.00,0.00,0.00,0.00,0.00,0.00,0.00,0.00,0.00,0.00,0.00,0.00,0.00,0.00,0.00,0.00,440320,551441,982854,453425,565069,993338,0,0,0,0,0,0,0,101033,0,125.78,125.82,125.88
1639,3,0,0,0,93660,93660,93660,3619,3619,3619,591,591,591,0.00,0.00,0.00,0.00,0.00,0.00,0.00,0.00,0.00,0.00,0.00,0.00,0.00,0.00,0.00,0.00,0.00,0.00,0.00,0.00,0.00,301392,337575,474392,314515,351728,487497,0,0,0,0,0,0,0,84229,0,139.92,139.95,139.99
1640,0,0,0,0,93656,93656,93656,3623,3623,3623,591,591,591,0.00,0.00,0.00,0.00,0.00,0.00,0.00,0.00,0.00,0.00,0.00,0.00,0.00,0.00,0.00,0.00,0.00,0.00,0.00,0.00,0.00,298787,401003,691929,311891,414762,707655,0,0,0,0,0,0,0,110124,0,137.26,137.32,137.36
1640,1,0,0,0,93625,93625,93625,3655,3655,3655,591,591,591,0.00,0.00,0.00,0.00,0.00,0.00,0.00,0.00,0.00,0.00,0.00,0.00,0.00,0.00,0.00,0.00,0.00,0.00,0.00,0.00,0.00,304011,385927,550399,317114,400342,563504,0,0,0,0,0,0,0,99097,0,123.60,123.61,123.62
1640,2,0,0,0,93620,93620,93620,3659,3659,3659,591,591,591,0.00,0.00,0.00,0.00,0.00,0.00,0.00,0.00,0.00,0.00,0.00,0.00,0.00,0.00,0.00,0.00,0.00,0.00,0.00,0.00,0.00,437699,539915,841327,450804,553675,854431,0,0,0,0,0,0,0,75707,0,125.84,125.88,125.94
1640,3,0,0,0,93660,93660,93660,3619,3619,3619,591,591,591,0.00,0.00,0.00,0.00,0.00,0.00,0.00,0.00,0.00,0.00,0.00,0.00,0.00,0.00,0.00,0.00,0.00,0.00,0.00,0.00,0.00,301409,316479,359069,314517,330894,372174,0,0,0,0,0,0,0,112351,0,139.88,139.91,139.95
1641,0,0,0,0,93656,93656,93656,3623,3623,3623,591,591,591,0.00,0.00,0.00,0.00,0.00,0.00,0.00,0.00,0.00,0.00,0.00,0.00,0.00,0.00,0.00,0.00,0.00,0.00,0.00,0.00,0.00,195689,344869,615918,206172,357925,626402,0,0,0,0,0,0,0,110048,0,137.32,137.36,137.38
1641,1,0,0,0,93625,93625,93625,3655,3655,3655,591,591,591,0.00,0.00,0.00,0.00,0.00,0.00,0.00,0.00,0.00,0.00,0.00,0.00,0.00,0.00,0.00,0.00,0.00,0.00,0.00,0.00,0.00,288304,362736,605432,304029,376365,621157,0,0,0,0,0,0,0,99135,0,123.60,123.64,123.71
1641,2,0,0,0,93620,93620,93620,3659,3659,3659,591,591,591,0.00,0.00,0.00,0.00,0.00,0.00,0.00,0.00,0.00,0.00,0.00,0.00,0.00,0.00,0.00,0.00,0.00,0.00,0.00,0.00,0.00,429836,827696,1863492,442941,841324,1876596,0,0,0,0,0,0,0,113614,0,125.84,125.87,125.90
1641,3,0,0,0,93660,93660,93660,3619,3619,3619,591,591,591,0.00,0.00,0.00,0.00,0.00,0.00,0.00,0.00,0.00,0.00,0.00,0.00,0.00,0.00,0.00,0.00,0.00,0.00,0.00,0.00,0.00,301409,321851,395760,314514,335480,408865,0,0,0,0,0,0,0,126404,0,139.90,139.93,139.98
1642,0,0,0,0,93656,93656,93656,3623,3623,3623,591,591,591,0.00,0.00,0.00,0.00,0.00,0.00,0.00,0.00,0.00,0.00,0.00,0.00,0.00,0.00,0.00,0.00,0.00,0.00,0.00,0.00,0.00,296167,337576,479631,311888,351729,495357,0,0,0,0,0,0,0,123767,0,137.19,137.24,137.26
1642,1,0,0,0,93625,93625,93625,3655,3655,3655,591,591,591,0.00,0.00,0.00,0.00,0.00,0.00,0.00,0.00,0.00,0.00,0.00,0.00,0.00,0.00,0.00,0.00,0.00,0.00,0.00,0.00,0.00,290923,378459,518947,304028,392612,532052,0,0,0,0,0,0,0,111281,0,123.50,123.61,123.70
1642,2,0,0,0,93620,93620,93620,3659,3659,3659,591,591,591,0.00,0.00,0.00,0.00,0.00,0.00,0.00,0.00,0.00,0.00,0.00,0.00,0.00,0.00,0.00,0.00,0.00,0.00,0.00,0.00,0.00,424570,458533,570711,440295,472140,581088,0,0,0,0,0,0,0,101025,0,125.90,125.95,126.01
1642,3,0,0,0,93660,93660,93660,3619,3619,3619,591,591,591,0.00,0.00,0.00,0.00,0.00,0.00,0.00,0.00,0.00,0.00,0.00,0.00,0.00,0.00,0.00,0.00,0.00,0.00,0.00,0.00,0.00,81232,489561,875386,96955,502227,888490,0,0,0,0,0,0,0,112420,0,140.01,140.09,140.18
1643,0,0,0,0,93656,93656,93656,3623,3623,3623,591,591,591,0.00,0.00,0.00,0.00,0.00,0.00,0.00,0.00,0.00,0.00,0.00,0.00,0.00,0.00,0.00,0.00,0.00,0.00,0.00,0.00,0.00,301406,541483,1197760,314510,555111,1208244,0,0,0,0,0,0,0,110097,0,137.24,137.28,137.34
1643,1,0,0,0,93625,93625,93625,3655,3655,3655,591,591,591,0.00,0.00,0.00,0.00,0.00,0.00,0.00,0.00,0.00,0.00,0.00,0.00,0.00,0.00,0.00,0.00,0.00,0.00,0.00,0.00,0.00,202686,333031,508455,214917,345961,518939,0,0,0,0,0,0,0,99053,0,123.52,123.54,123.57
1643,2,0,0,0,93620,93620,93620,3659,3659,3659,591,591,591,0.00,0.00,0.00,0.00,0.00,0.00,0.00,0.00,0.00,0.00,0.00,0.00,0.00,0.00,0.00,0.00,0.00,0.00,0.00,0.00,0.00,427206,631123,967134,440311,644753,977618,0,0,0,0,0,0,0,101104,0,126.05,126.09,126.10
1643,3,0,0,0,93660,93660,93660,3619,3619,3619,591,591,591,0.00,0.00,0.00,0.00,0.00,0.00,0.00,0.00,0.00,0.00,0.00,0.00,0.00,0.00,0.00,0.00,0.00,0.00,0.00,0.00,0.00,296169,340199,492741,311895,354877,508467,0,0,0,0,0,0,0,112627,0,140.14,140.20,140.24
1644,0,0,0,0,93656,93656,93656,3623,3623,3623,591,591,591,0.00,0.00,0.00,0.00,0.00,0.00,0.00,0.00,0.00,0.00,0.00,0.00,0.00,0.00,0.00,0.00,0.00,0.00,0.00,0.00,0.00,298784,375834,644715,314509,389987,655198,0,0,0,0,0,0,0,110060,0,137.29,137.31,137.34
1644,1,0,0,0,93625,93625,93625,3655,3655,3655,591,591,591,0.00,0.00,0.00,0.00,0.00,0.00,0.00,0.00,0.00,0.00,0.00,0.00,0.00,0.00,0.00,0.00,0.00,0.00,0.00,0.00,0.00,306649,385800,524182,319753,399429,537287,0,0,0,0,0,0,0,99075,0,123.56,123.58,123.60
1644,2,0,0,0,93620,93620,93620,3659,3659,3659,591,591,591,0.00,0.00,0.00,0.00,0.00,0.00,0.00,0.00,0.00,0.00,0.00,0.00,0.00,0.00,0.00,0.00,0.00,0.00,0.00,0.00,0.00,421973,530471,914692,435077,544100,927797,0,0,0,0,0,0,0,100938,0,125.89,125.99,126.07
1644,3,0,0,0,93660,93660,93660,3619,3619,3619,591,591,591,0.00,0.00,0.00,0.00,0.00,0.00,0.00,0.00,0.00,0.00,0.00,0.00,0.00,0.00,0.00,0.00,0.00,0.00,0.00,0.00,0.00,298791,331282,380037,314491,344911,393142,0,0,0,0,0,0,0,112412,0,139.91,140.01,140.17
1645,0,0,0,0,93656,93656,93656,3623,3623,3623,591,591,591,0.00,0.00,0.00,0.00,0.00,0.00,0.00,0.00,0.00,0.00,0.00,0.00,0.00,0.00,0.00,0.00,0.00,0.00,0.00,0.00,0.00,192202,374175,615920,202685,387244,629025,0,0,0,0,0,0,0,110214,0,137.28,137.36,137.48
1645,1,0,0,0,93625,93625,93625,3655,3655,3655,591,591,591,0.00,0.00,0.00,0.00,0.00,0.00,0.00,0.00,0.00,0.00,0.00,0.00,0.00,0.00,0.00,0.00,0.00,0.00,0.00,0.00,0.00,298770,371645,629027,314495,385798,642132,0,0,0,0,0,0,0,99085,0,123.58,123.60,123.63
1645,2,0,0,0,93620,93620,93620,3659,3659,3659,591,591,591,0.00,0.00,0.00,0.00,0.00,0.00,0.00,0.00,0.00,0.00,0.00,0.00,0.00,0.00,0.00,0.00,0.00,0.00,0.00,0.00,0.00,427217,820880,1842529,440322,835033,1855633,0,0,0,0,0,0,0,113632,0,125.83,125.89,125.94
1645,3,0,0,0,93660,93660,93660,3619,3619,3619,591,591,591,0.00,0.00,0.00,0.00,0.00,0.00,0.00,0.00,0.00,0.00,0.00,0.00,0.00,0.00,0.00,0.00,0.00,0.00,0.00,0.00,0.00,298790,461705,864382,311894,475742,876909,0,0,0,0,0,0,0,126375,0,139.92,139.95,139.97
1646,0,0,0,0,93656,93656,93656,3623,3623,3623,591,591,591,0.00,0.00,0.00,0.00,0.00,0.00,0.00,0.00,0.00,0.00,0.00,0.00,0.00,0.00,0.00,0.00,0.00,0.00,0.00,0.00,0.00,296165,488003,1234393,309270,501632,1250118,0,0,0,0,0,0,0,124010,0,137.35,137.39,137.45
1646,1,0,0,0,93625,93625,93625,3655,3655,3655,591,591,591,0.00,0.00,0.00,0.00,0.00,0.00,0.00,0.00,0.00,0.00,0.00,0.00,0.00,0.00,0.00,0.00,0.00,0.00,0.00,0.00,0.00,298787,415680,555638,311892,429833,571364,0,0,0,0,0,0,0,74117,0,123.49,123.54,123.59
1646,2,0,0,0,93620,93620,93620,3659,3659,3659,591,591,591,0.00,0.00,0.00,0.00,0.00,0.00,0.00,0.00,0.00,0.00,0.00,0.00,0.00,0.00,0.00,0.00,0.00,0.00,0.00,0.00,0.00,285366,511019,980225,295743,524102,993330,0,0,0,0,0,0,0,100948,0,125.78,125.83,125.87
1646,3,0,0,0,93660,93660,93660,3619,3619,3619,591,591,591,0.00,0.00,0.00,0.00,0.00,0.00,0.00,0.00,0.00,0.00,0.00,0.00,0.00,0.00,0.00,0.00,0.00,0.00,0.00,0.00,0.00,200942,380882,615802,209678,393636,628905,0,0,0,0,0,0,0,84379,0,139.89,139.98,140.06
1647,0,0,0,0,93656,93656,93656,3623,3623,3623,591,591,591,0.00,0.00,0.00,0.00,0.00,0.00,0.00,0.00,0.00,0.00,0.00,0.00,0.00,0.00,0.00,0.00,0.00,0.00,0.00,0.00,0.00,296164,357758,534674,311890,371518,547779,0,0,0,0,0,0,0,82568,0,137.30,137.31,137.35
1647,1,0,0,0,93625,93625,93625,3655,3655,3655,591,591,591,0.00,0.00,0.00,0.00,0.00,0.00,0.00,0.00,0.00,0.00,0.00,0.00,0.00,0.00,0.00,0.00,0.00,0.00,0.00,0.00,0.00,199190,360372,526811,207927,373040,539915,0,0,0,0,0,0,0,99051,0,123.58,123.61,123.66
1647,2,0,0,0,93620,93620,93620,3659,3659,3659,591,591,591,0.00,0.00,0.00,0.00,0.00,0.00,0.00,0.00,0.00,0.00,0.00,0.00,0.00,0.00,0.00,0.00,0.00,0.00,0.00,0.00,0.00,427215,553674,896373,440320,567435,909478,0,0,0,0,0,0,0,75949,0,125.91,126.02,126.14
1647,3,0,0,0,93660,93660,93660,3619,3619,3619,591,591,591,0.00,0.00,0.00,0.00,0.00,0.00,0.00,0.00,0.00,0.00,0.00,0.00,0.00,0.00,0.00,0.00,0.00,0.00,0.00,0.00,0.00,304034,347932,471774,317139,361692,484879,0,0,0,0,0,0,0,112390,0,139.98,140.05,140.11
1648,0,0,0,0,93656,93656,93656,3623,3623,3623,591,591,591,0.00,0.00,0.00,0.00,0.00,0.00,0.00,0.00,0.00,0.00,0.00,0.00,0.00,0.00,0.00,0.00,0.00,0.00,0.00,0.00,0.00,309270,449227,691924,322375,463380,707650,0,0,0,0,0,0,0,110008,0,137.19,137.24,137.29
1648,1,0,0,0,93625,93625,93625,3655,3655,3655,591,591,591,0.00,0.00,0.00,0.00,0.00,0.00,0.00,0.00,0.00,0.00,0.00,0.00,0.00,0.00,0.00,0.00,0.00,0.00,0.00,0.00,0.00,296162,351204,545152,309269,364832,558256,0,0,0,0,0,0,0,99028,0,123.52,123.56,123.58
1648,2,0,0,0,93620,93620,93620,3659,3659,3659,591,591,591,0.00,0.00,0.00,0.00,0.00,0.00,0.00,0.00,0.00,0.00,0.00,0.00,0.00,0.00,0.00,0.00,0.00,0.00,0.00,0.00,0.00,429837,533102,927814,442942,547255,940919,0,0,0,0,0,0,0,100906,0,125.80,125.96,126.12
1648,3,0,0,0,93660,93660,93660,3619,3619,3619,591,591,591,0.00,0.00,0.00,0.00,0.00,0.00,0.00,0.00,0.00,0.00,0.00,0.00,0.00,0.00,0.00,0.00,0.00,0.00,0.00,0.00,0.00,298786,327093,411492,314512,341247,424597,0,0,0,0,0,0,0,112207,0,139.73,139.78,139.90
1649,0,0,0,0,93656,93656,93656,3623,3623,3623,591,591,591,0.00,0.00,0.00,0.00,0.00,0.00,0.00,0.00,0.00,0.00,0.00,0.00,0.00,0.00,0.00,0.00,0.00,0.00,0.00,0.00,0.00,193448,318077,492734,202084,330813,508460,0,0,0,0,0,0,0,109995,0,137.11,137.19,137.26
1649,1,0,0,0,93625,93625,93625,3655,3655,3655,591,591,591,0.00,0.00,0.00,0.00,0.00,0.00,0.00,0.00,0.00,0.00,0.00,0.00,0.00,0.00,0.00,0.00,0.00,0.00,0.00,0.00,0.00,296169,403625,605444,311895,417778,621169,0,0,0,0,0,0,0,111398,0,123.57,123.60,123.61
1649,2,0,0,0,93620,93620,93620,3659,3659,3659,591,591,591,0.00,0.00,0.00,0.00,0.00,0.00,0.00,0.00,0.00,0.00,0.00,0.00,0.00,0.00,0.00,0.00,0.00,0.00,0.00,0.00,0.00,421970,813533,1949984,435075,827162,1963089,0,0,0,0,0,0,0,101027,0,125.78,125.85,125.91
1649,3,0,0,0,93660,93660,93660,3619,3619,3619,591,591,591,0.00,0.00,0.00,0.00,0.00,0.00,0.00,0.00,0.00,0.00,0.00,0.00,0.00,0.00,0.00,0.00,0.00,0.00,0.00,0.00,0.00,306649,538856,880616,319754,552485,896342,0,0,0,0,0,0,0,126294,0,139.78,139.83,139.90
1650,0,0,0,0,93656,93656,93656,3623,3623,3623,591,591,591,0.00,0.00,0.00,0.00,0.00,0.00,0.00,0.00,0.00,0.00,0.00,0.00,0.00,0.00,0.00,0.00,0.00,0.00,0.00,0.00,0.00,296164,533622,1176796,311890,547775,1192522,0,0,0,0,0,0,0,123839,0,137.26,137.28,137.31
1650,1,0,0,0,93625,93625,93625,3655,3655,3655,591,591,591,0.00,0.00,0.00,0.00,0.00,0.00,0.00,0.00,0.00,0.00,0.00,0.00,0.00,0.00,0.00,0.00,0.00,0.00,0.00,0.00,0.00,199190,351722,558229,207926,365001,571333,0,0,0,0,0,0,0,99023,0,123.56,123.57,123.59
1650,2,0,0,0,93620,93620,93620,3659,3659,3659,591,591,591,0.00,0.00,0.00,0.00,0.00,0.00,0.00,0.00,0.00,0.00,0.00,0.00,0.00,0.00,0.00,0.00,0.00,0.00,0.00,0.00,0.00,280322,523120,1016939,290704,536205,1032665,0,0,0,0,0,0,0,101056,0,125.91,125.93,125.97
1650,3,0,0,0,93660,93660,93660,3619,3619,3619,591,591,591,0.00,0.00,0.00,0.00,0.00,0.00,0.00,0.00,0.00,0.00,0.00,0.00,0.00,0.00,0.00,0.00,0.00,0.00,0.00,0.00,0.00,200940,326919,511090,209676,340198,524194,0,0,0,0,0,0,0,112233,0,139.84,139.88,139.92
1651,0,0,0,0,93656,93656,93656,3623,3623,3623,591,591,591,0.00,0.00,0.00,0.00,0.00,0.00,0.00,0.00,0.00,0.00,0.00,0.00,0.00,0.00,0.00,0.00,0.00,0.00,0.00,0.00,0.00,298786,377407,673546,311891,391560,684030,0,0,0,0,0,0,0,110180,0,137.28,137.33,137.40
1651,1,0,0,0,93625,93625,93625,3655,3655,3655,591,591,591,0.00,0.00,0.00,0.00,0.00,0.00,0.00,0.00,0.00,0.00,0.00,0.00,0.00,0.00,0.00,0.00,0.00,0.00,0.00,0.00,0.00,304027,409912,560879,317131,423541,573984,0,0,0,0,0,0,0,99042,0,123.57,123.60,123.63
1651,2,0,0,0,93620,93620,93620,3659,3659,3659,591,591,591,0.00,0.00,0.00,0.00,0.00,0.00,0.00,0.00,0.00,0.00,0.00,0.00,0.00,0.00,0.00,0.00,0.00,0.00,0.00,0.00,0.00,424593,516325,862295,437698,529954,878021,0,0,0,0,0,0,0,100904,0,125.76,125.83,125.94
1651,3,0,0,0,93660,93660,93660,3619,3619,3619,591,591,591,0.00,0.00,0.00,0.00,0.00,0.00,0.00,0.00,0.00,0.00,0.00,0.00,0.00,0.00,0.00,0.00,0.00,0.00,0.00,0.00,0.00,298772,317655,369554,314497,331807,382658,0,0,0,0,0,0,0,112420,0,139.88,139.93,139.99
1652,0,0,0,0,93656,93656,93656,3623,3623,3623,591,591,591,0.00,0.00,0.00,0.00,0.00,0.00,0.00,0.00,0.00,0.00,0.00,0.00,0.00,0.00,0.00,0.00,0.00,0.00,0.00,0.00,0.00,293547,371648,636886,306652,385277,649991,0,0,0,0,0,0,0,110127,0,137.37,137.38,137.39
1652,1,0,0,0,93625,93625,93625,3655,3655,3655,591,591,591,0.00,0.00,0.00,0.00,0.00,0.00,0.00,0.00,0.00,0.00,0.00,0.00,0.00,0.00,0.00,0.00,0.00,0.00,0.00,0.00,0.00,290925,365795,616155,304030,379943,631887,0,0,0,0,0,0,0,98918,0,123.44,123.50,123.57
1652,2,0,0,0,93620,93620,93620,3659,3659,3659,591,591,591,0.00,0.00,0.00,0.00,0.00,0.00,0.00,0.00,0.00,0.00,0.00,0.00,0.00,0.00,0.00,0.00,0.00,0.00,0.00,0.00,0.00,424585,827681,1863492,440311,841835,1876597,0,0,0,0,0,0,0,113527,0,125.69,125.73,125.76
1652,3,0,0,0,93660,93660,93660,3619,3619,3619,591,591,591,0.00,0.00,0.00,0.00,0.00,0.00,0.00,0.00,0.00,0.00,0.00,0.00,0.00,0.00,0.00,0.00,0.00,0.00,0.00,0.00,0.00,293547,321326,398383,306652,335479,411488,0,0,0,0,0,0,0,126252,0,139.81,139.88,139.95
1653,0,0,0,0,93656,93656,93656,3623,3623,3623,591,591,591,0.00,0.00,0.00,0.00,0.00,0.00,0.00,0.00,0.00,0.00,0.00,0.00,0.00,0.00,0.00,0.00,0.00,0.00,0.00,0.00,0.00,197444,312589,456041,207927,325693,469146,0,0,0,0,0,0,0,123815,0,137.40,137.42,137.46
1653,1,0,0,0,93625,93625,93625,3655,3655,3655,591,591,591,0.00,0.00,0.00,0.00,0.00,0.00,0.00,0.00,0.00,0.00,0.00,0.00,0.00,0.00,0.00,0.00,0.00,0.00,0.00,0.00,0.00,296165,385640,551237,309270,399267,566913,0,0,0,0,0,0,0,111318,0,123.41,123.43,123.46
1653,2,0,0,0,93620,93620,93620,3659,3659,3659,591,591,591,0.00,0.00,0.00,0.00,0.00,0.00,0.00,0.00,0.00,0.00,0.00,0.00,0.00,0.00,0.00,0.00,0.00,0.00,0.00,0.00,0.00,277210,498382,912100,287414,511430,925205,0,0,0,0,0,0,0,100890,0,125.76,125.80,125.83
1653,3,0,0,0,93660,93660,93660,3619,3619,3619,591,591,591,0.00,0.00,0.00,0.00,0.00,0.00,0.00,0.00,0.00,0.00,0.00,0.00,0.00,0.00,0.00,0.00,0.00,0.00,0.00,0.00,0.00,298789,531773,820358,311894,545322,833463,0,0,0,0,0,0,0,112241,0,139.84,139.90,139.96
1654,0,0,0,0,93656,93656,93656,3623,3623,3623,591,591,591,0.00,0.00,0.00,0.00,0.00,0.00,0.00,0.00,0.00,0.00,0.00,0.00,0.00,0.00,0.00,0.00,0.00,0.00,0.00,0.00,0.00,301406,534132,1218668,314511,548285,1231772,0,0,0,0,0,0,0,82614,0,137.40,137.41,137.43
1654,1,0,0,0,93625,93625,93625,3655,3655,3655,591,591,591,0.00,0.00,0.00,0.00,0.00,0.00,0.00,0.00,0.00,0.00,0.00,0.00,0.00,0.00,0.00,0.00,0.00,0.00,0.00,0.00,0.00,200719,326349,508461,211191,339451,521566,0,0,0,0,0,0,0,74237,0,123.49,123.53,123.58
1654,2,0,0,0,93620,93620,93620,3659,3659,3659,591,591,591,0.00,0.00,0.00,0.00,0.00,0.00,0.00,0.00,0.00,0.00,0.00,0.00,0.00,0.00,0.00,0.00,0.00,0.00,0.00,0.00,0.00,422078,630575,972182,435186,644204,985284,0,0,0,0,0,0,0,100879,0,125.72,125.75,125.77
1654,3,0,0,0,93660,93660,93660,3619,3619,3619,591,591,591,0.00,0.00,0.00,0.00,0.00,0.00,0.00,0.00,0.00,0.00,0.00,0.00,0.00,0.00,0.00,0.00,0.00,0.00,0.00,0.00,0.00,207924,320452,479629,216661,333732,492734,0,0,0,0,0,0,0,84292,0,139.91,139.97,140.05
1655,0,0,0,0,93656,93656,93656,3623,3623,3623,591,591,591,0.00,0.00,0.00,0.00,0.00,0.00,0.00,0.00,0.00,0.00,0.00,0.00,0.00,0.00,0.00,0.00,0.00,0.00,0.00,0.00,0.00,304029,387373,697165,317133,401002,707649,0,0,0,0,0,0,0,110157,0,137.34,137.35,137.39
1655,1,0,0,0,93625,93625,93625,3655,3655,3655,591,591,591,0.00,0.00,0.00,0.00,0.00,0.00,0.00,0.00,0.00,0.00,0.00,0.00,0.00,0.00,0.00,0.00,0.00,0.00,0.00,0.00,0.00,296167,367136,533101,309272,381279,551394,0,0,0,0,0,0,0,99060,0,123.61,123.63,123.67
1655,2,0,0,0,93620,93620,93620,3659,3659,3659,591,591,591,0.00,0.00,0.00,0.00,0.00,0.00,0.00,0.00,0.00,0.00,0.00,0.00,0.00,0.00,0.00,0.00,0.00,0.00,0.00,0.00,0.00,424595,517371,862275,440321,531524,878001,0,0,0,0,0,0,0,75750,0,125.70,125.74,125.78
1655,3,0,0,0,93660,93660,93660,3619,3619,3619,591,591,591,0.00,0.00,0.00,0.00,0.00,0.00,0.00,0.00,0.00,0.00,0.00,0.00,0.00,0.00,0.00,0.00,0.00,0.00,0.00,0.00,0.00,304029,339675,424598,317134,353304,437703,0,0,0,0,0,0,0,112406,0,139.91,140.00,140.06
1656,0,0,0,0,93656,93656,93656,3623,3623,3623,591,591,591,0.00,0.00,0.00,0.00,0.00,0.00,0.00,0.00,0.00,0.00,0.00,0.00,0.00,0.00,0.00,0.00,0.00,0.00,0.00,0.00,0.00,296168,403096,615917,311894,417249,629022,0,0,0,0,0,0,0,110054,0,137.28,137.32,137.34
1656,1,0,0,0,93625,93625,93625,3655,3655,3655,591,591,591,0.00,0.00,0.00,0.00,0.00,0.00,0.00,0.00,0.00,0.00,0.00,0.00,0.00,0.00,0.00,0.00,0.00,0.00,0.00,0.00,0.00,298785,367812,623790,311889,381433,636895,0,0,0,0,0,0,0,98993,0,123.53,123.56,123.58
1656,2,0,0,0,93620,93620,93620,3659,3659,3659,591,591,591,0.00,0.00,0.00,0.00,0.00,0.00,0.00,0.00,0.00,0.00,0.00,0.00,0.00,0.00,0.00,0.00,0.00,0.00,0.00,0.00,0.00,429835,831877,1923772,445560,845506,1934256,0,0,0,0,0,0,0,113654,0,125.79,125.82,125.86
1656,3,0,0,0,93660,93660,93660,3619,3619,3619,591,591,591,0.00,0.00,0.00,0.00,0.00,0.00,0.00,0.00,0.00,0.00,0.00,0.00,0.00,0.00,0.00,0.00,0.00,0.00,0.00,0.00,0.00,304027,480148,872729,319753,494301,885833,0,0,0,0,0,0,0,126197,0,139.78,139.83,139.91
1657,0,0,0,0,93656,93656,93656,3623,3623,3623,591,591,591,0.00,0.00,0.00,0.00,0.00,0.00,0.00,0.00,0.00,0.00,0.00,0.00,0.00,0.00,0.00,0.00,0.00,0.00,0.00,0.00,0.00,256848,427736,977611,269953,441364,993337,0,0,0,0,0,0,0,123945,0,137.32,137.36,137.40
1657,1,0,0,0,93625,93625,93625,3655,3655,3655,591,591,591,0.00,0.00,0.00,0.00,0.00,0.00,0.00,0.00,0.00,0.00,0.00,0.00,0.00,0.00,0.00,0.00,0.00,0.00,0.00,0.00,0.00,311888,391833,529427,324993,405976,545153,0,0,0,0,0,0,0,111230,0,123.49,123.55,123.59
1657,2,0,0,0,93620,93620,93620,3659,3659,3659,591,591,591,0.00,0.00,0.00,0.00,0.00,0.00,0.00,0.00,0.00,0.00,0.00,0.00,0.00,0.00,0.00,0.00,0.00,0.00,0.00,0.00,0.00,425893,544368,959266,441380,558997,974992,0,0,0,0,0,0,0,100842,0,125.73,125.80,125.87
1657,3,0,0,0,93660,93660,93660,3619,3619,3619,591,591,591,0.00,0.00,0.00,0.00,0.00,0.00,0.00,0.00,0.00,0.00,0.00,0.00,0.00,0.00,0.00,0.00,0.00,0.00,0.00,0.00,0.00,285688,400689,605442,298793,414799,618547,0,0,0,0,0,0,0,112271,0,139.77,139.82,139.89
1658,0,0,0,0,93656,93656,93656,3623,3623,3623,591,591,591,0.00,0.00,0.00,0.00,0.00,0.00,0.00,0.00,0.00,0.00,0.00,0.00,0.00,0.00,0.00,0.00,0.00,0.00,0.00,0.00,0.00,301407,363260,584470,317132,376889,597574,0,0,0,0,0,0,0,110106,0,137.32,137.36,137.40
1658,1,0,0,0,93625,93625,93625,3655,3655,3655,591,591,591,0.00,0.00,0.00,0.00,0.00,0.00,0.00,0.00,0.00,0.00,0.00,0.00,0.00,0.00,0.00,0.00,0.00,0.00,0.00,0.00,0.00,298785,363610,513700,311889,377230,526804,0,0,0,0,0,0,0,98895,0,123.41,123.44,123.47
1658,2,0,0,0,93620,93620,93620,3659,3659,3659,591,591,591,0.00,0.00,0.00,0.00,0.00,0.00,0.00,0.00,0.00,0.00,0.00,0.00,0.00,0.00,0.00,0.00,0.00,0.00,0.00,0.00,0.00,427219,536245,943543,440324,549874,959268,0,0,0,0,0,0,0,100830,0,125.69,125.72,125.75
1658,3,0,0,0,93660,93660,93660,3619,3619,3619,591,591,591,0.00,0.00,0.00,0.00,0.00,0.00,0.00,0.00,0.00,0.00,0.00,0.00,0.00,0.00,0.00,0.00,0.00,0.00,0.00,0.00,0.00,304029,325520,364310,317135,339149,374794,0,0,0,0,0,0,0,112443,0,139.90,139.97,140.00
1659,0,0,0,0,93656,93656,93656,3623,3623,3623,591,591,591,0.00,0.00,0.00,0.00,0.00,0.00,0.00,0.00,0.00,0.00,0.00,0.00,0.00,0.00,0.00,0.00,0.00,0.00,0.00,0.00,0.00,311893,470188,707613,324998,484865,723338,0,0,0,0,0,0,0,110072,0,137.25,137.27,137.32
1659,1,0,0,0,93625,93625,93625,3655,3655,3655,591,591,591,0.00,0.00,0.00,0.00,0.00,0.00,0.00,0.00,0.00,0.00,0.00,0.00,0.00,0.00,0.00,0.00,0.00,0.00,0.00,0.00,0.00,296166,390872,526809,311892,404494,537293,0,0,0,0,0,0,0,98952,0,123.47,123.48,123.50
1659,2,0,0,0,93620,93620,93620,3659,3659,3659,591,591,591,0.00,0.00,0.00,0.00,0.00,0.00,0.00,0.00,0.00,0.00,0.00,0.00,0.00,0.00,0.00,0.00,0.00,0.00,0.00,0.00,0.00,435076,536763,898989,445561,550391,914715,0,0,0,0,0,0,0,100905,0,125.75,125.76,125.78
1659,3,0,0,0,93660,93660,93660,3619,3619,3619,591,591,591,0.00,0.00,0.00,0.00,0.00,0.00,0.00,0.00,0.00,0.00,0.00,0.00,0.00,0.00,0.00,0.00,0.00,0.00,0.00,0.00,0.00,301392,330759,440322,314496,344388,453427,0,0,0,0,0,0,0,112465,0,140.00,140.09,140.12
1660,0,0,0,0,93656,93656,93656,3623,3623,3623,591,591,591,0.00,0.00,0.00,0.00,0.00,0.00,0.00,0.00,0.00,0.00,0.00,0.00,0.00,0.00,0.00,0.00,0.00,0.00,0.00,0.00,0.00,296167,340720,497974,309272,354349,511079,0,0,0,0,0,0,0,110062,0,137.26,137.29,137.35
1660,1,0,0,0,93625,93625,93625,3655,3655,3655,591,591,591,0.00,0.00,0.00,0.00,0.00,0.00,0.00,0.00,0.00,0.00,0.00,0.00,0.00,0.00,0.00,0.00,0.00,0.00,0.00,0.00,0.00,297874,360454,529426,311890,374597,542531,0,0,0,0,0,0,0,111371,0,123.48,123.52,123.55
1660,2,0,0,0,93620,93620,93620,3659,3659,3659,591,591,591,0.00,0.00,0.00,0.00,0.00,0.00,0.00,0.00,0.00,0.00,0.00,0.00,0.00,0.00,0.00,0.00,0.00,0.00,0.00,0.00,0.00,429834,738053,1465106,442939,752206,1480831,0,0,0,0,0,0,0,100886,0,125.76,125.77,125.78
1660,3,0,0,0,93660,93660,93660,3619,3619,3619,591,591,591,0.00,0.00,0.00,0.00,0.00,0.00,0.00,0.00,0.00,0.00,0.00,0.00,0.00,0.00,0.00,0.00,0.00,0.00,0.00,0.00,0.00,86491,474913,820356,99596,489066,833461,0,0,0,0,0,0,0,126363,0,139.97,140.02,140.09
1661,0,0,0,0,93656,93656,93656,3623,3623,3623,591,591,591,0.00,0.00,0.00,0.00,0.00,0.00,0.00,0.00,0.00,0.00,0.00,0.00,0.00,0.00,0.00,0.00,0.00,0.00,0.00,0.00,0.00,301407,554323,1297364,311892,565069,1310469,0,0,0,0,0,0,0,123805,0,137.25,137.27,137.31
1661,1,0,0,0,93625,93625,93625,3655,3655,3655,591,591,591,0.00,0.00,0.00,0.00,0.00,0.00,0.00,0.00,0.00,0.00,0.00,0.00,0.00,0.00,0.00,0.00,0.00,0.00,0.00,0.00,0.00,159877,274329,337242,172982,288031,350114,0,0,0,0,0,0,0,74223,0,123.49,123.52,123.55
1661,2,0,0,0,93620,93620,93620,3659,3659,3659,591,591,591,0.00,0.00,0.00,0.00,0.00,0.00,0.00,0.00,0.00,0.00,0.00,0.00,0.00,0.00,0.00,0.00,0.00,0.00,0.00,0.00,0.00,429836,565132,959276,446584,579488,972380,0,0,0,0,0,0,0,100869,0,125.79,125.82,125.85
1661,3,0,0,0,93660,93660,93660,3619,3619,3619,591,591,591,0.00,0.00,0.00,0.00,0.00,0.00,0.00,0.00,0.00,0.00,0.00,0.00,0.00,0.00,0.00,0.00,0.00,0.00,0.00,0.00,0.00,304043,346130,461289,317149,360487,477014,0,0,0,0,0,0,0,84171,0,139.85,139.90,139.98
1662,0,0,0,0,93656,93656,93656,3623,3623,3623,591,591,591,0.00,0.00,0.00,0.00,0.00,0.00,0.00,0.00,0.00,0.00,0.00,0.00,0.00,0.00,0.00,0.00,0.00,0.00,0.00,0.00,0.00,301406,423541,663092,314511,408208,676197,0,0,0,0,0,0,0,82661,0,137.27,137.30,137.33
1662,1,0,0,0,93625,93625,93625,3655,3655,3655,591,591,591,0.00,0.00,0.00,0.00,0.00,0.00,0.00,0.00,0.00,0.00,0.00,0.00,0.00,0.00,0.00,0.00,0.00,0.00,0.00,0.00,0.00,301406,354869,461285,314511,368498,474390,0,0,0,0,0,0,0,98948,0,123.47,123.51,123.56
1662,2,0,0,0,93620,93620,93620,3659,3659,3659,591,591,591,0.00,0.00,0.00,0.00,0.00,0.00,0.00,0.00,0.00,0.00,0.00,0.00,0.00,0.00,0.00,0.00,0.00,0.00,0.00,0.00,0.00,429784,537264,935678,442657,550379,951404,0,0,0,0,0,0,0,75639,0,125.74,125.75,125.79
1662,3,0,0,0,93660,93660,93660,3619,3619,3619,591,591,591,0.00,0.00,0.00,0.00,0.00,0.00,0.00,0.00,0.00,0.00,0.00,0.00,0.00,0.00,0.00,0.00,0.00,0.00,0.00,0.00,0.00,298789,336526,461289,311894,350155,474394,0,0,0,0,0,0,0,112239,0,139.78,139.80,139.82
1663,0,0,0,0,93656,93656,93656,3623,3623,3623,591,591,591,0.00,0.00,0.00,0.00,0.00,0.00,0.00,0.00,0.00,0.00,0.00,0.00,0.00,0.00,0.00,0.00,0.00,0.00,0.00,0.00,0.00,306648,372172,605437,319752,386325,621163,0,0,0,0,0,0,0,109982,0,137.23,137.30,137.34
1663,1,0,0,0,93625,93625,93625,3655,3655,3655,591,591,591,0.00,0.00,0.00,0.00,0.00,0.00,0.00,0.00,0.00,0.00,0.00,0.00,0.00,0.00,0.00,0.00,0.00,0.00,0.00,0.00,0.00,301405,404672,576606,314509,418825,589710,0,0,0,0,0,0,0,98970,0,123.47,123.49,123.50
1663,2,0,0,0,93620,93620,93620,3659,3659,3659,591,591,591,0.00,0.00,0.00,0.00,0.00,0.00,0.00,0.00,0.00,0.00,0.00,0.00,0.00,0.00,0.00,0.00,0.00,0.00,0.00,0.00,0.00,435075,545154,935678,450801,559307,948783,0,0,0,0,0,0,0,113372,0,125.76,125.82,125.86
1663,3,0,0,0,93660,93660,93660,3619,3619,3619,591,591,591,0.00,0.00,0.00,0.00,0.00,0.00,0.00,0.00,0.00,0.00,0.00,0.00,0.00,0.00,0.00,0.00,0.00,0.00,0.00,0.00,0.00,301409,324473,401006,317134,338626,416732,0,0,0,0,0,0,0,112426,0,139.88,139.98,140.07
1664,0,0,0,0,93656,93656,93656,3623,3623,3623,591,591,591,0.00,0.00,0.00,0.00,0.00,0.00,0.00,0.00,0.00,0.00,0.00,0.00,0.00,0.00,0.00,0.00,0.00,0.00,0.00,0.00,0.00,206173,333728,492728,214909,347008,505833,0,0,0,0,0,0,0,110056,0,137.21,137.24,137.28
1664,1,0,0,0,93625,93625,93625,3655,3655,3655,591,591,591,0.00,0.00,0.00,0.00,0.00,0.00,0.00,0.00,0.00,0.00,0.00,0.00,0.00,0.00,0.00,0.00,0.00,0.00,0.00,0.00,0.00,298786,360115,511074,311892,373744,526799,0,0,0,0,0,0,0,111276,0,123.50,123.52,123.55
1664,2,0,0,0,93620,93620,93620,3659,3659,3659,591,591,591,0.00,0.00,0.00,0.00,0.00,0.00,0.00,0.00,0.00,0.00,0.00,0.00,0.00,0.00,0.00,0.00,0.00,0.00,0.00,0.00,0.00,432433,814060,1918530,445537,828213,1934255,0,0,0,0,0,0,0,100393,0,125.18,125.37,125.59
1664,3,0,0,0,93660,93660,93660,3619,3619,3619,591,591,591,0.00,0.00,0.00,0.00,0.00,0.00,0.00,0.00,0.00,0.00,0.00,0.00,0.00,0.00,0.00,0.00,0.00,0.00,0.00,0.00,0.00,306651,547769,898944,319756,561397,914669,0,0,0,0,0,0,0,112251,0,139.98,140.03,140.08
1665,0,0,0,0,93656,93656,93656,3623,3623,3623,591,591,591,0.00,0.00,0.00,0.00,0.00,0.00,0.00,0.00,0.00,0.00,0.00,0.00,0.00,0.00,0.00,0.00,0.00,0.00,0.00,0.00,0.00,298782,544629,1247564,314507,558782,1263290,0,0,0,0,0,0,0,110057,0,137.19,137.21,137.23
1665,1,0,0,0,93625,93625,93625,3655,3655,3655,591,591,591,0.00,0.00,0.00,0.00,0.00,0.00,0.00,0.00,0.00,0.00,0.00,0.00,0.00,0.00,0.00,0.00,0.00,0.00,0.00,0.00,0.00,301402,367110,511078,315290,381233,524182,0,0,0,0,0,0,0,98924,0,123.43,123.46,123.51
1665,2,0,0,0,93620,93620,93620,3659,3659,3659,591,591,591,0.00,0.00,0.00,0.00,0.00,0.00,0.00,0.00,0.00,0.00,0.00,0.00,0.00,0.00,0.00,0.00,0.00,0.00,0.00,0.00,0.00,288855,516966,993341,299233,530050,1003825,0,0,0,0,0,0,0,100428,0,125.13,125.17,125.21
1665,3,0,0,0,93660,93660,93660,3619,3619,3619,591,591,591,0.00,0.00,0.00,0.00,0.00,0.00,0.00,0.00,0.00,0.00,0.00,0.00,0.00,0.00,0.00,0.00,0.00,0.00,0.00,0.00,0.00,202688,319929,474396,213172,333034,487501,0,0,0,0,0,0,0,112357,0,139.95,139.99,140.02
1666,0,0,0,0,93656,93656,93656,3623,3623,3623,591,591,591,0.00,0.00,0.00,0.00,0.00,0.00,0.00,0.00,0.00,0.00,0.00,0.00,0.00,0.00,0.00,0.00,0.00,0.00,0.00,0.00,0.00,304027,385796,684059,317131,399425,699785,0,0,0,0,0,0,0,110143,0,137.23,137.29,137.33
1666,1,0,0,0,93625,93625,93625,3655,3655,3655,591,591,591,0.00,0.00,0.00,0.00,0.00,0.00,0.00,0.00,0.00,0.00,0.00,0.00,0.00,0.00,0.00,0.00,0.00,0.00,0.00,0.00,0.00,202686,358192,571357,211422,370947,587082,0,0,0,0,0,0,0,98999,0,123.42,123.48,123.55
1666,2,0,0,0,93620,93620,93620,3659,3659,3659,591,591,591,0.00,0.00,0.00,0.00,0.00,0.00,0.00,0.00,0.00,0.00,0.00,0.00,0.00,0.00,0.00,0.00,0.00,0.00,0.00,0.00,0.00,432455,643180,988101,448180,656808,1003826,0,0,0,0,0,0,0,100454,0,125.17,125.21,125.28
1666,3,0,0,0,93660,93660,93660,3619,3619,3619,591,591,591,0.00,0.00,0.00,0.00,0.00,0.00,0.00,0.00,0.00,0.00,0.00,0.00,0.00,0.00,0.00,0.00,0.00,0.00,0.00,0.00,0.00,301412,313986,356448,314497,327615,369553,0,0,0,0,0,0,0,112424,0,139.87,139.89,139.92
1667,0,0,0,0,93656,93656,93656,3623,3623,3623,591,591,591,0.00,0.00,0.00,0.00,0.00,0.00,0.00,0.00,0.00,0.00,0.00,0.00,0.00,0.00,0.00,0.00,0.00,0.00,0.00,0.00,0.00,298787,369553,621166,311891,383706,634271,0,0,0,0,0,0,0,110137,0,137.33,137.36,137.40
1667,1,0,0,0,93625,93625,93625,3655,3655,3655,591,591,591,0.00,0.00,0.00,0.00,0.00,0.00,0.00,0.00,0.00,0.00,0.00,0.00,0.00,0.00,0.00,0.00,0.00,0.00,0.00,0.00,0.00,293545,306121,330217,304029,320798,345941,0,0,0,0,0,0,0,99155,0,123.54,123.60,123.66
1667,2,0,0,0,93620,93620,93620,3659,3659,3659,591,591,591,0.00,0.00,0.00,0.00,0.00,0.00,0.00,0.00,0.00,0.00,0.00,0.00,0.00,0.00,0.00,0.00,0.00,0.00,0.00,0.00,0.00,432432,727563,1648543,448157,741192,1661648,0,0,0,0,0,0,0,113096,0,125.15,125.24,125.29
1667,3,0,0,0,93660,93660,93660,3619,3619,3619,591,591,591,0.00,0.00,0.00,0.00,0.00,0.00,0.00,0.00,0.00,0.00,0.00,0.00,0.00,0.00,0.00,0.00,0.00,0.00,0.00,0.00,0.00,301411,321328,390517,314517,335481,406242,0,0,0,0,0,0,0,126414,0,139.95,140.00,140.03
1668,0,0,0,0,93656,93656,93656,3623,3623,3623,591,591,591,0.00,0.00,0.00,0.00,0.00,0.00,0.00,0.00,0.00,0.00,0.00,0.00,0.00,0.00,0.00,0.00,0.00,0.00,0.00,0.00,0.00,301408,497974,1252794,317130,511253,1271141,0,0,0,0,0,0,0,123867,0,137.26,137.32,137.38
1668,1,0,0,0,93625,93625,93625,3655,3655,3655,591,591,591,0.00,0.00,0.00,0.00,0.00,0.00,0.00,0.00,0.00,0.00,0.00,0.00,0.00,0.00,0.00,0.00,0.00,0.00,0.00,0.00,0.00,298789,385801,521565,311894,399430,537291,0,0,0,0,0,0,0,111263,0,123.50,123.57,123.63
1668,2,0,0,0,93620,93620,93620,3659,3659,3659,591,591,591,0.00,0.00,0.00,0.00,0.00,0.00,0.00,0.00,0.00,0.00,0.00,0.00,0.00,0.00,0.00,0.00,0.00,0.00,0.00,0.00,0.00,435066,636363,967135,448170,650516,980240,0,0,0,0,0,0,0,100447,0,125.22,125.27,125.32
1668,3,0,0,0,93660,93660,93660,3619,3619,3619,591,591,591,0.00,0.00,0.00,0.00,0.00,0.00,0.00,0.00,0.00,0.00,0.00,0.00,0.00,0.00,0.00,0.00,0.00,0.00,0.00,0.00,0.00,290927,499550,1019532,304032,513703,1032636,0,0,0,0,0,0,0,112209,0,139.82,139.87,139.93
1669,0,0,0,0,93656,93656,93656,3623,3623,3623,591,591,591,0.00,0.00,0.00,0.00,0.00,0.00,0.00,0.00,0.00,0.00,0.00,0.00,0.00,0.00,0.00,0.00,0.00,0.00,0.00,0.00,0.00,301406,351200,532047,314511,364829,547773,0,0,0,0,0,0,0,82570,0,137.32,137.37,137.44
1669,1,0,0,0,93625,93625,93625,3655,3655,3655,591,591,591,0.00,0.00,0.00,0.00,0.00,0.00,0.00,0.00,0.00,0.00,0.00,0.00,0.00,0.00,0.00,0.00,0.00,0.00,0.00,0.00,0.00,258598,337400,516327,265587,350330,532053,0,0,0,0,0,0,0,74276,0,123.52,123.56,123.58
1669,2,0,0,0,93620,93620,93620,3659,3659,3659,591,591,591,0.00,0.00,0.00,0.00,0.00,0.00,0.00,0.00,0.00,0.00,0.00,0.00,0.00,0.00,0.00,0.00,0.00,0.00,0.00,0.00,0.00,284816,498649,908573,293344,511898,921442,0,0,0,0,0,0,0,100325,0,125.08,125.17,125.24
1669,3,0,0,0,93660,93660,93660,3619,3619,3619,591,591,591,0.00,0.00,0.00,0.00,0.00,0.00,0.00,0.00,0.00,0.00,0.00,0.00,0.00,0.00,0.00,0.00,0.00,0.00,0.00,0.00,0.00,202681,336178,484869,211418,348934,497974,0,0,0,0,0,0,0,84167,0,139.64,139.72,139.80
1670,0,0,0,0,93656,93656,93656,3623,3623,3623,591,591,591,0.00,0.00,0.00,0.00,0.00,0.00,0.00,0.00,0.00,0.00,0.00,0.00,0.00,0.00,0.00,0.00,0.00,0.00,0.00,0.00,0.00,311889,408208,691921,324994,421967,707646,0,0,0,0,0,0,0,110128,0,137.38,137.40,137.41
1670,1,0,0,0,93625,93625,93625,3655,3655,3655,591,591,591,0.00,0.00,0.00,0.00,0.00,0.00,0.00,0.00,0.00,0.00,0.00,0.00,0.00,0.00,0.00,0.00,0.00,0.00,0.00,0.00,0.00,298787,374062,547773,311892,388475,563499,0,0,0,0,0,0,0,98965,0,123.50,123.52,123.53
1670,2,0,0,0,93620,93620,93620,3659,3659,3659,591,591,591,0.00,0.00,0.00,0.00,0.00,0.00,0.00,0.00,0.00,0.00,0.00,0.00,0.00,0.00,0.00,0.00,0.00,0.00,0.00,0.00,0.00,432458,570053,940923,445563,584468,956649,0,0,0,0,0,0,0,75612,0,125.20,125.37,125.55
1670,3,0,0,0,93660,93660,93660,3619,3619,3619,591,591,591,0.00,0.00,0.00,0.00,0.00,0.00,0.00,0.00,0.00,0.00,0.00,0.00,0.00,0.00,0.00,0.00,0.00,0.00,0.00,0.00,0.00,301409,328928,401006,314514,343344,416732,0,0,0,0,0,0,0,112110,0,139.60,139.62,139.63
1671,0,0,0,0,93656,93656,93656,3623,3623,3623,591,591,591,0.00,0.00,0.00,0.00,0.00,0.00,0.00,0.00,0.00,0.00,0.00,0.00,0.00,0.00,0.00,0.00,0.00,0.00,0.00,0.00,0.00,296165,389801,602813,311890,403888,615918,0,0,0,0,0,0,0,110012,0,137.34,137.37,137.39
1671,1,0,0,0,93625,93625,93625,3655,3655,3655,591,591,591,0.00,0.00,0.00,0.00,0.00,0.00,0.00,0.00,0.00,0.00,0.00,0.00,0.00,0.00,0.00,0.00,0.00,0.00,0.00,0.00,0.00,296164,305560,335283,309269,319712,351000,0,0,0,0,0,0,0,99085,0,123.51,123.54,123.55
1671,2,0,0,0,93620,93620,93620,3659,3659,3659,591,591,591,0.00,0.00,0.00,0.00,0.00,0.00,0.00,0.00,0.00,0.00,0.00,0.00,0.00,0.00,0.00,0.00,0.00,0.00,0.00,0.00,0.00,435076,829791,1976198,448181,843420,1989302,0,0,0,0,0,0,0,113366,0,125.57,125.62,125.65
1671,3,0,0,0,93660,93660,93660,3619,3619,3619,591,591,591,0.00,0.00,0.00,0.00,0.00,0.00,0.00,0.00,0.00,0.00,0.00,0.00,0.00,0.00,0.00,0.00,0.00,0.00,0.00,0.00,0.00,304030,448181,1001204,317135,461810,1014309,0,0,0,0,0,0,0,126309,0,139.66,139.69,139.72
1672,0,0,0,0,93656,93656,93656,3623,3623,3623,591,591,591,0.00,0.00,0.00,0.00,0.00,0.00,0.00,0.00,0.00,0.00,0.00,0.00,0.00,0.00,0.00,0.00,0.00,0.00,0.00,0.00,0.00,195676,464251,1205639,204412,477530,1221365,0,0,0,0,0,0,0,123894,0,137.29,137.32,137.34
1672,1,0,0,0,93625,93625,93625,3655,3655,3655,591,591,591,0.00,0.00,0.00,0.00,0.00,0.00,0.00,0.00,0.00,0.00,0.00,0.00,0.00,0.00,0.00,0.00,0.00,0.00,0.00,0.00,0.00,301408,412393,537294,314513,426540,550398,0,0,0,0,0,0,0,98939,0,123.54,123.57,123.59
1672,2,0,0,0,93620,93620,93620,3659,3659,3659,591,591,591,0.00,0.00,0.00,0.00,0.00,0.00,0.00,0.00,0.00,0.00,0.00,0.00,0.00,0.00,0.00,0.00,0.00,0.00,0.00,0.00,0.00,427191,542531,977618,440295,556685,990723,0,0,0,0,0,0,0,100844,0,125.58,125.66,125.73
1672,3,0,0,0,93660,93660,93660,3619,3619,3619,591,591,591,0.00,0.00,0.00,0.00,0.00,0.00,0.00,0.00,0.00,0.00,0.00,0.00,0.00,0.00,0.00,0.00,0.00,0.00,0.00,0.00,0.00,301404,386321,605405,314508,400474,621130,0,0,0,0,0,0,0,112272,0,139.72,139.78,139.86
1673,0,0,0,0,93656,93656,93656,3623,3623,3623,591,591,591,0.00,0.00,0.00,0.00,0.00,0.00,0.00,0.00,0.00,0.00,0.00,0.00,0.00,0.00,0.00,0.00,0.00,0.00,0.00,0.00,0.00,296166,431928,678817,309270,446081,694542,0,0,0,0,0,0,0,110028,0,137.14,137.19,137.22
1673,1,0,0,0,93625,93625,93625,3655,3655,3655,591,591,591,0.00,0.00,0.00,0.00,0.00,0.00,0.00,0.00,0.00,0.00,0.00,0.00,0.00,0.00,0.00,0.00,0.00,0.00,0.00,0.00,0.00,261592,336426,511082,272056,349003,524187,0,0,0,0,0,0,0,98850,0,123.42,123.53,123.62
1673,2,0,0,0,93620,93620,93620,3659,3659,3659,591,591,591,0.00,0.00,0.00,0.00,0.00,0.00,0.00,0.00,0.00,0.00,0.00,0.00,0.00,0.00,0.00,0.00,0.00,0.00,0.00,0.00,0.00,419537,465164,616904,432406,477910,625544,0,0,0,0,0,0,0,100855,0,125.75,125.78,125.81
1673,3,0,0,0,93660,93660,93660,3619,3619,3619,591,591,591,0.00,0.00,0.00,0.00,0.00,0.00,0.00,0.00,0.00,0.00,0.00,0.00,0.00,0.00,0.00,0.00,0.00,0.00,0.00,0.00,0.00,204434,312942,458669,213171,325697,471774,0,0,0,0,0,0,0,112150,0,139.68,139.76,139.87
1674,0,0,0,0,93656,93656,93656,3623,3623,3623,591,591,591,0.00,0.00,0.00,0.00,0.00,0.00,0.00,0.00,0.00,0.00,0.00,0.00,0.00,0.00,0.00,0.00,0.00,0.00,0.00,0.00,0.00,301407,370074,621169,314513,383702,634273,0,0,0,0,0,0,0,109982,0,137.13,137.18,137.24
1674,1,0,0,0,93625,93625,93625,3655,3655,3655,591,591,591,0.00,0.00,0.00,0.00,0.00,0.00,0.00,0.00,0.00,0.00,0.00,0.00,0.00,0.00,0.00,0.00,0.00,0.00,0.00,0.00,0.00,296743,408168,602815,309758,422316,615920,0,0,0,0,0,0,0,98957,0,123.35,123.43,123.52
1674,2,0,0,0,93620,93620,93620,3659,3659,3659,591,591,591,0.00,0.00,0.00,0.00,0.00,0.00,0.00,0.00,0.00,0.00,0.00,0.00,0.00,0.00,0.00,0.00,0.00,0.00,0.00,0.00,0.00,432431,544626,935678,445535,558778,948782,0,0,0,0,0,0,0,113332,0,125.63,125.66,125.71
1674,3,0,0,0,93660,93660,93660,3619,3619,3619,591,591,591,0.00,0.00,0.00,0.00,0.00,0.00,0.00,0.00,0.00,0.00,0.00,0.00,0.00,0.00,0.00,0.00,0.00,0.00,0.00,0.00,0.00,301405,327090,419335,314514,341243,435061,0,0,0,0,0,0,0,112264,0,139.65,139.73,139.76
1675,0,0,0,0,93656,93656,93656,3623,3623,3623,591,591,591,0.00,0.00,0.00,0.00,0.00,0.00,0.00,0.00,0.00,0.00,0.00,0.00,0.00,0.00,0.00,0.00,0.00,0.00,0.00,0.00,0.00,193920,311034,471772,204402,324101,484877,0,0,0,0,0,0,0,110168,0,137.27,137.33,137.41
1675,1,0,0,0,93625,93625,93625,3655,3655,3655,591,591,591,0.00,0.00,0.00,0.00,0.00,0.00,0.00,0.00,0.00,0.00,0.00,0.00,0.00,0.00,0.00,0.00,0.00,0.00,0.00,0.00,0.00,291460,363812,547391,307074,377430,560550,0,0,0,0,0,0,0,111239,0,123.55,123.57,123.60
1675,2,0,0,0,93620,93620,93620,3659,3659,3659,591,591,591,0.00,0.00,0.00,0.00,0.00,0.00,0.00,0.00,0.00,0.00,0.00,0.00,0.00,0.00,0.00,0.00,0.00,0.00,0.00,0.00,0.00,429827,805678,1821563,445553,819831,1837289,0,0,0,0,0,0,0,100721,0,125.54,125.61,125.69
1675,3,0,0,0,93660,93660,93660,3619,3619,3619,591,591,591,0.00,0.00,0.00,0.00,0.00,0.00,0.00,0.00,0.00,0.00,0.00,0.00,0.00,0.00,0.00,0.00,0.00,0.00,0.00,0.00,0.00,309275,541488,838710,325001,555641,851815,0,0,0,0,0,0,0,112119,0,139.81,139.85,139.89
1676,0,0,0,0,93656,93656,93656,3623,3623,3623,591,591,591,0.00,0.00,0.00,0.00,0.00,0.00,0.00,0.00,0.00,0.00,0.00,0.00,0.00,0.00,0.00,0.00,0.00,0.00,0.00,0.00,0.00,301405,535186,1208247,311889,548814,1223972,0,0,0,0,0,0,0,82540,0,137.25,137.32,137.39
1676,1,0,0,0,93625,93625,93625,3655,3655,3655,591,591,591,0.00,0.00,0.00,0.00,0.00,0.00,0.00,0.00,0.00,0.00,0.00,0.00,0.00,0.00,0.00,0.00,0.00,0.00,0.00,0.00,0.00,297924,397780,581846,310991,411903,594950,0,0,0,0,0,0,0,74163,0,123.46,123.49,123.51
1676,2,0,0,0,93620,93620,93620,3659,3659,3659,591,591,591,0.00,0.00,0.00,0.00,0.00,0.00,0.00,0.00,0.00,0.00,0.00,0.00,0.00,0.00,0.00,0.00,0.00,0.00,0.00,0.00,0.00,432455,550397,1001202,442939,564025,1016927,0,0,0,0,0,0,0,100741,0,125.50,125.55,125.59
1676,3,0,0,0,93660,93660,93660,3619,3619,3619,591,591,591,0.00,0.00,0.00,0.00,0.00,0.00,0.00,0.00,0.00,0.00,0.00,0.00,0.00,0.00,0.00,0.00,0.00,0.00,0.00,0.00,0.00,298772,345410,492642,311876,358994,508365,0,0,0,0,0,0,0,84300,0,139.84,139.91,140.02
1677,0,0,0,0,93656,93656,93656,3623,3623,3623,591,591,591,0.00,0.00,0.00,0.00,0.00,0.00,0.00,0.00,0.00,0.00,0.00,0.00,0.00,0.00,0.00,0.00,0.00,0.00,0.00,0.00,0.00,298786,404278,699792,311890,418038,710276,0,0,0,0,0,0,0,110081,0,137.28,137.33,137.36
1677,1,0,0,0,93625,93625,93625,3655,3655,3655,591,591,591,0.00,0.00,0.00,0.00,0.00,0.00,0.00,0.00,0.00,0.00,0.00,0.00,0.00,0.00,0.00,0.00,0.00,0.00,0.00,0.00,0.00,207921,360594,532049,218404,373044,545154,0,0,0,0,0,0,0,99049,0,123.50,123.57,123.60
1677,2,0,0,0,93620,93620,93620,3659,3659,3659,591,591,591,0.00,0.00,0.00,0.00,0.00,0.00,0.00,0.00,0.00,0.00,0.00,0.00,0.00,0.00,0.00,0.00,0.00,0.00,0.00,0.00,0.00,285643,501893,872736,294299,515196,888461,0,0,0,0,0,0,0,75660,0,125.54,125.61,125.67
1677,3,0,0,0,93660,93660,93660,3619,3619,3619,591,591,591,0.00,0.00,0.00,0.00,0.00,0.00,0.00,0.00,0.00,0.00,0.00,0.00,0.00,0.00,0.00,0.00,0.00,0.00,0.00,0.00,0.00,202686,295730,361693,213170,308835,377419,0,0,0,0,0,0,0,112511,0,140.08,140.11,140.15
1678,0,0,0,0,93656,93656,93656,3623,3623,3623,591,591,591,0.00,0.00,0.00,0.00,0.00,0.00,0.00,0.00,0.00,0.00,0.00,0.00,0.00,0.00,0.00,0.00,0.00,0.00,0.00,0.00,0.00,296164,362736,587089,311889,376889,600194,0,0,0,0,0,0,0,110146,0,137.22,137.33,137.44
1678,1,0,0,0,93625,93625,93625,3655,3655,3655,591,591,591,0.00,0.00,0.00,0.00,0.00,0.00,0.00,0.00,0.00,0.00,0.00,0.00,0.00,0.00,0.00,0.00,0.00,0.00,0.00,0.00,0.00,296168,365863,618446,309273,380016,634169,0,0,0,0,0,0,0,98936,0,123.41,123.50,123.60
1678,2,0,0,0,93620,93620,93620,3659,3659,3659,591,591,591,0.00,0.00,0.00,0.00,0.00,0.00,0.00,0.00,0.00,0.00,0.00,0.00,0.00,0.00,0.00,0.00,0.00,0.00,0.00,0.00,0.00,424592,840793,1936852,440318,854422,1952577,0,0,0,0,0,0,0,113490,0,125.69,125.74,125.77
1678,3,0,0,0,93660,93660,93660,3619,3619,3619,591,591,591,0.00,0.00,0.00,0.00,0.00,0.00,0.00,0.00,0.00,0.00,0.00,0.00,0.00,0.00,0.00,0.00,0.00,0.00,0.00,0.00,0.00,301408,329190,427209,314517,343343,440314,0,0,0,0,0,0,0,126466,0,140.04,140.06,140.09
1679,0,0,0,0,93656,93656,93656,3623,3623,3623,591,591,591,0.00,0.00,0.00,0.00,0.00,0.00,0.00,0.00,0.00,0.00,0.00,0.00,0.00,0.00,0.00,0.00,0.00,0.00,0.00,0.00,0.00,193947,315154,479607,204431,328218,495331,0,0,0,0,0,0,0,123680,0,137.15,137.27,137.37
1679,1,0,0,0,93625,93625,93625,3655,3655,3655,591,591,591,0.00,0.00,0.00,0.00,0.00,0.00,0.00,0.00,0.00,0.00,0.00,0.00,0.00,0.00,0.00,0.00,0.00,0.00,0.00,0.00,0.00,293545,381505,529429,306650,395131,545155,0,0,0,0,0,0,0,111222,0,123.39,123.41,123.42
1679,2,0,0,0,93620,93620,93620,3659,3659,3659,591,591,591,0.00,0.00,0.00,0.00,0.00,0.00,0.00,0.00,0.00,0.00,0.00,0.00,0.00,0.00,0.00,0.00,0.00,0.00,0.00,0.00,0.00,429833,514748,841324,442938,528377,854428,0,0,0,0,0,0,0,100898,0,125.78,125.80,125.81
1679,3,0,0,0,93660,93660,93660,3619,3619,3619,591,591,591,0.00,0.00,0.00,0.00,0.00,0.00,0.00,0.00,0.00,0.00,0.00,0.00,0.00,0.00,0.00,0.00,0.00,0.00,0.00,0.00,0.00,298790,538859,867524,311895,552488,883249,0,0,0,0,0,0,0,112146,0,139.92,139.99,140.06
1680,0,0,0,0,93656,93656,93656,3623,3623,3623,591,591,591,0.00,0.00,0.00,0.00,0.00,0.00,0.00,0.00,0.00,0.00,0.00,0.00,0.00,0.00,0.00,0.00,0.00,0.00,0.00,0.00,0.00,298786,534143,1171551,311891,548296,1184655,0,0,0,0,0,0,0,109907,0,137.10,137.14,137.16
1680,1,0,0,0,93625,93625,93625,3655,3655,3655,591,591,591,0.00,0.00,0.00,0.00,0.00,0.00,0.00,0.00,0.00,0.00,0.00,0.00,0.00,0.00,0.00,0.00,0.00,0.00,0.00,0.00,0.00,298786,347237,496250,311891,361257,511519,0,0,0,0,0,0,0,98982,0,123.39,123.42,123.46
1680,2,0,0,0,93620,93620,93620,3659,3659,3659,591,591,591,0.00,0.00,0.00,0.00,0.00,0.00,0.00,0.00,0.00,0.00,0.00,0.00,0.00,0.00,0.00,0.00,0.00,0.00,0.00,0.00,0.00,429836,640036,1030037,442941,654189,1045763,0,0,0,0,0,0,0,100965,0,125.76,125.78,125.81
1680,3,0,0,0,93660,93660,93660,3619,3619,3619,591,591,591,0.00,0.00,0.00,0.00,0.00,0.00,0.00,0.00,0.00,0.00,0.00,0.00,0.00,0.00,0.00,0.00,0.00,0.00,0.00,0.00,0.00,301409,344345,500362,317134,358444,510573,0,0,0,0,0,0,0,112365,0,139.83,139.86,139.88
1682,0,0,0,0,93656,93656,93656,3623,3623,3623,591,591,591,0.00,0.00,0.00,0.00,0.00,0.00,0.00,0.00,0.00,0.00,0.00,0.00,0.00,0.00,0.00,0.00,0.00,0.00,0.00,0.00,0.00,298785,389469,697168,311891,403098,712894,0,0,0,0,0,0,0,247419,0,137.12,137.16,137.21
1682,1,0,0,0,93625,93625,93625,3655,3655,3655,591,591,591,0.00,0.00,0.00,0.00,0.00,0.00,0.00,0.00,0.00,0.00,0.00,0.00,0.00,0.00,0.00,0.00,0.00,0.00,0.00,0.00,0.00,213169,323246,529424,223653,336612,542529,0,0,0,0,0,0,0,222676,0,123.38,123.43,123.48
1682,2,0,0,0,93620,93620,93620,3659,3659,3659,591,591,591,0.00,0.00,0.00,0.00,0.00,0.00,0.00,0.00,0.00,0.00,0.00,0.00,0.00,0.00,0.00,0.00,0.00,0.00,0.00,0.00,0.00,287037,661659,1847770,297412,675277,1863496,0,0,0,0,0,0,0,239382,0,125.56,125.67,125.81
1682,3,0,0,0,93660,93660,93660,3619,3619,3619,591,591,591,0.00,0.00,0.00,0.00,0.00,0.00,0.00,0.00,0.00,0.00,0.00,0.00,0.00,0.00,0.00,0.00,0.00,0.00,0.00,0.00,0.00,202688,377764,985482,211424,391218,998587,0,0,0,0,0,0,0,266855,0,139.86,139.97,140.07
1683,0,0,0,0,93656,93656,93656,3623,3623,3623,591,591,591,0.00,0.00,0.00,0.00,0.00,0.00,0.00,0.00,0.00,0.00,0.00,0.00,0.00,0.00,0.00,0.00,0.00,0.00,0.00,0.00,0.00,197447,467223,1226588,206107,480487,1239692,0,0,0,0,0,0,0,123895,0,137.18,137.19,137.24
1683,1,0,0,0,93625,93625,93625,3655,3655,3655,591,591,591,0.00,0.00,0.00,0.00,0.00,0.00,0.00,0.00,0.00,0.00,0.00,0.00,0.00,0.00,0.00,0.00,0.00,0.00,0.00,0.00,0.00,301407,388420,534666,314512,402574,550392,0,0,0,0,0,0,0,98750,0,123.38,123.46,123.52
1683,2,0,0,0,93620,93620,93620,3659,3659,3659,591,591,591,0.00,0.00,0.00,0.00,0.00,0.00,0.00,0.00,0.00,0.00,0.00,0.00,0.00,0.00,0.00,0.00,0.00,0.00,0.00,0.00,0.00,421972,540436,954007,435077,554065,967112,0,0,0,0,0,0,0,100776,0,125.64,125.66,125.68
1683,3,0,0,0,93660,93660,93660,3619,3619,3619,591,591,591,0.00,0.00,0.00,0.00,0.00,0.00,0.00,0.00,0.00,0.00,0.00,0.00,0.00,0.00,0.00,0.00,0.00,0.00,0.00,0.00,0.00,301410,403101,610674,314515,416730,623779,0,0,0,0,0,0,0,84201,0,139.79,139.88,139.94
1684,0,0,0,0,93656,93656,93656,3623,3623,3623,591,591,591,0.00,0.00,0.00,0.00,0.00,0.00,0.00,0.00,0.00,0.00,0.00,0.00,0.00,0.00,0.00,0.00,0.00,0.00,0.00,0.00,0.00,296167,366267,550365,311892,380026,563469,0,0,0,0,0,0,0,82423,0,137.19,137.23,137.29
1684,1,0,0,0,93625,93625,93625,3655,3655,3655,591,591,591,0.00,0.00,0.00,0.00,0.00,0.00,0.00,0.00,0.00,0.00,0.00,0.00,0.00,0.00,0.00,0.00,0.00,0.00,0.00,0.00,0.00,298786,373685,511082,311891,388013,524186,0,0,0,0,0,0,0,74211,0,123.37,123.41,123.48
1684,2,0,0,0,93620,93620,93620,3659,3659,3659,591,591,591,0.00,0.00,0.00,0.00,0.00,0.00,0.00,0.00,0.00,0.00,0.00,0.00,0.00,0.00,0.00,0.00,0.00,0.00,0.00,0.00,0.00,427210,554316,898938,440314,568075,914663,0,0,0,0,0,0,0,75762,0,125.64,125.70,125.80
1684,3,0,0,0,93660,93660,93660,3619,3619,3619,591,591,591,0.00,0.00,0.00,0.00,0.00,0.00,0.00,0.00,0.00,0.00,0.00,0.00,0.00,0.00,0.00,0.00,0.00,0.00,0.00,0.00,0.00,298775,326940,374798,314500,341354,387902,0,0,0,0,0,0,0,112482,0,139.87,139.91,139.94
1685,0,0,0,0,93656,93656,93656,3623,3623,3623,591,591,591,0.00,0.00,0.00,0.00,0.00,0.00,0.00,0.00,0.00,0.00,0.00,0.00,0.00,0.00,0.00,0.00,0.00,0.00,0.00,0.00,0.00,311891,445034,647370,324996,459187,663096,0,0,0,0,0,0,0,109929,0,137.09,137.13,137.18
1685,1,0,0,0,93625,93625,93625,3655,3655,3655,591,591,591,0.00,0.00,0.00,0.00,0.00,0.00,0.00,0.00,0.00,0.00,0.00,0.00,0.00,0.00,0.00,0.00,0.00,0.00,0.00,0.00,0.00,199190,338618,560845,209673,351199,571328,0,0,0,0,0,0,0,99014,0,123.55,123.58,123.62
1685,2,0,0,0,93620,93620,93620,3659,3659,3659,591,591,591,0.00,0.00,0.00,0.00,0.00,0.00,0.00,0.00,0.00,0.00,0.00,0.00,0.00,0.00,0.00,0.00,0.00,0.00,0.00,0.00,0.00,277806,510016,943353,286328,523253,956455,0,0,0,0,0,0,0,101158,0,125.88,126.02,126.11
1685,3,0,0,0,93660,93660,93660,3619,3619,3619,591,591,591,0.00,0.00,0.00,0.00,0.00,0.00,0.00,0.00,0.00,0.00,0.00,0.00,0.00,0.00,0.00,0.00,0.00,0.00,0.00,0.00,0.00,200941,304379,416730,209678,317658,429835,0,0,0,0,0,0,0,112320,0,139.92,139.97,140.02
1686,0,0,0,0,93656,93656,93656,3623,3623,3623,591,591,591,0.00,0.00,0.00,0.00,0.00,0.00,0.00,0.00,0.00,0.00,0.00,0.00,0.00,0.00,0.00,0.00,0.00,0.00,0.00,0.00,0.00,296166,329186,450801,309253,342814,466527,0,0,0,0,0,0,0,109890,0,137.09,137.13,137.18
1686,1,0,0,0,93625,93625,93625,3655,3655,3655,591,591,591,0.00,0.00,0.00,0.00,0.00,0.00,0.00,0.00,0.00,0.00,0.00,0.00,0.00,0.00,0.00,0.00,0.00,0.00,0.00,0.00,0.00,298703,407254,615927,314424,421406,629032,0,0,0,0,0,0,0,111349,0,123.44,123.47,123.51
1686,2,0,0,0,93620,93620,93620,3659,3659,3659,591,591,591,0.00,0.00,0.00,0.00,0.00,0.00,0.00,0.00,0.00,0.00,0.00,0.00,0.00,0.00,0.00,0.00,0.00,0.00,0.00,0.00,0.00,432455,820882,1947373,448181,835035,1960478,0,0,0,0,0,0,0,101125,0,125.99,126.02,126.05
1686,3,0,0,0,93660,93660,93660,3619,3619,3619,591,591,591,0.00,0.00,0.00,0.00,0.00,0.00,0.00,0.00,0.00,0.00,0.00,0.00,0.00,0.00,0.00,0.00,0.00,0.00,0.00,0.00,0.00,301409,536771,849189,314514,550400,864915,0,0,0,0,0,0,0,126159,0,139.72,139.81,139.89
1687,0,0,0,0,93656,93656,93656,3623,3623,3623,591,591,591,0.00,0.00,0.00,0.00,0.00,0.00,0.00,0.00,0.00,0.00,0.00,0.00,0.00,0.00,0.00,0.00,0.00,0.00,0.00,0.00,0.00,199192,519468,1189910,209675,533096,1203014,0,0,0,0,0,0,0,123752,0,137.14,137.19,137.24
1687,1,0,0,0,93625,93625,93625,3655,3655,3655,591,591,591,0.00,0.00,0.00,0.00,0.00,0.00,0.00,0.00,0.00,0.00,0.00,0.00,0.00,0.00,0.00,0.00,0.00,0.00,0.00,0.00,0.00,301271,345921,424669,314369,359548,440398,0,0,0,0,0,0,0,98864,0,123.47,123.55,123.62
1687,2,0,0,0,93620,93620,93620,3659,3659,3659,591,591,591,0.00,0.00,0.00,0.00,0.00,0.00,0.00,0.00,0.00,0.00,0.00,0.00,0.00,0.00,0.00,0.00,0.00,0.00,0.00,0.00,0.00,427188,539384,969747,440292,553013,985473,0,0,0,0,0,0,0,100785,0,125.68,125.83,126.00
1687,3,0,0,0,93660,93660,93660,3619,3619,3619,591,591,591,0.00,0.00,0.00,0.00,0.00,0.00,0.00,0.00,0.00,0.00,0.00,0.00,0.00,0.00,0.00,0.00,0.00,0.00,0.00,0.00,0.00,299142,342364,497983,314615,356466,511087,0,0,0,0,0,0,0,112274,0,139.75,139.86,139.97
1688,0,0,0,0,93656,93656,93656,3623,3623,3623,591,591,591,0.00,0.00,0.00,0.00,0.00,0.00,0.00,0.00,0.00,0.00,0.00,0.00,0.00,0.00,0.00,0.00,0.00,0.00,0.00,0.00,0.00,290925,374268,649991,301409,387897,665717,0,0,0,0,0,0,0,109931,0,137.17,137.18,137.22
1688,1,0,0,0,93625,93625,93625,3655,3655,3655,591,591,591,0.00,0.00,0.00,0.00,0.00,0.00,0.00,0.00,0.00,0.00,0.00,0.00,0.00,0.00,0.00,0.00,0.00,0.00,0.00,0.00,0.00,304029,404686,537286,319754,418839,553011,0,0,0,0,0,0,0,99037,0,123.38,123.44,123.53
1688,2,0,0,0,93620,93620,93620,3659,3659,3659,591,591,591,0.00,0.00,0.00,0.00,0.00,0.00,0.00,0.00,0.00,0.00,0.00,0.00,0.00,0.00,0.00,0.00,0.00,0.00,0.00,0.00,0.00,429837,515277,843942,442942,529431,857047,0,0,0,0,0,0,0,100741,0,125.61,125.63,125.65
1688,3,0,0,0,93660,93660,93660,3619,3619,3619,591,591,591,0.00,0.00,0.00,0.00,0.00,0.00,0.00,0.00,0.00,0.00,0.00,0.00,0.00,0.00,0.00,0.00,0.00,0.00,0.00,0.00,0.00,298789,313989,361693,311893,327618,377418,0,0,0,0,0,0,0,112371,0,139.85,139.87,139.90
1689,0,0,0,0,93656,93656,93656,3623,3623,3623,591,591,591,0.00,0.00,0.00,0.00,0.00,0.00,0.00,0.00,0.00,0.00,0.00,0.00,0.00,0.00,0.00,0.00,0.00,0.00,0.00,0.00,0.00,293541,362208,597576,309267,376361,610681,0,0,0,0,0,0,0,109964,0,137.12,137.16,137.18
1689,1,0,0,0,93625,93625,93625,3655,3655,3655,591,591,591,0.00,0.00,0.00,0.00,0.00,0.00,0.00,0.00,0.00,0.00,0.00,0.00,0.00,0.00,0.00,0.00,0.00,0.00,0.00,0.00,0.00,296166,310842,327615,311892,324471,340720,0,0,0,0,0,0,0,99031,0,123.54,123.58,123.61
1689,2,0,0,0,93620,93620,93620,3659,3659,3659,591,591,591,0.00,0.00,0.00,0.00,0.00,0.00,0.00,0.00,0.00,0.00,0.00,0.00,0.00,0.00,0.00,0.00,0.00,0.00,0.00,0.00,0.00,428625,555374,948785,438953,568971,964511,0,0,0,0,0,0,0,113443,0,125.62,125.68,125.71
1689,3,0,0,0,93660,93660,93660,3619,3619,3619,591,591,591,0.00,0.00,0.00,0.00,0.00,0.00,0.00,0.00,0.00,0.00,0.00,0.00,0.00,0.00,0.00,0.00,0.00,0.00,0.00,0.00,0.00,301410,323421,408862,314515,337573,421966,0,0,0,0,0,0,0,112230,0,139.77,139.81,139.87
1690,0,0,0,0,93656,93656,93656,3623,3623,3623,591,591,591,0.00,0.00,0.00,0.00,0.00,0.00,0.00,0.00,0.00,0.00,0.00,0.00,0.00,0.00,0.00,0.00,0.00,0.00,0.00,0.00,0.00,296165,338101,495357,306649,351729,511082,0,0,0,0,0,0,0,123750,0,137.23,137.28,137.31
1690,1,0,0,0,93625,93625,93625,3655,3655,3655,591,591,591,0.00,0.00,0.00,0.00,0.00,0.00,0.00,0.00,0.00,0.00,0.00,0.00,0.00,0.00,0.00,0.00,0.00,0.00,0.00,0.00,0.00,154634,333382,518947,170360,347536,534673,0,0,0,0,0,0,0,111188,0,123.44,123.52,123.58
1690,2,0,0,0,93620,93620,93620,3659,3659,3659,591,591,591,0.00,0.00,0.00,0.00,0.00,0.00,0.00,0.00,0.00,0.00,0.00,0.00,0.00,0.00,0.00,0.00,0.00,0.00,0.00,0.00,0.00,429834,719186,1389109,445559,732815,1402214,0,0,0,0,0,0,0,100600,0,125.49,125.59,125.71
1690,3,0,0,0,93660,93660,93660,3619,3619,3619,591,591,591,0.00,0.00,0.00,0.00,0.00,0.00,0.00,0.00,0.00,0.00,0.00,0.00,0.00,0.00,0.00,0.00,0.00,0.00,0.00,0.00,0.00,60280,442941,948785,73385,456045,961889,0,0,0,0,0,0,0,112250,0,139.83,139.85,139.90
1691,0,0,0,0,93656,93656,93656,3623,3623,3623,591,591,591,0.00,0.00,0.00,0.00,0.00,0.00,0.00,0.00,0.00,0.00,0.00,0.00,0.00,0.00,0.00,0.00,0.00,0.00,0.00,0.00,0.00,256849,484866,1037897,269954,498495,1051002,0,0,0,0,0,0,0,82461,0,137.19,137.24,137.29
1691,1,0,0,0,93625,93625,93625,3655,3655,3655,591,591,591,0.00,0.00,0.00,0.00,0.00,0.00,0.00,0.00,0.00,0.00,0.00,0.00,0.00,0.00,0.00,0.00,0.00,0.00,0.00,0.00,0.00,262096,337052,500601,275201,350681,513705,0,0,0,0,0,0,0,74261,0,123.40,123.44,123.51
1691,2,0,0,0,93620,93620,93620,3659,3659,3659,591,591,591,0.00,0.00,0.00,0.00,0.00,0.00,0.00,0.00,0.00,0.00,0.00,0.00,0.00,0.00,0.00,0.00,0.00,0.00,0.00,0.00,0.00,427214,539913,969750,442932,554066,982855,0,0,0,0,0,0,0,100773,0,125.42,125.49,125.56
1691,3,0,0,0,93660,93660,93660,3619,3619,3619,591,591,591,0.00,0.00,0.00,0.00,0.00,0.00,0.00,0.00,0.00,0.00,0.00,0.00,0.00,0.00,0.00,0.00,0.00,0.00,0.00,0.00,0.00,301411,330765,429838,317137,344918,442943,0,0,0,0,0,0,0,84307,0,139.87,139.96,140.02
1692,0,0,0,0,93656,93656,93656,3623,3623,3623,591,591,591,0.00,0.00,0.00,0.00,0.00,0.00,0.00,0.00,0.00,0.00,0.00,0.00,0.00,0.00,0.00,0.00,0.00,0.00,0.00,0.00,0.00,304025,384228,686685,317129,398380,697169,0,0,0,0,0,0,0,110074,0,137.17,137.18,137.21
1692,1,0,0,0,93625,93625,93625,3655,3655,3655,591,591,591,0.00,0.00,0.00,0.00,0.00,0.00,0.00,0.00,0.00,0.00,0.00,0.00,0.00,0.00,0.00,0.00,0.00,0.00,0.00,0.00,0.00,296600,375967,575060,311810,389542,588623,0,0,0,0,0,0,0,98879,0,123.42,123.47,123.54
1692,2,0,0,0,93620,93620,93620,3659,3659,3659,591,591,591,0.00,0.00,0.00,0.00,0.00,0.00,0.00,0.00,0.00,0.00,0.00,0.00,0.00,0.00,0.00,0.00,0.00,0.00,0.00,0.00,0.00,429837,633733,946151,442942,647886,961876,0,0,0,0,0,0,0,75532,0,125.51,125.56,125.61
1692,3,0,0,0,93660,93660,93660,3619,3619,3619,591,591,591,0.00,0.00,0.00,0.00,0.00,0.00,0.00,0.00,0.00,0.00,0.00,0.00,0.00,0.00,0.00,0.00,0.00,0.00,0.00,0.00,0.00,298772,310317,353826,311876,324470,369551,0,0,0,0,0,0,0,112301,0,139.88,139.97,140.05
1693,0,0,0,0,93656,93656,93656,3623,3623,3623,591,591,591,0.00,0.00,0.00,0.00,0.00,0.00,0.00,0.00,0.00,0.00,0.00,0.00,0.00,0.00,0.00,0.00,0.00,0.00,0.00,0.00,0.00,296165,364310,592333,309270,377938,608059,0,0,0,0,0,0,0,110117,0,137.22,137.28,137.35
1693,1,0,0,0,93625,93625,93625,3655,3655,3655,591,591,591,0.00,0.00,0.00,0.00,0.00,0.00,0.00,0.00,0.00,0.00,0.00,0.00,0.00,0.00,0.00,0.00,0.00,0.00,0.00,0.00,0.00,293545,364309,615922,309271,378462,631648,0,0,0,0,0,0,0,98805,0,123.35,123.38,123.41
1693,2,0,0,0,93620,93620,93620,3659,3659,3659,591,591,591,0.00,0.00,0.00,0.00,0.00,0.00,0.00,0.00,0.00,0.00,0.00,0.00,0.00,0.00,0.00,0.00,0.00,0.00,0.00,0.00,0.00,419980,727179,1905429,432863,740764,1918534,0,0,0,0,0,0,0,113381,0,125.48,125.53,125.56
1693,3,0,0,0,93660,93660,93660,3619,3619,3619,591,591,591,0.00,0.00,0.00,0.00,0.00,0.00,0.00,0.00,0.00,0.00,0.00,0.00,0.00,0.00,0.00,0.00,0.00,0.00,0.00,0.00,0.00,301412,387376,618548,317130,401005,631653,0,0,0,0,0,0,0,126288,0,139.94,139.97,139.99
1694,0,0,0,0,93656,93656,93656,3623,3623,3623,591,591,591,0.00,0.00,0.00,0.00,0.00,0.00,0.00,0.00,0.00,0.00,0.00,0.00,0.00,0.00,0.00,0.00,0.00,0.00,0.00,0.00,0.00,296147,523657,1226583,309274,537809,1242308,0,0,0,0,0,0,0,123740,0,137.18,137.24,137.30
1694,1,0,0,0,93625,93625,93625,3655,3655,3655,591,591,591,0.00,0.00,0.00,0.00,0.00,0.00,0.00,0.00,0.00,0.00,0.00,0.00,0.00,0.00,0.00,0.00,0.00,0.00,0.00,0.00,0.00,298785,382655,508464,311890,396808,524189,0,0,0,0,0,0,0,111088,0,123.29,123.34,123.41
1694,2,0,0,0,93620,93620,93620,3659,3659,3659,591,591,591,0.00,0.00,0.00,0.00,0.00,0.00,0.00,0.00,0.00,0.00,0.00,0.00,0.00,0.00,0.00,0.00,0.00,0.00,0.00,0.00,0.00,429808,638456,977608,445533,652608,990712,0,0,0,0,0,0,0,100743,0,125.54,125.57,125.60
1694,3,0,0,0,93660,93660,93660,3619,3619,3619,591,591,591,0.00,0.00,0.00,0.00,0.00,0.00,0.00,0.00,0.00,0.00,0.00,0.00,0.00,0.00,0.00,0.00,0.00,0.00,0.00,0.00,0.00,298786,469147,867539,311891,482775,883265,0,0,0,0,0,0,0,112304,0,139.91,139.93,139.96
1695,0,0,0,0,93656,93656,93656,3623,3623,3623,591,591,591,0.00,0.00,0.00,0.00,0.00,0.00,0.00,0.00,0.00,0.00,0.00,0.00,0.00,0.00,0.00,0.00,0.00,0.00,0.00,0.00,0.00,301407,355397,558255,314512,369026,573981,0,0,0,0,0,0,0,110064,0,137.22,137.25,137.32
1695,1,0,0,0,93625,93625,93625,3655,3655,3655,591,591,591,0.00,0.00,0.00,0.00,0.00,0.00,0.00,0.00,0.00,0.00,0.00,0.00,0.00,0.00,0.00,0.00,0.00,0.00,0.00,0.00,0.00,296151,354870,477008,311876,368499,487492,0,0,0,0,0,0,0,98754,0,123.17,123.21,123.24
1695,2,0,0,0,93620,93620,93620,3659,3659,3659,591,591,591,0.00,0.00,0.00,0.00,0.00,0.00,0.00,0.00,0.00,0.00,0.00,0.00,0.00,0.00,0.00,0.00,0.00,0.00,0.00,0.00,0.00,432454,526809,859668,448180,540962,875394,0,0,0,0,0,0,0,100716,0,125.46,125.48,125.50
1695,3,0,0,0,93660,93660,93660,3619,3619,3619,591,591,591,0.00,0.00,0.00,0.00,0.00,0.00,0.00,0.00,0.00,0.00,0.00,0.00,0.00,0.00,0.00,0.00,0.00,0.00,0.00,0.00,0.00,200940,330590,461286,211424,344219,479632,0,0,0,0,0,0,0,112355,0,139.88,139.92,139.94
1696,0,0,0,0,93656,93656,93656,3623,3623,3623,591,591,591,0.00,0.00,0.00,0.00,0.00,0.00,0.00,0.00,0.00,0.00,0.00,0.00,0.00,0.00,0.00,0.00,0.00,0.00,0.00,0.00,0.00,309253,445030,686687,322357,459183,702412,0,0,0,0,0,0,0,110063,0,137.35,137.44,137.47
1696,1,0,0,0,93625,93625,93625,3655,3655,3655,591,591,591,0.00,0.00,0.00,0.00,0.00,0.00,0.00,0.00,0.00,0.00,0.00,0.00,0.00,0.00,0.00,0.00,0.00,0.00,0.00,0.00,0.00,204409,317469,481340,213144,330674,494074,0,0,0,0,0,0,0,98865,0,123.26,123.36,123.43
1696,2,0,0,0,93620,93620,93620,3659,3659,3659,591,591,591,0.00,0.00,0.00,0.00,0.00,0.00,0.00,0.00,0.00,0.00,0.00,0.00,0.00,0.00,0.00,0.00,0.00,0.00,0.00,0.00,0.00,312762,508005,891126,321499,521229,904231,0,0,0,0,0,0,0,100896,0,125.42,125.48,125.56
1696,3,0,0,0,93660,93660,93660,3619,3619,3619,591,591,591,0.00,0.00,0.00,0.00,0.00,0.00,0.00,0.00,0.00,0.00,0.00,0.00,0.00,0.00,0.00,0.00,0.00,0.00,0.00,0.00,0.00,301404,330235,421974,317129,344388,437700,0,0,0,0,0,0,0,112560,0,139.86,140.02,140.13
1697,0,0,0,0,93656,93656,93656,3623,3623,3623,591,591,591,0.00,0.00,0.00,0.00,0.00,0.00,0.00,0.00,0.00,0.00,0.00,0.00,0.00,0.00,0.00,0.00,0.00,0.00,0.00,0.00,0.00,293545,332858,469150,309271,347011,482254,0,0,0,0,0,0,0,109972,0,137.19,137.21,137.27
1697,1,0,0,0,93625,93625,93625,3655,3655,3655,591,591,591,0.00,0.00,0.00,0.00,0.00,0.00,0.00,0.00,0.00,0.00,0.00,0.00,0.00,0.00,0.00,0.00,0.00,0.00,0.00,0.00,0.00,301387,407287,594947,317112,421440,608052,0,0,0,0,0,0,0,111149,0,123.31,123.32,123.35
1697,2,0,0,0,93620,93620,93620,3659,3659,3659,591,591,591,0.00,0.00,0.00,0.00,0.00,0.00,0.00,0.00,0.00,0.00,0.00,0.00,0.00,0.00,0.00,0.00,0.00,0.00,0.00,0.00,0.00,429835,819681,1510665,445561,833342,1524890,0,0,0,0,0,0,0,100718,0,125.50,125.55,125.58
1697,3,0,0,0,93660,93660,93660,3619,3619,3619,591,591,591,0.00,0.00,0.00,0.00,0.00,0.00,0.00,0.00,0.00,0.00,0.00,0.00,0.00,0.00,0.00,0.00,0.00,0.00,0.00,0.00,0.00,304026,536771,830846,317131,550400,843951,0,0,0,0,0,0,0,126443,0,140.14,140.16,140.21
1698,0,0,0,0,93656,93656,93656,3623,3623,3623,591,591,591,0.00,0.00,0.00,0.00,0.00,0.00,0.00,0.00,0.00,0.00,0.00,0.00,0.00,0.00,0.00,0.00,0.00,0.00,0.00,0.00,0.00,199190,502170,1147972,209674,515274,1161076,0,0,0,0,0,0,0,123883,0,137.34,137.37,137.41
1698,1,0,0,0,93625,93625,93625,3655,3655,3655,591,591,591,0.00,0.00,0.00,0.00,0.00,0.00,0.00,0.00,0.00,0.00,0.00,0.00,0.00,0.00,0.00,0.00,0.00,0.00,0.00,0.00,0.00,304029,374267,555633,319755,388420,568738,0,0,0,0,0,0,0,74088,0,123.25,123.30,123.35
1698,2,0,0,0,93620,93620,93620,3659,3659,3659,591,591,591,0.00,0.00,0.00,0.00,0.00,0.00,0.00,0.00,0.00,0.00,0.00,0.00,0.00,0.00,0.00,0.00,0.00,0.00,0.00,0.00,0.00,429835,542009,961888,442940,555638,974993,0,0,0,0,0,0,0,100741,0,125.53,125.55,125.58
1698,3,0,0,0,93660,93660,93660,3619,3619,3619,591,591,591,0.00,0.00,0.00,0.00,0.00,0.00,0.00,0.00,0.00,0.00,0.00,0.00,0.00,0.00,0.00,0.00,0.00,0.00,0.00,0.00,0.00,301404,343868,490120,317130,358021,505846,0,0,0,0,0,0,0,84259,0,139.92,139.98,140.05
1699,0,0,0,0,93656,93656,93656,3623,3623,3623,591,591,591,0.00,0.00,0.00,0.00,0.00,0.00,0.00,0.00,0.00,0.00,0.00,0.00,0.00,0.00,0.00,0.00,0.00,0.00,0.00,0.00,0.00,296167,402962,712886,309272,416722,728612,0,0,0,0,0,0,0,82558,0,137.18,137.22,137.26
1699,1,0,0,0,93625,93625,93625,3655,3655,3655,591,591,591,0.00,0.00,0.00,0.00,0.00,0.00,0.00,0.00,0.00,0.00,0.00,0.00,0.00,0.00,0.00,0.00,0.00,0.00,0.00,0.00,0.00,311889,404276,524177,324994,418036,537282,0,0,0,0,0,0,0,98837,0,123.33,123.36,123.39
1699,2,0,0,0,93620,93620,93620,3659,3659,3659,591,591,591,0.00,0.00,0.00,0.00,0.00,0.00,0.00,0.00,0.00,0.00,0.00,0.00,0.00,0.00,0.00,0.00,0.00,0.00,0.00,0.00,0.00,424570,560873,954022,440295,575288,969747,0,0,0,0,0,0,0,75516,0,125.58,125.59,125.61
1699,3,0,0,0,93660,93660,93660,3619,3619,3619,591,591,591,0.00,0.00,0.00,0.00,0.00,0.00,0.00,0.00,0.00,0.00,0.00,0.00,0.00,0.00,0.00,0.00,0.00,0.00,0.00,0.00,0.00,301406,324336,366915,314516,338096,380019,0,0,0,0,0,0,0,112282,0,139.88,139.94,139.98
1700,0,0,0,0,93656,93656,93656,3623,3623,3623,591,591,591,0.00,0.00,0.00,0.00,0.00,0.00,0.00,0.00,0.00,0.00,0.00,0.00,0.00,0.00,0.00,0.00,0.00,0.00,0.00,0.00,0.00,301404,366929,597573,317130,381083,610678,0,0,0,0,0,0,0,110020,0,137.16,137.17,137.21
1700,1,0,0,0,93625,93625,93625,3655,3655,3655,591,591,591,0.00,0.00,0.00,0.00,0.00,0.00,0.00,0.00,0.00,0.00,0.00,0.00,0.00,0.00,0.00,0.00,0.00,0.00,0.00,0.00,0.00,290868,369098,524192,306591,381633,537296,0,0,0,0,0,0,0,98787,0,123.26,123.31,123.34
1700,2,0,0,0,93620,93620,93620,3659,3659,3659,591,591,591,0.00,0.00,0.00,0.00,0.00,0.00,0.00,0.00,0.00,0.00,0.00,0.00,0.00,0.00,0.00,0.00,0.00,0.00,0.00,0.00,0.00,435078,565240,904226,448183,578052,917330,0,0,0,0,0,0,0,113288,0,125.54,125.56,125.58
1700,3,0,0,0,93660,93660,93660,3619,3619,3619,591,591,591,0.00,0.00,0.00,0.00,0.00,0.00,0.00,0.00,0.00,0.00,0.00,0.00,0.00,0.00,0.00,0.00,0.00,0.00,0.00,0.00,0.00,200941,298614,382661,211425,311718,395765,0,0,0,0,0,0,0,112274,0,139.73,139.77,139.83
1701,0,0,0,0,93656,93656,93656,3623,3623,3623,591,591,591,0.00,0.00,0.00,0.00,0.00,0.00,0.00,0.00,0.00,0.00,0.00,0.00,0.00,0.00,0.00,0.00,0.00,0.00,0.00,0.00,0.00,296148,331807,469149,309269,345435,484874,0,0,0,0,0,0,0,109871,0,137.07,137.16,137.22
1701,1,0,0,0,93625,93625,93625,3655,3655,3655,591,591,591,0.00,0.00,0.00,0.00,0.00,0.00,0.00,0.00,0.00,0.00,0.00,0.00,0.00,0.00,0.00,0.00,0.00,0.00,0.00,0.00,0.00,306648,371123,545150,319753,385275,558254,0,0,0,0,0,0,0,110974,0,123.16,123.21,123.27
1701,2,0,0,0,93620,93620,93620,3659,3659,3659,591,591,591,0.00,0.00,0.00,0.00,0.00,0.00,0.00,0.00,0.00,0.00,0.00,0.00,0.00,0.00,0.00,0.00,0.00,0.00,0.00,0.00,0.00,416734,716573,1412725,435080,730202,1423209,0,0,0,0,0,0,0,100719,0,125.56,125.59,125.61
1701,3,0,0,0,93660,93660,93660,3619,3619,3619,591,591,591,0.00,0.00,0.00,0.00,0.00,0.00,0.00,0.00,0.00,0.00,0.00,0.00,0.00,0.00,0.00,0.00,0.00,0.00,0.00,0.00,0.00,296167,525763,867542,309272,539392,880647,0,0,0,0,0,0,0,112163,0,139.74,139.80,139.87
1702,0,0,0,0,93656,93656,93656,3623,3623,3623,591,591,591,0.00,0.00,0.00,0.00,0.00,0.00,0.00,0.00,0.00,0.00,0.00,0.00,0.00,0.00,0.00,0.00,0.00,0.00,0.00,0.00,0.00,298785,524460,1117941,314462,538438,1130172,0,0,0,0,0,0,0,109962,0,137.02,137.08,137.15
1702,1,0,0,0,93625,93625,93625,3655,3655,3655,591,591,591,0.00,0.00,0.00,0.00,0.00,0.00,0.00,0.00,0.00,0.00,0.00,0.00,0.00,0.00,0.00,0.00,0.00,0.00,0.00,0.00,0.00,298768,412530,615920,311872,426683,629025,0,0,0,0,0,0,0,98755,0,123.12,123.17,123.20
1702,2,0,0,0,93620,93620,93620,3659,3659,3659,591,591,591,0.00,0.00,0.00,0.00,0.00,0.00,0.00,0.00,0.00,0.00,0.00,0.00,0.00,0.00,0.00,0.00,0.00,0.00,0.00,0.00,0.00,432432,543579,974992,445536,557208,990717,0,0,0,0,0,0,0,100766,0,125.55,125.62,125.68
1702,3,0,0,0,93660,93660,93660,3619,3619,3619,591,591,591,0.00,0.00,0.00,0.00,0.00,0.00,0.00,0.00,0.00,0.00,0.00,0.00,0.00,0.00,0.00,0.00,0.00,0.00,0.00,0.00,0.00,298771,340803,492743,314496,354915,508469,0,0,0,0,0,0,0,112278,0,139.79,139.85,139.90
1703,0,0,0,0,93656,93656,93656,3623,3623,3623,591,591,591,0.00,0.00,0.00,0.00,0.00,0.00,0.00,0.00,0.00,0.00,0.00,0.00,0.00,0.00,0.00,0.00,0.00,0.00,0.00,0.00,0.00,301407,378986,673584,314512,392615,689310,0,0,0,0,0,0,0,109886,0,136.97,137.07,137.11
1703,1,0,0,0,93625,93625,93625,3655,3655,3655,591,591,591,0.00,0.00,0.00,0.00,0.00,0.00,0.00,0.00,0.00,0.00,0.00,0.00,0.00,0.00,0.00,0.00,0.00,0.00,0.00,0.00,0.00,304026,371649,547778,317134,385277,560883,0,0,0,0,0,0,0,98815,0,123.25,123.27,123.30
1703,2,0,0,0,93620,93620,93620,3659,3659,3659,591,591,591,0.00,0.00,0.00,0.00,0.00,0.00,0.00,0.00,0.00,0.00,0.00,0.00,0.00,0.00,0.00,0.00,0.00,0.00,0.00,0.00,0.00,429832,629026,938297,442937,643704,954022,0,0,0,0,0,0,0,100689,0,125.43,125.48,125.56
1703,3,0,0,0,93660,93660,93660,3619,3619,3619,591,591,591,0.00,0.00,0.00,0.00,0.00,0.00,0.00,0.00,0.00,0.00,0.00,0.00,0.00,0.00,0.00,0.00,0.00,0.00,0.00,0.00,0.00,204436,297205,366928,213173,310484,382653,0,0,0,0,0,0,0,112361,0,139.86,139.91,139.98
1704,0,0,0,0,93656,93656,93656,3623,3623,3623,591,591,591,0.00,0.00,0.00,0.00,0.00,0.00,0.00,0.00,0.00,0.00,0.00,0.00,0.00,0.00,0.00,0.00,0.00,0.00,0.00,0.00,0.00,298785,365350,621128,311890,379503,634232,0,0,0,0,0,0,0,109949,0,137.09,137.16,137.24
1704,1,0,0,0,93625,93625,93625,3655,3655,3655,591,591,591,0.00,0.00,0.00,0.00,0.00,0.00,0.00,0.00,0.00,0.00,0.00,0.00,0.00,0.00,0.00,0.00,0.00,0.00,0.00,0.00,0.00,292470,323382,407118,305411,336454,417602,0,0,0,0,0,0,0,98806,0,123.27,123.33,123.39
1704,2,0,0,0,93620,93620,93620,3659,3659,3659,591,591,591,0.00,0.00,0.00,0.00,0.00,0.00,0.00,0.00,0.00,0.00,0.00,0.00,0.00,0.00,0.00,0.00,0.00,0.00,0.00,0.00,0.00,429837,596958,1220874,445563,610222,1229533,0,0,0,0,0,0,0,113312,0,125.46,125.48,125.50
1704,3,0,0,0,93660,93660,93660,3619,3619,3619,591,591,591,0.00,0.00,0.00,0.00,0.00,0.00,0.00,0.00,0.00,0.00,0.00,0.00,0.00,0.00,0.00,0.00,0.00,0.00,0.00,0.00,0.00,304029,394186,621167,319741,408339,634272,0,0,0,0,0,0,0,126332,0,139.93,139.96,140.00
1705,0,0,0,0,93656,93656,93656,3623,3623,3623,591,591,591,0.00,0.00,0.00,0.00,0.00,0.00,0.00,0.00,0.00,0.00,0.00,0.00,0.00,0.00,0.00,0.00,0.00,0.00,0.00,0.00,0.00,225400,320278,482249,241126,334431,495353,0,0,0,0,0,0,0,123600,0,137.10,137.15,137.21
1705,1,0,0,0,93625,93625,93625,3655,3655,3655,591,591,591,0.00,0.00,0.00,0.00,0.00,0.00,0.00,0.00,0.00,0.00,0.00,0.00,0.00,0.00,0.00,0.00,0.00,0.00,0.00,0.00,0.00,298769,404143,545157,314493,418820,558262,0,0,0,0,0,0,0,110992,0,123.12,123.18,123.22
1705,2,0,0,0,93620,93620,93620,3659,3659,3659,591,591,591,0.00,0.00,0.00,0.00,0.00,0.00,0.00,0.00,0.00,0.00,0.00,0.00,0.00,0.00,0.00,0.00,0.00,0.00,0.00,0.00,0.00,432447,643708,1001209,445551,657861,1016935,0,0,0,0,0,0,0,100653,0,125.49,125.50,125.50
1705,3,0,0,0,93660,93660,93660,3619,3619,3619,591,591,591,0.00,0.00,0.00,0.00,0.00,0.00,0.00,0.00,0.00,0.00,0.00,0.00,0.00,0.00,0.00,0.00,0.00,0.00,0.00,0.00,0.00,298790,466003,833447,311894,480156,849173,0,0,0,0,0,0,0,112250,0,139.80,139.83,139.90
1706,0,0,0,0,93656,93656,93656,3623,3623,3623,591,591,591,0.00,0.00,0.00,0.00,0.00,0.00,0.00,0.00,0.00,0.00,0.00,0.00,0.00,0.00,0.00,0.00,0.00,0.00,0.00,0.00,0.00,299220,490163,976641,311899,502235,979218,0,0,0,0,0,0,0,82273,0,136.92,136.98,137.06
1706,1,0,0,0,93625,93625,93625,3655,3655,3655,591,591,591,0.00,0.00,0.00,0.00,0.00,0.00,0.00,0.00,0.00,0.00,0.00,0.00,0.00,0.00,0.00,0.00,0.00,0.00,0.00,0.00,0.00,298785,362211,518944,311890,375840,532048,0,0,0,0,0,0,0,74206,0,123.14,123.21,123.29
1706,2,0,0,0,93620,93620,93620,3659,3659,3659,591,591,591,0.00,0.00,0.00,0.00,0.00,0.00,0.00,0.00,0.00,0.00,0.00,0.00,0.00,0.00,0.00,0.00,0.00,0.00,0.00,0.00,0.00,429836,525757,898964,442941,539910,912069,0,0,0,0,0,0,0,100731,0,125.51,125.58,125.61
1706,3,0,0,0,93660,93660,93660,3619,3619,3619,591,591,591,0.00,0.00,0.00,0.00,0.00,0.00,0.00,0.00,0.00,0.00,0.00,0.00,0.00,0.00,0.00,0.00,0.00,0.00,0.00,0.00,0.00,301413,354477,495354,314518,368590,508458,0,0,0,0,0,0,0,84370,0,139.83,139.90,139.99
1707,0,0,0,0,93656,93656,93656,3623,3623,3623,591,591,591,0.00,0.00,0.00,0.00,0.00,0.00,0.00,0.00,0.00,0.00,0.00,0.00,0.00,0.00,0.00,0.00,0.00,0.00,0.00,0.00,0.00,301406,399036,660473,311890,394711,676199,0,0,0,0,0,0,0,110069,0,137.09,137.20,137.32
1707,1,0,0,0,93625,93625,93625,3655,3655,3655,591,591,591,0.00,0.00,0.00,0.00,0.00,0.00,0.00,0.00,0.00,0.00,0.00,0.00,0.00,0.00,0.00,0.00,0.00,0.00,0.00,0.00,0.00,298787,380037,560888,314513,394452,571372,0,0,0,0,0,0,0,98792,0,123.28,123.34,123.36
1707,2,0,0,0,93620,93620,93620,3659,3659,3659,591,591,591,0.00,0.00,0.00,0.00,0.00,0.00,0.00,0.00,0.00,0.00,0.00,0.00,0.00,0.00,0.00,0.00,0.00,0.00,0.00,0.00,0.00,429826,556944,933062,442939,570703,946166,0,0,0,0,0,0,0,75497,0,125.55,125.58,125.62
1707,3,0,0,0,93660,93660,93660,3619,3619,3619,591,591,591,0.00,0.00,0.00,0.00,0.00,0.00,0.00,0.00,0.00,0.00,0.00,0.00,0.00,0.00,0.00,0.00,0.00,0.00,0.00,0.00,0.00,260351,292454,304028,269088,305122,319754,0,0,0,0,0,0,0,112391,0,139.95,140.01,140.08
1708,0,0,0,0,93656,93656,93656,3623,3623,3623,591,591,591,0.00,0.00,0.00,0.00,0.00,0.00,0.00,0.00,0.00,0.00,0.00,0.00,0.00,0.00,0.00,0.00,0.00,0.00,0.00,0.00,0.00,293542,366929,634263,309268,414630,647368,0,0,0,0,0,0,0,109944,0,137.16,137.22,137.28
1708,1,0,0,0,93625,93625,93625,3655,3655,3655,591,591,591,0.00,0.00,0.00,0.00,0.00,0.00,0.00,0.00,0.00,0.00,0.00,0.00,0.00,0.00,0.00,0.00,0.00,0.00,0.00,0.00,0.00,195696,281312,314512,204432,294067,327617,0,0,0,0,0,0,0,98801,0,123.17,123.22,123.30
1708,2,0,0,0,93620,93620,93620,3659,3659,3659,591,591,591,0.00,0.00,0.00,0.00,0.00,0.00,0.00,0.00,0.00,0.00,0.00,0.00,0.00,0.00,0.00,0.00,0.00,0.00,0.00,0.00,0.00,417152,693655,1299929,427265,706281,1310413,0,0,0,0,0,0,0,113332,0,125.55,125.59,125.61
1708,3,0,0,0,93660,93660,93660,3619,3619,3619,591,591,591,0.00,0.00,0.00,0.00,0.00,0.00,0.00,0.00,0.00,0.00,0.00,0.00,0.00,0.00,0.00,0.00,0.00,0.00,0.00,0.00,0.00,298787,449230,1027412,311892,463383,1043138,0,0,0,0,0,0,0,126481,0,139.80,139.86,139.93
1709,0,0,0,0,93656,93656,93656,3623,3623,3623,591,591,591,0.00,0.00,0.00,0.00,0.00,0.00,0.00,0.00,0.00,0.00,0.00,0.00,0.00,0.00,0.00,0.00,0.00,0.00,0.00,0.00,0.00,296167,513703,1182046,306632,491159,1195150,0,0,0,0,0,0,0,123795,0,137.11,137.14,137.19
1709,1,0,0,0,93625,93625,93625,3655,3655,3655,591,591,591,0.00,0.00,0.00,0.00,0.00,0.00,0.00,0.00,0.00,0.00,0.00,0.00,0.00,0.00,0.00,0.00,0.00,0.00,0.00,0.00,0.00,301408,437169,537290,314512,451322,550394,0,0,0,0,0,0,0,98757,0,123.17,123.24,123.30
1709,2,0,0,0,93620,93620,93620,3659,3659,3659,591,591,591,0.00,0.00,0.00,0.00,0.00,0.00,0.00,0.00,0.00,0.00,0.00,0.00,0.00,0.00,0.00,0.00,0.00,0.00,0.00,0.00,0.00,429834,541476,951349,442938,555105,964453,0,0,0,0,0,0,0,100721,0,125.53,125.56,125.58
1709,3,0,0,0,93660,93660,93660,3619,3619,3619,591,591,591,0.00,0.00,0.00,0.00,0.00,0.00,0.00,0.00,0.00,0.00,0.00,0.00,0.00,0.00,0.00,0.00,0.00,0.00,0.00,0.00,0.00,301393,373744,558262,317118,387372,571367,0,0,0,0,0,0,0,112389,0,139.81,139.91,139.98
1710,0,0,0,0,93656,93656,93656,3623,3623,3623,591,591,591,0.00,0.00,0.00,0.00,0.00,0.00,0.00,0.00,0.00,0.00,0.00,0.00,0.00,0.00,0.00,0.00,0.00,0.00,0.00,0.00,0.00,199192,413035,681435,207928,425710,697160,0,0,0,0,0,0,0,109863,0,137.04,137.11,137.18
1710,1,0,0,0,93625,93625,93625,3655,3655,3655,591,591,591,0.00,0.00,0.00,0.00,0.00,0.00,0.00,0.00,0.00,0.00,0.00,0.00,0.00,0.00,0.00,0.00,0.00,0.00,0.00,0.00,0.00,298787,361158,508433,311891,374786,521537,0,0,0,0,0,0,0,98759,0,123.25,123.31,123.35
1710,2,0,0,0,93620,93620,93620,3659,3659,3659,591,591,591,0.00,0.00,0.00,0.00,0.00,0.00,0.00,0.00,0.00,0.00,0.00,0.00,0.00,0.00,0.00,0.00,0.00,0.00,0.00,0.00,0.00,421972,527859,914712,435077,542536,930438,0,0,0,0,0,0,0,100716,0,125.54,125.59,125.63
1710,3,0,0,0,93660,93660,93660,3619,3619,3619,591,591,591,0.00,0.00,0.00,0.00,0.00,0.00,0.00,0.00,0.00,0.00,0.00,0.00,0.00,0.00,0.00,0.00,0.00,0.00,0.00,0.00,0.00,306650,338626,456051,317134,352255,469155,0,0,0,0,0,0,0,112262,0,139.86,139.96,140.01
1711,0,0,0,0,93656,93656,93656,3623,3623,3623,591,591,591,0.00,0.00,0.00,0.00,0.00,0.00,0.00,0.00,0.00,0.00,0.00,0.00,0.00,0.00,0.00,0.00,0.00,0.00,0.00,0.00,0.00,301403,367972,592304,317129,382125,605408,0,0,0,0,0,0,0,109914,0,137.05,137.10,137.16
1711,1,0,0,0,93625,93625,93625,3655,3655,3655,591,591,591,0.00,0.00,0.00,0.00,0.00,0.00,0.00,0.00,0.00,0.00,0.00,0.00,0.00,0.00,0.00,0.00,0.00,0.00,0.00,0.00,0.00,285629,346652,542538,301352,360766,558264,0,0,0,0,0,0,0,98838,0,123.26,123.27,123.28
1711,2,0,0,0,93620,93620,93620,3659,3659,3659,591,591,591,0.00,0.00,0.00,0.00,0.00,0.00,0.00,0.00,0.00,0.00,0.00,0.00,0.00,0.00,0.00,0.00,0.00,0.00,0.00,0.00,0.00,429834,532576,912094,440318,546205,925199,0,0,0,0,0,0,0,113340,0,125.59,125.64,125.70
1711,3,0,0,0,93660,93660,93660,3619,3619,3619,591,591,591,0.00,0.00,0.00,0.00,0.00,0.00,0.00,0.00,0.00,0.00,0.00,0.00,0.00,0.00,0.00,0.00,0.00,0.00,0.00,0.00,0.00,290055,300182,304032,300539,313287,317137,0,0,0,0,0,0,0,112293,0,139.80,139.84,139.92
1712,0,0,0,0,93656,93656,93656,3623,3623,3623,591,591,591,0.00,0.00,0.00,0.00,0.00,0.00,0.00,0.00,0.00,0.00,0.00,0.00,0.00,0.00,0.00,0.00,0.00,0.00,0.00,0.00,0.00,296165,329189,450799,311890,342817,463904,0,0,0,0,0,0,0,109858,0,137.09,137.14,137.19
1712,1,0,0,0,93625,93625,93625,3655,3655,3655,591,591,591,0.00,0.00,0.00,0.00,0.00,0.00,0.00,0.00,0.00,0.00,0.00,0.00,0.00,0.00,0.00,0.00,0.00,0.00,0.00,0.00,0.00,209675,348575,545117,220159,361155,558221,0,0,0,0,0,0,0,111150,0,123.33,123.34,123.36
1712,2,0,0,0,93620,93620,93620,3659,3659,3659,591,591,591,0.00,0.00,0.00,0.00,0.00,0.00,0.00,0.00,0.00,0.00,0.00,0.00,0.00,0.00,0.00,0.00,0.00,0.00,0.00,0.00,0.00,285146,792875,1926289,295391,805933,1939393,0,0,0,0,0,0,0,100846,0,125.64,125.68,125.73
1712,3,0,0,0,93660,93660,93660,3619,3619,3619,591,591,591,0.00,0.00,0.00,0.00,0.00,0.00,0.00,0.00,0.00,0.00,0.00,0.00,0.00,0.00,0.00,0.00,0.00,0.00,0.00,0.00,0.00,298784,501125,990725,314510,515278,1003830,0,0,0,0,0,0,0,126432,0,139.94,139.97,140.00
1713,0,0,0,0,93656,93656,93656,3623,3623,3623,591,591,591,0.00,0.00,0.00,0.00,0.00,0.00,0.00,0.00,0.00,0.00,0.00,0.00,0.00,0.00,0.00,0.00,0.00,0.00,0.00,0.00,0.00,301404,542603,1229221,314508,556708,1242326,0,0,0,0,0,0,0,82467,0,137.12,137.16,137.20
1713,1,0,0,0,93625,93625,93625,3655,3655,3655,591,591,591,0.00,0.00,0.00,0.00,0.00,0.00,0.00,0.00,0.00,0.00,0.00,0.00,0.00,0.00,0.00,0.00,0.00,0.00,0.00,0.00,0.00,296164,378461,500599,311889,392614,516324,0,0,0,0,0,0,0,74132,0,123.31,123.32,123.35
1713,2,0,0,0,93620,93620,93620,3659,3659,3659,591,591,591,0.00,0.00,0.00,0.00,0.00,0.00,0.00,0.00,0.00,0.00,0.00,0.00,0.00,0.00,0.00,0.00,0.00,0.00,0.00,0.00,0.00,424594,536768,969752,437699,550396,982856,0,0,0,0,0,0,0,100802,0,125.71,125.76,125.80
1713,3,0,0,0,93660,93660,93660,3619,3619,3619,591,591,591,0.00,0.00,0.00,0.00,0.00,0.00,0.00,0.00,0.00,0.00,0.00,0.00,0.00,0.00,0.00,0.00,0.00,0.00,0.00,0.00,0.00,301412,340198,471769,317138,354352,484874,0,0,0,0,0,0,0,84356,0,139.98,140.05,140.12
1714,0,0,0,0,93656,93656,93656,3623,3623,3623,591,591,591,0.00,0.00,0.00,0.00,0.00,0.00,0.00,0.00,0.00,0.00,0.00,0.00,0.00,0.00,0.00,0.00,0.00,0.00,0.00,0.00,0.00,288251,336335,443810,301353,348784,454294,0,0,0,0,0,0,0,109833,0,137.00,137.04,137.10
1714,1,0,0,0,93625,93625,93625,3655,3655,3655,591,591,591,0.00,0.00,0.00,0.00,0.00,0.00,0.00,0.00,0.00,0.00,0.00,0.00,0.00,0.00,0.00,0.00,0.00,0.00,0.00,0.00,0.00,306650,383966,547773,319755,397726,560878,0,0,0,0,0,0,0,98804,0,123.29,123.33,123.35
1714,2,0,0,0,93620,93620,93620,3659,3659,3659,591,591,591,0.00,0.00,0.00,0.00,0.00,0.00,0.00,0.00,0.00,0.00,0.00,0.00,0.00,0.00,0.00,0.00,0.00,0.00,0.00,0.00,0.00,424585,549079,904227,440310,563494,917332,0,0,0,0,0,0,0,75570,0,125.57,125.58,125.61
1714,3,0,0,0,93660,93660,93660,3619,3619,3619,591,591,591,0.00,0.00,0.00,0.00,0.00,0.00,0.00,0.00,0.00,0.00,0.00,0.00,0.00,0.00,0.00,0.00,0.00,0.00,0.00,0.00,0.00,301405,329028,372589,314510,342724,385437,0,0,0,0,0,0,0,112456,0,140.06,140.10,140.12
1715,0,0,0,0,93656,93656,93656,3623,3623,3623,591,591,591,0.00,0.00,0.00,0.00,0.00,0.00,0.00,0.00,0.00,0.00,0.00,0.00,0.00,0.00,0.00,0.00,0.00,0.00,0.00,0.00,0.00,293543,367454,621167,309269,381607,634272,0,0,0,0,0,0,0,109818,0,136.95,136.99,137.03
1715,1,0,0,0,93625,93625,93625,3655,3655,3655,591,591,591,0.00,0.00,0.00,0.00,0.00,0.00,0.00,0.00,0.00,0.00,0.00,0.00,0.00,0.00,0.00,0.00,0.00,0.00,0.00,0.00,0.00,232388,287309,311892,242872,300377,324997,0,0,0,0,0,0,0,98692,0,123.12,123.18,123.30
1715,2,0,0,0,93620,93620,93620,3659,3659,3659,591,591,591,0.00,0.00,0.00,0.00,0.00,0.00,0.00,0.00,0.00,0.00,0.00,0.00,0.00,0.00,0.00,0.00,0.00,0.00,0.00,0.00,0.00,432456,841837,1921106,445560,855991,1936832,0,0,0,0,0,0,0,113341,0,125.57,125.60,125.65
1715,3,0,0,0,93660,93660,93660,3619,3619,3619,591,591,591,0.00,0.00,0.00,0.00,0.00,0.00,0.00,0.00,0.00,0.00,0.00,0.00,0.00,0.00,0.00,0.00,0.00,0.00,0.00,0.00,0.00,202688,303156,411489,211424,315911,427215,0,0,0,0,0,0,0,112395,0,140.01,140.03,140.06
1716,0,0,0,0,93656,93656,93656,3623,3623,3623,591,591,591,0.00,0.00,0.00,0.00,0.00,0.00,0.00,0.00,0.00,0.00,0.00,0.00,0.00,0.00,0.00,0.00,0.00,0.00,0.00,0.00,0.00,296167,335475,477010,306651,349104,492735,0,0,0,0,0,0,0,123541,0,137.09,137.12,137.16
1716,1,0,0,0,93625,93625,93625,3655,3655,3655,591,591,591,0.00,0.00,0.00,0.00,0.00,0.00,0.00,0.00,0.00,0.00,0.00,0.00,0.00,0.00,0.00,0.00,0.00,0.00,0.00,0.00,0.00,296166,387373,529428,309271,401525,545153,0,0,0,0,0,0,0,111034,0,123.10,123.19,123.23
1716,2,0,0,0,93620,93620,93620,3659,3659,3659,591,591,591,0.00,0.00,0.00,0.00,0.00,0.00,0.00,0.00,0.00,0.00,0.00,0.00,0.00,0.00,0.00,0.00,0.00,0.00,0.00,0.00,0.00,424687,455505,566076,437556,468245,574732,0,0,0,0,0,0,0,100741,0,125.62,125.63,125.65
1716,3,0,0,0,93660,93660,93660,3619,3619,3619,591,591,591,0.00,0.00,0.00,0.00,0.00,0.00,0.00,0.00,0.00,0.00,0.00,0.00,0.00,0.00,0.00,0.00,0.00,0.00,0.00,0.00,0.00,298788,502697,1014305,314514,517375,1027410,0,0,0,0,0,0,0,112330,0,139.98,140.07,140.12
1717,0,0,0,0,93656,93656,93656,3623,3623,3623,591,591,591,0.00,0.00,0.00,0.00,0.00,0.00,0.00,0.00,0.00,0.00,0.00,0.00,0.00,0.00,0.00,0.00,0.00,0.00,0.00,0.00,0.00,296168,540628,1208245,310046,554744,1223971,0,0,0,0,0,0,0,109878,0,137.01,137.03,137.04
1717,1,0,0,0,93625,93625,93625,3655,3655,3655,591,591,591,0.00,0.00,0.00,0.00,0.00,0.00,0.00,0.00,0.00,0.00,0.00,0.00,0.00,0.00,0.00,0.00,0.00,0.00,0.00,0.00,0.00,296166,341239,490082,309271,354867,505807,0,0,0,0,0,0,0,98842,0,123.29,123.34,123.38
1717,2,0,0,0,93620,93620,93620,3659,3659,3659,591,591,591,0.00,0.00,0.00,0.00,0.00,0.00,0.00,0.00,0.00,0.00,0.00,0.00,0.00,0.00,0.00,0.00,0.00,0.00,0.00,0.00,0.00,427213,641071,1003763,442939,654700,1016867,0,0,0,0,0,0,0,100916,0,125.64,125.71,125.78
1717,3,0,0,0,93660,93660,93660,3619,3619,3619,591,591,591,0.00,0.00,0.00,0.00,0.00,0.00,0.00,0.00,0.00,0.00,0.00,0.00,0.00,0.00,0.00,0.00,0.00,0.00,0.00,0.00,0.00,298772,345437,516323,311876,359066,529427,0,0,0,0,0,0,0,112548,0,139.93,139.99,140.07
1718,0,0,0,0,93656,93656,93656,3623,3623,3623,591,591,591,0.00,0.00,0.00,0.00,0.00,0.00,0.00,0.00,0.00,0.00,0.00,0.00,0.00,0.00,0.00,0.00,0.00,0.00,0.00,0.00,0.00,211421,366745,684062,221905,379325,697166,0,0,0,0,0,0,0,109841,0,137.00,137.03,137.06
1718,1,0,0,0,93625,93625,93625,3655,3655,3655,591,591,591,0.00,0.00,0.00,0.00,0.00,0.00,0.00,0.00,0.00,0.00,0.00,0.00,0.00,0.00,0.00,0.00,0.00,0.00,0.00,0.00,0.00,298785,367453,537292,311890,381082,550397,0,0,0,0,0,0,0,98810,0,123.27,123.31,123.36
1718,2,0,0,0,93620,93620,93620,3659,3659,3659,591,591,591,0.00,0.00,0.00,0.00,0.00,0.00,0.00,0.00,0.00,0.00,0.00,0.00,0.00,0.00,0.00,0.00,0.00,0.00,0.00,0.00,0.00,432455,540962,956647,445559,555115,972373,0,0,0,0,0,0,0,100972,0,125.79,125.83,125.88
1718,3,0,0,0,93660,93660,93660,3619,3619,3619,591,591,591,0.00,0.00,0.00,0.00,0.00,0.00,0.00,0.00,0.00,0.00,0.00,0.00,0.00,0.00,0.00,0.00,0.00,0.00,0.00,0.00,0.00,301357,333374,398383,314236,346958,411488,0,0,0,0,0,0,0,112628,0,140.14,140.16,140.19
1719,0,0,0,0,93656,93656,93656,3623,3623,3623,591,591,591,0.00,0.00,0.00,0.00,0.00,0.00,0.00,0.00,0.00,0.00,0.00,0.00,0.00,0.00,0.00,0.00,0.00,0.00,0.00,0.00,0.00,298787,418296,691925,311892,432449,707650,0,0,0,0,0,0,0,109846,0,137.01,137.03,137.06
1719,1,0,0,0,93625,93625,93625,3655,3655,3655,591,591,591,0.00,0.00,0.00,0.00,0.00,0.00,0.00,0.00,0.00,0.00,0.00,0.00,0.00,0.00,0.00,0.00,0.00,0.00,0.00,0.00,0.00,200937,314321,476964,211420,327374,492434,0,0,0,0,0,0,0,98819,0,123.24,123.28,123.35
1719,2,0,0,0,93620,93620,93620,3659,3659,3659,591,591,591,0.00,0.00,0.00,0.00,0.00,0.00,0.00,0.00,0.00,0.00,0.00,0.00,0.00,0.00,0.00,0.00,0.00,0.00,0.00,0.00,0.00,432456,814584,1834663,448156,828737,1847768,0,0,0,0,0,0,0,113463,0,125.67,125.76,125.84
1719,3,0,0,0,93660,93660,93660,3619,3619,3619,591,591,591,0.00,0.00,0.00,0.00,0.00,0.00,0.00,0.00,0.00,0.00,0.00,0.00,0.00,0.00,0.00,0.00,0.00,0.00,0.00,0.00,0.00,204434,456043,815117,213171,469322,828222,0,0,0,0,0,0,0,126462,0,140.02,140.17,140.24
1720,0,0,0,0,93656,93656,93656,3623,3623,3623,591,591,591,0.00,0.00,0.00,0.00,0.00,0.00,0.00,0.00,0.00,0.00,0.00,0.00,0.00,0.00,0.00,0.00,0.00,0.00,0.00,0.00,0.00,296165,493259,1237080,311890,507412,1250184,0,0,0,0,0,0,0,123684,0,137.03,137.05,137.07
1720,1,0,0,0,93625,93625,93625,3655,3655,3655,591,591,591,0.00,0.00,0.00,0.00,0.00,0.00,0.00,0.00,0.00,0.00,0.00,0.00,0.00,0.00,0.00,0.00,0.00,0.00,0.00,0.00,0.00,301406,398898,511053,317132,413051,524157,0,0,0,0,0,0,0,98805,0,123.35,123.38,123.39
1720,2,0,0,0,93620,93620,93620,3659,3659,3659,591,591,591,0.00,0.00,0.00,0.00,0.00,0.00,0.00,0.00,0.00,0.00,0.00,0.00,0.00,0.00,0.00,0.00,0.00,0.00,0.00,0.00,0.00,281878,509275,993319,290524,522012,1006423,0,0,0,0,0,0,0,100763,0,125.64,125.69,125.76
1720,3,0,0,0,93660,93660,93660,3619,3619,3619,591,591,591,0.00,0.00,0.00,0.00,0.00,0.00,0.00,0.00,0.00,0.00,0.00,0.00,0.00,0.00,0.00,0.00,0.00,0.00,0.00,0.00,0.00,296169,398906,605429,311895,412535,621154,0,0,0,0,0,0,0,84115,0,139.67,139.79,139.94
1721,0,0,0,0,93656,93656,93656,3623,3623,3623,591,591,591,0.00,0.00,0.00,0.00,0.00,0.00,0.00,0.00,0.00,0.00,0.00,0.00,0.00,0.00,0.00,0.00,0.00,0.00,0.00,0.00,0.00,296165,358057,532050,309272,436328,694543,0,0,0,0,0,0,0,82525,0,137.03,137.04,137.07
1721,1,0,0,0,93625,93625,93625,3655,3655,3655,591,591,591,0.00,0.00,0.00,0.00,0.00,0.00,0.00,0.00,0.00,0.00,0.00,0.00,0.00,0.00,0.00,0.00,0.00,0.00,0.00,0.00,0.00,298785,367452,521562,311890,395758,537288,0,0,0,0,0,0,0,74085,0,123.32,123.33,123.36
1721,2,0,0,0,93620,93620,93620,3659,3659,3659,591,591,591,0.00,0.00,0.00,0.00,0.00,0.00,0.00,0.00,0.00,0.00,0.00,0.00,0.00,0.00,0.00,0.00,0.00,0.00,0.00,0.00,0.00,432447,553017,893743,448173,567432,906848,0,0,0,0,0,0,0,100944,0,125.69,125.77,125.84
1721,3,0,0,0,93660,93660,93660,3619,3619,3619,591,591,591,0.00,0.00,0.00,0.00,0.00,0.00,0.00,0.00,0.00,0.00,0.00,0.00,0.00,0.00,0.00,0.00,0.00,0.00,0.00,0.00,0.00,301411,349241,469151,317137,363657,482256,0,0,0,0,0,0,0,112188,0,139.63,139.66,139.71
1722,0,0,0,0,93656,93656,93656,3623,3623,3623,591,591,591,0.00,0.00,0.00,0.00,0.00,0.00,0.00,0.00,0.00,0.00,0.00,0.00,0.00,0.00,0.00,0.00,0.00,0.00,0.00,0.00,0.00,206179,424415,681438,214916,373482,631644,0,0,0,0,0,0,0,109922,0,137.14,137.15,137.18
1722,1,0,0,0,93625,93625,93625,3655,3655,3655,591,591,591,0.00,0.00,0.00,0.00,0.00,0.00,0.00,0.00,0.00,0.00,0.00,0.00,0.00,0.00,0.00,0.00,0.00,0.00,0.00,0.00,0.00,296147,364303,550399,309269,367450,563504,0,0,0,0,0,0,0,98817,0,123.34,123.36,123.37
1722,2,0,0,0,93620,93620,93620,3659,3659,3659,591,591,591,0.00,0.00,0.00,0.00,0.00,0.00,0.00,0.00,0.00,0.00,0.00,0.00,0.00,0.00,0.00,0.00,0.00,0.00,0.00,0.00,0.00,424574,537812,927817,440299,551441,938301,0,0,0,0,0,0,0,75508,0,125.62,125.70,125.78
1722,3,0,0,0,93660,93660,93660,3619,3619,3619,591,591,591,0.00,0.00,0.00,0.00,0.00,0.00,0.00,0.00,0.00,0.00,0.00,0.00,0.00,0.00,0.00,0.00,0.00,0.00,0.00,0.00,0.00,298246,324366,414114,311327,338514,427219,0,0,0,0,0,0,0,112307,0,139.71,139.75,139.82
1723,0,0,0,0,93656,93656,93656,3623,3623,3623,591,591,591,0.00,0.00,0.00,0.00,0.00,0.00,0.00,0.00,0.00,0.00,0.00,0.00,0.00,0.00,0.00,0.00,0.00,0.00,0.00,0.00,0.00,293546,330236,456039,309271,344389,469144,0,0,0,0,0,0,0,109872,0,137.04,137.06,137.09
1723,1,0,0,0,93625,93625,93625,3655,3655,3655,591,591,591,0.00,0.00,0.00,0.00,0.00,0.00,0.00,0.00,0.00,0.00,0.00,0.00,0.00,0.00,0.00,0.00,0.00,0.00,0.00,0.00,0.00,197442,324553,518944,207926,337601,532049,0,0,0,0,0,0,0,111119,0,123.27,123.31,123.35
1723,2,0,0,0,93620,93620,93620,3659,3659,3659,591,591,591,0.00,0.00,0.00,0.00,0.00,0.00,0.00,0.00,0.00,0.00,0.00,0.00,0.00,0.00,0.00,0.00,0.00,0.00,0.00,0.00,0.00,429831,814064,1936883,442936,828218,1952609,0,0,0,0,0,0,0,100912,0,125.65,125.72,125.81
1723,3,0,0,0,93660,93660,93660,3619,3619,3619,591,591,591,0.00,0.00,0.00,0.00,0.00,0.00,0.00,0.00,0.00,0.00,0.00,0.00,0.00,0.00,0.00,0.00,0.00,0.00,0.00,0.00,0.00,199193,481733,1006451,207929,495012,1019556,0,0,0,0,0,0,0,126399,0,139.88,139.90,139.93
1724,0,0,0,0,93656,93656,93656,3623,3623,3623,591,591,591,0.00,0.00,0.00,0.00,0.00,0.00,0.00,0.00,0.00,0.00,0.00,0.00,0.00,0.00,0.00,0.00,0.00,0.00,0.00,0.00,0.00,296163,534667,1171560,309253,547772,1189907,0,0,0,0,0,0,0,123536,0,137.02,137.07,137.11
1724,1,0,0,0,93625,93625,93625,3655,3655,3655,591,591,591,0.00,0.00,0.00,0.00,0.00,0.00,0.00,0.00,0.00,0.00,0.00,0.00,0.00,0.00,0.00,0.00,0.00,0.00,0.00,0.00,0.00,296165,390518,618543,309270,404147,634268,0,0,0,0,0,0,0,98763,0,123.15,123.19,123.22
1724,2,0,0,0,93620,93620,93620,3659,3659,3659,591,591,591,0.00,0.00,0.00,0.00,0.00,0.00,0.00,0.00,0.00,0.00,0.00,0.00,0.00,0.00,0.00,0.00,0.00,0.00,0.00,0.00,0.00,285194,509964,967369,293836,523225,980477,0,0,0,0,0,0,0,100840,0,125.72,125.75,125.78
1724,3,0,0,0,93660,93660,93660,3619,3619,3619,591,591,591,0.00,0.00,0.00,0.00,0.00,0.00,0.00,0.00,0.00,0.00,0.00,0.00,0.00,0.00,0.00,0.00,0.00,0.00,0.00,0.00,0.00,301393,341244,495362,314498,354874,508467,0,0,0,0,0,0,0,112264,0,139.78,139.82,139.84
1725,0,0,0,0,93656,93656,93656,3623,3623,3623,591,591,591,0.00,0.00,0.00,0.00,0.00,0.00,0.00,0.00,0.00,0.00,0.00,0.00,0.00,0.00,0.00,0.00,0.00,0.00,0.00,0.00,0.00,296164,369781,651507,309268,383836,664133,0,0,0,0,0,0,0,109859,0,136.95,136.97,137.00
1725,1,0,0,0,93625,93625,93625,3655,3655,3655,591,591,591,0.00,0.00,0.00,0.00,0.00,0.00,0.00,0.00,0.00,0.00,0.00,0.00,0.00,0.00,0.00,0.00,0.00,0.00,0.00,0.00,0.00,304011,414627,547775,314495,428780,563501,0,0,0,0,0,0,0,98771,0,123.23,123.26,123.29
1725,2,0,0,0,93620,93620,93620,3659,3659,3659,591,591,591,0.00,0.00,0.00,0.00,0.00,0.00,0.00,0.00,0.00,0.00,0.00,0.00,0.00,0.00,0.00,0.00,0.00,0.00,0.00,0.00,0.00,427212,530478,919954,440316,544107,933058,0,0,0,0,0,0,0,100848,0,125.67,125.71,125.75
1725,3,0,0,0,93660,93660,93660,3619,3619,3619,591,591,591,0.00,0.00,0.00,0.00,0.00,0.00,0.00,0.00,0.00,0.00,0.00,0.00,0.00,0.00,0.00,0.00,0.00,0.00,0.00,0.00,0.00,298787,334957,463908,311892,349110,477013,0,0,0,0,0,0,0,112160,0,139.62,139.69,139.78
1726,0,0,0,0,93656,93656,93656,3623,3623,3623,591,591,591,0.00,0.00,0.00,0.00,0.00,0.00,0.00,0.00,0.00,0.00,0.00,0.00,0.00,0.00,0.00,0.00,0.00,0.00,0.00,0.00,0.00,209675,351683,631647,218411,364960,647372,0,0,0,0,0,0,0,109965,0,137.04,137.13,137.22
1726,1,0,0,0,93625,93625,93625,3655,3655,3655,591,591,591,0.00,0.00,0.00,0.00,0.00,0.00,0.00,0.00,0.00,0.00,0.00,0.00,0.00,0.00,0.00,0.00,0.00,0.00,0.00,0.00,0.00,293545,364835,600198,306650,378464,615924,0,0,0,0,0,0,0,98814,0,123.22,123.25,123.28
1726,2,0,0,0,93620,93620,93620,3659,3659,3659,591,591,591,0.00,0.00,0.00,0.00,0.00,0.00,0.00,0.00,0.00,0.00,0.00,0.00,0.00,0.00,0.00,0.00,0.00,0.00,0.00,0.00,0.00,429835,812492,1842528,445561,826645,1858254,0,0,0,0,0,0,0,113410,0,125.69,125.70,125.74
1726,3,0,0,0,93660,93660,93660,3619,3619,3619,591,591,591,0.00,0.00,0.00,0.00,0.00,0.00,0.00,0.00,0.00,0.00,0.00,0.00,0.00,0.00,0.00,0.00,0.00,0.00,0.00,0.00,0.00,200942,305424,403621,209679,318703,416726,0,0,0,0,0,0,0,126180,0,139.68,139.70,139.72
1727,0,0,0,0,93656,93656,93656,3623,3623,3623,591,591,591,0.00,0.00,0.00,0.00,0.00,0.00,0.00,0.00,0.00,0.00,0.00,0.00,0.00,0.00,0.00,0.00,0.00,0.00,0.00,0.00,0.00,296168,334956,474390,309273,349109,487495,0,0,0,0,0,0,0,123715,0,137.20,137.22,137.24
1727,1,0,0,0,93625,93625,93625,3655,3655,3655,591,591,591,0.00,0.00,0.00,0.00,0.00,0.00,0.00,0.00,0.00,0.00,0.00,0.00,0.00,0.00,0.00,0.00,0.00,0.00,0.00,0.00,0.00,199191,393561,566119,207927,406807,579223,0,0,0,0,0,0,0,111104,0,123.28,123.28,123.29
1727,2,0,0,0,93620,93620,93620,3659,3659,3659,591,591,591,0.00,0.00,0.00,0.00,0.00,0.00,0.00,0.00,0.00,0.00,0.00,0.00,0.00,0.00,0.00,0.00,0.00,0.00,0.00,0.00,0.00,279190,495104,906849,289405,507630,919954,0,0,0,0,0,0,0,100805,0,125.67,125.69,125.70
1727,3,0,0,0,93660,93660,93660,3619,3619,3619,591,591,591,0.00,0.00,0.00,0.00,0.00,0.00,0.00,0.00,0.00,0.00,0.00,0.00,0.00,0.00,0.00,0.00,0.00,0.00,0.00,0.00,0.00,298790,535720,817736,311895,548825,833462,0,0,0,0,0,0,0,112229,0,139.77,139.84,139.89
1728,0,0,0,0,93656,93656,93656,3623,3623,3623,591,591,591,0.00,0.00,0.00,0.00,0.00,0.00,0.00,0.00,0.00,0.00,0.00,0.00,0.00,0.00,0.00,0.00,0.00,0.00,0.00,0.00,0.00,298785,532049,1197768,311889,545678,1210873,0,0,0,0,0,0,0,82417,0,137.09,137.14,137.16
1728,1,0,0,0,93625,93625,93625,3655,3655,3655,591,591,591,0.00,0.00,0.00,0.00,0.00,0.00,0.00,0.00,0.00,0.00,0.00,0.00,0.00,0.00,0.00,0.00,0.00,0.00,0.00,0.00,0.00,298784,350678,526801,314510,364307,539906,0,0,0,0,0,0,0,74059,0,123.22,123.25,123.27
1728,2,0,0,0,93620,93620,93620,3659,3659,3659,591,591,591,0.00,0.00,0.00,0.00,0.00,0.00,0.00,0.00,0.00,0.00,0.00,0.00,0.00,0.00,0.00,0.00,0.00,0.00,0.00,0.00,0.00,427165,637386,998501,440514,652055,1013942,0,0,0,0,0,0,0,100872,0,125.67,125.70,125.73
1728,3,0,0,0,93660,93660,93660,3619,3619,3619,591,591,591,0.00,0.00,0.00,0.00,0.00,0.00,0.00,0.00,0.00,0.00,0.00,0.00,0.00,0.00,0.00,0.00,0.00,0.00,0.00,0.00,0.00,296169,341771,495359,309274,356448,511085,0,0,0,0,0,0,0,84124,0,139.75,139.79,139.84
1729,0,0,0,0,93656,93656,93656,3623,3623,3623,591,591,591,0.00,0.00,0.00,0.00,0.00,0.00,0.00,0.00,0.00,0.00,0.00,0.00,0.00,0.00,0.00,0.00,0.00,0.00,0.00,0.00,0.00,301409,399321,678786,317135,413693,691890,0,0,0,0,0,0,0,110034,0,137.12,137.17,137.22
1729,1,0,0,0,93625,93625,93625,3655,3655,3655,591,591,591,0.00,0.00,0.00,0.00,0.00,0.00,0.00,0.00,0.00,0.00,0.00,0.00,0.00,0.00,0.00,0.00,0.00,0.00,0.00,0.00,0.00,301409,393138,560878,314514,407553,573983,0,0,0,0,0,0,0,98818,0,123.29,123.32,123.34
1729,2,0,0,0,93620,93620,93620,3659,3659,3659,591,591,591,0.00,0.00,0.00,0.00,0.00,0.00,0.00,0.00,0.00,0.00,0.00,0.00,0.00,0.00,0.00,0.00,0.00,0.00,0.00,0.00,0.00,427213,560214,951373,437697,573318,964478,0,0,0,0,0,0,0,75456,0,125.50,125.58,125.67
1729,3,0,0,0,93660,93660,93660,3619,3619,3619,591,591,591,0.00,0.00,0.00,0.00,0.00,0.00,0.00,0.00,0.00,0.00,0.00,0.00,0.00,0.00,0.00,0.00,0.00,0.00,0.00,0.00,0.00,301407,349235,458658,317133,362995,469142,0,0,0,0,0,0,0,112271,0,139.75,139.78,139.81
1730,0,0,0,0,93656,93656,93656,3623,3623,3623,591,591,591,0.00,0.00,0.00,0.00,0.00,0.00,0.00,0.00,0.00,0.00,0.00,0.00,0.00,0.00,0.00,0.00,0.00,0.00,0.00,0.00,0.00,296164,324471,414110,311890,337227,422847,0,0,0,0,0,0,0,109912,0,137.13,137.18,137.26
1730,1,0,0,0,93625,93625,93625,3655,3655,3655,591,591,591,0.00,0.00,0.00,0.00,0.00,0.00,0.00,0.00,0.00,0.00,0.00,0.00,0.00,0.00,0.00,0.00,0.00,0.00,0.00,0.00,0.00,290909,301403,319752,304030,315032,332857,0,0,0,0,0,0,0,98742,0,123.11,123.17,123.27
1730,2,0,0,0,93620,93620,93620,3659,3659,3659,591,591,591,0.00,0.00,0.00,0.00,0.00,0.00,0.00,0.00,0.00,0.00,0.00,0.00,0.00,0.00,0.00,0.00,0.00,0.00,0.00,0.00,0.00,424589,732813,1915903,437694,746965,1929007,0,0,0,0,0,0,0,113467,0,125.49,125.58,125.67
1730,3,0,0,0,93660,93660,93660,3619,3619,3619,591,591,591,0.00,0.00,0.00,0.00,0.00,0.00,0.00,0.00,0.00,0.00,0.00,0.00,0.00,0.00,0.00,0.00,0.00,0.00,0.00,0.00,0.00,204435,298788,393143,213171,311544,403627,0,0,0,0,0,0,0,126294,0,139.80,139.83,139.86
1731,0,0,0,0,93656,93656,93656,3623,3623,3623,591,591,591,0.00,0.00,0.00,0.00,0.00,0.00,0.00,0.00,0.00,0.00,0.00,0.00,0.00,0.00,0.00,0.00,0.00,0.00,0.00,0.00,0.00,298787,511069,1176737,314513,525222,1189841,0,0,0,0,0,0,0,123733,0,137.12,137.14,137.16
1731,1,0,0,0,93625,93625,93625,3655,3655,3655,591,591,591,0.00,0.00,0.00,0.00,0.00,0.00,0.00,0.00,0.00,0.00,0.00,0.00,0.00,0.00,0.00,0.00,0.00,0.00,0.00,0.00,0.00,296164,349805,419344,311890,363085,435070,0,0,0,0,0,0,0,111097,0,123.18,123.28,123.34
1731,2,0,0,0,93620,93620,93620,3659,3659,3659,591,591,591,0.00,0.00,0.00,0.00,0.00,0.00,0.00,0.00,0.00,0.00,0.00,0.00,0.00,0.00,0.00,0.00,0.00,0.00,0.00,0.00,0.00,432456,561808,854433,448178,574545,867538,0,0,0,0,0,0,0,100755,0,125.61,125.64,125.66
1731,3,0,0,0,93660,93660,93660,3619,3619,3619,591,591,591,0.00,0.00,0.00,0.00,0.00,0.00,0.00,0.00,0.00,0.00,0.00,0.00,0.00,0.00,0.00,0.00,0.00,0.00,0.00,0.00,0.00,306653,508463,977610,319758,522616,993336,0,0,0,0,0,0,0,112288,0,139.79,139.84,139.88
1732,0,0,0,0,93656,93656,93656,3623,3623,3623,591,591,591,0.00,0.00,0.00,0.00,0.00,0.00,0.00,0.00,0.00,0.00,0.00,0.00,0.00,0.00,0.00,0.00,0.00,0.00,0.00,0.00,0.00,298787,358544,579228,309270,372172,594954,0,0,0,0,0,0,0,109935,0,137.05,137.08,137.11
1732,1,0,0,0,93625,93625,93625,3655,3655,3655,591,591,591,0.00,0.00,0.00,0.00,0.00,0.00,0.00,0.00,0.00,0.00,0.00,0.00,0.00,0.00,0.00,0.00,0.00,0.00,0.00,0.00,0.00,301406,364305,500599,314511,377934,516325,0,0,0,0,0,0,0,98797,0,123.32,123.34,123.38
1732,2,0,0,0,93620,93620,93620,3659,3659,3659,591,591,591,0.00,0.00,0.00,0.00,0.00,0.00,0.00,0.00,0.00,0.00,0.00,0.00,0.00,0.00,0.00,0.00,0.00,0.00,0.00,0.00,0.00,424434,523646,906853,437696,537791,919957,0,0,0,0,0,0,0,100836,0,125.62,125.68,125.73
1732,3,0,0,0,93660,93660,93660,3619,3619,3619,591,591,591,0.00,0.00,0.00,0.00,0.00,0.00,0.00,0.00,0.00,0.00,0.00,0.00,0.00,0.00,0.00,0.00,0.00,0.00,0.00,0.00,0.00,304029,358016,505818,317134,371645,518922,0,0,0,0,0,0,0,112431,0,139.81,139.86,139.92
1733,0,0,0,0,93656,93656,93656,3623,3623,3623,591,591,591,0.00,0.00,0.00,0.00,0.00,0.00,0.00,0.00,0.00,0.00,0.00,0.00,0.00,0.00,0.00,0.00,0.00,0.00,0.00,0.00,0.00,298791,448234,689308,314517,462345,705033,0,0,0,0,0,0,0,109964,0,137.05,137.08,137.11
1733,1,0,0,0,93625,93625,93625,3655,3655,3655,591,591,591,0.00,0.00,0.00,0.00,0.00,0.00,0.00,0.00,0.00,0.00,0.00,0.00,0.00,0.00,0.00,0.00,0.00,0.00,0.00,0.00,0.00,290926,349109,542534,301409,363261,558259,0,0,0,0,0,0,0,98862,0,123.29,123.31,123.36
1733,2,0,0,0,93620,93620,93620,3659,3659,3659,591,591,591,0.00,0.00,0.00,0.00,0.00,0.00,0.00,0.00,0.00,0.00,0.00,0.00,0.00,0.00,0.00,0.00,0.00,0.00,0.00,0.00,0.00,424595,541487,954023,440317,555640,967128,0,0,0,0,0,0,0,100830,0,125.72,125.74,125.76
1733,3,0,0,0,93660,93660,93660,3619,3619,3619,591,591,591,0.00,0.00,0.00,0.00,0.00,0.00,0.00,0.00,0.00,0.00,0.00,0.00,0.00,0.00,0.00,0.00,0.00,0.00,0.00,0.00,0.00,293552,324499,427215,304036,338599,442941,0,0,0,0,0,0,0,112307,0,139.96,140.00,140.05
1734,0,0,0,0,93656,93656,93656,3623,3623,3623,591,591,591,0.00,0.00,0.00,0.00,0.00,0.00,0.00,0.00,0.00,0.00,0.00,0.00,0.00,0.00,0.00,0.00,0.00,0.00,0.00,0.00,0.00,202685,313635,469148,211421,326915,484874,0,0,0,0,0,0,0,109933,0,137.12,137.14,137.15
1734,1,0,0,0,93625,93625,93625,3655,3655,3655,591,591,591,0.00,0.00,0.00,0.00,0.00,0.00,0.00,0.00,0.00,0.00,0.00,0.00,0.00,0.00,0.00,0.00,0.00,0.00,0.00,0.00,0.00,296164,376889,600193,311889,390169,615919,0,0,0,0,0,0,0,111201,0,123.33,123.35,123.37
1734,2,0,0,0,93620,93620,93620,3659,3659,3659,591,591,591,0.00,0.00,0.00,0.00,0.00,0.00,0.00,0.00,0.00,0.00,0.00,0.00,0.00,0.00,0.00,0.00,0.00,0.00,0.00,0.00,0.00,429835,808290,1842532,440319,821919,1858257,0,0,0,0,0,0,0,100777,0,125.62,125.66,125.71
1734,3,0,0,0,93660,93660,93660,3619,3619,3619,591,591,591,0.00,0.00,0.00,0.00,0.00,0.00,0.00,0.00,0.00,0.00,0.00,0.00,0.00,0.00,0.00,0.00,0.00,0.00,0.00,0.00,0.00,202686,513876,794156,211423,527155,807261,0,0,0,0,0,0,0,126196,0,139.74,139.78,139.82
1735,0,0,0,0,93656,93656,93656,3623,3623,3623,591,591,591,0.00,0.00,0.00,0.00,0.00,0.00,0.00,0.00,0.00,0.00,0.00,0.00,0.00,0.00,0.00,0.00,0.00,0.00,0.00,0.00,0.00,301407,538864,1234461,311892,552493,1247566,0,0,0,0,0,0,0,123689,0,137.14,137.19,137.24
1735,1,0,0,0,93625,93625,93625,3655,3655,3655,591,591,591,0.00,0.00,0.00,0.00,0.00,0.00,0.00,0.00,0.00,0.00,0.00,0.00,0.00,0.00,0.00,0.00,0.00,0.00,0.00,0.00,0.00,298784,356441,503220,311888,370594,516325,0,0,0,0,0,0,0,74048,0,123.33,123.34,123.36
1735,2,0,0,0,93620,93620,93620,3659,3659,3659,591,591,591,0.00,0.00,0.00,0.00,0.00,0.00,0.00,0.00,0.00,0.00,0.00,0.00,0.00,0.00,0.00,0.00,0.00,0.00,0.00,0.00,0.00,287372,507758,943549,297759,520843,959275,0,0,0,0,0,0,0,100741,0,125.64,125.65,125.69
1735,3,0,0,0,93660,93660,93660,3619,3619,3619,591,591,591,0.00,0.00,0.00,0.00,0.00,0.00,0.00,0.00,0.00,0.00,0.00,0.00,0.00,0.00,0.00,0.00,0.00,0.00,0.00,0.00,0.00,298783,351205,495362,311888,365359,508467,0,0,0,0,0,0,0,84225,0,139.80,139.85,139.89
1736,0,0,0,0,93656,93656,93656,3623,3623,3623,591,591,591,0.00,0.00,0.00,0.00,0.00,0.00,0.00,0.00,0.00,0.00,0.00,0.00,0.00,0.00,0.00,0.00,0.00,0.00,0.00,0.00,0.00,293546,394442,681411,309272,408858,694515,0,0,0,0,0,0,0,82461,0,137.07,137.09,137.12
1736,1,0,0,0,93625,93625,93625,3655,3655,3655,591,591,591,0.00,0.00,0.00,0.00,0.00,0.00,0.00,0.00,0.00,0.00,0.00,0.00,0.00,0.00,0.00,0.00,0.00,0.00,0.00,0.00,0.00,301405,381321,518943,317131,395080,529427,0,0,0,0,0,0,0,98813,0,123.30,123.32,123.35
1736,2,0,0,0,93620,93620,93620,3659,3659,3659,591,591,591,0.00,0.00,0.00,0.00,0.00,0.00,0.00,0.00,0.00,0.00,0.00,0.00,0.00,0.00,0.00,0.00,0.00,0.00,0.00,0.00,0.00,421976,549742,914712,435081,563501,927816,0,0,0,0,0,0,0,75672,0,125.69,125.77,125.81
1736,3,0,0,0,93660,93660,93660,3619,3619,3619,591,591,591,0.00,0.00,0.00,0.00,0.00,0.00,0.00,0.00,0.00,0.00,0.00,0.00,0.00,0.00,0.00,0.00,0.00,0.00,0.00,0.00,0.00,301403,315168,356452,311894,328273,372177,0,0,0,0,0,0,0,112301,0,139.76,139.78,139.83
1737,0,0,0,0,93656,93656,93656,3623,3623,3623,591,591,591,0.00,0.00,0.00,0.00,0.00,0.00,0.00,0.00,0.00,0.00,0.00,0.00,0.00,0.00,0.00,0.00,0.00,0.00,0.00,0.00,0.00,202685,346278,594954,211422,358995,610680,0,0,0,0,0,0,0,109888,0,137.03,137.07,137.10
1737,1,0,0,0,93625,93625,93625,3655,3655,3655,591,591,591,0.00,0.00,0.00,0.00,0.00,0.00,0.00,0.00,0.00,0.00,0.00,0.00,0.00,0.00,0.00,0.00,0.00,0.00,0.00,0.00,0.00,288304,346992,547777,303123,360620,560882,0,0,0,0,0,0,0,98876,0,123.26,123.28,123.32
1737,2,0,0,0,93620,93620,93620,3659,3659,3659,591,591,591,0.00,0.00,0.00,0.00,0.00,0.00,0.00,0.00,0.00,0.00,0.00,0.00,0.00,0.00,0.00,0.00,0.00,0.00,0.00,0.00,0.00,424589,535184,946112,437694,548813,959216,0,0,0,0,0,0,0,113494,0,125.86,125.87,125.89
1737,3,0,0,0,93660,93660,93660,3619,3619,3619,591,591,591,0.00,0.00,0.00,0.00,0.00,0.00,0.00,0.00,0.00,0.00,0.00,0.00,0.00,0.00,0.00,0.00,0.00,0.00,0.00,0.00,0.00,199194,302050,416740,209678,315638,432466,0,0,0,0,0,0,0,112320,0,139.85,139.93,139.96
1738,0,0,0,0,93656,93656,93656,3623,3623,3623,591,591,591,0.00,0.00,0.00,0.00,0.00,0.00,0.00,0.00,0.00,0.00,0.00,0.00,0.00,0.00,0.00,0.00,0.00,0.00,0.00,0.00,0.00,293548,331810,461281,309274,345963,474386,0,0,0,0,0,0,0,109937,0,137.12,137.14,137.16
1738,1,0,0,0,93625,93625,93625,3655,3655,3655,591,591,591,0.00,0.00,0.00,0.00,0.00,0.00,0.00,0.00,0.00,0.00,0.00,0.00,0.00,0.00,0.00,0.00,0.00,0.00,0.00,0.00,0.00,304030,331567,377417,319755,344669,390521,0,0,0,0,0,0,0,111196,0,123.27,123.29,123.34
1738,2,0,0,0,93620,93620,93620,3659,3659,3659,591,591,591,0.00,0.00,0.00,0.00,0.00,0.00,0.00,0.00,0.00,0.00,0.00,0.00,0.00,0.00,0.00,0.00,0.00,0.00,0.00,0.00,0.00,427206,817734,1978813,440320,832411,1991918,0,0,0,0,0,0,0,100800,0,125.69,125.74,125.84
1738,3,0,0,0,93660,93660,93660,3619,3619,3619,591,591,591,0.00,0.00,0.00,0.00,0.00,0.00,0.00,0.00,0.00,0.00,0.00,0.00,0.00,0.00,0.00,0.00,0.00,0.00,0.00,0.00,0.00,301405,487496,946163,314515,501125,956647,0,0,0,0,0,0,0,126312,0,139.90,139.93,140.00
1739,0,0,0,0,93656,93656,93656,3623,3623,3623,591,591,591,0.00,0.00,0.00,0.00,0.00,0.00,0.00,0.00,0.00,0.00,0.00,0.00,0.00,0.00,0.00,0.00,0.00,0.00,0.00,0.00,0.00,298784,540950,1221300,311889,554578,1234404,0,0,0,0,0,0,0,109828,0,136.97,137.05,137.13
1739,1,0,0,0,93625,93625,93625,3655,3655,3655,591,591,591,0.00,0.00,0.00,0.00,0.00,0.00,0.00,0.00,0.00,0.00,0.00,0.00,0.00,0.00,0.00,0.00,0.00,0.00,0.00,0.00,0.00,297895,366751,508460,310960,380372,521564,0,0,0,0,0,0,0,98816,0,123.36,123.38,123.40
1739,2,0,0,0,93620,93620,93620,3659,3659,3659,591,591,591,0.00,0.00,0.00,0.00,0.00,0.00,0.00,0.00,0.00,0.00,0.00,0.00,0.00,0.00,0.00,0.00,0.00,0.00,0.00,0.00,0.00,283658,503709,961892,292306,515820,974997,0,0,0,0,0,0,0,100818,0,125.66,125.69,125.71
1739,3,0,0,0,93660,93660,93660,3619,3619,3619,591,591,591,0.00,0.00,0.00,0.00,0.00,0.00,0.00,0.00,0.00,0.00,0.00,0.00,0.00,0.00,0.00,0.00,0.00,0.00,0.00,0.00,0.00,306652,348055,495331,319757,361684,508435,0,0,0,0,0,0,0,112249,0,139.78,139.84,139.90
1740,0,0,0,0,93656,93656,93656,3623,3623,3623,591,591,591,0.00,0.00,0.00,0.00,0.00,0.00,0.00,0.00,0.00,0.00,0.00,0.00,0.00,0.00,0.00,0.00,0.00,0.00,0.00,0.00,0.00,301405,381083,670960,314509,395236,684065,0,0,0,0,0,0,0,109931,0,136.98,137.01,137.04
1740,1,0,0,0,93625,93625,93625,3655,3655,3655,591,591,591,0.00,0.00,0.00,0.00,0.00,0.00,0.00,0.00,0.00,0.00,0.00,0.00,0.00,0.00,0.00,0.00,0.00,0.00,0.00,0.00,0.00,301408,369783,546337,317134,384453,559407,0,0,0,0,0,0,0,98849,0,123.30,123.31,123.32
1740,2,0,0,0,93620,93620,93620,3659,3659,3659,591,591,591,0.00,0.00,0.00,0.00,0.00,0.00,0.00,0.00,0.00,0.00,0.00,0.00,0.00,0.00,0.00,0.00,0.00,0.00,0.00,0.00,0.00,424592,637229,953102,440318,651514,969488,0,0,0,0,0,0,0,100892,0,125.78,125.80,125.82
1740,3,0,0,0,93660,93660,93660,3619,3619,3619,591,591,591,0.00,0.00,0.00,0.00,0.00,0.00,0.00,0.00,0.00,0.00,0.00,0.00,0.00,0.00,0.00,0.00,0.00,0.00,0.00,0.00,0.00,296167,310319,356446,309271,324472,369550,0,0,0,0,0,0,0,112346,0,139.80,139.85,139.91
1741,0,0,0,0,93656,93656,93656,3623,3623,3623,591,591,591,0.00,0.00,0.00,0.00,0.00,0.00,0.00,0.00,0.00,0.00,0.00,0.00,0.00,0.00,0.00,0.00,0.00,0.00,0.00,0.00,0.00,188707,334835,568154,197444,348029,580836,0,0,0,0,0,0,0,109853,0,137.08,137.10,137.13
1741,1,0,0,0,93625,93625,93625,3655,3655,3655,591,591,591,0.00,0.00,0.00,0.00,0.00,0.00,0.00,0.00,0.00,0.00,0.00,0.00,0.00,0.00,0.00,0.00,0.00,0.00,0.00,0.00,0.00,293543,307496,334472,306647,321115,350150,0,0,0,0,0,0,0,98938,0,123.36,123.38,123.41
1741,2,0,0,0,93620,93620,93620,3659,3659,3659,591,591,591,0.00,0.00,0.00,0.00,0.00,0.00,0.00,0.00,0.00,0.00,0.00,0.00,0.00,0.00,0.00,0.00,0.00,0.00,0.00,0.00,0.00,427213,722330,1818928,442939,737008,1832032,0,0,0,0,0,0,0,113473,0,125.67,125.72,125.76
1741,3,0,0,0,93660,93660,93660,3619,3619,3619,591,591,591,0.00,0.00,0.00,0.00,0.00,0.00,0.00,0.00,0.00,0.00,0.00,0.00,0.00,0.00,0.00,0.00,0.00,0.00,0.00,0.00,0.00,202689,300845,402637,209678,314242,415460,0,0,0,0,0,0,0,126314,0,139.77,139.81,139.84
1742,0,0,0,0,93656,93656,93656,3623,3623,3623,591,591,591,0.00,0.00,0.00,0.00,0.00,0.00,0.00,0.00,0.00,0.00,0.00,0.00,0.00,0.00,0.00,0.00,0.00,0.00,0.00,0.00,0.00,298787,521565,1247567,311892,535718,1263292,0,0,0,0,0,0,0,123743,0,137.15,137.20,137.26
1742,1,0,0,0,93625,93625,93625,3655,3655,3655,591,591,591,0.00,0.00,0.00,0.00,0.00,0.00,0.00,0.00,0.00,0.00,0.00,0.00,0.00,0.00,0.00,0.00,0.00,0.00,0.00,0.00,0.00,256448,362921,532055,263426,375837,547781,0,0,0,0,0,0,0,111110,0,123.33,123.35,123.37
1742,2,0,0,0,93620,93620,93620,3659,3659,3659,591,591,591,0.00,0.00,0.00,0.00,0.00,0.00,0.00,0.00,0.00,0.00,0.00,0.00,0.00,0.00,0.00,0.00,0.00,0.00,0.00,0.00,0.00,424595,636881,975001,440321,650510,990726,0,0,0,0,0,0,0,100716,0,125.45,125.48,125.53
1742,3,0,0,0,93660,93660,93660,3619,3619,3619,591,591,591,0.00,0.00,0.00,0.00,0.00,0.00,0.00,0.00,0.00,0.00,0.00,0.00,0.00,0.00,0.00,0.00,0.00,0.00,0.00,0.00,0.00,298788,502695,1003812,311894,516849,1016917,0,0,0,0,0,0,0,112303,0,139.83,139.85,139.88
1743,0,0,0,0,93656,93656,93656,3623,3623,3623,591,591,591,0.00,0.00,0.00,0.00,0.00,0.00,0.00,0.00,0.00,0.00,0.00,0.00,0.00,0.00,0.00,0.00,0.00,0.00,0.00,0.00,0.00,298786,345963,518949,311890,359592,532054,0,0,0,0,0,0,0,82377,0,137.04,137.10,137.15
1743,1,0,0,0,93625,93625,93625,3655,3655,3655,591,591,591,0.00,0.00,0.00,0.00,0.00,0.00,0.00,0.00,0.00,0.00,0.00,0.00,0.00,0.00,0.00,0.00,0.00,0.00,0.00,0.00,0.00,296163,359412,511974,311889,373566,522422,0,0,0,0,0,0,0,74085,0,123.26,123.31,123.35
1743,2,0,0,0,93620,93620,93620,3659,3659,3659,591,591,591,0.00,0.00,0.00,0.00,0.00,0.00,0.00,0.00,0.00,0.00,0.00,0.00,0.00,0.00,0.00,0.00,0.00,0.00,0.00,0.00,0.00,279638,489438,893762,286458,502858,909488,0,0,0,0,0,0,0,100828,0,125.52,125.59,125.71
1743,3,0,0,0,93660,93660,93660,3619,3619,3619,591,591,591,0.00,0.00,0.00,0.00,0.00,0.00,0.00,0.00,0.00,0.00,0.00,0.00,0.00,0.00,0.00,0.00,0.00,0.00,0.00,0.00,0.00,296167,348061,461281,311893,361690,474386,0,0,0,0,0,0,0,84291,0,139.89,139.90,139.91
1744,0,0,0,0,93656,93656,93656,3623,3623,3623,591,591,591,0.00,0.00,0.00,0.00,0.00,0.00,0.00,0.00,0.00,0.00,0.00,0.00,0.00,0.00,0.00,0.00,0.00,0.00,0.00,0.00,0.00,309272,406896,684066,324997,420656,699792,0,0,0,0,0,0,0,109752,0,136.91,136.94,137.02
1744,1,0,0,0,93625,93625,93625,3655,3655,3655,591,591,591,0.00,0.00,0.00,0.00,0.00,0.00,0.00,0.00,0.00,0.00,0.00,0.00,0.00,0.00,0.00,0.00,0.00,0.00,0.00,0.00,0.00,300000,375944,563503,315789,389706,576608,0,0,0,0,0,0,0,98843,0,123.26,123.29,123.30
1744,2,0,0,0,93620,93620,93620,3659,3659,3659,591,591,591,0.00,0.00,0.00,0.00,0.00,0.00,0.00,0.00,0.00,0.00,0.00,0.00,0.00,0.00,0.00,0.00,0.00,0.00,0.00,0.00,0.00,429828,568729,974937,442933,581834,990662,0,0,0,0,0,0,0,75558,0,125.65,125.72,125.75
1744,3,0,0,0,93660,93660,93660,3619,3619,3619,591,591,591,0.00,0.00,0.00,0.00,0.00,0.00,0.00,0.00,0.00,0.00,0.00,0.00,0.00,0.00,0.00,0.00,0.00,0.00,0.00,0.00,0.00,301405,321061,372176,317130,334821,385281,0,0,0,0,0,0,0,112525,0,139.86,139.92,140.02
1745,0,0,0,0,93656,93656,93656,3623,3623,3623,591,591,591,0.00,0.00,0.00,0.00,0.00,0.00,0.00,0.00,0.00,0.00,0.00,0.00,0.00,0.00,0.00,0.00,0.00,0.00,0.00,0.00,0.00,197193,378063,597580,205842,390801,613306,0,0,0,0,0,0,0,109932,0,136.94,137.04,137.08
1745,1,0,0,0,93625,93625,93625,3655,3655,3655,591,591,591,0.00,0.00,0.00,0.00,0.00,0.00,0.00,0.00,0.00,0.00,0.00,0.00,0.00,0.00,0.00,0.00,0.00,0.00,0.00,0.00,0.00,290924,299114,307135,306650,313261,320149,0,0,0,0,0,0,0,98774,0,123.10,123.18,123.27
1745,2,0,0,0,93620,93620,93620,3659,3659,3659,591,591,591,0.00,0.00,0.00,0.00,0.00,0.00,0.00,0.00,0.00,0.00,0.00,0.00,0.00,0.00,0.00,0.00,0.00,0.00,0.00,0.00,0.00,429835,816681,1926394,442940,830835,1939499,0,0,0,0,0,0,0,113433,0,125.66,125.67,125.70
1745,3,0,0,0,93660,93660,93660,3619,3619,3619,591,591,591,0.00,0.00,0.00,0.00,0.00,0.00,0.00,0.00,0.00,0.00,0.00,0.00,0.00,0.00,0.00,0.00,0.00,0.00,0.00,0.00,0.00,200942,424598,1027416,207931,438014,1043142,0,0,0,0,0,0,0,126539,0,139.97,140.03,140.09
1746,0,0,0,0,93656,93656,93656,3623,3623,3623,591,591,591,0.00,0.00,0.00,0.00,0.00,0.00,0.00,0.00,0.00,0.00,0.00,0.00,0.00,0.00,0.00,0.00,0.00,0.00,0.00,0.00,0.00,293542,481725,1197778,309268,495878,1208262,0,0,0,0,0,0,0,123729,0,137.03,137.07,137.12
1746,1,0,0,0,93625,93625,93625,3655,3655,3655,591,591,591,0.00,0.00,0.00,0.00,0.00,0.00,0.00,0.00,0.00,0.00,0.00,0.00,0.00,0.00,0.00,0.00,0.00,0.00,0.00,0.00,0.00,276072,369519,507496,286556,382030,522875,0,0,0,0,0,0,0,98770,0,123.14,123.22,123.34
1746,2,0,0,0,93620,93620,93620,3659,3659,3659,591,591,591,0.00,0.00,0.00,0.00,0.00,0.00,0.00,0.00,0.00,0.00,0.00,0.00,0.00,0.00,0.00,0.00,0.00,0.00,0.00,0.00,0.00,427216,533622,946154,442931,547775,961879,0,0,0,0,0,0,0,100709,0,125.60,125.62,125.65
1746,3,0,0,0,93660,93660,93660,3619,3619,3619,591,591,591,0.00,0.00,0.00,0.00,0.00,0.00,0.00,0.00,0.00,0.00,0.00,0.00,0.00,0.00,0.00,0.00,0.00,0.00,0.00,0.00,0.00,301407,378465,555641,314514,392618,568746,0,0,0,0,0,0,0,112394,0,139.95,139.98,140.03
1747,0,0,0,0,93656,93656,93656,3623,3623,3623,591,591,591,0.00,0.00,0.00,0.00,0.00,0.00,0.00,0.00,0.00,0.00,0.00,0.00,0.00,0.00,0.00,0.00,0.00,0.00,0.00,0.00,0.00,298785,434551,676203,314510,448703,689308,0,0,0,0,0,0,0,109954,0,137.13,137.16,137.18
1747,1,0,0,0,93625,93625,93625,3655,3655,3655,591,591,591,0.00,0.00,0.00,0.00,0.00,0.00,0.00,0.00,0.00,0.00,0.00,0.00,0.00,0.00,0.00,0.00,0.00,0.00,0.00,0.00,0.00,298788,362207,497975,314513,376884,511080,0,0,0,0,0,0,0,98863,0,123.36,123.39,123.43
1747,2,0,0,0,93620,93620,93620,3659,3659,3659,591,591,591,0.00,0.00,0.00,0.00,0.00,0.00,0.00,0.00,0.00,0.00,0.00,0.00,0.00,0.00,0.00,0.00,0.00,0.00,0.00,0.00,0.00,427188,467250,593327,440292,479810,603706,0,0,0,0,0,0,0,100631,0,125.38,125.45,125.54
1747,3,0,0,0,93660,93660,93660,3619,3619,3619,591,591,591,0.00,0.00,0.00,0.00,0.00,0.00,0.00,0.00,0.00,0.00,0.00,0.00,0.00,0.00,0.00,0.00,0.00,0.00,0.00,0.00,0.00,298790,334429,463910,311895,348058,477014,0,0,0,0,0,0,0,112161,0,139.81,139.90,140.01
1748,0,0,0,0,93656,93656,93656,3623,3623,3623,591,591,591,0.00,0.00,0.00,0.00,0.00,0.00,0.00,0.00,0.00,0.00,0.00,0.00,0.00,0.00,0.00,0.00,0.00,0.00,0.00,0.00,0.00,298786,366931,597581,311890,380560,610685,0,0,0,0,0,0,0,109977,0,137.11,137.16,137.22
1748,1,0,0,0,93625,93625,93625,3655,3655,3655,591,591,591,0.00,0.00,0.00,0.00,0.00,0.00,0.00,0.00,0.00,0.00,0.00,0.00,0.00,0.00,0.00,0.00,0.00,0.00,0.00,0.00,0.00,296165,412012,615928,309270,425641,629032,0,0,0,0,0,0,0,98825,0,123.33,123.35,123.38
1748,2,0,0,0,93620,93620,93620,3659,3659,3659,591,591,591,0.00,0.00,0.00,0.00,0.00,0.00,0.00,0.00,0.00,0.00,0.00,0.00,0.00,0.00,0.00,0.00,0.00,0.00,0.00,0.00,0.00,424595,537293,927813,437700,551971,940918,0,0,0,0,0,0,0,113304,0,125.43,125.50,125.56
1748,3,0,0,0,93660,93660,93660,3619,3619,3619,591,591,591,0.00,0.00,0.00,0.00,0.00,0.00,0.00,0.00,0.00,0.00,0.00,0.00,0.00,0.00,0.00,0.00,0.00,0.00,0.00,0.00,0.00,296167,325521,414114,311893,339674,427219,0,0,0,0,0,0,0,112248,0,139.66,139.72,139.75
1749,0,0,0,0,93656,93656,93656,3623,3623,3623,591,591,591,0.00,0.00,0.00,0.00,0.00,0.00,0.00,0.00,0.00,0.00,0.00,0.00,0.00,0.00,0.00,0.00,0.00,0.00,0.00,0.00,0.00,197419,314267,461284,206154,327497,477009,0,0,0,0,0,0,0,109788,0,137.03,137.06,137.17
1749,1,0,0,0,93625,93625,93625,3655,3655,3655,591,591,591,0.00,0.00,0.00,0.00,0.00,0.00,0.00,0.00,0.00,0.00,0.00,0.00,0.00,0.00,0.00,0.00,0.00,0.00,0.00,0.00,0.00,293544,357606,526154,306649,371700,539243,0,0,0,0,0,0,0,111071,0,123.30,123.38,123.44
1749,2,0,0,0,93620,93620,93620,3659,3659,3659,591,591,591,0.00,0.00,0.00,0.00,0.00,0.00,0.00,0.00,0.00,0.00,0.00,0.00,0.00,0.00,0.00,0.00,0.00,0.00,0.00,0.00,0.00,435054,820877,1858259,445561,834506,1871363,0,0,0,0,0,0,0,100683,0,125.58,125.61,125.63
1749,3,0,0,0,93660,93660,93660,3619,3619,3619,591,591,591,0.00,0.00,0.00,0.00,0.00,0.00,0.00,0.00,0.00,0.00,0.00,0.00,0.00,0.00,0.00,0.00,0.00,0.00,0.00,0.00,0.00,301410,494302,849140,317136,507581,864864,0,0,0,0,0,0,0,112172,0,139.75,139.81,139.86
1750,0,0,0,0,93656,93656,93656,3623,3623,3623,591,591,591,0.00,0.00,0.00,0.00,0.00,0.00,0.00,0.00,0.00,0.00,0.00,0.00,0.00,0.00,0.00,0.00,0.00,0.00,0.00,0.00,0.00,301408,534145,1200389,314513,548298,1216114,0,0,0,0,0,0,0,82511,0,137.07,137.16,137.19
1750,1,0,0,0,93625,93625,93625,3655,3655,3655,591,591,591,0.00,0.00,0.00,0.00,0.00,0.00,0.00,0.00,0.00,0.00,0.00,0.00,0.00,0.00,0.00,0.00,0.00,0.00,0.00,0.00,0.00,154634,332331,526812,167739,345086,539917,0,0,0,0,0,0,0,74082,0,123.19,123.25,123.30
1750,2,0,0,0,93620,93620,93620,3659,3659,3659,591,591,591,0.00,0.00,0.00,0.00,0.00,0.00,0.00,0.00,0.00,0.00,0.00,0.00,0.00,0.00,0.00,0.00,0.00,0.00,0.00,0.00,0.00,429834,539914,961886,442939,553543,974991,0,0,0,0,0,0,0,100654,0,125.54,125.57,125.60
1750,3,0,0,0,93660,93660,93660,3619,3619,3619,591,591,591,0.00,0.00,0.00,0.00,0.00,0.00,0.00,0.00,0.00,0.00,0.00,0.00,0.00,0.00,0.00,0.00,0.00,0.00,0.00,0.00,0.00,301404,344393,497986,311887,358022,513712,0,0,0,0,0,0,0,84146,0,139.79,139.87,139.91
1751,0,0,0,0,93656,93656,93656,3623,3623,3623,591,591,591,0.00,0.00,0.00,0.00,0.00,0.00,0.00,0.00,0.00,0.00,0.00,0.00,0.00,0.00,0.00,0.00,0.00,0.00,0.00,0.00,0.00,301409,400999,686685,317135,414759,699790,0,0,0,0,0,0,0,109998,0,137.13,137.17,137.20
1751,1,0,0,0,93625,93625,93625,3655,3655,3655,591,591,591,0.00,0.00,0.00,0.00,0.00,0.00,0.00,0.00,0.00,0.00,0.00,0.00,0.00,0.00,0.00,0.00,0.00,0.00,0.00,0.00,0.00,306646,381999,542529,322372,396414,558254,0,0,0,0,0,0,0,98873,0,123.34,123.37,123.39
1751,2,0,0,0,93620,93620,93620,3659,3659,3659,591,591,591,0.00,0.00,0.00,0.00,0.00,0.00,0.00,0.00,0.00,0.00,0.00,0.00,0.00,0.00,0.00,0.00,0.00,0.00,0.00,0.00,0.00,429840,486583,630605,442945,499906,639339,0,0,0,0,0,0,0,75644,0,125.50,125.56,125.64
1751,3,0,0,0,93660,93660,93660,3619,3619,3619,591,591,591,0.00,0.00,0.00,0.00,0.00,0.00,0.00,0.00,0.00,0.00,0.00,0.00,0.00,0.00,0.00,0.00,0.00,0.00,0.00,0.00,0.00,293548,313203,359069,309274,327618,374794,0,0,0,0,0,0,0,112236,0,139.69,139.74,139.78
1752,0,0,0,0,93656,93656,93656,3623,3623,3623,591,591,591,0.00,0.00,0.00,0.00,0.00,0.00,0.00,0.00,0.00,0.00,0.00,0.00,0.00,0.00,0.00,0.00,0.00,0.00,0.00,0.00,0.00,296166,369551,634264,309271,383704,647369,0,0,0,0,0,0,0,109834,0,137.07,137.11,137.16
1752,1,0,0,0,93625,93625,93625,3655,3655,3655,591,591,591,0.00,0.00,0.00,0.00,0.00,0.00,0.00,0.00,0.00,0.00,0.00,0.00,0.00,0.00,0.00,0.00,0.00,0.00,0.00,0.00,0.00,290924,360635,594942,306649,374263,608046,0,0,0,0,0,0,0,98733,0,123.27,123.32,123.37
1752,2,0,0,0,93620,93620,93620,3659,3659,3659,591,591,591,0.00,0.00,0.00,0.00,0.00,0.00,0.00,0.00,0.00,0.00,0.00,0.00,0.00,0.00,0.00,0.00,0.00,0.00,0.00,0.00,0.00,440319,827158,1897525,456045,840787,1910630,0,0,0,0,0,0,0,113350,0,125.57,125.61,125.63
1752,3,0,0,0,93660,93660,93660,3619,3619,3619,591,591,591,0.00,0.00,0.00,0.00,0.00,0.00,0.00,0.00,0.00,0.00,0.00,0.00,0.00,0.00,0.00,0.00,0.00,0.00,0.00,0.00,0.00,301392,328138,419347,311875,341767,435072,0,0,0,0,0,0,0,126340,0,139.75,139.80,139.83
1753,0,0,0,0,93656,93656,93656,3623,3623,3623,591,591,591,0.00,0.00,0.00,0.00,0.00,0.00,0.00,0.00,0.00,0.00,0.00,0.00,0.00,0.00,0.00,0.00,0.00,0.00,0.00,0.00,0.00,195285,313206,474390,203926,325942,487495,0,0,0,0,0,0,0,123678,0,137.06,137.10,137.18
1753,1,0,0,0,93625,93625,93625,3655,3655,3655,591,591,591,0.00,0.00,0.00,0.00,0.00,0.00,0.00,0.00,0.00,0.00,0.00,0.00,0.00,0.00,0.00,0.00,0.00,0.00,0.00,0.00,0.00,296164,404293,524193,309269,418357,537298,0,0,0,0,0,0,0,111140,0,123.18,123.23,123.30
1753,2,0,0,0,93620,93620,93620,3659,3659,3659,591,591,591,0.00,0.00,0.00,0.00,0.00,0.00,0.00,0.00,0.00,0.00,0.00,0.00,0.00,0.00,0.00,0.00,0.00,0.00,0.00,0.00,0.00,427203,509510,822981,442928,523663,838706,0,0,0,0,0,0,0,100706,0,125.56,125.58,125.60
1753,3,0,0,0,93660,93660,93660,3619,3619,3619,591,591,591,0.00,0.00,0.00,0.00,0.00,0.00,0.00,0.00,0.00,0.00,0.00,0.00,0.00,0.00,0.00,0.00,0.00,0.00,0.00,0.00,0.00,301411,493436,872770,317136,506716,888495,0,0,0,0,0,0,0,112274,0,139.99,140.04,140.09
1754,0,0,0,0,93656,93656,93656,3623,3623,3623,591,591,591,0.00,0.00,0.00,0.00,0.00,0.00,0.00,0.00,0.00,0.00,0.00,0.00,0.00,0.00,0.00,0.00,0.00,0.00,0.00,0.00,0.00,296164,535190,1187289,309269,548819,1203015,0,0,0,0,0,0,0,109932,0,137.15,137.20,137.24
1754,1,0,0,0,93625,93625,93625,3655,3655,3655,591,591,591,0.00,0.00,0.00,0.00,0.00,0.00,0.00,0.00,0.00,0.00,0.00,0.00,0.00,0.00,0.00,0.00,0.00,0.00,0.00,0.00,0.00,207927,330411,511079,216663,343166,526804,0,0,0,0,0,0,0,98823,0,123.30,123.33,123.38
1754,2,0,0,0,93620,93620,93620,3659,3659,3659,591,591,591,0.00,0.00,0.00,0.00,0.00,0.00,0.00,0.00,0.00,0.00,0.00,0.00,0.00,0.00,0.00,0.00,0.00,0.00,0.00,0.00,0.00,427190,637407,972380,442915,651036,988106,0,0,0,0,0,0,0,100786,0,125.64,125.69,125.75
1754,3,0,0,0,93660,93660,93660,3619,3619,3619,591,591,591,0.00,0.00,0.00,0.00,0.00,0.00,0.00,0.00,0.00,0.00,0.00,0.00,0.00,0.00,0.00,0.00,0.00,0.00,0.00,0.00,0.00,298788,341243,503217,311893,354872,518942,0,0,0,0,0,0,0,112291,0,139.83,139.87,139.94
1755,0,0,0,0,93656,93656,93656,3623,3623,3623,591,591,591,0.00,0.00,0.00,0.00,0.00,0.00,0.00,0.00,0.00,0.00,0.00,0.00,0.00,0.00,0.00,0.00,0.00,0.00,0.00,0.00,0.00,306650,386325,686684,322376,400479,699789,0,0,0,0,0,0,0,109955,0,137.02,137.05,137.08
1755,1,0,0,0,93625,93625,93625,3655,3655,3655,591,591,591,0.00,0.00,0.00,0.00,0.00,0.00,0.00,0.00,0.00,0.00,0.00,0.00,0.00,0.00,0.00,0.00,0.00,0.00,0.00,0.00,0.00,304028,380031,553018,317133,394184,568744,0,0,0,0,0,0,0,98836,0,123.33,123.36,123.39
1755,2,0,0,0,93620,93620,93620,3659,3659,3659,591,591,591,0.00,0.00,0.00,0.00,0.00,0.00,0.00,0.00,0.00,0.00,0.00,0.00,0.00,0.00,0.00,0.00,0.00,0.00,0.00,0.00,0.00,285923,501710,948786,296321,515333,959269,0,0,0,0,0,0,0,100902,0,125.66,125.69,125.76
1755,3,0,0,0,93660,93660,93660,3619,3619,3619,591,591,591,0.00,0.00,0.00,0.00,0.00,0.00,0.00,0.00,0.00,0.00,0.00,0.00,0.00,0.00,0.00,0.00,0.00,0.00,0.00,0.00,0.00,301410,349634,453423,317132,363263,466528,0,0,0,0,0,0,0,112316,0,139.83,139.87,139.89
1756,0,0,0,0,93656,93656,93656,3623,3623,3623,591,591,591,0.00,0.00,0.00,0.00,0.00,0.00,0.00,0.00,0.00,0.00,0.00,0.00,0.00,0.00,0.00,0.00,0.00,0.00,0.00,0.00,0.00,197438,370773,594952,206174,384576,608057,0,0,0,0,0,0,0,109836,0,137.12,137.16,137.18
1756,1,0,0,0,93625,93625,93625,3655,3655,3655,591,591,591,0.00,0.00,0.00,0.00,0.00,0.00,0.00,0.00,0.00,0.00,0.00,0.00,0.00,0.00,0.00,0.00,0.00,0.00,0.00,0.00,0.00,304027,377414,647373,317134,391567,663099,0,0,0,0,0,0,0,98795,0,123.33,123.37,123.41
1756,2,0,0,0,93620,93620,93620,3659,3659,3659,591,591,591,0.00,0.00,0.00,0.00,0.00,0.00,0.00,0.00,0.00,0.00,0.00,0.00,0.00,0.00,0.00,0.00,0.00,0.00,0.00,0.00,0.00,429836,815638,1813690,442940,829267,1824174,0,0,0,0,0,0,0,113453,0,125.68,125.72,125.75
1756,3,0,0,0,93660,93660,93660,3619,3619,3619,591,591,591,0.00,0.00,0.00,0.00,0.00,0.00,0.00,0.00,0.00,0.00,0.00,0.00,0.00,0.00,0.00,0.00,0.00,0.00,0.00,0.00,0.00,301409,425108,836036,314513,438737,851761,0,0,0,0,0,0,0,126306,0,139.82,139.86,139.89
1757,0,0,0,0,93656,93656,93656,3623,3623,3623,591,591,591,0.00,0.00,0.00,0.00,0.00,0.00,0.00,0.00,0.00,0.00,0.00,0.00,0.00,0.00,0.00,0.00,0.00,0.00,0.00,0.00,0.00,298786,481727,1184661,311890,494832,1197766,0,0,0,0,0,0,0,123745,0,137.07,137.08,137.10
1757,1,0,0,0,93625,93625,93625,3655,3655,3655,591,591,591,0.00,0.00,0.00,0.00,0.00,0.00,0.00,0.00,0.00,0.00,0.00,0.00,0.00,0.00,0.00,0.00,0.00,0.00,0.00,0.00,0.00,309247,435131,639816,324971,448752,650262,0,0,0,0,0,0,0,98753,0,123.25,123.29,123.34
1757,2,0,0,0,93620,93620,93620,3659,3659,3659,591,591,591,0.00,0.00,0.00,0.00,0.00,0.00,0.00,0.00,0.00,0.00,0.00,0.00,0.00,0.00,0.00,0.00,0.00,0.00,0.00,0.00,0.00,427215,544629,993344,442941,558782,1006449,0,0,0,0,0,0,0,100828,0,125.66,125.67,125.68
1757,3,0,0,0,93660,93660,93660,3619,3619,3619,591,591,591,0.00,0.00,0.00,0.00,0.00,0.00,0.00,0.00,0.00,0.00,0.00,0.00,0.00,0.00,0.00,0.00,0.00,0.00,0.00,0.00,0.00,298790,402053,610673,314515,415682,623777,0,0,0,0,0,0,0,84200,0,139.76,139.79,139.82
1758,0,0,0,0,93656,93656,93656,3623,3623,3623,591,591,591,0.00,0.00,0.00,0.00,0.00,0.00,0.00,0.00,0.00,0.00,0.00,0.00,0.00,0.00,0.00,0.00,0.00,0.00,0.00,0.00,0.00,301406,437170,718134,314510,451847,733859,0,0,0,0,0,0,0,82427,0,137.03,137.07,137.11
1758,1,0,0,0,93625,93625,93625,3654,3654,3655,591,591,591,0.00,0.00,0.00,0.00,0.00,0.00,0.00,0.00,0.00,0.00,0.00,0.00,0.00,0.00,0.00,0.00,0.00,0.00,0.00,0.00,0.00,199191,344389,513702,207927,357668,529428,0,0,0,0,0,0,0,74095,0,123.34,123.37,123.40
1758,2,0,0,0,93620,93620,93620,3659,3659,3659,591,591,591,0.00,0.00,0.00,0.00,0.00,0.00,0.00,0.00,0.00,0.00,0.00,0.00,0.00,0.00,0.00,0.00,0.00,0.00,0.00,0.00,0.00,288796,493886,875399,297442,506623,888503,0,0,0,0,0,0,0,100793,0,125.65,125.71,125.74
1758,3,0,0,0,93660,93660,93660,3619,3619,3619,591,591,591,0.00,0.00,0.00,0.00,0.00,0.00,0.00,0.00,0.00,0.00,0.00,0.00,0.00,0.00,0.00,0.00,0.00,0.00,0.00,0.00,0.00,301414,346488,511083,317131,360117,524188,0,0,0,0,0,0,0,112374,0,139.81,139.87,139.92
1759,0,0,0,0,93656,93656,93656,3623,3623,3623,591,591,591,0.00,0.00,0.00,0.00,0.00,0.00,0.00,0.00,0.00,0.00,0.00,0.00,0.00,0.00,0.00,0.00,0.00,0.00,0.00,0.00,0.00,309255,376755,576608,322373,389860,589713,0,0,0,0,0,0,0,109843,0,137.02,137.05,137.07
1759,1,0,0,0,93625,93625,93625,3654,3654,3654,591,591,591,0.00,0.00,0.00,0.00,0.00,0.00,0.00,0.00,0.00,0.00,0.00,0.00,0.00,0.00,0.00,0.00,0.00,0.00,0.00,0.00,0.00,293540,353825,516323,306647,367584,532048,0,0,0,0,0,0,0,98803,0,123.27,123.31,123.33
1759,2,0,0,0,93620,93620,93620,3659,3659,3659,591,591,591,0.00,0.00,0.00,0.00,0.00,0.00,0.00,0.00,0.00,0.00,0.00,0.00,0.00,0.00,0.00,0.00,0.00,0.00,0.00,0.00,0.00,427232,556950,909482,442958,571366,919966,0,0,0,0,0,0,0,75632,0,125.62,125.67,125.74
1759,3,0,0,0,93660,93660,93660,3619,3619,3619,591,591,591,0.00,0.00,0.00,0.00,0.00,0.00,0.00,0.00,0.00,0.00,0.00,0.00,0.00,0.00,0.00,0.00,0.00,0.00,0.00,0.00,0.00,301407,333509,408849,314512,347924,424574,0,0,0,0,0,0,0,112222,0,139.78,139.83,139.91
1760,0,0,0,0,93656,93656,93656,3623,3623,3623,591,591,591,0.00,0.00,0.00,0.00,0.00,0.00,0.00,0.00,0.00,0.00,0.00,0.00,0.00,0.00,0.00,0.00,0.00,0.00,0.00,0.00,0.00,202685,312590,461287,211422,325869,474391,0,0,0,0,0,0,0,109954,0,137.06,137.11,137.16
1760,1,0,0,0,93625,93625,93625,3654,3654,3654,591,591,591,0.00,0.00,0.00,0.00,0.00,0.00,0.00,0.00,0.00,0.00,0.00,0.00,0.00,0.00,0.00,0.00,0.00,0.00,0.00,0.00,0.00,296163,410958,618542,309268,425111,631647,0,0,0,0,0,0,0,111218,0,123.34,123.37,123.40
1760,2,0,0,0,93620,93620,93620,3659,3659,3659,591,591,591,0.00,0.00,0.00,0.00,0.00,0.00,0.00,0.00,0.00,0.00,0.00,0.00,0.00,0.00,0.00,0.00,0.00,0.00,0.00,0.00,0.00,429838,817732,1905420,442942,831360,1918525,0,0,0,0,0,0,0,100931,0,125.78,125.85,125.88
1760,3,0,0,0,93660,93660,93660,3619,3619,3619,591,591,591,0.00,0.00,0.00,0.00,0.00,0.00,0.00,0.00,0.00,0.00,0.00,0.00,0.00,0.00,0.00,0.00,0.00,0.00,0.00,0.00,0.00,306650,495710,859674,319755,508291,872779,0,0,0,0,0,0,0,126234,0,139.82,139.85,139.90
1761,0,0,0,0,93656,93656,93656,3623,3623,3623,591,591,591,0.00,0.00,0.00,0.00,0.00,0.00,0.00,0.00,0.00,0.00,0.00,0.00,0.00,0.00,0.00,0.00,0.00,0.00,0.00,0.00,0.00,301408,536759,1187276,317133,550912,1200381,0,0,0,0,0,0,0,123655,0,137.00,137.06,137.10
1761,1,0,0,0,93625,93625,93625,3654,3654,3654,591,591,591,0.00,0.00,0.00,0.00,0.00,0.00,0.00,0.00,0.00,0.00,0.00,0.00,0.00,0.00,0.00,0.00,0.00,0.00,0.00,0.00,0.00,202685,326742,414105,211421,339497,429830,0,0,0,0,0,0,0,98919,0,123.35,123.41,123.48
1761,2,0,0,0,93620,93620,93620,3659,3659,3659,591,591,591,0.00,0.00,0.00,0.00,0.00,0.00,0.00,0.00,0.00,0.00,0.00,0.00,0.00,0.00,0.00,0.00,0.00,0.00,0.00,0.00,0.00,427206,537815,933048,440310,551444,946153,0,0,0,0,0,0,0,100902,0,125.75,125.81,125.88
1761,3,0,0,0,93660,93660,93660,3619,3619,3619,591,591,591,0.00,0.00,0.00,0.00,0.00,0.00,0.00,0.00,0.00,0.00,0.00,0.00,0.00,0.00,0.00,0.00,0.00,0.00,0.00,0.00,0.00,298785,351120,508467,314510,365269,521572,0,0,0,0,0,0,0,112264,0,139.82,139.85,139.89
1762,0,0,0,0,93656,93656,93656,3623,3623,3623,591,591,591,0.00,0.00,0.00,0.00,0.00,0.00,0.00,0.00,0.00,0.00,0.00,0.00,0.00,0.00,0.00,0.00,0.00,0.00,0.00,0.00,0.00,298787,383704,702412,311891,397333,715517,0,0,0,0,0,0,0,110001,0,136.96,137.01,137.09
1762,1,0,0,0,93625,93625,93625,3654,3654,3654,591,591,591,0.00,0.00,0.00,0.00,0.00,0.00,0.00,0.00,0.00,0.00,0.00,0.00,0.00,0.00,0.00,0.00,0.00,0.00,0.00,0.00,0.00,311870,410957,524186,324974,425110,539912,0,0,0,0,0,0,0,98912,0,123.37,123.43,123.46
1762,2,0,0,0,93620,93620,93620,3659,3659,3659,591,591,591,0.00,0.00,0.00,0.00,0.00,0.00,0.00,0.00,0.00,0.00,0.00,0.00,0.00,0.00,0.00,0.00,0.00,0.00,0.00,0.00,0.00,281326,495005,898947,291556,508059,912051,0,0,0,0,0,0,0,100818,0,125.70,125.79,125.85
1762,3,0,0,0,93660,93660,93660,3619,3619,3619,591,591,591,0.00,0.00,0.00,0.00,0.00,0.00,0.00,0.00,0.00,0.00,0.00,0.00,0.00,0.00,0.00,0.00,0.00,0.00,0.00,0.00,0.00,301411,331766,445564,314516,345393,461290,0,0,0,0,0,0,0,112262,0,139.77,139.81,139.85
1763,0,0,0,0,93656,93656,93656,3623,3623,3623,591,591,591,0.00,0.00,0.00,0.00,0.00,0.00,0.00,0.00,0.00,0.00,0.00,0.00,0.00,0.00,0.00,0.00,0.00,0.00,0.00,0.00,0.00,296165,360117,581850,309270,374270,597575,0,0,0,0,0,0,0,109866,0,137.08,137.12,137.16
1763,1,0,0,0,93625,93625,93625,3654,3654,3654,591,591,591,0.00,0.00,0.00,0.00,0.00,0.00,0.00,0.00,0.00,0.00,0.00,0.00,0.00,0.00,0.00,0.00,0.00,0.00,0.00,0.00,0.00,293545,304028,317133,306650,318181,330238,0,0,0,0,0,0,0,98775,0,123.24,123.28,123.37
1763,2,0,0,0,93620,93620,93620,3659,3659,3659,591,591,591,0.00,0.00,0.00,0.00,0.00,0.00,0.00,0.00,0.00,0.00,0.00,0.00,0.00,0.00,0.00,0.00,0.00,0.00,0.00,0.00,0.00,416251,828613,1944751,429593,842768,1960477,0,0,0,0,0,0,0,113479,0,125.66,125.72,125.75
1763,3,0,0,0,93660,93660,93660,3619,3619,3619,591,591,591,0.00,0.00,0.00,0.00,0.00,0.00,0.00,0.00,0.00,0.00,0.00,0.00,0.00,0.00,0.00,0.00,0.00,0.00,0.00,0.00,0.00,293545,321853,416159,309270,335961,431863,0,0,0,0,0,0,0,112020,0,139.62,139.74,139.84
1764,0,0,0,0,93656,93656,93656,3623,3623,3623,591,591,591,0.00,0.00,0.00,0.00,0.00,0.00,0.00,0.00,0.00,0.00,0.00,0.00,0.00,0.00,0.00,0.00,0.00,0.00,0.00,0.00,0.00,200938,309614,448156,209675,322893,463881,0,0,0,0,0,0,0,123447,0,136.97,137.01,137.06
1764,1,0,0,0,93625,93625,93625,3654,3654,3654,591,591,591,0.00,0.00,0.00,0.00,0.00,0.00,0.00,0.00,0.00,0.00,0.00,0.00,0.00,0.00,0.00,0.00,0.00,0.00,0.00,0.00,0.00,296166,413059,553020,311892,426688,566124,0,0,0,0,0,0,0,111138,0,123.31,123.37,123.43
1764,2,0,0,0,93620,93620,93620,3659,3659,3659,591,591,591,0.00,0.00,0.00,0.00,0.00,0.00,0.00,0.00,0.00,0.00,0.00,0.00,0.00,0.00,0.00,0.00,0.00,0.00,0.00,0.00,0.00,424568,523136,896365,437672,537289,909470,0,0,0,0,0,0,0,100847,0,125.64,125.67,125.70
1764,3,0,0,0,93660,93660,93660,3619,3619,3619,591,591,591,0.00,0.00,0.00,0.00,0.00,0.00,0.00,0.00,0.00,0.00,0.00,0.00,0.00,0.00,0.00,0.00,0.00,0.00,0.00,0.00,0.00,293498,435935,662224,309221,449214,670961,0,0,0,0,0,0,0,112285,0,139.67,139.85,139.96
1765,0,0,0,0,93656,93656,93656,3623,3623,3623,591,591,591,0.00,0.00,0.00,0.00,0.00,0.00,0.00,0.00,0.00,0.00,0.00,0.00,0.00,0.00,0.00,0.00,0.00,0.00,0.00,0.00,0.00,304026,544629,1226595,319752,558782,1239700,0,0,0,0,0,0,0,82424,0,136.99,137.05,137.11
1765,1,0,0,0,93625,93625,93625,3654,3654,3654,591,591,591,0.00,0.00,0.00,0.00,0.00,0.00,0.00,0.00,0.00,0.00,0.00,0.00,0.00,0.00,0.00,0.00,0.00,0.00,0.00,0.00,0.00,200937,321146,487491,209674,334425,503216,0,0,0,0,0,0,0,74059,0,123.27,123.33,123.39
1765,2,0,0,0,93620,93620,93620,3659,3659,3659,591,591,591,0.00,0.00,0.00,0.00,0.00,0.00,0.00,0.00,0.00,0.00,0.00,0.00,0.00,0.00,0.00,0.00,0.00,0.00,0.00,0.00,0.00,424590,632172,954027,437695,645801,967132,0,0,0,0,0,0,0,100888,0,125.69,125.72,125.74
1765,3,0,0,0,93660,93660,93660,3619,3619,3619,591,591,591,0.00,0.00,0.00,0.00,0.00,0.00,0.00,0.00,0.00,0.00,0.00,0.00,0.00,0.00,0.00,0.00,0.00,0.00,0.00,0.00,0.00,298789,339150,484875,311894,353303,500601,0,0,0,0,0,0,0,84079,0,139.79,139.85,139.94
1766,0,0,0,0,93656,93656,93656,3623,3623,3623,591,591,591,0.00,0.00,0.00,0.00,0.00,0.00,0.00,0.00,0.00,0.00,0.00,0.00,0.00,0.00,0.00,0.00,0.00,0.00,0.00,0.00,0.00,301407,375838,636889,314511,389467,649993,0,0,0,0,0,0,0,110049,0,137.13,137.18,137.23
1766,1,0,0,0,93625,93625,93625,3654,3654,3654,591,591,591,0.00,0.00,0.00,0.00,0.00,0.00,0.00,0.00,0.00,0.00,0.00,0.00,0.00,0.00,0.00,0.00,0.00,0.00,0.00,0.00,0.00,309271,373119,541876,322375,387269,557583,0,0,0,0,0,0,0,98743,0,123.21,123.23,123.24
1766,2,0,0,0,93620,93620,93620,3659,3659,3659,591,591,591,0.00,0.00,0.00,0.00,0.00,0.00,0.00,0.00,0.00,0.00,0.00,0.00,0.00,0.00,0.00,0.00,0.00,0.00,0.00,0.00,0.00,422607,525365,898992,438068,539465,912097,0,0,0,0,0,0,0,75484,0,125.48,125.61,125.75
1766,3,0,0,0,93660,93660,93660,3619,3619,3619,591,591,591,0.00,0.00,0.00,0.00,0.00,0.00,0.00,0.00,0.00,0.00,0.00,0.00,0.00,0.00,0.00,0.00,0.00,0.00,0.00,0.00,0.00,298791,356444,458661,314516,370072,471765,0,0,0,0,0,0,0,112430,0,139.84,139.96,140.03
1767,0,0,0,0,93656,93656,93656,3623,3623,3623,591,591,591,0.00,0.00,0.00,0.00,0.00,0.00,0.00,0.00,0.00,0.00,0.00,0.00,0.00,0.00,0.00,0.00,0.00,0.00,0.00,0.00,0.00,296165,402051,608057,306648,416204,623782,0,0,0,0,0,0,0,109906,0,137.04,137.10,137.17
1767,1,0,0,0,93625,93625,93625,3654,3654,3654,591,591,591,0.00,0.00,0.00,0.00,0.00,0.00,0.00,0.00,0.00,0.00,0.00,0.00,0.00,0.00,0.00,0.00,0.00,0.00,0.00,0.00,0.00,296166,302934,318739,309270,316562,331802,0,0,0,0,0,0,0,98871,0,123.23,123.29,123.33
1767,2,0,0,0,93620,93620,93620,3659,3659,3659,591,591,591,0.00,0.00,0.00,0.00,0.00,0.00,0.00,0.00,0.00,0.00,0.00,0.00,0.00,0.00,0.00,0.00,0.00,0.00,0.00,0.00,0.00,432453,637005,1390598,445557,650630,1406252,0,0,0,0,0,0,0,113533,0,125.45,125.62,125.74
1767,3,0,0,0,93660,93660,93660,3619,3619,3619,591,591,591,0.00,0.00,0.00,0.00,0.00,0.00,0.00,0.00,0.00,0.00,0.00,0.00,0.00,0.00,0.00,0.00,0.00,0.00,0.00,0.00,0.00,70766,253337,301430,83870,266927,314536,0,0,0,0,0,0,0,126330,0,139.87,139.93,140.03
1768,0,0,0,0,93656,93656,93656,3623,3623,3623,591,591,591,0.00,0.00,0.00,0.00,0.00,0.00,0.00,0.00,0.00,0.00,0.00,0.00,0.00,0.00,0.00,0.00,0.00,0.00,0.00,0.00,0.00,262094,426687,972366,277820,440316,985471,0,0,0,0,0,0,0,123570,0,137.03,137.05,137.07
1768,1,0,0,0,93625,93625,93625,3654,3654,3654,591,591,591,0.00,0.00,0.00,0.00,0.00,0.00,0.00,0.00,0.00,0.00,0.00,0.00,0.00,0.00,0.00,0.00,0.00,0.00,0.00,0.00,0.00,306648,408063,534672,317132,421687,547777,0,0,0,0,0,0,0,111086,0,123.34,123.37,123.42
1768,2,0,0,0,93620,93620,93620,3659,3659,3659,591,591,591,0.00,0.00,0.00,0.00,0.00,0.00,0.00,0.00,0.00,0.00,0.00,0.00,0.00,0.00,0.00,0.00,0.00,0.00,0.00,0.00,0.00,426951,629776,997346,439968,643398,1010504,0,0,0,0,0,0,0,100797,0,125.69,125.73,125.79
1768,3,0,0,0,93660,93660,93660,3619,3619,3619,591,591,591,0.00,0.00,0.00,0.00,0.00,0.00,0.00,0.00,0.00,0.00,0.00,0.00,0.00,0.00,0.00,0.00,0.00,0.00,0.00,0.00,0.00,301411,490117,935681,317135,504270,948786,0,0,0,0,0,0,0,112212,0,139.75,139.78,139.82
1769,0,0,0,0,93656,93656,93656,3623,3623,3623,591,591,591,0.00,0.00,0.00,0.00,0.00,0.00,0.00,0.00,0.00,0.00,0.00,0.00,0.00,0.00,0.00,0.00,0.00,0.00,0.00,0.00,0.00,296165,359584,584439,311891,373737,594922,0,0,0,0,0,0,0,109922,0,137.04,137.12,137.19
1769,1,0,0,0,93625,93625,93625,3654,3654,3654,591,591,591,0.00,0.00,0.00,0.00,0.00,0.00,0.00,0.00,0.00,0.00,0.00,0.00,0.00,0.00,0.00,0.00,0.00,0.00,0.00,0.00,0.00,296162,358421,495359,311888,373089,508464,0,0,0,0,0,0,0,98929,0,123.34,123.37,123.42
1769,2,0,0,0,93620,93620,93620,3659,3659,3659,591,591,591,0.00,0.00,0.00,0.00,0.00,0.00,0.00,0.00,0.00,0.00,0.00,0.00,0.00,0.00,0.00,0.00,0.00,0.00,0.00,0.00,0.00,427215,527491,908490,440319,541633,924109,0,0,0,0,0,0,0,100952,0,125.72,125.79,125.86
1769,3,0,0,0,93660,93660,93660,3619,3619,3619,591,591,591,0.00,0.00,0.00,0.00,0.00,0.00,0.00,0.00,0.00,0.00,0.00,0.00,0.00,0.00,0.00,0.00,0.00,0.00,0.00,0.00,0.00,301393,352775,495355,314497,366928,508459,0,0,0,0,0,0,0,112212,0,139.75,139.79,139.84
1770,0,0,0,0,93656,93656,93656,3623,3623,3623,591,591,591,0.00,0.00,0.00,0.00,0.00,0.00,0.00,0.00,0.00,0.00,0.00,0.00,0.00,0.00,0.00,0.00,0.00,0.00,0.00,0.00,0.00,309270,445033,676198,322374,458661,689303,0,0,0,0,0,0,0,109785,0,136.91,136.96,137.02
1770,1,0,0,0,93625,93625,93625,3654,3654,3654,591,591,591,0.00,0.00,0.00,0.00,0.00,0.00,0.00,0.00,0.00,0.00,0.00,0.00,0.00,0.00,0.00,0.00,0.00,0.00,0.00,0.00,0.00,291466,421269,631645,304478,434890,647371,0,0,0,0,0,0,0,98851,0,123.36,123.38,123.41
1770,2,0,0,0,93620,93620,93620,3659,3659,3659,591,591,591,0.00,0.00,0.00,0.00,0.00,0.00,0.00,0.00,0.00,0.00,0.00,0.00,0.00,0.00,0.00,0.00,0.00,0.00,0.00,0.00,0.00,416769,538360,959269,429632,552430,972374,0,0,0,0,0,0,0,100850,0,125.71,125.76,125.83
1770,3,0,0,0,93660,93660,93660,3619,3619,3619,591,591,591,0.00,0.00,0.00,0.00,0.00,0.00,0.00,0.00,0.00,0.00,0.00,0.00,0.00,0.00,0.00,0.00,0.00,0.00,0.00,0.00,0.00,301411,323425,385282,314515,337054,395766,0,0,0,0,0,0,0,112363,0,139.80,139.89,139.95
1771,0,0,0,0,93656,93656,93656,3623,3623,3623,591,591,591,0.00,0.00,0.00,0.00,0.00,0.00,0.00,0.00,0.00,0.00,0.00,0.00,0.00,0.00,0.00,0.00,0.00,0.00,0.00,0.00,0.00,293367,338650,499734,309368,352736,512614,0,0,0,0,0,0,0,109753,0,136.90,136.97,137.02
1771,1,0,0,0,93625,93625,93625,3654,3654,3654,591,591,591,0.00,0.00,0.00,0.00,0.00,0.00,0.00,0.00,0.00,0.00,0.00,0.00,0.00,0.00,0.00,0.00,0.00,0.00,0.00,0.00,0.00,291542,355411,518390,307160,369029,531547,0,0,0,0,0,0,0,111160,0,123.36,123.37,123.39
1771,2,0,0,0,93620,93620,93620,3659,3659,3659,591,591,591,0.00,0.00,0.00,0.00,0.00,0.00,0.00,0.00,0.00,0.00,0.00,0.00,0.00,0.00,0.00,0.00,0.00,0.00,0.00,0.00,0.00,432473,810922,1866120,445578,824550,1881846,0,0,0,0,0,0,0,100776,0,125.62,125.67,125.73
1771,3,0,0,0,93660,93660,93660,3619,3619,3619,591,591,591,0.00,0.00,0.00,0.00,0.00,0.00,0.00,0.00,0.00,0.00,0.00,0.00,0.00,0.00,0.00,0.00,0.00,0.00,0.00,0.00,0.00,300037,536533,874617,315691,550610,888412,0,0,0,0,0,0,0,126220,0,139.83,139.84,139.87
1772,0,0,0,0,93656,93656,93656,3623,3623,3623,591,591,591,0.00,0.00,0.00,0.00,0.00,0.00,0.00,0.00,0.00,0.00,0.00,0.00,0.00,0.00,0.00,0.00,0.00,0.00,0.00,0.00,0.00,296164,544629,1250187,309269,558782,1265913,0,0,0,0,0,0,0,123673,0,136.97,137.06,137.13
1772,1,0,0,0,93625,93625,93625,3654,3654,3654,591,591,591,0.00,0.00,0.00,0.00,0.00,0.00,0.00,0.00,0.00,0.00,0.00,0.00,0.00,0.00,0.00,0.00,0.00,0.00,0.00,0.00,0.00,165119,263505,313135,180844,277125,328924,0,0,0,0,0,0,0,74110,0,123.37,123.40,123.42
1772,2,0,0,0,93620,93620,93620,3659,3659,3659,591,591,591,0.00,0.00,0.00,0.00,0.00,0.00,0.00,0.00,0.00,0.00,0.00,0.00,0.00,0.00,0.00,0.00,0.00,0.00,0.00,0.00,0.00,421972,535191,961889,437697,549344,977615,0,0,0,0,0,0,0,100801,0,125.63,125.66,125.68
1772,3,0,0,0,93660,93660,93660,3619,3619,3619,591,591,591,0.00,0.00,0.00,0.00,0.00,0.00,0.00,0.00,0.00,0.00,0.00,0.00,0.00,0.00,0.00,0.00,0.00,0.00,0.00,0.00,0.00,301411,349635,511090,317131,363264,524195,0,0,0,0,0,0,0,84240,0,139.78,139.81,139.84
1773,0,0,0,0,93656,93656,93656,3623,3623,3623,591,591,591,0.00,0.00,0.00,0.00,0.00,0.00,0.00,0.00,0.00,0.00,0.00,0.00,0.00,0.00,0.00,0.00,0.00,0.00,0.00,0.00,0.00,296164,396416,673582,309269,410176,689308,0,0,0,0,0,0,0,82499,0,137.07,137.10,137.14
1773,1,0,0,0,93625,93625,93625,3654,3654,3654,591,591,591,0.00,0.00,0.00,0.00,0.00,0.00,0.00,0.00,0.00,0.00,0.00,0.00,0.00,0.00,0.00,0.00,0.00,0.00,0.00,0.00,0.00,306648,365912,461284,319752,380970,477009,0,0,0,0,0,0,0,98871,0,123.38,123.40,123.41
1773,2,0,0,0,93620,93620,93620,3659,3659,3659,591,591,591,0.00,0.00,0.00,0.00,0.00,0.00,0.00,0.00,0.00,0.00,0.00,0.00,0.00,0.00,0.00,0.00,0.00,0.00,0.00,0.00,0.00,429835,558913,927810,442940,572673,943536,0,0,0,0,0,0,0,75587,0,125.54,125.58,125.61
1773,3,0,0,0,93660,93660,93660,3619,3619,3619,591,591,591,0.00,0.00,0.00,0.00,0.00,0.00,0.00,0.00,0.00,0.00,0.00,0.00,0.00,0.00,0.00,0.00,0.00,0.00,0.00,0.00,0.00,298783,343999,477014,311887,358414,490119,0,0,0,0,0,0,0,112269,0,139.87,139.90,139.94
1775,0,0,0,0,93656,93656,93656,3623,3623,3623,591,591,591,0.00,0.00,0.00,0.00,0.00,0.00,0.00,0.00,0.00,0.00,0.00,0.00,0.00,0.00,0.00,0.00,0.00,0.00,0.00,0.00,0.00,190430,335478,594952,197419,348735,608057,0,0,0,0,0,0,0,247237,0,136.94,137.06,137.14
1775,1,0,0,0,93625,93625,93625,3654,3654,3654,591,591,591,0.00,0.00,0.00,0.00,0.00,0.00,0.00,0.00,0.00,0.00,0.00,0.00,0.00,0.00,0.00,0.00,0.00,0.00,0.00,0.00,0.00,288849,379075,586870,304462,392957,600028,0,0,0,0,0,0,0,234629,0,123.26,123.34,123.39
1775,2,0,0,0,93620,93620,93620,3659,3659,3659,591,591,591,0.00,0.00,0.00,0.00,0.00,0.00,0.00,0.00,0.00,0.00,0.00,0.00,0.00,0.00,0.00,0.00,0.00,0.00,0.00,0.00,0.00,290049,651661,1378683,300533,665178,1391788,0,0,0,0,0,0,0,239301,0,125.57,125.65,125.69
1775,3,0,0,0,93660,93660,93660,3619,3619,3619,591,591,591,0.00,0.00,0.00,0.00,0.00,0.00,0.00,0.00,0.00,0.00,0.00,0.00,0.00,0.00,0.00,0.00,0.00,0.00,0.00,0.00,0.00,298784,426354,914125,311889,440171,929111,0,0,0,0,0,0,0,266756,0,139.78,139.88,139.98
1776,0,0,0,0,93656,93656,93656,3623,3623,3623,591,591,591,0.00,0.00,0.00,0.00,0.00,0.00,0.00,0.00,0.00,0.00,0.00,0.00,0.00,0.00,0.00,0.00,0.00,0.00,0.00,0.00,0.00,301390,538860,1200384,317114,553536,1210867,0,0,0,0,0,0,0,109845,0,137.06,137.11,137.15
1776,1,0,0,0,93625,93625,93625,3654,3654,3654,591,591,591,0.00,0.00,0.00,0.00,0.00,0.00,0.00,0.00,0.00,0.00,0.00,0.00,0.00,0.00,0.00,0.00,0.00,0.00,0.00,0.00,0.00,293545,356672,511079,309270,369407,524183,0,0,0,0,0,0,0,98881,0,123.27,123.33,123.44
1776,2,0,0,0,93620,93620,93620,3659,3659,3659,591,591,591,0.00,0.00,0.00,0.00,0.00,0.00,0.00,0.00,0.00,0.00,0.00,0.00,0.00,0.00,0.00,0.00,0.00,0.00,0.00,0.00,0.00,424593,533099,938301,437698,546728,951405,0,0,0,0,0,0,0,100801,0,125.54,125.60,125.66
1776,3,0,0,0,93660,93660,93660,3619,3619,3619,591,591,591,0.00,0.00,0.00,0.00,0.00,0.00,0.00,0.00,0.00,0.00,0.00,0.00,0.00,0.00,0.00,0.00,0.00,0.00,0.00,0.00,0.00,200939,323251,497983,209676,336006,511088,0,0,0,0,0,0,0,112309,0,139.77,139.81,139.87
1777,0,0,0,0,93656,93656,93656,3623,3623,3623,591,591,591,0.00,0.00,0.00,0.00,0.00,0.00,0.00,0.00,0.00,0.00,0.00,0.00,0.00,0.00,0.00,0.00,0.00,0.00,0.00,0.00,0.00,304023,380559,676206,317127,394188,691932,0,0,0,0,0,0,0,109872,0,137.05,137.08,137.11
1777,1,0,0,0,93625,93625,93625,3654,3654,3654,591,591,591,0.00,0.00,0.00,0.00,0.00,0.00,0.00,0.00,0.00,0.00,0.00,0.00,0.00,0.00,0.00,0.00,0.00,0.00,0.00,0.00,0.00,306648,377928,555587,319752,391556,571311,0,0,0,0,0,0,0,98951,0,123.41,123.44,123.46
1777,2,0,0,0,93620,93620,93620,3659,3659,3659,591,591,591,0.00,0.00,0.00,0.00,0.00,0.00,0.00,0.00,0.00,0.00,0.00,0.00,0.00,0.00,0.00,0.00,0.00,0.00,0.00,0.00,0.00,424594,628495,959263,437699,642648,972368,0,0,0,0,0,0,0,100918,0,125.62,125.68,125.75
1777,3,0,0,0,93660,93660,93660,3619,3619,3619,591,591,591,0.00,0.00,0.00,0.00,0.00,0.00,0.00,0.00,0.00,0.00,0.00,0.00,0.00,0.00,0.00,0.00,0.00,0.00,0.00,0.00,0.00,298772,330235,450798,311893,344913,466524,0,0,0,0,0,0,0,112280,0,139.87,139.89,139.94
1778,0,0,0,0,93656,93656,93656,3623,3623,3623,591,591,591,0.00,0.00,0.00,0.00,0.00,0.00,0.00,0.00,0.00,0.00,0.00,0.00,0.00,0.00,0.00,0.00,0.00,0.00,0.00,0.00,0.00,296164,365357,623779,309270,379510,639504,0,0,0,0,0,0,0,109836,0,136.96,137.00,137.03
1778,1,0,0,0,93625,93625,93625,3654,3654,3654,591,591,591,0.00,0.00,0.00,0.00,0.00,0.00,0.00,0.00,0.00,0.00,0.00,0.00,0.00,0.00,0.00,0.00,0.00,0.00,0.00,0.00,0.00,293544,358460,592334,306650,372608,602817,0,0,0,0,0,0,0,98820,0,123.33,123.39,123.43
1778,2,0,0,0,93620,93620,93620,3659,3659,3659,591,591,591,0.00,0.00,0.00,0.00,0.00,0.00,0.00,0.00,0.00,0.00,0.00,0.00,0.00,0.00,0.00,0.00,0.00,0.00,0.00,0.00,0.00,419353,598421,1249966,435079,611058,1258598,0,0,0,0,0,0,0,113478,0,125.73,125.79,125.84
1778,3,0,0,0,93660,93660,93660,3619,3619,3619,591,591,591,0.00,0.00,0.00,0.00,0.00,0.00,0.00,0.00,0.00,0.00,0.00,0.00,0.00,0.00,0.00,0.00,0.00,0.00,0.00,0.00,0.00,301404,391570,621169,317129,405198,636894,0,0,0,0,0,0,0,126176,0,139.78,139.82,139.88
1779,0,0,0,0,93656,93656,93656,3623,3623,3623,591,591,591,0.00,0.00,0.00,0.00,0.00,0.00,0.00,0.00,0.00,0.00,0.00,0.00,0.00,0.00,0.00,0.00,0.00,0.00,0.00,0.00,0.00,190435,492699,1200370,200917,505773,1216096,0,0,0,0,0,0,0,123581,0,136.95,136.97,136.99
1779,1,0,0,0,93625,93625,93625,3654,3654,3654,591,591,591,0.00,0.00,0.00,0.00,0.00,0.00,0.00,0.00,0.00,0.00,0.00,0.00,0.00,0.00,0.00,0.00,0.00,0.00,0.00,0.00,0.00,290924,412719,564419,306650,426863,580097,0,0,0,0,0,0,0,111141,0,123.34,123.39,123.43
1779,2,0,0,0,93620,93620,93620,3659,3659,3659,591,591,591,0.00,0.00,0.00,0.00,0.00,0.00,0.00,0.00,0.00,0.00,0.00,0.00,0.00,0.00,0.00,0.00,0.00,0.00,0.00,0.00,0.00,429835,637024,972369,445559,651303,985474,0,0,0,0,0,0,0,100959,0,125.71,125.78,125.82
1779,3,0,0,0,93660,93660,93660,3619,3619,3619,591,591,591,0.00,0.00,0.00,0.00,0.00,0.00,0.00,0.00,0.00,0.00,0.00,0.00,0.00,0.00,0.00,0.00,0.00,0.00,0.00,0.00,0.00,290866,462674,809877,303968,476207,822982,0,0,0,0,0,0,0,112249,0,139.84,139.89,139.93
1780,0,0,0,0,93656,93656,93656,3623,3623,3623,591,591,591,0.00,0.00,0.00,0.00,0.00,0.00,0.00,0.00,0.00,0.00,0.00,0.00,0.00,0.00,0.00,0.00,0.00,0.00,0.00,0.00,0.00,293545,352252,563498,306649,365880,576603,0,0,0,0,0,0,0,82240,0,136.86,136.91,136.97
1780,1,0,0,0,93625,93625,93625,3654,3654,3654,591,591,591,0.00,0.00,0.00,0.00,0.00,0.00,0.00,0.00,0.00,0.00,0.00,0.00,0.00,0.00,0.00,0.00,0.00,0.00,0.00,0.00,0.00,206178,340905,513699,218409,353281,524183,0,0,0,0,0,0,0,74128,0,123.28,123.33,123.39
1780,2,0,0,0,93620,93620,93620,3659,3659,3659,591,591,591,0.00,0.00,0.00,0.00,0.00,0.00,0.00,0.00,0.00,0.00,0.00,0.00,0.00,0.00,0.00,0.00,0.00,0.00,0.00,0.00,0.00,429833,523659,875377,442938,537288,888481,0,0,0,0,0,0,0,100861,0,125.77,125.81,125.88
1780,3,0,0,0,93660,93660,93660,3619,3619,3619,591,591,591,0.00,0.00,0.00,0.00,0.00,0.00,0.00,0.00,0.00,0.00,0.00,0.00,0.00,0.00,0.00,0.00,0.00,0.00,0.00,0.00,0.00,211423,332162,497983,221907,345267,511088,0,0,0,0,0,0,0,84206,0,139.76,139.81,139.91
1781,0,0,0,0,93656,93656,93656,3623,3623,3623,591,591,591,0.00,0.00,0.00,0.00,0.00,0.00,0.00,0.00,0.00,0.00,0.00,0.00,0.00,0.00,0.00,0.00,0.00,0.00,0.00,0.00,0.00,311874,402965,676203,322376,416724,691929,0,0,0,0,0,0,0,109871,0,136.86,136.92,136.98
1781,1,0,0,0,93625,93625,93625,3654,3654,3654,591,591,591,0.00,0.00,0.00,0.00,0.00,0.00,0.00,0.00,0.00,0.00,0.00,0.00,0.00,0.00,0.00,0.00,0.00,0.00,0.00,0.00,0.00,296162,376102,568745,311888,390517,581849,0,0,0,0,0,0,0,98948,0,123.31,123.37,123.41
1781,2,0,0,0,93620,93620,93620,3659,3659,3659,591,591,591,0.00,0.00,0.00,0.00,0.00,0.00,0.00,0.00,0.00,0.00,0.00,0.00,0.00,0.00,0.00,0.00,0.00,0.00,0.00,0.00,0.00,424593,560222,951397,437697,573981,967123,0,0,0,0,0,0,0,75594,0,125.66,125.69,125.72
1781,3,0,0,0,93660,93660,93660,3619,3619,3619,591,591,591,0.00,0.00,0.00,0.00,0.00,0.00,0.00,0.00,0.00,0.00,0.00,0.00,0.00,0.00,0.00,0.00,0.00,0.00,0.00,0.00,0.00,301410,326962,382659,314515,340722,395764,0,0,0,0,0,0,0,112477,0,139.82,139.93,139.98
1782,0,0,0,0,93656,93656,93656,3623,3623,3623,591,591,591,0.00,0.00,0.00,0.00,0.00,0.00,0.00,0.00,0.00,0.00,0.00,0.00,0.00,0.00,0.00,0.00,0.00,0.00,0.00,0.00,0.00,296163,397333,618542,309267,410962,634267,0,0,0,0,0,0,0,109764,0,137.03,137.05,137.07
1782,1,0,0,0,93625,93625,93625,3654,3654,3654,591,591,591,0.00,0.00,0.00,0.00,0.00,0.00,0.00,0.00,0.00,0.00,0.00,0.00,0.00,0.00,0.00,0.00,0.00,0.00,0.00,0.00,0.00,296166,300310,306288,309271,314461,319753,0,0,0,0,0,0,0,98996,0,123.38,123.39,123.41
1782,2,0,0,0,93620,93620,93620,3659,3659,3659,591,591,591,0.00,0.00,0.00,0.00,0.00,0.00,0.00,0.00,0.00,0.00,0.00,0.00,0.00,0.00,0.00,0.00,0.00,0.00,0.00,0.00,0.00,283684,781251,1902808,292229,794959,1915913,0,0,0,0,0,0,0,113499,0,125.73,125.75,125.77
1782,3,0,0,0,93660,93660,93660,3619,3619,3619,591,591,591,0.00,0.00,0.00,0.00,0.00,0.00,0.00,0.00,0.00,0.00,0.00,0.00,0.00,0.00,0.00,0.00,0.00,0.00,0.00,0.00,0.00,298782,442937,1001206,314496,457089,1014310,0,0,0,0,0,0,0,126465,0,139.87,139.91,139.97
1783,0,0,0,0,93656,93656,93656,3623,3623,3623,591,591,591,0.00,0.00,0.00,0.00,0.00,0.00,0.00,0.00,0.00,0.00,0.00,0.00,0.00,0.00,0.00,0.00,0.00,0.00,0.00,0.00,0.00,197417,459356,1197767,206076,473144,1210872,0,0,0,0,0,0,0,123641,0,136.96,136.99,137.02
1783,1,0,0,0,93625,93625,93625,3654,3654,3654,591,591,591,0.00,0.00,0.00,0.00,0.00,0.00,0.00,0.00,0.00,0.00,0.00,0.00,0.00,0.00,0.00,0.00,0.00,0.00,0.00,0.00,0.00,299584,419253,547775,317979,433407,560880,0,0,0,0,0,0,0,98816,0,123.39,123.41,123.42
1783,2,0,0,0,93620,93620,93620,3659,3659,3659,591,591,591,0.00,0.00,0.00,0.00,0.00,0.00,0.00,0.00,0.00,0.00,0.00,0.00,0.00,0.00,0.00,0.00,0.00,0.00,0.00,0.00,0.00,421851,546177,1011679,435201,559855,1024784,0,0,0,0,0,0,0,100894,0,125.79,125.80,125.84
1783,3,0,0,0,93660,93660,93660,3619,3619,3619,591,591,591,0.00,0.00,0.00,0.00,0.00,0.00,0.00,0.00,0.00,0.00,0.00,0.00,0.00,0.00,0.00,0.00,0.00,0.00,0.00,0.00,0.00,296105,383895,589713,309208,398011,605439,0,0,0,0,0,0,0,112269,0,139.91,139.92,139.94
1784,0,0,0,0,93656,93656,93656,3623,3623,3623,591,591,591,0.00,0.00,0.00,0.00,0.00,0.00,0.00,0.00,0.00,0.00,0.00,0.00,0.00,0.00,0.00,0.00,0.00,0.00,0.00,0.00,0.00,298786,428255,665711,314494,442408,681436,0,0,0,0,0,0,0,109846,0,136.97,137.00,137.03
1784,1,0,0,0,93625,93625,93625,3654,3654,3654,591,591,591,0.00,0.00,0.00,0.00,0.00,0.00,0.00,0.00,0.00,0.00,0.00,0.00,0.00,0.00,0.00,0.00,0.00,0.00,0.00,0.00,0.00,268793,338914,513703,279266,351493,526808,0,0,0,0,0,0,0,98744,0,123.19,123.25,123.34
1784,2,0,0,0,93620,93620,93620,3659,3659,3659,591,591,591,0.00,0.00,0.00,0.00,0.00,0.00,0.00,0.00,0.00,0.00,0.00,0.00,0.00,0.00,0.00,0.00,0.00,0.00,0.00,0.00,0.00,427211,524704,896360,442936,538333,909464,0,0,0,0,0,0,0,100861,0,125.76,125.80,125.83
1784,3,0,0,0,93660,93660,93660,3619,3619,3619,591,591,591,0.00,0.00,0.00,0.00,0.00,0.00,0.00,0.00,0.00,0.00,0.00,0.00,0.00,0.00,0.00,0.00,0.00,0.00,0.00,0.00,0.00,206181,315385,466531,214918,328664,479636,0,0,0,0,0,0,0,112296,0,139.84,139.88,139.91
1785,0,0,0,0,93656,93656,93656,3623,3623,3623,591,591,591,0.00,0.00,0.00,0.00,0.00,0.00,0.00,0.00,0.00,0.00,0.00,0.00,0.00,0.00,0.00,0.00,0.00,0.00,0.00,0.00,0.00,298785,370599,626401,311890,383704,639506,0,0,0,0,0,0,0,109739,0,136.95,136.98,137.00
1785,1,0,0,0,93625,93625,93625,3654,3654,3654,591,591,591,0.00,0.00,0.00,0.00,0.00,0.00,0.00,0.00,0.00,0.00,0.00,0.00,0.00,0.00,0.00,0.00,0.00,0.00,0.00,0.00,0.00,296163,355232,568741,309268,368853,581845,0,0,0,0,0,0,0,98910,0,123.27,123.32,123.37
1785,2,0,0,0,93620,93620,93620,3659,3659,3659,591,591,591,0.00,0.00,0.00,0.00,0.00,0.00,0.00,0.00,0.00,0.00,0.00,0.00,0.00,0.00,0.00,0.00,0.00,0.00,0.00,0.00,0.00,429835,537815,919951,445561,552493,935677,0,0,0,0,0,0,0,113366,0,125.70,125.71,125.74
1785,3,0,0,0,93660,93660,93660,3619,3619,3619,591,591,591,0.00,0.00,0.00,0.00,0.00,0.00,0.00,0.00,0.00,0.00,0.00,0.00,0.00,0.00,0.00,0.00,0.00,0.00,0.00,0.00,0.00,301410,321852,395762,314515,335481,411488,0,0,0,0,0,0,0,112192,0,139.77,139.79,139.84
1786,0,0,0,0,93656,93656,93656,3623,3623,3623,591,591,591,0.00,0.00,0.00,0.00,0.00,0.00,0.00,0.00,0.00,0.00,0.00,0.00,0.00,0.00,0.00,0.00,0.00,0.00,0.00,0.00,0.00,293543,329709,463904,306648,343862,477009,0,0,0,0,0,0,0,109833,0,136.90,136.94,137.01
1786,1,0,0,0,93625,93625,93625,3654,3654,3654,591,591,591,0.00,0.00,0.00,0.00,0.00,0.00,0.00,0.00,0.00,0.00,0.00,0.00,0.00,0.00,0.00,0.00,0.00,0.00,0.00,0.00,0.00,293542,378658,543514,306647,392804,556579,0,0,0,0,0,0,0,111157,0,123.37,123.40,123.42
1786,2,0,0,0,93620,93620,93620,3659,3659,3659,591,591,591,0.00,0.00,0.00,0.00,0.00,0.00,0.00,0.00,0.00,0.00,0.00,0.00,0.00,0.00,0.00,0.00,0.00,0.00,0.00,0.00,0.00,421625,750520,1834653,434480,763270,1845136,0,0,0,0,0,0,0,100900,0,125.70,125.74,125.79
1786,3,0,0,0,93660,93660,93660,3619,3619,3619,591,591,591,0.00,0.00,0.00,0.00,0.00,0.00,0.00,0.00,0.00,0.00,0.00,0.00,0.00,0.00,0.00,0.00,0.00,0.00,0.00,0.00,0.00,301406,503748,1001213,317131,517901,1014317,0,0,0,0,0,0,0,126300,0,139.75,139.81,139.86
1787,0,0,0,0,93656,93656,93656,3623,3623,3623,591,591,591,0.00,0.00,0.00,0.00,0.00,0.00,0.00,0.00,0.00,0.00,0.00,0.00,0.00,0.00,0.00,0.00,0.00,0.00,0.00,0.00,0.00,197444,517023,1213499,207927,530652,1226604,0,0,0,0,0,0,0,109627,0,136.74,136.84,136.96
1787,1,0,0,0,93625,93625,93625,3654,3654,3654,591,591,591,0.00,0.00,0.00,0.00,0.00,0.00,0.00,0.00,0.00,0.00,0.00,0.00,0.00,0.00,0.00,0.00,0.00,0.00,0.00,0.00,0.00,304026,382960,503216,317131,397103,516321,0,0,0,0,0,0,0,74134,0,123.36,123.39,123.42
1787,2,0,0,0,93620,93620,93620,3659,3659,3659,591,591,591,0.00,0.00,0.00,0.00,0.00,0.00,0.00,0.00,0.00,0.00,0.00,0.00,0.00,0.00,0.00,0.00,0.00,0.00,0.00,0.00,0.00,424569,533617,959265,437673,547245,972370,0,0,0,0,0,0,0,100882,0,125.72,125.74,125.77
1787,3,0,0,0,93660,93660,93660,3619,3619,3619,591,591,591,0.00,0.00,0.00,0.00,0.00,0.00,0.00,0.00,0.00,0.00,0.00,0.00,0.00,0.00,0.00,0.00,0.00,0.00,0.00,0.00,0.00,200942,331091,513711,209678,343812,524195,0,0,0,0,0,0,0,84168,0,139.87,139.90,139.93
1788,0,0,0,0,93656,93656,93656,3623,3623,3623,591,591,591,0.00,0.00,0.00,0.00,0.00,0.00,0.00,0.00,0.00,0.00,0.00,0.00,0.00,0.00,0.00,0.00,0.00,0.00,0.00,0.00,0.00,296164,395760,678822,309268,408864,694547,0,0,0,0,0,0,0,82310,0,136.70,136.73,136.76
1788,1,0,0,0,93625,93625,93625,3654,3654,3654,591,591,591,0.00,0.00,0.00,0.00,0.00,0.00,0.00,0.00,0.00,0.00,0.00,0.00,0.00,0.00,0.00,0.00,0.00,0.00,0.00,0.00,0.00,256851,360408,565840,265588,373069,581631,0,0,0,0,0,0,0,98753,0,123.19,123.25,123.32
1788,2,0,0,0,93620,93620,93620,3659,3659,3659,591,591,591,0.00,0.00,0.00,0.00,0.00,0.00,0.00,0.00,0.00,0.00,0.00,0.00,0.00,0.00,0.00,0.00,0.00,0.00,0.00,0.00,0.00,419341,552358,930427,432446,566118,946152,0,0,0,0,0,0,0,75736,0,125.75,125.77,125.78
1788,3,0,0,0,93660,93660,93660,3619,3619,3619,591,591,591,0.00,0.00,0.00,0.00,0.00,0.00,0.00,0.00,0.00,0.00,0.00,0.00,0.00,0.00,0.00,0.00,0.00,0.00,0.00,0.00,0.00,296168,316479,356449,311893,330893,372174,0,0,0,0,0,0,0,112186,0,139.70,139.77,139.82
1789,0,0,0,0,93656,93656,93656,3623,3623,3623,591,591,591,0.00,0.00,0.00,0.00,0.00,0.00,0.00,0.00,0.00,0.00,0.00,0.00,0.00,0.00,0.00,0.00,0.00,0.00,0.00,0.00,0.00,293546,367447,626366,306651,381600,642091,0,0,0,0,0,0,0,109734,0,136.78,136.82,136.85
1789,1,0,0,0,93625,93625,93625,3654,3654,3654,591,591,591,0.00,0.00,0.00,0.00,0.00,0.00,0.00,0.00,0.00,0.00,0.00,0.00,0.00,0.00,0.00,0.00,0.00,0.00,0.00,0.00,0.00,290923,300201,311891,304028,313829,326324,0,0,0,0,0,0,0,98928,0,123.20,123.31,123.38
1789,2,0,0,0,93620,93620,93620,3659,3659,3659,591,591,591,0.00,0.00,0.00,0.00,0.00,0.00,0.00,0.00,0.00,0.00,0.00,0.00,0.00,0.00,0.00,0.00,0.00,0.00,0.00,0.00,0.00,429834,838152,1907918,445559,852305,1921021,0,0,0,0,0,0,0,113516,0,125.74,125.77,125.78
1789,3,0,0,0,93660,93660,93660,3619,3619,3619,591,591,591,0.00,0.00,0.00,0.00,0.00,0.00,0.00,0.00,0.00,0.00,0.00,0.00,0.00,0.00,0.00,0.00,0.00,0.00,0.00,0.00,0.00,301410,327090,414103,311894,340719,429829,0,0,0,0,0,0,0,112164,0,139.71,139.79,139.84
1790,0,0,0,0,93656,93656,93656,3623,3623,3623,591,591,591,0.00,0.00,0.00,0.00,0.00,0.00,0.00,0.00,0.00,0.00,0.00,0.00,0.00,0.00,0.00,0.00,0.00,0.00,0.00,0.00,0.00,197443,312590,469149,207926,325694,484875,0,0,0,0,0,0,0,123450,0,136.90,136.95,137.03
1790,1,0,0,0,93625,93625,93625,3654,3654,3654,591,591,591,0.00,0.00,0.00,0.00,0.00,0.00,0.00,0.00,0.00,0.00,0.00,0.00,0.00,0.00,0.00,0.00,0.00,0.00,0.00,0.00,0.00,296150,406118,521566,309254,420265,536890,0,0,0,0,0,0,0,111127,0,123.31,123.36,123.41
1790,2,0,0,0,93620,93620,93620,3659,3659,3659,591,591,591,0.00,0.00,0.00,0.00,0.00,0.00,0.00,0.00,0.00,0.00,0.00,0.00,0.00,0.00,0.00,0.00,0.00,0.00,0.00,0.00,0.00,285248,487410,862294,293892,500671,875399,0,0,0,0,0,0,0,100877,0,125.71,125.74,125.76
1790,3,0,0,0,93660,93660,93660,3619,3619,3619,591,591,591,0.00,0.00,0.00,0.00,0.00,0.00,0.00,0.00,0.00,0.00,0.00,0.00,0.00,0.00,0.00,0.00,0.00,0.00,0.00,0.00,0.00,298790,501121,988076,314514,515274,1003802,0,0,0,0,0,0,0,112234,0,139.86,139.88,139.91
1791,0,0,0,0,93656,93656,93656,3623,3623,3623,591,591,591,0.00,0.00,0.00,0.00,0.00,0.00,0.00,0.00,0.00,0.00,0.00,0.00,0.00,0.00,0.00,0.00,0.00,0.00,0.00,0.00,0.00,301390,547246,1213486,314494,560874,1229211,0,0,0,0,0,0,0,109864,0,136.89,136.94,137.00
1791,1,0,0,0,93625,93625,93625,3654,3654,3654,591,591,591,0.00,0.00,0.00,0.00,0.00,0.00,0.00,0.00,0.00,0.00,0.00,0.00,0.00,0.00,0.00,0.00,0.00,0.00,0.00,0.00,0.00,292255,336703,465234,307911,350843,478302,0,0,0,0,0,0,0,98888,0,123.30,123.39,123.44
1791,2,0,0,0,93620,93620,93620,3659,3659,3659,591,591,591,0.00,0.00,0.00,0.00,0.00,0.00,0.00,0.00,0.00,0.00,0.00,0.00,0.00,0.00,0.00,0.00,0.00,0.00,0.00,0.00,0.00,429836,635839,972373,442939,649992,985478,0,0,0,0,0,0,0,100902,0,125.71,125.76,125.81
1791,3,0,0,0,93660,93660,93660,3619,3619,3619,591,591,591,0.00,0.00,0.00,0.00,0.00,0.00,0.00,0.00,0.00,0.00,0.00,0.00,0.00,0.00,0.00,0.00,0.00,0.00,0.00,0.00,0.00,197447,322551,500598,207931,335131,513702,0,0,0,0,0,0,0,112272,0,139.80,139.86,139.90
1792,0,0,0,0,93656,93656,93656,3623,3623,3623,591,591,591,0.00,0.00,0.00,0.00,0.00,0.00,0.00,0.00,0.00,0.00,0.00,0.00,0.00,0.00,0.00,0.00,0.00,0.00,0.00,0.00,0.00,304028,423540,862280,319753,437169,875385,0,0,0,0,0,0,0,109979,0,137.01,137.03,137.05
1792,1,0,0,0,93625,93625,93625,3654,3654,3654,591,591,591,0.00,0.00,0.00,0.00,0.00,0.00,0.00,0.00,0.00,0.00,0.00,0.00,0.00,0.00,0.00,0.00,0.00,0.00,0.00,0.00,0.00,204433,306021,385277,213170,319295,398381,0,0,0,0,0,0,0,98854,0,123.37,123.38,123.42
1792,2,0,0,0,93620,93620,93620,3659,3659,3659,591,591,591,0.00,0.00,0.00,0.00,0.00,0.00,0.00,0.00,0.00,0.00,0.00,0.00,0.00,0.00,0.00,0.00,0.00,0.00,0.00,0.00,0.00,427214,529424,922573,440318,543053,938299,0,0,0,0,0,0,0,100950,0,125.88,125.92,125.94
1792,3,0,0,0,93660,93660,93660,3619,3619,3619,591,591,591,0.00,0.00,0.00,0.00,0.00,0.00,0.00,0.00,0.00,0.00,0.00,0.00,0.00,0.00,0.00,0.00,0.00,0.00,0.00,0.00,0.00,296167,334952,406248,311893,349105,419353,0,0,0,0,0,0,0,112342,0,139.71,139.77,139.80
1793,0,0,0,0,93656,93656,93656,3623,3623,3623,591,591,591,0.00,0.00,0.00,0.00,0.00,0.00,0.00,0.00,0.00,0.00,0.00,0.00,0.00,0.00,0.00,0.00,0.00,0.00,0.00,0.00,0.00,296166,364833,484870,309270,378986,500596,0,0,0,0,0,0,0,109848,0,137.00,137.01,137.04
1793,1,0,0,0,93625,93625,93625,3654,3654,3654,591,591,591,0.00,0.00,0.00,0.00,0.00,0.00,0.00,0.00,0.00,0.00,0.00,0.00,0.00,0.00,0.00,0.00,0.00,0.00,0.00,0.00,0.00,290920,344738,521567,304024,357833,532051,0,0,0,0,0,0,0,98909,0,123.39,123.44,123.50
1793,2,0,0,0,93620,93620,93620,3659,3659,3659,591,591,591,0.00,0.00,0.00,0.00,0.00,0.00,0.00,0.00,0.00,0.00,0.00,0.00,0.00,0.00,0.00,0.00,0.00,0.00,0.00,0.00,0.00,432457,824025,1845142,442941,837655,1860868,0,0,0,0,0,0,0,113548,0,125.80,125.84,125.88
1793,3,0,0,0,93660,93660,93660,3619,3619,3619,591,591,591,0.00,0.00,0.00,0.00,0.00,0.00,0.00,0.00,0.00,0.00,0.00,0.00,0.00,0.00,0.00,0.00,0.00,0.00,0.00,0.00,0.00,304026,469675,796777,317135,483828,809882,0,0,0,0,0,0,0,126382,0,139.78,139.85,139.91
1794,0,0,0,0,93656,93656,93656,3623,3623,3623,591,591,591,0.00,0.00,0.00,0.00,0.00,0.00,0.00,0.00,0.00,0.00,0.00,0.00,0.00,0.00,0.00,0.00,0.00,0.00,0.00,0.00,0.00,200939,465823,1218733,209675,479102,1231838,0,0,0,0,0,0,0,123539,0,136.97,137.01,137.06
1794,1,0,0,0,93625,93625,93625,3654,3654,3654,591,591,591,0.00,0.00,0.00,0.00,0.00,0.00,0.00,0.00,0.00,0.00,0.00,0.00,0.00,0.00,0.00,0.00,0.00,0.00,0.00,0.00,0.00,301404,386663,534669,314508,400807,553016,0,0,0,0,0,0,0,98814,0,123.35,123.41,123.44
1794,2,0,0,0,93620,93620,93620,3659,3659,3659,591,591,591,0.00,0.00,0.00,0.00,0.00,0.00,0.00,0.00,0.00,0.00,0.00,0.00,0.00,0.00,0.00,0.00,0.00,0.00,0.00,0.00,0.00,283394,509256,993124,293762,522303,1004067,0,0,0,0,0,0,0,100967,0,125.82,125.83,125.84
1794,3,0,0,0,93660,93660,93660,3619,3619,3619,591,591,591,0.00,0.00,0.00,0.00,0.00,0.00,0.00,0.00,0.00,0.00,0.00,0.00,0.00,0.00,0.00,0.00,0.00,0.00,0.00,0.00,0.00,296171,402575,602819,311897,416204,615924,0,0,0,0,0,0,0,112044,0,139.66,139.80,139.90
1795,0,0,0,0,93656,93656,93656,3623,3623,3623,591,591,591,0.00,0.00,0.00,0.00,0.00,0.00,0.00,0.00,0.00,0.00,0.00,0.00,0.00,0.00,0.00,0.00,0.00,0.00,0.00,0.00,0.00,298786,423541,673574,311890,437694,689300,0,0,0,0,0,0,0,82351,0,136.95,137.01,137.04
1795,1,0,0,0,93625,93625,93625,3654,3654,3654,591,591,591,0.00,0.00,0.00,0.00,0.00,0.00,0.00,0.00,0.00,0.00,0.00,0.00,0.00,0.00,0.00,0.00,0.00,0.00,0.00,0.00,0.00,290924,356745,502131,306649,370852,515006,0,0,0,0,0,0,0,74193,0,123.35,123.39,123.43
1795,2,0,0,0,93620,93620,93620,3659,3659,3659,591,591,591,0.00,0.00,0.00,0.00,0.00,0.00,0.00,0.00,0.00,0.00,0.00,0.00,0.00,0.00,0.00,0.00,0.00,0.00,0.00,0.00,0.00,424583,527334,901608,437688,540963,914713,0,0,0,0,0,0,0,100851,0,125.70,125.77,125.83
1795,3,0,0,0,93660,93660,93660,3619,3619,3619,591,591,591,0.00,0.00,0.00,0.00,0.00,0.00,0.00,0.00,0.00,0.00,0.00,0.00,0.00,0.00,0.00,0.00,0.00,0.00,0.00,0.00,0.00,204434,300886,387902,213170,314165,401007,0,0,0,0,0,0,0,84128,0,139.57,139.62,139.65
1796,0,0,0,0,93656,93656,93656,3623,3623,3623,591,591,591,0.00,0.00,0.00,0.00,0.00,0.00,0.00,0.00,0.00,0.00,0.00,0.00,0.00,0.00,0.00,0.00,0.00,0.00,0.00,0.00,0.00,306648,387234,626370,319752,400993,639474,0,0,0,0,0,0,0,109875,0,137.00,137.03,137.07
1796,1,0,0,0,93625,93625,93625,3654,3654,3654,591,591,591,0.00,0.00,0.00,0.00,0.00,0.00,0.00,0.00,0.00,0.00,0.00,0.00,0.00,0.00,0.00,0.00,0.00,0.00,0.00,0.00,0.00,296163,323904,386154,309270,337227,394891,0,0,0,0,0,0,0,98895,0,123.45,123.46,123.49
1796,2,0,0,0,93620,93620,93620,3659,3659,3659,591,591,591,0.00,0.00,0.00,0.00,0.00,0.00,0.00,0.00,0.00,0.00,0.00,0.00,0.00,0.00,0.00,0.00,0.00,0.00,0.00,0.00,0.00,429836,568088,974995,445561,582503,988100,0,0,0,0,0,0,0,75653,0,125.71,125.73,125.75
1796,3,0,0,0,93660,93660,93660,3619,3619,3619,591,591,591,0.00,0.00,0.00,0.00,0.00,0.00,0.00,0.00,0.00,0.00,0.00,0.00,0.00,0.00,0.00,0.00,0.00,0.00,0.00,0.00,0.00,301403,324341,387902,311887,338101,403628,0,0,0,0,0,0,0,112289,0,139.67,139.71,139.76
1797,0,0,0,0,93656,93656,93656,3623,3623,3623,591,591,591,0.00,0.00,0.00,0.00,0.00,0.00,0.00,0.00,0.00,0.00,0.00,0.00,0.00,0.00,0.00,0.00,0.00,0.00,0.00,0.00,0.00,296166,337052,479629,309271,350681,492734,0,0,0,0,0,0,0,109798,0,137.00,137.06,137.10
1797,1,0,0,0,93625,93625,93625,3654,3654,3654,591,591,591,0.00,0.00,0.00,0.00,0.00,0.00,0.00,0.00,0.00,0.00,0.00,0.00,0.00,0.00,0.00,0.00,0.00,0.00,0.00,0.00,0.00,290924,347004,524151,304028,360633,539875,0,0,0,0,0,0,0,111184,0,123.38,123.41,123.44
1797,2,0,0,0,93620,93620,93620,3659,3659,3659,591,591,591,0.00,0.00,0.00,0.00,0.00,0.00,0.00,0.00,0.00,0.00,0.00,0.00,0.00,0.00,0.00,0.00,0.00,0.00,0.00,0.00,0.00,427205,807229,1860768,440309,820858,1873872,0,0,0,0,0,0,0,100631,0,125.50,125.66,125.77
1797,3,0,0,0,93660,93660,93660,3619,3619,3619,591,591,591,0.00,0.00,0.00,0.00,0.00,0.00,0.00,0.00,0.00,0.00,0.00,0.00,0.00,0.00,0.00,0.00,0.00,0.00,0.00,0.00,0.00,301392,498500,980234,311888,512653,993338,0,0,0,0,0,0,0,126343,0,139.77,139.80,139.82
1798,0,0,0,0,93656,93656,93656,3623,3623,3623,591,591,591,0.00,0.00,0.00,0.00,0.00,0.00,0.00,0.00,0.00,0.00,0.00,0.00,0.00,0.00,0.00,0.00,0.00,0.00,0.00,0.00,0.00,195696,498849,1103409,206180,511954,1116514,0,0,0,0,0,0,0,123590,0,136.94,136.96,136.98
1798,1,0,0,0,93625,93625,93625,3654,3654,3654,591,591,591,0.00,0.00,0.00,0.00,0.00,0.00,0.00,0.00,0.00,0.00,0.00,0.00,0.00,0.00,0.00,0.00,0.00,0.00,0.00,0.00,0.00,298783,342293,411488,314509,356446,424592,0,0,0,0,0,0,0,98765,0,123.29,123.33,123.38
1798,2,0,0,0,93620,93620,93620,3659,3659,3659,591,591,591,0.00,0.00,0.00,0.00,0.00,0.00,0.00,0.00,0.00,0.00,0.00,0.00,0.00,0.00,0.00,0.00,0.00,0.00,0.00,0.00,0.00,277725,504919,957550,287948,517973,970420,0,0,0,0,0,0,0,100540,0,125.23,125.27,125.39
1798,3,0,0,0,93660,93660,93660,3619,3619,3619,591,591,591,0.00,0.00,0.00,0.00,0.00,0.00,0.00,0.00,0.00,0.00,0.00,0.00,0.00,0.00,0.00,0.00,0.00,0.00,0.00,0.00,0.00,296161,342281,503223,309266,355910,516328,0,0,0,0,0,0,0,112188,0,139.83,139.85,139.87
1799,0,0,0,0,93656,93656,93656,3623,3623,3623,591,591,591,0.00,0.00,0.00,0.00,0.00,0.00,0.00,0.00,0.00,0.00,0.00,0.00,0.00,0.00,0.00,0.00,0.00,0.00,0.00,0.00,0.00,296167,376885,681440,309272,390514,694545,0,0,0,0,0,0,0,109843,0,136.96,136.99,137.03
1799,1,0,0,0,93625,93625,93625,3654,3654,3654,591,591,591,0.00,0.00,0.00,0.00,0.00,0.00,0.00,0.00,0.00,0.00,0.00,0.00,0.00,0.00,0.00,0.00,0.00,0.00,0.00,0.00,0.00,302089,405857,542532,314998,419446,555637,0,0,0,0,0,0,0,98921,0,123.34,123.41,123.46
1799,2,0,0,0,93620,93620,93620,3659,3659,3659,591,591,591,0.00,0.00,0.00,0.00,0.00,0.00,0.00,0.00,0.00,0.00,0.00,0.00,0.00,0.00,0.00,0.00,0.00,0.00,0.00,0.00,0.00,429832,534666,914711,442937,548819,927816,0,0,0,0,0,0,0,100532,0,125.32,125.35,125.38
1799,3,0,0,0,93660,93660,93660,3619,3619,3619,591,591,591,0.00,0.00,0.00,0.00,0.00,0.00,0.00,0.00,0.00,0.00,0.00,0.00,0.00,0.00,0.00,0.00,0.00,0.00,0.00,0.00,0.00,200940,292843,356430,211424,305948,372155,0,0,0,0,0,0,0,112185,0,139.72,139.76,139.79
1800,0,0,0,0,93656,93656,93656,3623,3623,3623,591,591,591,0.00,0.00,0.00,0.00,0.00,0.00,0.00,0.00,0.00,0.00,0.00,0.00,0.00,0.00,0.00,0.00,0.00,0.00,0.00,0.00,0.00,296165,365357,597570,309269,379510,610675,0,0,0,0,0,0,0,109903,0,137.00,137.04,137.10
1800,1,0,0,0,93625,93625,93625,3654,3654,3654,591,591,591,0.00,0.00,0.00,0.00,0.00,0.00,0.00,0.00,0.00,0.00,0.00,0.00,0.00,0.00,0.00,0.00,0.00,0.00,0.00,0.00,0.00,216663,346308,621153,227147,359412,636879,0,0,0,0,0,0,0,98907,0,123.40,123.44,123.46
1800,2,0,0,0,93620,93620,93620,3659,3659,3659,591,591,591,0.00,0.00,0.00,0.00,0.00,0.00,0.00,0.00,0.00,0.00,0.00,0.00,0.00,0.00,0.00,0.00,0.00,0.00,0.00,0.00,0.00,421970,818253,1871329,437696,832406,1887054,0,0,0,0,0,0,0,113013,0,125.26,125.28,125.33
1800,3,0,0,0,93660,93660,93660,3619,3619,3619,591,591,591,0.00,0.00,0.00,0.00,0.00,0.00,0.00,0.00,0.00,0.00,0.00,0.00,0.00,0.00,0.00,0.00,0.00,0.00,0.00,0.00,0.00,301407,329714,414103,314512,343343,427207,0,0,0,0,0,0,0,126060,0,139.72,139.76,139.79
1801,0,0,0,0,93656,93656,93656,3623,3623,3623,591,591,591,0.00,0.00,0.00,0.00,0.00,0.00,0.00,0.00,0.00,0.00,0.00,0.00,0.00,0.00,0.00,0.00,0.00,0.00,0.00,0.00,0.00,290904,329184,461282,306629,343337,477007,0,0,0,0,0,0,0,123532,0,137.03,137.07,137.13
1801,1,0,0,0,93625,93625,93625,3654,3654,3654,591,591,591,0.00,0.00,0.00,0.00,0.00,0.00,0.00,0.00,0.00,0.00,0.00,0.00,0.00,0.00,0.00,0.00,0.00,0.00,0.00,0.00,0.00,296163,401525,534668,309272,415154,545151,0,0,0,0,0,0,0,111154,0,123.39,123.41,123.45
1801,2,0,0,0,93620,93620,93620,3659,3659,3659,591,591,591,0.00,0.00,0.00,0.00,0.00,0.00,0.00,0.00,0.00,0.00,0.00,0.00,0.00,0.00,0.00,0.00,0.00,0.00,0.00,0.00,0.00,424594,524713,909469,437698,538866,922574,0,0,0,0,0,0,0,100410,0,125.18,125.21,125.27
1801,3,0,0,0,93660,93660,93660,3619,3619,3619,591,591,591,0.00,0.00,0.00,0.00,0.00,0.00,0.00,0.00,0.00,0.00,0.00,0.00,0.00,0.00,0.00,0.00,0.00,0.00,0.00,0.00,0.00,296168,533101,833457,309273,547254,846561,0,0,0,0,0,0,0,112061,0,139.63,139.66,139.68
1802,0,0,0,0,93656,93656,93656,3623,3623,3623,591,591,591,0.00,0.00,0.00,0.00,0.00,0.00,0.00,0.00,0.00,0.00,0.00,0.00,0.00,0.00,0.00,0.00,0.00,0.00,0.00,0.00,0.00,202686,503929,1158561,213170,516327,1170756,0,0,0,0,0,0,0,82349,0,137.01,137.04,137.06
1802,1,0,0,0,93625,93625,93625,3654,3654,3654,591,591,591,0.00,0.00,0.00,0.00,0.00,0.00,0.00,0.00,0.00,0.00,0.00,0.00,0.00,0.00,0.00,0.00,0.00,0.00,0.00,0.00,0.00,296164,347004,518912,311890,361157,532015,0,0,0,0,0,0,0,74126,0,123.32,123.33,123.36
1802,2,0,0,0,93620,93620,93620,3659,3659,3659,591,591,591,0.00,0.00,0.00,0.00,0.00,0.00,0.00,0.00,0.00,0.00,0.00,0.00,0.00,0.00,0.00,0.00,0.00,0.00,0.00,0.00,0.00,424442,575233,925194,437789,587971,940920,0,0,0,0,0,0,0,100518,0,125.22,125.28,125.31
1802,3,0,0,0,93660,93660,93660,3619,3619,3619,591,591,591,0.00,0.00,0.00,0.00,0.00,0.00,0.00,0.00,0.00,0.00,0.00,0.00,0.00,0.00,0.00,0.00,0.00,0.00,0.00,0.00,0.00,199194,313982,453411,207930,327261,469136,0,0,0,0,0,0,0,84100,0,139.66,139.70,139.71
1803,0,0,0,0,93656,93656,93656,3623,3623,3623,591,591,591,0.00,0.00,0.00,0.00,0.00,0.00,0.00,0.00,0.00,0.00,0.00,0.00,0.00,0.00,0.00,0.00,0.00,0.00,0.00,0.00,0.00,304027,405589,699791,319752,419349,712895,0,0,0,0,0,0,0,109891,0,137.05,137.07,137.07
1803,1,0,0,0,93625,93625,93625,3654,3654,3654,591,591,591,0.00,0.00,0.00,0.00,0.00,0.00,0.00,0.00,0.00,0.00,0.00,0.00,0.00,0.00,0.00,0.00,0.00,0.00,0.00,0.00,0.00,301343,375942,503028,314445,390271,516127,0,0,0,0,0,0,0,98912,0,123.38,123.40,123.42
1803,2,0,0,0,93620,93620,93620,3659,3659,3659,591,591,591,0.00,0.00,0.00,0.00,0.00,0.00,0.00,0.00,0.00,0.00,0.00,0.00,0.00,0.00,0.00,0.00,0.00,0.00,0.00,0.00,0.00,432455,551704,906828,442939,564809,919932,0,0,0,0,0,0,0,75474,0,125.31,125.34,125.39
1803,3,0,0,0,93660,93660,93660,3619,3619,3619,591,591,591,0.00,0.00,0.00,0.00,0.00,0.00,0.00,0.00,0.00,0.00,0.00,0.00,0.00,0.00,0.00,0.00,0.00,0.00,0.00,0.00,0.00,301410,345964,463898,314515,359724,477003,0,0,0,0,0,0,0,112171,0,139.69,139.71,139.74
1804,0,0,0,0,93656,93656,93656,3623,3623,3623,591,591,591,0.00,0.00,0.00,0.00,0.00,0.00,0.00,0.00,0.00,0.00,0.00,0.00,0.00,0.00,0.00,0.00,0.00,0.00,0.00,0.00,0.00,296163,384223,702407,309251,398376,718132,0,0,0,0,0,0,0,109856,0,136.97,136.98,137.00
1804,1,0,0,0,93625,93625,93625,3654,3654,3654,591,591,591,0.00,0.00,0.00,0.00,0.00,0.00,0.00,0.00,0.00,0.00,0.00,0.00,0.00,0.00,0.00,0.00,0.00,0.00,0.00,0.00,0.00,199196,317139,477131,207933,330418,492860,0,0,0,0,0,0,0,98932,0,123.40,123.44,123.47
1804,2,0,0,0,93620,93620,93620,3659,3659,3659,591,591,591,0.00,0.00,0.00,0.00,0.00,0.00,0.00,0.00,0.00,0.00,0.00,0.00,0.00,0.00,0.00,0.00,0.00,0.00,0.00,0.00,0.00,427214,730188,1910669,445530,744342,1923774,0,0,0,0,0,0,0,113329,0,125.39,125.41,125.44
1804,3,0,0,0,93660,93660,93660,3619,3619,3619,591,591,591,0.00,0.00,0.00,0.00,0.00,0.00,0.00,0.00,0.00,0.00,0.00,0.00,0.00,0.00,0.00,0.00,0.00,0.00,0.00,0.00,0.00,301394,382655,581854,311886,396808,597580,0,0,0,0,0,0,0,126054,0,139.67,139.70,139.75
1805,0,0,0,0,93656,93656,93656,3623,3623,3623,591,591,591,0.00,0.00,0.00,0.00,0.00,0.00,0.00,0.00,0.00,0.00,0.00,0.00,0.00,0.00,0.00,0.00,0.00,0.00,0.00,0.00,0.00,290924,508462,1203017,304029,522091,1213500,0,0,0,0,0,0,0,123668,0,137.03,137.08,137.13
1805,1,0,0,0,93625,93625,93625,3654,3654,3654,591,591,591,0.00,0.00,0.00,0.00,0.00,0.00,0.00,0.00,0.00,0.00,0.00,0.00,0.00,0.00,0.00,0.00,0.00,0.00,0.00,0.00,0.00,296165,413582,542533,306648,427211,555637,0,0,0,0,0,0,0,111119,0,123.39,123.43,123.48
1805,2,0,0,0,93620,93620,93620,3659,3659,3659,591,591,591,0.00,0.00,0.00,0.00,0.00,0.00,0.00,0.00,0.00,0.00,0.00,0.00,0.00,0.00,0.00,0.00,0.00,0.00,0.00,0.00,0.00,424593,624830,946143,437698,638983,959247,0,0,0,0,0,0,0,100937,0,125.66,125.82,125.96
1805,3,0,0,0,93660,93660,93660,3619,3619,3619,591,591,591,0.00,0.00,0.00,0.00,0.00,0.00,0.00,0.00,0.00,0.00,0.00,0.00,0.00,0.00,0.00,0.00,0.00,0.00,0.00,0.00,0.00,298083,475822,906846,311043,489422,919951,0,0,0,0,0,0,0,112172,0,139.58,139.62,139.66
1806,0,0,0,0,93656,93656,93656,3623,3623,3623,591,591,591,0.00,0.00,0.00,0.00,0.00,0.00,0.00,0.00,0.00,0.00,0.00,0.00,0.00,0.00,0.00,0.00,0.00,0.00,0.00,0.00,0.00,199190,337892,579176,209674,351484,592280,0,0,0,0,0,0,0,109845,0,137.10,137.12,137.13
1806,1,0,0,0,93625,93625,93625,3654,3654,3654,591,591,591,0.00,0.00,0.00,0.00,0.00,0.00,0.00,0.00,0.00,0.00,0.00,0.00,0.00,0.00,0.00,0.00,0.00,0.00,0.00,0.00,0.00,293544,356446,508457,309269,370075,518941,0,0,0,0,0,0,0,98858,0,123.27,123.30,123.31
1806,2,0,0,0,93620,93620,93620,3659,3659,3659,591,591,591,0.00,0.00,0.00,0.00,0.00,0.00,0.00,0.00,0.00,0.00,0.00,0.00,0.00,0.00,0.00,0.00,0.00,0.00,0.00,0.00,0.00,290592,502633,893741,300971,515717,906846,0,0,0,0,0,0,0,100749,0,125.66,125.76,125.88
1806,3,0,0,0,93660,93660,93660,3619,3619,3619,591,591,591,0.00,0.00,0.00,0.00,0.00,0.00,0.00,0.00,0.00,0.00,0.00,0.00,0.00,0.00,0.00,0.00,0.00,0.00,0.00,0.00,0.00,202690,338803,487502,211426,352082,503228,0,0,0,0,0,0,0,112330,0,139.78,139.88,139.95
1807,0,0,0,0,93656,93656,93656,3623,3623,3623,591,591,591,0.00,0.00,0.00,0.00,0.00,0.00,0.00,0.00,0.00,0.00,0.00,0.00,0.00,0.00,0.00,0.00,0.00,0.00,0.00,0.00,0.00,306649,445032,684058,319754,458661,697162,0,0,0,0,0,0,0,109867,0,137.04,137.07,137.10
1807,1,0,0,0,93625,93625,93625,3654,3654,3654,591,591,591,0.00,0.00,0.00,0.00,0.00,0.00,0.00,0.00,0.00,0.00,0.00,0.00,0.00,0.00,0.00,0.00,0.00,0.00,0.00,0.00,0.00,202684,329821,531959,213168,342879,545062,0,0,0,0,0,0,0,98972,0,123.38,123.44,123.52
1807,2,0,0,0,93620,93620,93620,3659,3659,3659,591,591,591,0.00,0.00,0.00,0.00,0.00,0.00,0.00,0.00,0.00,0.00,0.00,0.00,0.00,0.00,0.00,0.00,0.00,0.00,0.00,0.00,0.00,427190,540433,914713,442915,554586,927818,0,0,0,0,0,0,0,100751,0,125.61,125.63,125.65
1807,3,0,0,0,93660,93660,93660,3619,3619,3619,591,591,591,0.00,0.00,0.00,0.00,0.00,0.00,0.00,0.00,0.00,0.00,0.00,0.00,0.00,0.00,0.00,0.00,0.00,0.00,0.00,0.00,0.00,298789,329187,421974,311894,343340,435079,0,0,0,0,0,0,0,112134,0,139.69,139.76,139.88
1808,0,0,0,0,93656,93656,93656,3623,3623,3623,591,591,591,0.00,0.00,0.00,0.00,0.00,0.00,0.00,0.00,0.00,0.00,0.00,0.00,0.00,0.00,0.00,0.00,0.00,0.00,0.00,0.00,0.00,293545,331809,474389,306650,345962,487493,0,0,0,0,0,0,0,109780,0,137.00,137.01,137.02
1808,1,0,0,0,93625,93625,93625,3654,3654,3654,591,591,591,0.00,0.00,0.00,0.00,0.00,0.00,0.00,0.00,0.00,0.00,0.00,0.00,0.00,0.00,0.00,0.00,0.00,0.00,0.00,0.00,0.00,296163,412011,613302,311888,426164,629028,0,0,0,0,0,0,0,111226,0,123.37,123.46,123.51
1808,2,0,0,0,93620,93620,93620,3659,3659,3659,591,591,591,0.00,0.00,0.00,0.00,0.00,0.00,0.00,0.00,0.00,0.00,0.00,0.00,0.00,0.00,0.00,0.00,0.00,0.00,0.00,0.00,0.00,424594,807773,1834656,437699,821402,1847761,0,0,0,0,0,0,0,100755,0,125.60,125.62,125.63
1808,3,0,0,0,93660,93660,93660,3619,3619,3619,591,591,591,0.00,0.00,0.00,0.00,0.00,0.00,0.00,0.00,0.00,0.00,0.00,0.00,0.00,0.00,0.00,0.00,0.00,0.00,0.00,0.00,0.00,298786,538868,828224,311891,552498,841329,0,0,0,0,0,0,0,126118,0,139.63,139.65,139.70
1809,0,0,0,0,93656,93656,93656,3623,3623,3623,591,591,591,0.00,0.00,0.00,0.00,0.00,0.00,0.00,0.00,0.00,0.00,0.00,0.00,0.00,0.00,0.00,0.00,0.00,0.00,0.00,0.00,0.00,296149,528210,1221369,309253,542266,1237095,0,0,0,0,0,0,0,123537,0,136.89,136.92,136.97
1809,1,0,0,0,93625,93625,93625,3654,3654,3654,591,591,591,0.00,0.00,0.00,0.00,0.00,0.00,0.00,0.00,0.00,0.00,0.00,0.00,0.00,0.00,0.00,0.00,0.00,0.00,0.00,0.00,0.00,298785,354874,503224,311890,368503,516329,0,0,0,0,0,0,0,74111,0,123.35,123.38,123.40
1809,2,0,0,0,93620,93620,93620,3659,3659,3659,591,591,591,0.00,0.00,0.00,0.00,0.00,0.00,0.00,0.00,0.00,0.00,0.00,0.00,0.00,0.00,0.00,0.00,0.00,0.00,0.00,0.00,0.00,288910,514346,1006449,299290,527430,1022175,0,0,0,0,0,0,0,100965,0,125.68,125.79,125.89
1809,3,0,0,0,93660,93660,93660,3619,3619,3619,591,591,591,0.00,0.00,0.00,0.00,0.00,0.00,0.00,0.00,0.00,0.00,0.00,0.00,0.00,0.00,0.00,0.00,0.00,0.00,0.00,0.00,0.00,301394,336573,464133,317118,350669,474334,0,0,0,0,0,0,0,84123,0,139.66,139.68,139.71
1810,0,0,0,0,93656,93656,93656,3623,3623,3623,591,591,591,0.00,0.00,0.00,0.00,0.00,0.00,0.00,0.00,0.00,0.00,0.00,0.00,0.00,0.00,0.00,0.00,0.00,0.00,0.00,0.00,0.00,200938,365386,668332,211422,377835,681437,0,0,0,0,0,0,0,82386,0,136.88,136.90,136.92
1810,1,0,0,0,93625,93625,93625,3654,3654,3654,591,591,591,0.00,0.00,0.00,0.00,0.00,0.00,0.00,0.00,0.00,0.00,0.00,0.00,0.00,0.00,0.00,0.00,0.00,0.00,0.00,0.00,0.00,311874,392481,518946,327599,406241,532050,0,0,0,0,0,0,0,98848,0,123.30,123.31,123.31
1810,2,0,0,0,93620,93620,93620,3659,3659,3659,591,591,591,0.00,0.00,0.00,0.00,0.00,0.00,0.00,0.00,0.00,0.00,0.00,0.00,0.00,0.00,0.00,0.00,0.00,0.00,0.00,0.00,0.00,411114,549567,927494,426248,563286,938406,0,0,0,0,0,0,0,75612,0,125.70,125.75,125.84
1810,3,0,0,0,93660,93660,93660,3619,3619,3619,591,591,591,0.00,0.00,0.00,0.00,0.00,0.00,0.00,0.00,0.00,0.00,0.00,0.00,0.00,0.00,0.00,0.00,0.00,0.00,0.00,0.00,0.00,200942,307742,419355,209679,320410,435081,0,0,0,0,0,0,0,112224,0,139.74,139.78,139.83
1811,0,0,0,0,93656,93656,93656,3623,3623,3623,591,591,591,0.00,0.00,0.00,0.00,0.00,0.00,0.00,0.00,0.00,0.00,0.00,0.00,0.00,0.00,0.00,0.00,0.00,0.00,0.00,0.00,0.00,301392,371120,629022,314496,384748,642127,0,0,0,0,0,0,0,109796,0,136.83,136.86,136.90
1811,1,0,0,0,93625,93625,93625,3654,3654,3654,591,591,591,0.00,0.00,0.00,0.00,0.00,0.00,0.00,0.00,0.00,0.00,0.00,0.00,0.00,0.00,0.00,0.00,0.00,0.00,0.00,0.00,0.00,298786,380754,547003,314512,393941,562268,0,0,0,0,0,0,0,98748,0,123.23,123.30,123.33
1811,2,0,0,0,93620,93620,93620,3659,3659,3659,591,591,591,0.00,0.00,0.00,0.00,0.00,0.00,0.00,0.00,0.00,0.00,0.00,0.00,0.00,0.00,0.00,0.00,0.00,0.00,0.00,0.00,0.00,424583,533096,927812,437688,546725,940917,0,0,0,0,0,0,0,113479,0,125.70,125.75,125.79
1811,3,0,0,0,93660,93660,93660,3619,3619,3619,591,591,591,0.00,0.00,0.00,0.00,0.00,0.00,0.00,0.00,0.00,0.00,0.00,0.00,0.00,0.00,0.00,0.00,0.00,0.00,0.00,0.00,0.00,298783,318183,390524,311887,331812,406249,0,0,0,0,0,0,0,112200,0,139.70,139.72,139.76
1812,0,0,0,0,93656,93656,93656,3623,3623,3623,591,591,591,0.00,0.00,0.00,0.00,0.00,0.00,0.00,0.00,0.00,0.00,0.00,0.00,0.00,0.00,0.00,0.00,0.00,0.00,0.00,0.00,0.00,296165,330761,466523,309271,344390,479627,0,0,0,0,0,0,0,109756,0,136.98,136.99,137.02
1812,1,0,0,0,93625,93625,93625,3654,3654,3654,591,591,591,0.00,0.00,0.00,0.00,0.00,0.00,0.00,0.00,0.00,0.00,0.00,0.00,0.00,0.00,0.00,0.00,0.00,0.00,0.00,0.00,0.00,304027,368496,526807,317132,382649,539911,0,0,0,0,0,0,0,111095,0,123.30,123.33,123.35
1812,2,0,0,0,93620,93620,93620,3659,3659,3659,591,591,591,0.00,0.00,0.00,0.00,0.00,0.00,0.00,0.00,0.00,0.00,0.00,0.00,0.00,0.00,0.00,0.00,0.00,0.00,0.00,0.00,0.00,432456,821920,1918529,448156,836072,1934254,0,0,0,0,0,0,0,100761,0,125.66,125.74,125.80
1812,3,0,0,0,93660,93660,93660,3619,3619,3619,591,591,591,0.00,0.00,0.00,0.00,0.00,0.00,0.00,0.00,0.00,0.00,0.00,0.00,0.00,0.00,0.00,0.00,0.00,0.00,0.00,0.00,0.00,296151,528378,870155,311876,542007,885881,0,0,0,0,0,0,0,112108,0,139.70,139.78,139.84
1813,0,0,0,0,93656,93656,93656,3623,3623,3623,591,591,591,0.00,0.00,0.00,0.00,0.00,0.00,0.00,0.00,0.00,0.00,0.00,0.00,0.00,0.00,0.00,0.00,0.00,0.00,0.00,0.00,0.00,294306,539542,1195153,309796,554172,1208258,0,0,0,0,0,0,0,109743,0,136.84,136.90,136.94
1813,1,0,0,0,93625,93625,93625,3654,3654,3654,591,591,591,0.00,0.00,0.00,0.00,0.00,0.00,0.00,0.00,0.00,0.00,0.00,0.00,0.00,0.00,0.00,0.00,0.00,0.00,0.00,0.00,0.00,293542,414104,631645,306647,427733,647370,0,0,0,0,0,0,0,98839,0,123.29,123.35,123.40
1813,2,0,0,0,93620,93620,93620,3659,3659,3659,591,591,591,0.00,0.00,0.00,0.00,0.00,0.00,0.00,0.00,0.00,0.00,0.00,0.00,0.00,0.00,0.00,0.00,0.00,0.00,0.00,0.00,0.00,284936,506217,948781,295174,519273,964507,0,0,0,0,0,0,0,100839,0,125.62,125.66,125.71
1813,3,0,0,0,93660,93660,93660,3619,3619,3619,591,591,591,0.00,0.00,0.00,0.00,0.00,0.00,0.00,0.00,0.00,0.00,0.00,0.00,0.00,0.00,0.00,0.00,0.00,0.00,0.00,0.00,0.00,301404,349103,518949,314508,363255,532053,0,0,0,0,0,0,0,112258,0,139.80,139.84,139.88
1814,0,0,0,0,93656,93656,93656,3623,3623,3623,591,591,591,0.00,0.00,0.00,0.00,0.00,0.00,0.00,0.00,0.00,0.00,0.00,0.00,0.00,0.00,0.00,0.00,0.00,0.00,0.00,0.00,0.00,303979,338786,443798,317081,351366,454282,0,0,0,0,0,0,0,109720,0,136.87,136.91,136.97
1814,1,0,0,0,93625,93625,93625,3654,3654,3654,591,591,591,0.00,0.00,0.00,0.00,0.00,0.00,0.00,0.00,0.00,0.00,0.00,0.00,0.00,0.00,0.00,0.00,0.00,0.00,0.00,0.00,0.00,306651,364951,529426,322374,379058,542531,0,0,0,0,0,0,0,98828,0,123.27,123.34,123.38
1814,2,0,0,0,93620,93620,93620,3659,3659,3659,591,591,591,0.00,0.00,0.00,0.00,0.00,0.00,0.00,0.00,0.00,0.00,0.00,0.00,0.00,0.00,0.00,0.00,0.00,0.00,0.00,0.00,0.00,424412,625704,951391,437698,639868,967116,0,0,0,0,0,0,0,100839,0,125.70,125.72,125.74
1814,3,0,0,0,93660,93660,93660,3619,3619,3619,591,591,591,0.00,0.00,0.00,0.00,0.00,0.00,0.00,0.00,0.00,0.00,0.00,0.00,0.00,0.00,0.00,0.00,0.00,0.00,0.00,0.00,0.00,202680,293719,361691,213163,306824,377417,0,0,0,0,0,0,0,112306,0,139.81,139.86,139.89
1815,0,0,0,0,93656,93656,93656,3623,3623,3623,591,591,591,0.00,0.00,0.00,0.00,0.00,0.00,0.00,0.00,0.00,0.00,0.00,0.00,0.00,0.00,0.00,0.00,0.00,0.00,0.00,0.00,0.00,293542,358020,592339,309268,372173,602822,0,0,0,0,0,0,0,109763,0,136.82,136.84,136.89
1815,1,0,0,0,93625,93625,93625,3654,3654,3654,591,591,591,0.00,0.00,0.00,0.00,0.00,0.00,0.00,0.00,0.00,0.00,0.00,0.00,0.00,0.00,0.00,0.00,0.00,0.00,0.00,0.00,0.00,283065,323594,428086,296170,336523,435075,0,0,0,0,0,0,0,98841,0,123.27,123.30,123.34
1815,2,0,0,0,93620,93620,93620,3659,3659,3659,591,591,591,0.00,0.00,0.00,0.00,0.00,0.00,0.00,0.00,0.00,0.00,0.00,0.00,0.00,0.00,0.00,0.00,0.00,0.00,0.00,0.00,0.00,421972,730194,1892328,437698,743823,1902811,0,0,0,0,0,0,0,113344,0,125.54,125.61,125.72
1815,3,0,0,0,93660,93660,93660,3619,3619,3619,591,591,591,0.00,0.00,0.00,0.00,0.00,0.00,0.00,0.00,0.00,0.00,0.00,0.00,0.00,0.00,0.00,0.00,0.00,0.00,0.00,0.00,0.00,298789,389473,613305,311894,403626,629031,0,0,0,0,0,0,0,126157,0,139.74,139.80,139.89
1816,0,0,0,0,93656,93656,93656,3623,3623,3623,591,591,591,0.00,0.00,0.00,0.00,0.00,0.00,0.00,0.00,0.00,0.00,0.00,0.00,0.00,0.00,0.00,0.00,0.00,0.00,0.00,0.00,0.00,298787,516307,1226518,311892,529936,1239622,0,0,0,0,0,0,0,123629,0,136.93,137.04,137.10
1816,1,0,0,0,93625,93625,93625,3654,3654,3654,591,591,591,0.00,0.00,0.00,0.00,0.00,0.00,0.00,0.00,0.00,0.00,0.00,0.00,0.00,0.00,0.00,0.00,0.00,0.00,0.00,0.00,0.00,293547,387371,529426,309272,401524,542531,0,0,0,0,0,0,0,111072,0,123.32,123.35,123.38
1816,2,0,0,0,93620,93620,93620,3659,3659,3659,591,591,591,0.00,0.00,0.00,0.00,0.00,0.00,0.00,0.00,0.00,0.00,0.00,0.00,0.00,0.00,0.00,0.00,0.00,0.00,0.00,0.00,0.00,429834,628501,954020,442939,642655,969746,0,0,0,0,0,0,0,100803,0,125.53,125.63,125.67
1816,3,0,0,0,93660,93660,93660,3619,3619,3619,591,591,591,0.00,0.00,0.00,0.00,0.00,0.00,0.00,0.00,0.00,0.00,0.00,0.00,0.00,0.00,0.00,0.00,0.00,0.00,0.00,0.00,0.00,301408,471246,859676,317134,485399,870160,0,0,0,0,0,0,0,112059,0,139.82,139.88,139.93
1817,0,0,0,0,93656,93656,93656,3623,3623,3623,591,591,591,0.00,0.00,0.00,0.00,0.00,0.00,0.00,0.00,0.00,0.00,0.00,0.00,0.00,0.00,0.00,0.00,0.00,0.00,0.00,0.00,0.00,288263,346686,545153,303986,360802,558258,0,0,0,0,0,0,0,82287,0,136.92,137.00,137.09
1817,1,0,0,0,93625,93625,93625,3654,3654,3654,591,591,591,0.00,0.00,0.00,0.00,0.00,0.00,0.00,0.00,0.00,0.00,0.00,0.00,0.00,0.00,0.00,0.00,0.00,0.00,0.00,0.00,0.00,296167,361683,505839,309272,375312,518944,0,0,0,0,0,0,0,74116,0,123.31,123.35,123.36
1817,2,0,0,0,93620,93620,93620,3659,3659,3659,591,591,591,0.00,0.00,0.00,0.00,0.00,0.00,0.00,0.00,0.00,0.00,0.00,0.00,0.00,0.00,0.00,0.00,0.00,0.00,0.00,0.00,0.00,427212,461145,586395,440316,474407,595044,0,0,0,0,0,0,0,100748,0,125.60,125.64,125.70
1817,3,0,0,0,93660,93660,93660,3619,3619,3619,591,591,591,0.00,0.00,0.00,0.00,0.00,0.00,0.00,0.00,0.00,0.00,0.00,0.00,0.00,0.00,0.00,0.00,0.00,0.00,0.00,0.00,0.00,301410,373321,484853,314515,386901,495336,0,0,0,0,0,0,0,84123,0,139.64,139.69,139.78
1818,0,0,0,0,93656,93656,93656,3623,3623,3623,591,591,591,0.00,0.00,0.00,0.00,0.00,0.00,0.00,0.00,0.00,0.00,0.00,0.00,0.00,0.00,0.00,0.00,0.00,0.00,0.00,0.00,0.00,202686,380908,699783,211422,394231,712887,0,0,0,0,0,0,0,109834,0,136.89,136.91,136.94
1818,1,0,0,0,93625,93625,93625,3654,3654,3654,591,591,591,0.00,0.00,0.00,0.00,0.00,0.00,0.00,0.00,0.00,0.00,0.00,0.00,0.00,0.00,0.00,0.00,0.00,0.00,0.00,0.00,0.00,306649,373452,545156,322375,387800,558261,0,0,0,0,0,0,0,98762,0,123.20,123.23,123.25
1818,2,0,0,0,93620,93620,93620,3659,3659,3659,591,591,591,0.00,0.00,0.00,0.00,0.00,0.00,0.00,0.00,0.00,0.00,0.00,0.00,0.00,0.00,0.00,0.00,0.00,0.00,0.00,0.00,0.00,421978,556950,946163,435083,570055,959268,0,0,0,0,0,0,0,75505,0,125.49,125.50,125.51
1818,3,0,0,0,93660,93660,93660,3619,3619,3619,591,591,591,0.00,0.00,0.00,0.00,0.00,0.00,0.00,0.00,0.00,0.00,0.00,0.00,0.00,0.00,0.00,0.00,0.00,0.00,0.00,0.00,0.00,200939,295949,382662,211423,308399,398388,0,0,0,0,0,0,0,112140,0,139.63,139.64,139.66
1819,0,0,0,0,93656,93656,93656,3623,3623,3623,591,591,591,0.00,0.00,0.00,0.00,0.00,0.00,0.00,0.00,0.00,0.00,0.00,0.00,0.00,0.00,0.00,0.00,0.00,0.00,0.00,0.00,0.00,290924,391563,597565,306649,405191,610669,0,0,0,0,0,0,0,109695,0,136.86,136.90,136.95
1819,1,0,0,0,93625,93625,93625,3654,3654,3654,591,591,591,0.00,0.00,0.00,0.00,0.00,0.00,0.00,0.00,0.00,0.00,0.00,0.00,0.00,0.00,0.00,0.00,0.00,0.00,0.00,0.00,0.00,301405,329363,386150,317131,342467,396634,0,0,0,0,0,0,0,98742,0,123.23,123.25,123.26
1819,2,0,0,0,93620,93620,93620,3659,3659,3659,591,591,591,0.00,0.00,0.00,0.00,0.00,0.00,0.00,0.00,0.00,0.00,0.00,0.00,0.00,0.00,0.00,0.00,0.00,0.00,0.00,0.00,0.00,427215,815626,1926404,442941,829779,1939509,0,0,0,0,0,0,0,113287,0,125.47,125.51,125.53
1819,3,0,0,0,93660,93660,93660,3619,3619,3619,591,591,591,0.00,0.00,0.00,0.00,0.00,0.00,0.00,0.00,0.00,0.00,0.00,0.00,0.00,0.00,0.00,0.00,0.00,0.00,0.00,0.00,0.00,301402,503740,1001205,317128,517893,1016931,0,0,0,0,0,0,0,126221,0,139.63,139.65,139.68
1820,0,0,0,0,93656,93656,93656,3623,3623,3623,591,591,591,0.00,0.00,0.00,0.00,0.00,0.00,0.00,0.00,0.00,0.00,0.00,0.00,0.00,0.00,0.00,0.00,0.00,0.00,0.00,0.00,0.00,296163,481205,1192537,311889,495358,1205641,0,0,0,0,0,0,0,123582,0,136.88,136.89,136.90
1820,1,0,0,0,93625,93625,93625,3654,3654,3654,591,591,591,0.00,0.00,0.00,0.00,0.00,0.00,0.00,0.00,0.00,0.00,0.00,0.00,0.00,0.00,0.00,0.00,0.00,0.00,0.00,0.00,0.00,304025,427205,524185,319751,441358,537290,0,0,0,0,0,0,0,98799,0,123.23,123.30,123.36
1820,2,0,0,0,93620,93620,93620,3659,3659,3659,591,591,591,0.00,0.00,0.00,0.00,0.00,0.00,0.00,0.00,0.00,0.00,0.00,0.00,0.00,0.00,0.00,0.00,0.00,0.00,0.00,0.00,0.00,424592,543059,995966,435075,556688,1011691,0,0,0,0,0,0,0,100816,0,125.54,125.60,125.69
1820,3,0,0,0,93660,93660,93660,3619,3619,3619,591,591,591,0.00,0.00,0.00,0.00,0.00,0.00,0.00,0.00,0.00,0.00,0.00,0.00,0.00,0.00,0.00,0.00,0.00,0.00,0.00,0.00,0.00,301411,364836,469151,314516,378465,482256,0,0,0,0,0,0,0,111982,0,139.61,139.69,139.73
1821,0,0,0,0,93656,93656,93656,3623,3623,3623,591,591,591,0.00,0.00,0.00,0.00,0.00,0.00,0.00,0.00,0.00,0.00,0.00,0.00,0.00,0.00,0.00,0.00,0.00,0.00,0.00,0.00,0.00,289282,432626,681325,304780,446209,694428,0,0,0,0,0,0,0,109802,0,136.86,136.90,136.92
1821,1,0,0,0,93625,93625,93625,3654,3654,3654,591,591,591,0.00,0.00,0.00,0.00,0.00,0.00,0.00,0.00,0.00,0.00,0.00,0.00,0.00,0.00,0.00,0.00,0.00,0.00,0.00,0.00,0.00,298784,363783,505839,311889,377412,518943,0,0,0,0,0,0,0,98743,0,123.25,123.29,123.36
1821,2,0,0,0,93620,93620,93620,3659,3659,3659,591,591,591,0.00,0.00,0.00,0.00,0.00,0.00,0.00,0.00,0.00,0.00,0.00,0.00,0.00,0.00,0.00,0.00,0.00,0.00,0.00,0.00,0.00,280012,500517,930441,288655,514302,943546,0,0,0,0,0,0,0,100799,0,125.66,125.71,125.75
1821,3,0,0,0,93660,93660,93660,3619,3619,3619,591,591,591,0.00,0.00,0.00,0.00,0.00,0.00,0.00,0.00,0.00,0.00,0.00,0.00,0.00,0.00,0.00,0.00,0.00,0.00,0.00,0.00,0.00,298786,339150,463912,311890,353303,479638,0,0,0,0,0,0,0,112180,0,139.59,139.61,139.65
1822,0,0,0,0,93656,93656,93656,3623,3623,3623,591,591,591,0.00,0.00,0.00,0.00,0.00,0.00,0.00,0.00,0.00,0.00,0.00,0.00,0.00,0.00,0.00,0.00,0.00,0.00,0.00,0.00,0.00,214914,346486,597570,225398,359591,610675,0,0,0,0,0,0,0,109721,0,136.85,136.93,137.00
1822,1,0,0,0,93625,93625,93625,3654,3654,3654,591,591,591,0.00,0.00,0.00,0.00,0.00,0.00,0.00,0.00,0.00,0.00,0.00,0.00,0.00,0.00,0.00,0.00,0.00,0.00,0.00,0.00,0.00,288246,349729,560884,301348,363832,573989,0,0,0,0,0,0,0,98869,0,123.25,123.28,123.31
1822,2,0,0,0,93620,93620,93620,3659,3659,3659,591,591,591,0.00,0.00,0.00,0.00,0.00,0.00,0.00,0.00,0.00,0.00,0.00,0.00,0.00,0.00,0.00,0.00,0.00,0.00,0.00,0.00,0.00,421979,538855,959213,435084,553008,972317,0,0,0,0,0,0,0,113353,0,125.51,125.56,125.62
1822,3,0,0,0,93660,93660,93660,3619,3619,3619,591,591,591,0.00,0.00,0.00,0.00,0.00,0.00,0.00,0.00,0.00,0.00,0.00,0.00,0.00,0.00,0.00,0.00,0.00,0.00,0.00,0.00,0.00,200935,299660,393146,209671,312939,406250,0,0,0,0,0,0,0,112143,0,139.67,139.70,139.75
1823,0,0,0,0,93656,93656,93656,3623,3623,3623,591,591,591,0.00,0.00,0.00,0.00,0.00,0.00,0.00,0.00,0.00,0.00,0.00,0.00,0.00,0.00,0.00,0.00,0.00,0.00,0.00,0.00,0.00,296167,334954,471767,311887,349107,484871,0,0,0,0,0,0,0,109680,0,136.82,136.86,136.92
1823,1,0,0,0,93625,93625,93625,3654,3654,3654,591,591,591,0.00,0.00,0.00,0.00,0.00,0.00,0.00,0.00,0.00,0.00,0.00,0.00,0.00,0.00,0.00,0.00,0.00,0.00,0.00,0.00,0.00,228894,354523,532043,237631,367802,547768,0,0,0,0,0,0,0,111053,0,123.27,123.32,123.35
1823,2,0,0,0,93620,93620,93620,3659,3659,3659,591,591,591,0.00,0.00,0.00,0.00,0.00,0.00,0.00,0.00,0.00,0.00,0.00,0.00,0.00,0.00,0.00,0.00,0.00,0.00,0.00,0.00,0.00,424592,806726,1829421,437697,820355,1839905,0,0,0,0,0,0,0,100838,0,125.63,125.70,125.75
1823,3,0,0,0,93660,93660,93660,3619,3619,3619,591,591,591,0.00,0.00,0.00,0.00,0.00,0.00,0.00,0.00,0.00,0.00,0.00,0.00,0.00,0.00,0.00,0.00,0.00,0.00,0.00,0.00,0.00,298789,499553,1006451,311894,513182,1019556,0,0,0,0,0,0,0,126135,0,139.73,139.75,139.77
1824,0,0,0,0,93656,93656,93656,3623,3623,3623,591,591,591,0.00,0.00,0.00,0.00,0.00,0.00,0.00,0.00,0.00,0.00,0.00,0.00,0.00,0.00,0.00,0.00,0.00,0.00,0.00,0.00,0.00,298785,536231,1195089,314510,549859,1208193,0,0,0,0,0,0,0,109686,0,136.86,136.89,136.90
1824,1,0,0,0,93625,93625,93625,3654,3654,3654,591,591,591,0.00,0.00,0.00,0.00,0.00,0.00,0.00,0.00,0.00,0.00,0.00,0.00,0.00,0.00,0.00,0.00,0.00,0.00,0.00,0.00,0.00,296164,367453,508457,314510,381082,521561,0,0,0,0,0,0,0,74077,0,123.24,123.26,123.28
1824,2,0,0,0,93620,93620,93620,3659,3659,3659,591,591,591,0.00,0.00,0.00,0.00,0.00,0.00,0.00,0.00,0.00,0.00,0.00,0.00,0.00,0.00,0.00,0.00,0.00,0.00,0.00,0.00,0.00,429812,545151,995958,442916,558780,1011683,0,0,0,0,0,0,0,100731,0,125.55,125.62,125.71
1824,3,0,0,0,93660,93660,93660,3619,3619,3619,591,591,591,0.00,0.00,0.00,0.00,0.00,0.00,0.00,0.00,0.00,0.00,0.00,0.00,0.00,0.00,0.00,0.00,0.00,0.00,0.00,0.00,0.00,304026,348581,500579,317135,362210,516304,0,0,0,0,0,0,0,84185,0,139.69,139.75,139.78
1825,0,0,0,0,93656,93656,93656,3623,3623,3623,591,591,591,0.00,0.00,0.00,0.00,0.00,0.00,0.00,0.00,0.00,0.00,0.00,0.00,0.00,0.00,0.00,0.00,0.00,0.00,0.00,0.00,0.00,296164,388083,661410,309270,401721,674033,0,0,0,0,0,0,0,82242,0,136.76,136.80,136.84
1825,1,0,0,0,93625,93625,93625,3654,3654,3654,591,591,591,0.00,0.00,0.00,0.00,0.00,0.00,0.00,0.00,0.00,0.00,0.00,0.00,0.00,0.00,0.00,0.00,0.00,0.00,0.00,0.00,0.00,309272,385925,545148,322377,400340,563494,0,0,0,0,0,0,0,98772,0,123.24,123.28,123.29
1825,2,0,0,0,93620,93620,93620,3659,3659,3659,591,591,591,0.00,0.00,0.00,0.00,0.00,0.00,0.00,0.00,0.00,0.00,0.00,0.00,0.00,0.00,0.00,0.00,0.00,0.00,0.00,0.00,0.00,297403,506566,883261,306049,519714,898987,0,0,0,0,0,0,0,75679,0,125.56,125.59,125.62
1825,3,0,0,0,93660,93660,93660,3619,3619,3619,591,591,591,0.00,0.00,0.00,0.00,0.00,0.00,0.00,0.00,0.00,0.00,0.00,0.00,0.00,0.00,0.00,0.00,0.00,0.00,0.00,0.00,0.00,200942,292672,374789,209678,305995,387893,0,0,0,0,0,0,0,112140,0,139.67,139.72,139.81
1826,0,0,0,0,93656,93656,93656,3623,3623,3623,591,591,591,0.00,0.00,0.00,0.00,0.00,0.00,0.00,0.00,0.00,0.00,0.00,0.00,0.00,0.00,0.00,0.00,0.00,0.00,0.00,0.00,0.00,207861,347713,618537,218341,360293,634263,0,0,0,0,0,0,0,109807,0,136.79,136.88,136.94
1826,1,0,0,0,93625,93625,93625,3654,3654,3654,591,591,591,0.00,0.00,0.00,0.00,0.00,0.00,0.00,0.00,0.00,0.00,0.00,0.00,0.00,0.00,0.00,0.00,0.00,0.00,0.00,0.00,0.00,293547,363088,607254,309272,376608,622436,0,0,0,0,0,0,0,98773,0,123.18,123.21,123.24
1826,2,0,0,0,93620,93620,93620,3659,3659,3659,591,591,591,0.00,0.00,0.00,0.00,0.00,0.00,0.00,0.00,0.00,0.00,0.00,0.00,0.00,0.00,0.00,0.00,0.00,0.00,0.00,0.00,0.00,427213,832842,1889669,440318,847105,1905394,0,0,0,0,0,0,0,113437,0,125.63,125.66,125.68
1826,3,0,0,0,93660,93660,93660,3619,3619,3619,591,591,591,0.00,0.00,0.00,0.00,0.00,0.00,0.00,0.00,0.00,0.00,0.00,0.00,0.00,0.00,0.00,0.00,0.00,0.00,0.00,0.00,0.00,296167,326045,419346,309272,340198,429829,0,0,0,0,0,0,0,126286,0,139.70,139.78,139.87
1827,0,0,0,0,93656,93656,93656,3623,3623,3623,591,591,591,0.00,0.00,0.00,0.00,0.00,0.00,0.00,0.00,0.00,0.00,0.00,0.00,0.00,0.00,0.00,0.00,0.00,0.00,0.00,0.00,0.00,298786,333907,463905,311891,348060,479631,0,0,0,0,0,0,0,123388,0,136.83,136.88,136.94
1827,1,0,0,0,93625,93625,93625,3654,3654,3654,591,591,591,0.00,0.00,0.00,0.00,0.00,0.00,0.00,0.00,0.00,0.00,0.00,0.00,0.00,0.00,0.00,0.00,0.00,0.00,0.00,0.00,0.00,199190,364827,539908,207927,378106,555633,0,0,0,0,0,0,0,111107,0,123.24,123.28,123.30
1827,2,0,0,0,93620,93620,93620,3659,3659,3659,591,591,591,0.00,0.00,0.00,0.00,0.00,0.00,0.00,0.00,0.00,0.00,0.00,0.00,0.00,0.00,0.00,0.00,0.00,0.00,0.00,0.00,0.00,419342,521032,877973,432447,534661,893698,0,0,0,0,0,0,0,100770,0,125.61,125.66,125.70
1827,3,0,0,0,93660,93660,93660,3619,3619,3619,591,591,591,0.00,0.00,0.00,0.00,0.00,0.00,0.00,0.00,0.00,0.00,0.00,0.00,0.00,0.00,0.00,0.00,0.00,0.00,0.00,0.00,0.00,304030,534665,878012,317135,548294,891116,0,0,0,0,0,0,0,112202,0,139.81,139.88,139.94
1828,0,0,0,0,93656,93656,93656,3623,3623,3623,591,591,591,0.00,0.00,0.00,0.00,0.00,0.00,0.00,0.00,0.00,0.00,0.00,0.00,0.00,0.00,0.00,0.00,0.00,0.00,0.00,0.00,0.00,296166,537290,1182037,311892,551444,1197763,0,0,0,0,0,0,0,109694,0,136.80,136.86,136.89
1828,1,0,0,0,93625,93625,93625,3654,3654,3654,591,591,591,0.00,0.00,0.00,0.00,0.00,0.00,0.00,0.00,0.00,0.00,0.00,0.00,0.00,0.00,0.00,0.00,0.00,0.00,0.00,0.00,0.00,304029,353825,513700,317134,367977,526804,0,0,0,0,0,0,0,98752,0,123.24,123.27,123.32
1828,2,0,0,0,93620,93620,93620,3659,3659,3659,591,591,591,0.00,0.00,0.00,0.00,0.00,0.00,0.00,0.00,0.00,0.00,0.00,0.00,0.00,0.00,0.00,0.00,0.00,0.00,0.00,0.00,0.00,429833,645272,977611,445559,658901,990716,0,0,0,0,0,0,0,100791,0,125.47,125.50,125.53
1828,3,0,0,0,93660,93660,93660,3619,3619,3619,591,591,591,0.00,0.00,0.00,0.00,0.00,0.00,0.00,0.00,0.00,0.00,0.00,0.00,0.00,0.00,0.00,0.00,0.00,0.00,0.00,0.00,0.00,301410,347537,500593,314515,361690,516318,0,0,0,0,0,0,0,112065,0,139.57,139.66,139.82
1829,0,0,0,0,93656,93656,93656,3623,3623,3623,591,591,591,0.00,0.00,0.00,0.00,0.00,0.00,0.00,0.00,0.00,0.00,0.00,0.00,0.00,0.00,0.00,0.00,0.00,0.00,0.00,0.00,0.00,301404,377638,663101,315456,391756,676205,0,0,0,0,0,0,0,109731,0,136.75,136.79,136.82
1829,1,0,0,0,93625,93625,93625,3654,3654,3654,591,591,591,0.00,0.00,0.00,0.00,0.00,0.00,0.00,0.00,0.00,0.00,0.00,0.00,0.00,0.00,0.00,0.00,0.00,0.00,0.00,0.00,0.00,296164,378985,550395,311890,392614,566120,0,0,0,0,0,0,0,98773,0,123.26,123.28,123.31
1829,2,0,0,0,93620,93620,93620,3659,3659,3659,591,591,591,0.00,0.00,0.00,0.00,0.00,0.00,0.00,0.00,0.00,0.00,0.00,0.00,0.00,0.00,0.00,0.00,0.00,0.00,0.00,0.00,0.00,274512,490874,890449,284743,504463,903317,0,0,0,0,0,0,0,100764,0,125.54,125.57,125.61
1829,3,0,0,0,93660,93660,93660,3619,3619,3619,591,591,591,0.00,0.00,0.00,0.00,0.00,0.00,0.00,0.00,0.00,0.00,0.00,0.00,0.00,0.00,0.00,0.00,0.00,0.00,0.00,0.00,0.00,204427,324472,411491,214911,337577,424596,0,0,0,0,0,0,0,112087,0,139.52,139.56,139.59
1830,0,0,0,0,93656,93656,93656,3623,3623,3623,591,591,591,0.00,0.00,0.00,0.00,0.00,0.00,0.00,0.00,0.00,0.00,0.00,0.00,0.00,0.00,0.00,0.00,0.00,0.00,0.00,0.00,0.00,293546,363610,492732,309272,376890,508458,0,0,0,0,0,0,0,109698,0,136.91,136.95,136.99
1830,1,0,0,0,93625,93625,93625,3654,3654,3654,591,591,591,0.00,0.00,0.00,0.00,0.00,0.00,0.00,0.00,0.00,0.00,0.00,0.00,0.00,0.00,0.00,0.00,0.00,0.00,0.00,0.00,0.00,200936,338649,600164,211420,351193,613268,0,0,0,0,0,0,0,98801,0,123.28,123.30,123.33
1830,2,0,0,0,93620,93620,93620,3659,3659,3659,591,591,591,0.00,0.00,0.00,0.00,0.00,0.00,0.00,0.00,0.00,0.00,0.00,0.00,0.00,0.00,0.00,0.00,0.00,0.00,0.00,0.00,0.00,429834,821397,1837280,442938,835026,1853005,0,0,0,0,0,0,0,113412,0,125.65,125.70,125.75
1830,3,0,0,0,93660,93660,93660,3619,3619,3619,591,591,591,0.00,0.00,0.00,0.00,0.00,0.00,0.00,0.00,0.00,0.00,0.00,0.00,0.00,0.00,0.00,0.00,0.00,0.00,0.00,0.00,0.00,298785,474392,830839,314510,488020,843944,0,0,0,0,0,0,0,126269,0,139.62,139.67,139.72
1831,0,0,0,0,93656,93656,93656,3623,3623,3623,591,591,591,0.00,0.00,0.00,0.00,0.00,0.00,0.00,0.00,0.00,0.00,0.00,0.00,0.00,0.00,0.00,0.00,0.00,0.00,0.00,0.00,0.00,301408,502169,1247575,314513,515798,1260680,0,0,0,0,0,0,0,123600,0,136.87,136.90,136.93
1831,1,0,0,0,93625,93625,93625,3654,3654,3654,591,591,591,0.00,0.00,0.00,0.00,0.00,0.00,0.00,0.00,0.00,0.00,0.00,0.00,0.00,0.00,0.00,0.00,0.00,0.00,0.00,0.00,0.00,311887,407815,521565,324991,421968,537291,0,0,0,0,0,0,0,98721,0,123.31,123.33,123.37
1831,2,0,0,0,93620,93620,93620,3659,3659,3659,591,591,591,0.00,0.00,0.00,0.00,0.00,0.00,0.00,0.00,0.00,0.00,0.00,0.00,0.00,0.00,0.00,0.00,0.00,0.00,0.00,0.00,0.00,427218,540438,972369,442944,554067,985474,0,0,0,0,0,0,0,100807,0,125.69,125.70,125.73
1831,3,0,0,0,93660,93660,93660,3619,3619,3619,591,591,591,0.00,0.00,0.00,0.00,0.00,0.00,0.00,0.00,0.00,0.00,0.00,0.00,0.00,0.00,0.00,0.00,0.00,0.00,0.00,0.00,0.00,298790,394716,615928,311895,408345,629032,0,0,0,0,0,0,0,112237,0,139.78,139.82,139.86
1832,0,0,0,0,93656,93656,93656,3623,3623,3623,591,591,591,0.00,0.00,0.00,0.00,0.00,0.00,0.00,0.00,0.00,0.00,0.00,0.00,0.00,0.00,0.00,0.00,0.00,0.00,0.00,0.00,0.00,298788,422495,694549,311893,436124,707653,0,0,0,0,0,0,0,82354,0,136.87,136.90,136.93
1832,1,0,0,0,93625,93625,93625,3654,3654,3654,591,591,591,0.00,0.00,0.00,0.00,0.00,0.00,0.00,0.00,0.00,0.00,0.00,0.00,0.00,0.00,0.00,0.00,0.00,0.00,0.00,0.00,0.00,301407,362207,511081,314512,376360,524186,0,0,0,0,0,0,0,74088,0,123.32,123.35,123.36
1832,2,0,0,0,93620,93620,93620,3659,3659,3659,591,591,591,0.00,0.00,0.00,0.00,0.00,0.00,0.00,0.00,0.00,0.00,0.00,0.00,0.00,0.00,0.00,0.00,0.00,0.00,0.00,0.00,0.00,429836,529951,888504,445561,544104,901609,0,0,0,0,0,0,0,100734,0,125.52,125.59,125.67
1832,3,0,0,0,93660,93660,93660,3619,3619,3619,591,591,591,0.00,0.00,0.00,0.00,0.00,0.00,0.00,0.00,0.00,0.00,0.00,0.00,0.00,0.00,0.00,0.00,0.00,0.00,0.00,0.00,0.00,301374,324947,385280,314477,339045,398385,0,0,0,0,0,0,0,84308,0,139.83,139.87,139.91
1833,0,0,0,0,93656,93656,93656,3623,3623,3623,591,591,591,0.00,0.00,0.00,0.00,0.00,0.00,0.00,0.00,0.00,0.00,0.00,0.00,0.00,0.00,0.00,0.00,0.00,0.00,0.00,0.00,0.00,298735,380085,610679,311838,394435,623784,0,0,0,0,0,0,0,109701,0,136.82,136.83,136.84
1833,1,0,0,0,93625,93625,93625,3654,3654,3654,591,591,591,0.00,0.00,0.00,0.00,0.00,0.00,0.00,0.00,0.00,0.00,0.00,0.00,0.00,0.00,0.00,0.00,0.00,0.00,0.00,0.00,0.00,296167,360378,529427,309271,374138,542532,0,0,0,0,0,0,0,98730,0,123.20,123.24,123.27
1833,2,0,0,0,93620,93620,93620,3659,3659,3659,591,591,591,0.00,0.00,0.00,0.00,0.00,0.00,0.00,0.00,0.00,0.00,0.00,0.00,0.00,0.00,0.00,0.00,0.00,0.00,0.00,0.00,0.00,419319,473387,608963,432181,486035,617613,0,0,0,0,0,0,0,75597,0,125.52,125.56,125.62
1833,3,0,0,0,93660,93660,93660,3619,3619,3619,591,591,591,0.00,0.00,0.00,0.00,0.00,0.00,0.00,0.00,0.00,0.00,0.00,0.00,0.00,0.00,0.00,0.00,0.00,0.00,0.00,0.00,0.00,202686,306870,419353,211422,320193,432458,0,0,0,0,0,0,0,112233,0,139.76,139.80,139.84
1834,0,0,0,0,93656,93656,93656,3623,3623,3623,591,591,591,0.00,0.00,0.00,0.00,0.00,0.00,0.00,0.00,0.00,0.00,0.00,0.00,0.00,0.00,0.00,0.00,0.00,0.00,0.00,0.00,0.00,202685,310490,445561,211421,323245,458666,0,0,0,0,0,0,0,109505,0,136.63,136.71,136.80
1834,1,0,0,0,93625,93625,93625,3654,3654,3654,591,591,591,0.00,0.00,0.00,0.00,0.00,0.00,0.00,0.00,0.00,0.00,0.00,0.00,0.00,0.00,0.00,0.00,0.00,0.00,0.00,0.00,0.00,200937,333731,558248,209673,346485,571352,0,0,0,0,0,0,0,111143,0,123.19,123.23,123.28
1834,2,0,0,0,93620,93620,93620,3659,3659,3659,591,591,591,0.00,0.00,0.00,0.00,0.00,0.00,0.00,0.00,0.00,0.00,0.00,0.00,0.00,0.00,0.00,0.00,0.00,0.00,0.00,0.00,0.00,432457,826120,1942133,448182,840272,1955238,0,0,0,0,0,0,0,100864,0,125.65,125.71,125.74
1834,3,0,0,0,93660,93660,93660,3619,3619,3619,591,591,591,0.00,0.00,0.00,0.00,0.00,0.00,0.00,0.00,0.00,0.00,0.00,0.00,0.00,0.00,0.00,0.00,0.00,0.00,0.00,0.00,0.00,298783,501114,998534,314515,514743,1011638,0,0,0,0,0,0,0,126273,0,139.71,139.73,139.77
1835,0,0,0,0,93656,93656,93656,3623,3623,3623,591,591,591,0.00,0.00,0.00,0.00,0.00,0.00,0.00,0.00,0.00,0.00,0.00,0.00,0.00,0.00,0.00,0.00,0.00,0.00,0.00,0.00,0.00,298789,530478,1147974,314515,544631,1158457,0,0,0,0,0,0,0,123507,0,136.64,136.75,136.91
1835,1,0,0,0,93625,93625,93625,3654,3654,3654,591,591,591,0.00,0.00,0.00,0.00,0.00,0.00,0.00,0.00,0.00,0.00,0.00,0.00,0.00,0.00,0.00,0.00,0.00,0.00,0.00,0.00,0.00,304023,339666,408841,317128,353819,424565,0,0,0,0,0,0,0,98669,0,123.10,123.17,123.22
1835,2,0,0,0,93620,93620,93620,3659,3659,3659,591,591,591,0.00,0.00,0.00,0.00,0.00,0.00,0.00,0.00,0.00,0.00,0.00,0.00,0.00,0.00,0.00,0.00,0.00,0.00,0.00,0.00,0.00,429827,540437,951403,442942,554590,969750,0,0,0,0,0,0,0,100816,0,125.60,125.64,125.69
1835,3,0,0,0,93660,93660,93660,3619,3619,3619,591,591,591,0.00,0.00,0.00,0.00,0.00,0.00,0.00,0.00,0.00,0.00,0.00,0.00,0.00,0.00,0.00,0.00,0.00,0.00,0.00,0.00,0.00,301409,344392,508466,314509,358545,518950,0,0,0,0,0,0,0,112156,0,139.69,139.71,139.73
1836,0,0,0,0,93656,93656,93656,3623,3623,3623,591,591,591,0.00,0.00,0.00,0.00,0.00,0.00,0.00,0.00,0.00,0.00,0.00,0.00,0.00,0.00,0.00,0.00,0.00,0.00,0.00,0.00,0.00,298784,393662,760081,311889,407815,773185,0,0,0,0,0,0,0,109793,0,136.87,136.91,136.95
1836,1,0,0,0,93625,93625,93625,3654,3654,3654,591,591,591,0.00,0.00,0.00,0.00,0.00,0.00,0.00,0.00,0.00,0.00,0.00,0.00,0.00,0.00,0.00,0.00,0.00,0.00,0.00,0.00,0.00,298786,394711,508463,314512,408340,521568,0,0,0,0,0,0,0,98830,0,123.18,123.26,123.34
1836,2,0,0,0,93620,93620,93620,3659,3659,3659,591,591,591,0.00,0.00,0.00,0.00,0.00,0.00,0.00,0.00,0.00,0.00,0.00,0.00,0.00,0.00,0.00,0.00,0.00,0.00,0.00,0.00,0.00,432448,517374,854429,445552,531002,867534,0,0,0,0,0,0,0,100804,0,125.64,125.65,125.66
1836,3,0,0,0,93660,93660,93660,3619,3619,3619,591,591,591,0.00,0.00,0.00,0.00,0.00,0.00,0.00,0.00,0.00,0.00,0.00,0.00,0.00,0.00,0.00,0.00,0.00,0.00,0.00,0.00,0.00,301408,316694,359073,314515,330808,374799,0,0,0,0,0,0,0,112213,0,139.76,139.79,139.81
1837,0,0,0,0,93656,93656,93656,3623,3623,3623,591,591,591,0.00,0.00,0.00,0.00,0.00,0.00,0.00,0.00,0.00,0.00,0.00,0.00,0.00,0.00,0.00,0.00,0.00,0.00,0.00,0.00,0.00,200940,355183,657853,211424,368287,670958,0,0,0,0,0,0,0,109851,0,136.90,136.96,137.03
1837,1,0,0,0,93625,93625,93625,3654,3654,3654,591,591,591,0.00,0.00,0.00,0.00,0.00,0.00,0.00,0.00,0.00,0.00,0.00,0.00,0.00,0.00,0.00,0.00,0.00,0.00,0.00,0.00,0.00,290925,343339,505840,304030,357492,518945,0,0,0,0,0,0,0,98836,0,123.27,123.32,123.38
1837,2,0,0,0,93620,93620,93620,3659,3659,3659,591,591,591,0.00,0.00,0.00,0.00,0.00,0.00,0.00,0.00,0.00,0.00,0.00,0.00,0.00,0.00,0.00,0.00,0.00,0.00,0.00,0.00,0.00,284988,793399,1842498,293624,806660,1858223,0,0,0,0,0,0,0,113327,0,125.49,125.52,125.56
1837,3,0,0,0,93660,93660,93660,3619,3619,3619,591,591,591,0.00,0.00,0.00,0.00,0.00,0.00,0.00,0.00,0.00,0.00,0.00,0.00,0.00,0.00,0.00,0.00,0.00,0.00,0.00,0.00,0.00,277822,298785,311894,288306,311365,324999,0,0,0,0,0,0,0,126113,0,139.69,139.74,139.79
1838,0,0,0,0,93656,93656,93656,3623,3623,3623,591,591,591,0.00,0.00,0.00,0.00,0.00,0.00,0.00,0.00,0.00,0.00,0.00,0.00,0.00,0.00,0.00,0.00,0.00,0.00,0.00,0.00,0.00,301407,338624,474391,314511,352253,487496,0,0,0,0,0,0,0,123311,0,136.77,136.84,136.95
1838,1,0,0,0,93625,93625,93625,3654,3654,3654,591,591,591,0.00,0.00,0.00,0.00,0.00,0.00,0.00,0.00,0.00,0.00,0.00,0.00,0.00,0.00,0.00,0.00,0.00,0.00,0.00,0.00,0.00,197443,367371,529427,206180,380611,542531,0,0,0,0,0,0,0,111098,0,123.20,123.28,123.33
1838,2,0,0,0,93620,93620,93620,3659,3659,3659,591,591,591,0.00,0.00,0.00,0.00,0.00,0.00,0.00,0.00,0.00,0.00,0.00,0.00,0.00,0.00,0.00,0.00,0.00,0.00,0.00,0.00,0.00,432449,532050,906849,445554,545679,919954,0,0,0,0,0,0,0,100735,0,125.56,125.60,125.63
1838,3,0,0,0,93660,93660,93660,3619,3619,3619,591,591,591,0.00,0.00,0.00,0.00,0.00,0.00,0.00,0.00,0.00,0.00,0.00,0.00,0.00,0.00,0.00,0.00,0.00,0.00,0.00,0.00,0.00,298789,531003,820341,309273,544632,836067,0,0,0,0,0,0,0,112171,0,139.61,139.65,139.73
1839,0,0,0,0,93656,93656,93656,3623,3623,3623,591,591,591,0.00,0.00,0.00,0.00,0.00,0.00,0.00,0.00,0.00,0.00,0.00,0.00,0.00,0.00,0.00,0.00,0.00,0.00,0.00,0.00,0.00,301410,545675,1210870,317135,559304,1223975,0,0,0,0,0,0,0,82269,0,136.78,136.82,136.88
1839,1,0,0,0,93625,93625,93625,3654,3654,3654,591,591,591,0.00,0.00,0.00,0.00,0.00,0.00,0.00,0.00,0.00,0.00,0.00,0.00,0.00,0.00,0.00,0.00,0.00,0.00,0.00,0.00,0.00,296166,343864,492729,309270,358017,508455,0,0,0,0,0,0,0,74068,0,123.28,123.31,123.34
1839,2,0,0,0,93620,93620,93620,3659,3659,3659,591,591,591,0.00,0.00,0.00,0.00,0.00,0.00,0.00,0.00,0.00,0.00,0.00,0.00,0.00,0.00,0.00,0.00,0.00,0.00,0.00,0.00,0.00,432430,631643,954024,445560,645796,967129,0,0,0,0,0,0,0,100832,0,125.59,125.63,125.67
1839,3,0,0,0,93660,93660,93660,3619,3619,3619,591,591,591,0.00,0.00,0.00,0.00,0.00,0.00,0.00,0.00,0.00,0.00,0.00,0.00,0.00,0.00,0.00,0.00,0.00,0.00,0.00,0.00,0.00,296168,340195,487494,309273,354348,503220,0,0,0,0,0,0,0,84162,0,139.82,139.88,139.93
1840,0,0,0,0,93656,93656,93656,3623,3623,3623,591,591,591,0.00,0.00,0.00,0.00,0.00,0.00,0.00,0.00,0.00,0.00,0.00,0.00,0.00,0.00,0.00,0.00,0.00,0.00,0.00,0.00,0.00,301408,446420,864900,317134,460816,880626,0,0,0,0,0,0,0,109800,0,136.83,136.86,136.89
1840,1,0,0,0,93625,93625,93625,3654,3654,3654,591,591,591,0.00,0.00,0.00,0.00,0.00,0.00,0.00,0.00,0.00,0.00,0.00,0.00,0.00,0.00,0.00,0.00,0.00,0.00,0.00,0.00,0.00,301403,413443,623751,314508,427203,636855,0,0,0,0,0,0,0,98723,0,123.25,123.26,123.28
1840,2,0,0,0,93620,93620,93620,3659,3659,3659,591,591,591,0.00,0.00,0.00,0.00,0.00,0.00,0.00,0.00,0.00,0.00,0.00,0.00,0.00,0.00,0.00,0.00,0.00,0.00,0.00,0.00,0.00,427213,558914,919948,440318,573330,935673,0,0,0,0,0,0,0,75678,0,125.65,125.68,125.73
1840,3,0,0,0,93660,93660,93660,3619,3619,3619,591,591,591,0.00,0.00,0.00,0.00,0.00,0.00,0.00,0.00,0.00,0.00,0.00,0.00,0.00,0.00,0.00,0.00,0.00,0.00,0.00,0.00,0.00,301412,359724,437704,314517,374140,453430,0,0,0,0,0,0,0,112136,0,139.63,139.70,139.76
1841,0,0,0,0,93656,93656,93656,3623,3623,3623,591,591,591,0.00,0.00,0.00,0.00,0.00,0.00,0.00,0.00,0.00,0.00,0.00,0.00,0.00,0.00,0.00,0.00,0.00,0.00,0.00,0.00,0.00,197444,321494,503219,206181,334249,513703,0,0,0,0,0,0,0,109801,0,136.87,136.90,136.91
1841,1,0,0,0,93625,93625,93625,3654,3654,3654,591,591,591,0.00,0.00,0.00,0.00,0.00,0.00,0.00,0.00,0.00,0.00,0.00,0.00,0.00,0.00,0.00,0.00,0.00,0.00,0.00,0.00,0.00,296166,317657,395763,309271,331810,411489,0,0,0,0,0,0,0,98856,0,123.25,123.29,123.33
1841,2,0,0,0,93620,93620,93620,3659,3659,3659,591,591,591,0.00,0.00,0.00,0.00,0.00,0.00,0.00,0.00,0.00,0.00,0.00,0.00,0.00,0.00,0.00,0.00,0.00,0.00,0.00,0.00,0.00,304556,706260,1926848,313208,718999,1939956,0,0,0,0,0,0,0,113460,0,125.61,125.68,125.73
1841,3,0,0,0,93660,93660,93660,3619,3619,3619,591,591,591,0.00,0.00,0.00,0.00,0.00,0.00,0.00,0.00,0.00,0.00,0.00,0.00,0.00,0.00,0.00,0.00,0.00,0.00,0.00,0.00,0.00,202689,337753,584476,211426,350508,597580,0,0,0,0,0,0,0,126214,0,139.60,139.67,139.74
1842,0,0,0,0,93656,93656,93656,3623,3623,3623,591,591,591,0.00,0.00,0.00,0.00,0.00,0.00,0.00,0.00,0.00,0.00,0.00,0.00,0.00,0.00,0.00,0.00,0.00,0.00,0.00,0.00,0.00,298787,509508,1192521,314511,523662,1205626,0,0,0,0,0,0,0,123465,0,136.87,136.92,136.96
1842,1,0,0,0,93625,93625,93625,3654,3654,3654,591,591,591,0.00,0.00,0.00,0.00,0.00,0.00,0.00,0.00,0.00,0.00,0.00,0.00,0.00,0.00,0.00,0.00,0.00,0.00,0.00,0.00,0.00,298788,349627,419348,309272,362208,432453,0,0,0,0,0,0,0,111006,0,123.23,123.26,123.31
1842,2,0,0,0,93620,93620,93620,3659,3659,3659,591,591,591,0.00,0.00,0.00,0.00,0.00,0.00,0.00,0.00,0.00,0.00,0.00,0.00,0.00,0.00,0.00,0.00,0.00,0.00,0.00,0.00,0.00,429837,623776,953999,442942,637405,967103,0,0,0,0,0,0,0,100711,0,125.49,125.56,125.62
1842,3,0,0,0,93660,93660,93660,3619,3619,3619,591,591,591,0.00,0.00,0.00,0.00,0.00,0.00,0.00,0.00,0.00,0.00,0.00,0.00,0.00,0.00,0.00,0.00,0.00,0.00,0.00,0.00,0.00,309272,485388,893696,319756,499541,906800,0,0,0,0,0,0,0,112089,0,139.67,139.71,139.74
1843,0,0,0,0,93656,93656,93656,3623,3623,3623,591,591,591,0.00,0.00,0.00,0.00,0.00,0.00,0.00,0.00,0.00,0.00,0.00,0.00,0.00,0.00,0.00,0.00,0.00,0.00,0.00,0.00,0.00,298785,361164,597575,311890,375317,613300,0,0,0,0,0,0,0,109815,0,136.87,136.94,137.00
1843,1,0,0,0,93625,93625,93625,3654,3654,3654,591,591,591,0.00,0.00,0.00,0.00,0.00,0.00,0.00,0.00,0.00,0.00,0.00,0.00,0.00,0.00,0.00,0.00,0.00,0.00,0.00,0.00,0.00,301405,359065,490113,317129,373218,503218,0,0,0,0,0,0,0,98790,0,123.22,123.24,123.28
1843,2,0,0,0,93620,93620,93620,3659,3659,3659,591,591,591,0.00,0.00,0.00,0.00,0.00,0.00,0.00,0.00,0.00,0.00,0.00,0.00,0.00,0.00,0.00,0.00,0.00,0.00,0.00,0.00,0.00,429826,519993,880634,442939,534146,893738,0,0,0,0,0,0,0,100754,0,125.51,125.56,125.60
1843,3,0,0,0,93660,93660,93660,3619,3619,3619,591,591,591,0.00,0.00,0.00,0.00,0.00,0.00,0.00,0.00,0.00,0.00,0.00,0.00,0.00,0.00,0.00,0.00,0.00,0.00,0.00,0.00,0.00,298789,362287,511087,314514,376388,524192,0,0,0,0,0,0,0,112196,0,139.69,139.73,139.76
1844,0,0,0,0,93656,93656,93656,3623,3623,3623,591,591,591,0.00,0.00,0.00,0.00,0.00,0.00,0.00,0.00,0.00,0.00,0.00,0.00,0.00,0.00,0.00,0.00,0.00,0.00,0.00,0.00,0.00,306635,440748,670963,319739,454373,684067,0,0,0,0,0,0,0,109716,0,136.93,136.97,136.99
1844,1,0,0,0,93625,93625,93625,3654,3654,3654,591,591,591,0.00,0.00,0.00,0.00,0.00,0.00,0.00,0.00,0.00,0.00,0.00,0.00,0.00,0.00,0.00,0.00,0.00,0.00,0.00,0.00,0.00,298783,355398,545152,311887,369027,560877,0,0,0,0,0,0,0,98789,0,123.24,123.26,123.28
1844,2,0,0,0,93620,93620,93620,3659,3659,3659,591,591,591,0.00,0.00,0.00,0.00,0.00,0.00,0.00,0.00,0.00,0.00,0.00,0.00,0.00,0.00,0.00,0.00,0.00,0.00,0.00,0.00,0.00,429835,539385,914716,442940,553013,930441,0,0,0,0,0,0,0,100718,0,125.61,125.65,125.67
1844,3,0,0,0,93660,93660,93660,3619,3619,3619,591,591,591,0.00,0.00,0.00,0.00,0.00,0.00,0.00,0.00,0.00,0.00,0.00,0.00,0.00,0.00,0.00,0.00,0.00,0.00,0.00,0.00,0.00,301408,332857,400985,314512,346486,414089,0,0,0,0,0,0,0,112230,0,139.66,139.68,139.71
1845,0,0,0,0,93656,93656,93656,3623,3623,3623,591,591,591,0.00,0.00,0.00,0.00,0.00,0.00,0.00,0.00,0.00,0.00,0.00,0.00,0.00,0.00,0.00,0.00,0.00,0.00,0.00,0.00,0.00,298784,339149,490118,314510,353302,505844,0,0,0,0,0,0,0,109747,0,136.90,136.94,136.98
1845,1,0,0,0,93625,93625,93625,3654,3654,3654,591,591,591,0.00,0.00,0.00,0.00,0.00,0.00,0.00,0.00,0.00,0.00,0.00,0.00,0.00,0.00,0.00,0.00,0.00,0.00,0.00,0.00,0.00,288303,354345,532047,304029,368499,547773,0,0,0,0,0,0,0,111072,0,123.23,123.26,123.30
1845,2,0,0,0,93620,93620,93620,3659,3659,3659,591,591,591,0.00,0.00,0.00,0.00,0.00,0.00,0.00,0.00,0.00,0.00,0.00,0.00,0.00,0.00,0.00,0.00,0.00,0.00,0.00,0.00,0.00,432456,784750,1711675,445561,798713,1723832,0,0,0,0,0,0,0,100738,0,125.45,125.49,125.53
1845,3,0,0,0,93660,93660,93660,3619,3619,3619,591,591,591,0.00,0.00,0.00,0.00,0.00,0.00,0.00,0.00,0.00,0.00,0.00,0.00,0.00,0.00,0.00,0.00,0.00,0.00,0.00,0.00,0.00,31451,384231,959271,47177,397860,969755,0,0,0,0,0,0,0,126377,0,139.76,139.81,139.86
1846,0,0,0,0,93656,93656,93656,3623,3623,3623,591,591,591,0.00,0.00,0.00,0.00,0.00,0.00,0.00,0.00,0.00,0.00,0.00,0.00,0.00,0.00,0.00,0.00,0.00,0.00,0.00,0.00,0.00,262092,436120,1006438,275197,450273,1019543,0,0,0,0,0,0,0,123511,0,136.85,136.89,136.94
1846,1,0,0,0,93625,93625,93625,3654,3654,3654,591,591,591,0.00,0.00,0.00,0.00,0.00,0.00,0.00,0.00,0.00,0.00,0.00,0.00,0.00,0.00,0.00,0.00,0.00,0.00,0.00,0.00,0.00,159876,275720,348584,175602,289349,361689,0,0,0,0,0,0,0,73993,0,123.18,123.21,123.25
1846,2,0,0,0,93620,93620,93620,3659,3659,3659,591,591,591,0.00,0.00,0.00,0.00,0.00,0.00,0.00,0.00,0.00,0.00,0.00,0.00,0.00,0.00,0.00,0.00,0.00,0.00,0.00,0.00,0.00,429836,539913,964505,442941,553542,980231,0,0,0,0,0,0,0,100743,0,125.55,125.57,125.60
1846,3,0,0,0,93660,93660,93660,3619,3619,3619,591,591,591,0.00,0.00,0.00,0.00,0.00,0.00,0.00,0.00,0.00,0.00,0.00,0.00,0.00,0.00,0.00,0.00,0.00,0.00,0.00,0.00,0.00,304030,394716,573992,317136,408869,589718,0,0,0,0,0,0,0,84202,0,139.80,139.84,139.88
1847,0,0,0,0,93656,93656,93656,3623,3623,3623,591,591,591,0.00,0.00,0.00,0.00,0.00,0.00,0.00,0.00,0.00,0.00,0.00,0.00,0.00,0.00,0.00,0.00,0.00,0.00,0.00,0.00,0.00,298785,416206,644759,311890,429835,657864,0,0,0,0,0,0,0,82362,0,136.84,136.88,136.93
1847,1,0,0,0,93625,93625,93625,3654,3654,3654,591,591,591,0.00,0.00,0.00,0.00,0.00,0.00,0.00,0.00,0.00,0.00,0.00,0.00,0.00,0.00,0.00,0.00,0.00,0.00,0.00,0.00,0.00,309267,363781,492735,322372,377934,505840,0,0,0,0,0,0,0,98738,0,123.21,123.24,123.28
1847,2,0,0,0,93620,93620,93620,3659,3659,3659,591,591,591,0.00,0.00,0.00,0.00,0.00,0.00,0.00,0.00,0.00,0.00,0.00,0.00,0.00,0.00,0.00,0.00,0.00,0.00,0.00,0.00,0.00,429835,524702,896313,442940,538855,909417,0,0,0,0,0,0,0,75490,0,125.56,125.63,125.68
1847,3,0,0,0,93660,93660,93660,3619,3619,3619,591,591,591,0.00,0.00,0.00,0.00,0.00,0.00,0.00,0.00,0.00,0.00,0.00,0.00,0.00,0.00,0.00,0.00,0.00,0.00,0.00,0.00,0.00,301392,314487,351075,314496,328600,363982,0,0,0,0,0,0,0,112477,0,139.78,139.94,140.06
1848,0,0,0,0,93656,93656,93656,3623,3623,3623,591,591,591,0.00,0.00,0.00,0.00,0.00,0.00,0.00,0.00,0.00,0.00,0.00,0.00,0.00,0.00,0.00,0.00,0.00,0.00,0.00,0.00,0.00,296095,369548,615602,306765,383058,631056,0,0,0,0,0,0,0,109739,0,136.94,136.96,136.97
1848,1,0,0,0,93625,93625,93625,3654,3654,3654,591,591,591,0.00,0.00,0.00,0.00,0.00,0.00,0.00,0.00,0.00,0.00,0.00,0.00,0.00,0.00,0.00,0.00,0.00,0.00,0.00,0.00,0.00,293544,421446,621161,304028,435600,636887,0,0,0,0,0,0,0,98678,0,123.16,123.21,123.24
1848,2,0,0,0,93620,93620,93620,3659,3659,3659,591,591,591,0.00,0.00,0.00,0.00,0.00,0.00,0.00,0.00,0.00,0.00,0.00,0.00,0.00,0.00,0.00,0.00,0.00,0.00,0.00,0.00,0.00,421971,550923,1003826,435076,565076,1016931,0,0,0,0,0,0,0,113389,0,125.57,125.63,125.68
1848,3,0,0,0,93660,93660,93660,3619,3619,3619,591,591,591,0.00,0.00,0.00,0.00,0.00,0.00,0.00,0.00,0.00,0.00,0.00,0.00,0.00,0.00,0.00,0.00,0.00,0.00,0.00,0.00,0.00,298785,322900,398386,311889,336529,414111,0,0,0,0,0,0,0,112393,0,139.99,140.03,140.12
1849,0,0,0,0,93656,93656,93656,3623,3623,3623,591,591,591,0.00,0.00,0.00,0.00,0.00,0.00,0.00,0.00,0.00,0.00,0.00,0.00,0.00,0.00,0.00,0.00,0.00,0.00,0.00,0.00,0.00,301406,345433,511056,314511,359586,526780,0,0,0,0,0,0,0,109675,0,136.77,136.81,136.82
1849,1,0,0,0,93625,93625,93625,3654,3654,3654,591,591,591,0.00,0.00,0.00,0.00,0.00,0.00,0.00,0.00,0.00,0.00,0.00,0.00,0.00,0.00,0.00,0.00,0.00,0.00,0.00,0.00,0.00,287133,360600,527691,302379,374163,541221,0,0,0,0,0,0,0,110999,0,123.13,123.17,123.22
1849,2,0,0,0,93620,93620,93620,3659,3659,3659,591,591,591,0.00,0.00,0.00,0.00,0.00,0.00,0.00,0.00,0.00,0.00,0.00,0.00,0.00,0.00,0.00,0.00,0.00,0.00,0.00,0.00,0.00,421937,710246,1365254,437661,723834,1378158,0,0,0,0,0,0,0,100791,0,125.64,125.67,125.71
1849,3,0,0,0,93660,93660,93660,3619,3619,3619,591,591,591,0.00,0.00,0.00,0.00,0.00,0.00,0.00,0.00,0.00,0.00,0.00,0.00,0.00,0.00,0.00,0.00,0.00,0.00,0.00,0.00,0.00,301411,533619,875403,314515,547772,888508,0,0,0,0,0,0,0,111994,0,139.66,139.77,139.91
1850,0,0,0,0,93656,93656,93656,3623,3623,3623,591,591,591,0.00,0.00,0.00,0.00,0.00,0.00,0.00,0.00,0.00,0.00,0.00,0.00,0.00,0.00,0.00,0.00,0.00,0.00,0.00,0.00,0.00,298785,544105,1213491,311889,557733,1229217,0,0,0,0,0,0,0,109880,0,136.91,136.97,137.04
1850,1,0,0,0,93625,93625,93625,3654,3654,3654,591,591,591,0.00,0.00,0.00,0.00,0.00,0.00,0.00,0.00,0.00,0.00,0.00,0.00,0.00,0.00,0.00,0.00,0.00,0.00,0.00,0.00,0.00,290922,364828,477004,306647,378457,487488,0,0,0,0,0,0,0,98806,0,123.19,123.23,123.29
1850,2,0,0,0,93620,93620,93620,3659,3659,3659,591,591,591,0.00,0.00,0.00,0.00,0.00,0.00,0.00,0.00,0.00,0.00,0.00,0.00,0.00,0.00,0.00,0.00,0.00,0.00,0.00,0.00,0.00,424593,542533,988091,437698,556686,1003817,0,0,0,0,0,0,0,100768,0,125.62,125.65,125.68
1850,3,0,0,0,93660,93660,93660,3619,3619,3619,591,591,591,0.00,0.00,0.00,0.00,0.00,0.00,0.00,0.00,0.00,0.00,0.00,0.00,0.00,0.00,0.00,0.00,0.00,0.00,0.00,0.00,0.00,298783,338626,474393,311888,352779,490118,0,0,0,0,0,0,0,112299,0,139.67,139.75,139.85
1851,0,0,0,0,93656,93656,93656,3623,3623,3623,591,591,591,0.00,0.00,0.00,0.00,0.00,0.00,0.00,0.00,0.00,0.00,0.00,0.00,0.00,0.00,0.00,0.00,0.00,0.00,0.00,0.00,0.00,298786,380032,668339,314511,394185,681444,0,0,0,0,0,0,0,109669,0,136.85,136.93,137.02
1851,1,0,0,0,93625,93625,93625,3654,3654,3654,591,591,591,0.00,0.00,0.00,0.00,0.00,0.00,0.00,0.00,0.00,0.00,0.00,0.00,0.00,0.00,0.00,0.00,0.00,0.00,0.00,0.00,0.00,301407,362213,505841,317133,376890,518945,0,0,0,0,0,0,0,98825,0,123.28,123.33,123.38
1851,2,0,0,0,93620,93620,93620,3659,3659,3659,591,591,591,0.00,0.00,0.00,0.00,0.00,0.00,0.00,0.00,0.00,0.00,0.00,0.00,0.00,0.00,0.00,0.00,0.00,0.00,0.00,0.00,0.00,427214,624307,906829,440319,638460,925175,0,0,0,0,0,0,0,100703,0,125.45,125.51,125.58
1851,3,0,0,0,93660,93660,93660,3619,3619,3619,591,591,591,0.00,0.00,0.00,0.00,0.00,0.00,0.00,0.00,0.00,0.00,0.00,0.00,0.00,0.00,0.00,0.00,0.00,0.00,0.00,0.00,0.00,199195,294070,372168,207931,306825,387893,0,0,0,0,0,0,0,112135,0,139.63,139.73,139.82
1852,0,0,0,0,93656,93656,93656,3623,3623,3623,591,591,591,0.00,0.00,0.00,0.00,0.00,0.00,0.00,0.00,0.00,0.00,0.00,0.00,0.00,0.00,0.00,0.00,0.00,0.00,0.00,0.00,0.00,293607,320370,401445,309060,333101,410097,0,0,0,0,0,0,0,109712,0,136.82,136.84,136.85
1852,1,0,0,0,93625,93625,93625,3654,3654,3654,591,591,591,0.00,0.00,0.00,0.00,0.00,0.00,0.00,0.00,0.00,0.00,0.00,0.00,0.00,0.00,0.00,0.00,0.00,0.00,0.00,0.00,0.00,290924,339669,505844,304029,353298,521570,0,0,0,0,0,0,0,98773,0,123.29,123.30,123.34
1852,2,0,0,0,93620,93620,93620,3659,3659,3659,591,591,591,0.00,0.00,0.00,0.00,0.00,0.00,0.00,0.00,0.00,0.00,0.00,0.00,0.00,0.00,0.00,0.00,0.00,0.00,0.00,0.00,0.00,422419,596261,1230096,435066,608750,1240579,0,0,0,0,0,0,0,113396,0,125.54,125.56,125.57
1852,3,0,0,0,93660,93660,93660,3619,3619,3619,591,591,591,0.00,0.00,0.00,0.00,0.00,0.00,0.00,0.00,0.00,0.00,0.00,0.00,0.00,0.00,0.00,0.00,0.00,0.00,0.00,0.00,0.00,304031,395235,618546,317136,409388,631651,0,0,0,0,0,0,0,126077,0,139.55,139.61,139.67
1853,0,0,0,0,93656,93656,93656,3623,3623,3623,591,591,591,0.00,0.00,0.00,0.00,0.00,0.00,0.00,0.00,0.00,0.00,0.00,0.00,0.00,0.00,0.00,0.00,0.00,0.00,0.00,0.00,0.00,296165,514226,1203005,309270,528903,1218730,0,0,0,0,0,0,0,123363,0,136.82,136.84,136.85
1853,1,0,0,0,93625,93625,93625,3654,3654,3654,591,591,591,0.00,0.00,0.00,0.00,0.00,0.00,0.00,0.00,0.00,0.00,0.00,0.00,0.00,0.00,0.00,0.00,0.00,0.00,0.00,0.00,0.00,293546,368824,522322,306651,382031,535062,0,0,0,0,0,0,0,111022,0,123.25,123.28,123.31
1853,2,0,0,0,93620,93620,93620,3659,3659,3659,591,591,591,0.00,0.00,0.00,0.00,0.00,0.00,0.00,0.00,0.00,0.00,0.00,0.00,0.00,0.00,0.00,0.00,0.00,0.00,0.00,0.00,0.00,427083,642482,1030023,437760,656617,1045748,0,0,0,0,0,0,0,100842,0,125.54,125.65,125.70
1853,3,0,0,0,93660,93660,93660,3619,3619,3619,591,591,591,0.00,0.00,0.00,0.00,0.00,0.00,0.00,0.00,0.00,0.00,0.00,0.00,0.00,0.00,0.00,0.00,0.00,0.00,0.00,0.00,0.00,296168,469674,822981,311894,483827,836086,0,0,0,0,0,0,0,112004,0,139.51,139.57,139.63
1854,0,0,0,0,93656,93656,93656,3623,3623,3623,591,591,591,0.00,0.00,0.00,0.00,0.00,0.00,0.00,0.00,0.00,0.00,0.00,0.00,0.00,0.00,0.00,0.00,0.00,0.00,0.00,0.00,0.00,298785,353295,555612,309269,366924,568716,0,0,0,0,0,0,0,82202,0,136.80,136.83,136.86
1854,1,0,0,0,93625,93625,93625,3654,3654,3654,591,591,591,0.00,0.00,0.00,0.00,0.00,0.00,0.00,0.00,0.00,0.00,0.00,0.00,0.00,0.00,0.00,0.00,0.00,0.00,0.00,0.00,0.00,298785,381083,539914,311890,394711,553019,0,0,0,0,0,0,0,74134,0,123.23,123.26,123.32
1854,2,0,0,0,93620,93620,93620,3659,3659,3659,591,591,591,0.00,0.00,0.00,0.00,0.00,0.00,0.00,0.00,0.00,0.00,0.00,0.00,0.00,0.00,0.00,0.00,0.00,0.00,0.00,0.00,0.00,429832,527847,912036,442937,541476,925140,0,0,0,0,0,0,0,100856,0,125.64,125.66,125.68
1854,3,0,0,0,93660,93660,93660,3619,3619,3619,591,591,591,0.00,0.00,0.00,0.00,0.00,0.00,0.00,0.00,0.00,0.00,0.00,0.00,0.00,0.00,0.00,0.00,0.00,0.00,0.00,0.00,0.00,301395,353825,492740,314515,367454,505845,0,0,0,0,0,0,0,84183,0,139.51,139.55,139.59
1855,0,0,0,0,93656,93656,93656,3623,3623,3623,591,591,591,0.00,0.00,0.00,0.00,0.00,0.00,0.00,0.00,0.00,0.00,0.00,0.00,0.00,0.00,0.00,0.00,0.00,0.00,0.00,0.00,0.00,311894,408865,684063,324999,422626,697168,0,0,0,0,0,0,0,109649,0,136.72,136.75,136.78
1855,1,0,0,0,93625,93625,93625,3654,3654,3654,591,591,591,0.00,0.00,0.00,0.00,0.00,0.00,0.00,0.00,0.00,0.00,0.00,0.00,0.00,0.00,0.00,0.00,0.00,0.00,0.00,0.00,0.00,298782,361680,508435,314507,376095,521539,0,0,0,0,0,0,0,98832,0,123.30,123.32,123.33
1855,2,0,0,0,93620,93620,93620,3659,3659,3659,591,591,591,0.00,0.00,0.00,0.00,0.00,0.00,0.00,0.00,0.00,0.00,0.00,0.00,0.00,0.00,0.00,0.00,0.00,0.00,0.00,0.00,0.00,427212,547121,898985,440316,560881,914711,0,0,0,0,0,0,0,75593,0,125.69,125.70,125.71
1855,3,0,0,0,93660,93660,93660,3619,3619,3619,591,591,591,0.00,0.00,0.00,0.00,0.00,0.00,0.00,0.00,0.00,0.00,0.00,0.00,0.00,0.00,0.00,0.00,0.00,0.00,0.00,0.00,0.00,301411,326951,390519,314516,340710,403624,0,0,0,0,0,0,0,112076,0,139.55,139.58,139.60
1856,0,0,0,0,93656,93656,93656,3623,3623,3623,591,591,591,0.00,0.00,0.00,0.00,0.00,0.00,0.00,0.00,0.00,0.00,0.00,0.00,0.00,0.00,0.00,0.00,0.00,0.00,0.00,0.00,0.00,232390,377292,597570,241126,390528,613296,0,0,0,0,0,0,0,109660,0,136.74,136.80,136.85
1856,1,0,0,0,93625,93625,93625,3654,3654,3654,591,591,591,0.00,0.00,0.00,0.00,0.00,0.00,0.00,0.00,0.00,0.00,0.00,0.00,0.00,0.00,0.00,0.00,0.00,0.00,0.00,0.00,0.00,290923,363261,608057,306649,376890,621162,0,0,0,0,0,0,0,98797,0,123.29,123.32,123.35
1856,2,0,0,0,93620,93620,93620,3659,3659,3659,591,591,591,0.00,0.00,0.00,0.00,0.00,0.00,0.00,0.00,0.00,0.00,0.00,0.00,0.00,0.00,0.00,0.00,0.00,0.00,0.00,0.00,0.00,427215,761321,1947362,440320,774403,1960467,0,0,0,0,0,0,0,113388,0,125.61,125.64,125.66
1856,3,0,0,0,93660,93660,93660,3619,3619,3619,591,591,591,0.00,0.00,0.00,0.00,0.00,0.00,0.00,0.00,0.00,0.00,0.00,0.00,0.00,0.00,0.00,0.00,0.00,0.00,0.00,0.00,0.00,200521,478499,998589,210983,491606,1011694,0,0,0,0,0,0,0,126202,0,139.52,139.60,139.69
1857,0,0,0,0,93656,93656,93656,3623,3623,3623,591,591,591,0.00,0.00,0.00,0.00,0.00,0.00,0.00,0.00,0.00,0.00,0.00,0.00,0.00,0.00,0.00,0.00,0.00,0.00,0.00,0.00,0.00,296163,484348,1195149,311889,497977,1208254,0,0,0,0,0,0,0,123732,0,136.87,136.98,137.06
1857,1,0,0,0,93625,93625,93625,3654,3654,3654,591,591,591,0.00,0.00,0.00,0.00,0.00,0.00,0.00,0.00,0.00,0.00,0.00,0.00,0.00,0.00,0.00,0.00,0.00,0.00,0.00,0.00,0.00,157232,378527,534672,170334,391744,547777,0,0,0,0,0,0,0,98743,0,123.21,123.23,123.27
1857,2,0,0,0,93620,93620,93620,3659,3659,3659,591,591,591,0.00,0.00,0.00,0.00,0.00,0.00,0.00,0.00,0.00,0.00,0.00,0.00,0.00,0.00,0.00,0.00,0.00,0.00,0.00,0.00,0.00,424401,542981,982856,440416,557145,995961,0,0,0,0,0,0,0,100703,0,125.53,125.58,125.62
1857,3,0,0,0,93660,93660,93660,3619,3619,3619,591,591,591,0.00,0.00,0.00,0.00,0.00,0.00,0.00,0.00,0.00,0.00,0.00,0.00,0.00,0.00,0.00,0.00,0.00,0.00,0.00,0.00,0.00,302643,360536,474368,317136,374163,487472,0,0,0,0,0,0,0,112117,0,139.60,139.66,139.71
1858,0,0,0,0,93656,93656,93656,3623,3623,3623,591,591,591,0.00,0.00,0.00,0.00,0.00,0.00,0.00,0.00,0.00,0.00,0.00,0.00,0.00,0.00,0.00,0.00,0.00,0.00,0.00,0.00,0.00,306648,470718,849180,319753,484871,862284,0,0,0,0,0,0,0,109599,0,136.72,136.87,137.04
1858,1,0,0,0,93625,93625,93625,3654,3654,3654,591,591,591,0.00,0.00,0.00,0.00,0.00,0.00,0.00,0.00,0.00,0.00,0.00,0.00,0.00,0.00,0.00,0.00,0.00,0.00,0.00,0.00,0.00,293544,352776,482249,306648,366928,495354,0,0,0,0,0,0,0,98820,0,123.29,123.31,123.34
1858,2,0,0,0,93620,93620,93620,3659,3659,3659,591,591,591,0.00,0.00,0.00,0.00,0.00,0.00,0.00,0.00,0.00,0.00,0.00,0.00,0.00,0.00,0.00,0.00,0.00,0.00,0.00,0.00,0.00,429833,525757,885874,440316,539910,901599,0,0,0,0,0,0,0,100661,0,125.47,125.51,125.55
1858,3,0,0,0,93660,93660,93660,3619,3619,3619,591,591,591,0.00,0.00,0.00,0.00,0.00,0.00,0.00,0.00,0.00,0.00,0.00,0.00,0.00,0.00,0.00,0.00,0.00,0.00,0.00,0.00,0.00,296645,314862,366933,312258,329006,377417,0,0,0,0,0,0,0,112244,0,139.63,139.67,139.73
1859,0,0,0,0,93656,93656,93656,3623,3623,3623,591,591,591,0.00,0.00,0.00,0.00,0.00,0.00,0.00,0.00,0.00,0.00,0.00,0.00,0.00,0.00,0.00,0.00,0.00,0.00,0.00,0.00,0.00,293544,349105,503219,306648,362733,518944,0,0,0,0,0,0,0,109758,0,136.71,136.77,136.85
1859,1,0,0,0,93625,93625,93625,3654,3654,3654,591,591,591,0.00,0.00,0.00,0.00,0.00,0.00,0.00,0.00,0.00,0.00,0.00,0.00,0.00,0.00,0.00,0.00,0.00,0.00,0.00,0.00,0.00,296165,350680,497975,309269,364309,513701,0,0,0,0,0,0,0,98778,0,123.23,123.26,123.27
1859,2,0,0,0,93620,93620,93620,3659,3659,3659,591,591,591,0.00,0.00,0.00,0.00,0.00,0.00,0.00,0.00,0.00,0.00,0.00,0.00,0.00,0.00,0.00,0.00,0.00,0.00,0.00,0.00,0.00,429802,538860,933060,442941,552488,946165,0,0,0,0,0,0,0,113207,0,125.42,125.45,125.49
1859,3,0,0,0,93660,93660,93660,3619,3619,3619,591,591,591,0.00,0.00,0.00,0.00,0.00,0.00,0.00,0.00,0.00,0.00,0.00,0.00,0.00,0.00,0.00,0.00,0.00,0.00,0.00,0.00,0.00,199195,296591,394784,207931,309334,407943,0,0,0,0,0,0,0,112184,0,139.60,139.64,139.69
1860,0,0,0,0,93656,93656,93656,3623,3623,3623,591,591,591,0.00,0.00,0.00,0.00,0.00,0.00,0.00,0.00,0.00,0.00,0.00,0.00,0.00,0.00,0.00,0.00,0.00,0.00,0.00,0.00,0.00,195683,318384,479630,204419,331656,492735,0,0,0,0,0,0,0,109708,0,136.87,136.93,136.96
1860,1,0,0,0,93625,93625,93625,3654,3654,3654,591,591,591,0.00,0.00,0.00,0.00,0.00,0.00,0.00,0.00,0.00,0.00,0.00,0.00,0.00,0.00,0.00,0.00,0.00,0.00,0.00,0.00,0.00,293544,357491,532049,306636,371120,545153,0,0,0,0,0,0,0,111042,0,123.23,123.25,123.27
1860,2,0,0,0,93620,93620,93620,3659,3659,3659,591,591,591,0.00,0.00,0.00,0.00,0.00,0.00,0.00,0.00,0.00,0.00,0.00,0.00,0.00,0.00,0.00,0.00,0.00,0.00,0.00,0.00,0.00,287208,778227,1852991,294129,791602,1866096,0,0,0,0,0,0,0,100602,0,125.47,125.52,125.55
1860,3,0,0,0,93660,93660,93660,3619,3619,3619,591,591,591,0.00,0.00,0.00,0.00,0.00,0.00,0.00,0.00,0.00,0.00,0.00,0.00,0.00,0.00,0.00,0.00,0.00,0.00,0.00,0.00,0.00,301409,534835,841332,314513,548980,854437,0,0,0,0,0,0,0,112019,0,139.76,139.82,139.85
1861,0,0,0,0,93656,93656,93656,3623,3623,3623,591,591,591,0.00,0.00,0.00,0.00,0.00,0.00,0.00,0.00,0.00,0.00,0.00,0.00,0.00,0.00,0.00,0.00,0.00,0.00,0.00,0.00,0.00,298768,534666,1208246,311872,548819,1221351,0,0,0,0,0,0,0,109756,0,136.81,136.87,136.92
1861,1,0,0,0,93625,93625,93625,3654,3654,3654,591,591,591,0.00,0.00,0.00,0.00,0.00,0.00,0.00,0.00,0.00,0.00,0.00,0.00,0.00,0.00,0.00,0.00,0.00,0.00,0.00,0.00,0.00,200939,343547,508461,209675,356772,521565,0,0,0,0,0,0,0,74192,0,123.25,123.31,123.34
1861,2,0,0,0,93620,93620,93620,3659,3659,3659,591,591,591,0.00,0.00,0.00,0.00,0.00,0.00,0.00,0.00,0.00,0.00,0.00,0.00,0.00,0.00,0.00,0.00,0.00,0.00,0.00,0.00,0.00,421886,549855,1024793,435236,563533,1040519,0,0,0,0,0,0,0,100752,0,125.44,125.49,125.56
1861,3,0,0,0,93660,93660,93660,3619,3619,3619,591,591,591,0.00,0.00,0.00,0.00,0.00,0.00,0.00,0.00,0.00,0.00,0.00,0.00,0.00,0.00,0.00,0.00,0.00,0.00,0.00,0.00,0.00,297924,337406,479635,311895,351548,490119,0,0,0,0,0,0,0,84110,0,139.67,139.70,139.76
1862,0,0,0,0,93656,93656,93656,3623,3623,3623,591,591,591,0.00,0.00,0.00,0.00,0.00,0.00,0.00,0.00,0.00,0.00,0.00,0.00,0.00,0.00,0.00,0.00,0.00,0.00,0.00,0.00,0.00,301405,393139,663098,314510,406899,676202,0,0,0,0,0,0,0,82306,0,136.91,136.93,136.97
1862,1,0,0,0,93625,93625,93625,3654,3654,3654,591,591,591,0.00,0.00,0.00,0.00,0.00,0.00,0.00,0.00,0.00,0.00,0.00,0.00,0.00,0.00,0.00,0.00,0.00,0.00,0.00,0.00,0.00,301404,388543,558221,317129,402303,571325,0,0,0,0,0,0,0,98883,0,123.31,123.34,123.36
1862,2,0,0,0,93620,93620,93620,3659,3659,3659,591,591,591,0.00,0.00,0.00,0.00,0.00,0.00,0.00,0.00,0.00,0.00,0.00,0.00,0.00,0.00,0.00,0.00,0.00,0.00,0.00,0.00,0.00,424592,543184,878017,437697,556944,891122,0,0,0,0,0,0,0,75599,0,125.59,125.60,125.61
1862,3,0,0,0,93660,93660,93660,3619,3619,3619,591,591,591,0.00,0.00,0.00,0.00,0.00,0.00,0.00,0.00,0.00,0.00,0.00,0.00,0.00,0.00,0.00,0.00,0.00,0.00,0.00,0.00,0.00,296170,312708,350255,309275,326446,365938,0,0,0,0,0,0,0,112350,0,139.85,139.92,139.96
1863,0,0,0,0,93656,93656,93656,3623,3623,3623,591,591,591,0.00,0.00,0.00,0.00,0.00,0.00,0.00,0.00,0.00,0.00,0.00,0.00,0.00,0.00,0.00,0.00,0.00,0.00,0.00,0.00,0.00,298786,369027,629027,311893,383181,642132,0,0,0,0,0,0,0,109749,0,136.86,136.90,136.93
1863,1,0,0,0,93625,93625,93625,3654,3654,3654,591,591,591,0.00,0.00,0.00,0.00,0.00,0.00,0.00,0.00,0.00,0.00,0.00,0.00,0.00,0.00,0.00,0.00,0.00,0.00,0.00,0.00,0.00,290923,364309,613300,304028,378462,629026,0,0,0,0,0,0,0,98857,0,123.25,123.29,123.32
1863,2,0,0,0,93620,93620,93620,3659,3659,3659,591,591,591,0.00,0.00,0.00,0.00,0.00,0.00,0.00,0.00,0.00,0.00,0.00,0.00,0.00,0.00,0.00,0.00,0.00,0.00,0.00,0.00,0.00,429835,833985,1902808,445561,848137,1915912,0,0,0,0,0,0,0,113270,0,125.52,125.58,125.62
1863,3,0,0,0,93660,93660,93660,3619,3619,3619,591,591,591,0.00,0.00,0.00,0.00,0.00,0.00,0.00,0.00,0.00,0.00,0.00,0.00,0.00,0.00,0.00,0.00,0.00,0.00,0.00,0.00,0.00,197447,306241,374795,206184,319518,387900,0,0,0,0,0,0,0,126175,0,139.73,139.81,139.88
1864,0,0,0,0,93656,93656,93656,3623,3623,3623,591,591,591,0.00,0.00,0.00,0.00,0.00,0.00,0.00,0.00,0.00,0.00,0.00,0.00,0.00,0.00,0.00,0.00,0.00,0.00,0.00,0.00,0.00,199786,311482,458660,208472,324751,471765,0,0,0,0,0,0,0,123337,0,136.82,136.86,136.90
1864,1,0,0,0,93625,93625,93625,3654,3654,3654,591,591,591,0.00,0.00,0.00,0.00,0.00,0.00,0.00,0.00,0.00,0.00,0.00,0.00,0.00,0.00,0.00,0.00,0.00,0.00,0.00,0.00,0.00,293544,409038,524191,306649,423181,535479,0,0,0,0,0,0,0,111127,0,123.29,123.32,123.34
1864,2,0,0,0,93620,93620,93620,3659,3659,3659,591,591,591,0.00,0.00,0.00,0.00,0.00,0.00,0.00,0.00,0.00,0.00,0.00,0.00,0.00,0.00,0.00,0.00,0.00,0.00,0.00,0.00,0.00,295399,490251,875404,304037,502883,888508,0,0,0,0,0,0,0,100670,0,125.39,125.42,125.46
1864,3,0,0,0,93660,93660,93660,3619,3619,3619,591,591,591,0.00,0.00,0.00,0.00,0.00,0.00,0.00,0.00,0.00,0.00,0.00,0.00,0.00,0.00,0.00,0.00,0.00,0.00,0.00,0.00,0.00,298788,532609,859978,311893,546231,875614,0,0,0,0,0,0,0,112116,0,139.75,139.77,139.78
1865,0,0,0,0,93656,93656,93656,3623,3623,3623,591,591,591,0.00,0.00,0.00,0.00,0.00,0.00,0.00,0.00,0.00,0.00,0.00,0.00,0.00,0.00,0.00,0.00,0.00,0.00,0.00,0.00,0.00,304028,543057,1203009,314512,556162,1216114,0,0,0,0,0,0,0,109771,0,136.85,136.89,136.94
1865,1,0,0,0,93625,93625,93625,3654,3654,3654,591,591,591,0.00,0.00,0.00,0.00,0.00,0.00,0.00,0.00,0.00,0.00,0.00,0.00,0.00,0.00,0.00,0.00,0.00,0.00,0.00,0.00,0.00,214907,329709,513699,223643,342464,529424,0,0,0,0,0,0,0,98762,0,123.25,123.29,123.32
1865,2,0,0,0,93620,93620,93620,3659,3659,3659,591,591,591,0.00,0.00,0.00,0.00,0.00,0.00,0.00,0.00,0.00,0.00,0.00,0.00,0.00,0.00,0.00,0.00,0.00,0.00,0.00,0.00,0.00,427213,635870,964681,440317,650681,981078,0,0,0,0,0,0,0,100709,0,125.48,125.50,125.52
1865,3,0,0,0,93660,93660,93660,3619,3619,3619,591,591,591,0.00,0.00,0.00,0.00,0.00,0.00,0.00,0.00,0.00,0.00,0.00,0.00,0.00,0.00,0.00,0.00,0.00,0.00,0.00,0.00,0.00,298789,347126,494526,314515,361275,507540,0,0,0,0,0,0,0,112305,0,139.78,139.83,139.84
1867,0,0,0,0,93656,93656,93656,3623,3623,3623,591,591,591,0.00,0.00,0.00,0.00,0.00,0.00,0.00,0.00,0.00,0.00,0.00,0.00,0.00,0.00,0.00,0.00,0.00,0.00,0.00,0.00,0.00,200938,377324,670955,207928,391128,684060,0,0,0,0,0,0,0,246966,0,136.86,136.95,137.04
1867,1,0,0,0,93625,93625,93625,3654,3654,3654,591,591,591,0.00,0.00,0.00,0.00,0.00,0.00,0.00,0.00,0.00,0.00,0.00,0.00,0.00,0.00,0.00,0.00,0.00,0.00,0.00,0.00,0.00,290922,374004,636885,304027,388157,649990,0,0,0,0,0,0,0,222383,0,123.28,123.34,123.38
1867,2,0,0,0,93620,93620,93620,3659,3659,3659,591,591,591,0.00,0.00,0.00,0.00,0.00,0.00,0.00,0.00,0.00,0.00,0.00,0.00,0.00,0.00,0.00,0.00,0.00,0.00,0.00,0.00,0.00,427212,677771,1894946,440317,691399,1910672,0,0,0,0,0,0,0,239554,0,125.53,125.70,125.80
1867,3,0,0,0,93660,93660,93660,3619,3619,3619,591,591,591,0.00,0.00,0.00,0.00,0.00,0.00,0.00,0.00,0.00,0.00,0.00,0.00,0.00,0.00,0.00,0.00,0.00,0.00,0.00,0.00,0.00,200939,396903,833465,211423,410255,846570,0,0,0,0,0,0,0,266835,0,139.78,139.93,140.10
1868,0,0,0,0,93656,93656,93656,3623,3623,3623,591,591,591,0.00,0.00,0.00,0.00,0.00,0.00,0.00,0.00,0.00,0.00,0.00,0.00,0.00,0.00,0.00,0.00,0.00,0.00,0.00,0.00,0.00,298785,487492,1223977,314510,501645,1237082,0,0,0,0,0,0,0,123463,0,136.79,136.87,136.97
1868,1,0,0,0,93625,93625,93625,3654,3654,3654,591,591,591,0.00,0.00,0.00,0.00,0.00,0.00,0.00,0.00,0.00,0.00,0.00,0.00,0.00,0.00,0.00,0.00,0.00,0.00,0.00,0.00,0.00,304024,442022,674246,317129,455630,689865,0,0,0,0,0,0,0,98614,0,123.19,123.26,123.31
1868,2,0,0,0,93620,93620,93620,3659,3659,3659,591,591,591,0.00,0.00,0.00,0.00,0.00,0.00,0.00,0.00,0.00,0.00,0.00,0.00,0.00,0.00,0.00,0.00,0.00,0.00,0.00,0.00,0.00,279417,499569,937044,287936,512817,949916,0,0,0,0,0,0,0,100739,0,125.58,125.65,125.73
1868,3,0,0,0,93660,93660,93660,3619,3619,3619,591,591,591,0.00,0.00,0.00,0.00,0.00,0.00,0.00,0.00,0.00,0.00,0.00,0.00,0.00,0.00,0.00,0.00,0.00,0.00,0.00,0.00,0.00,301410,399923,613304,314515,414075,626409,0,0,0,0,0,0,0,112110,0,139.77,139.81,139.85
1869,0,0,0,0,93656,93656,93656,3623,3623,3623,591,591,591,0.00,0.00,0.00,0.00,0.00,0.00,0.00,0.00,0.00,0.00,0.00,0.00,0.00,0.00,0.00,0.00,0.00,0.00,0.00,0.00,0.00,298769,421442,655228,314494,435595,670954,0,0,0,0,0,0,0,82255,0,136.75,136.78,136.80
1869,1,0,0,0,93625,93625,93625,3654,3654,3654,591,591,591,0.00,0.00,0.00,0.00,0.00,0.00,0.00,0.00,0.00,0.00,0.00,0.00,0.00,0.00,0.00,0.00,0.00,0.00,0.00,0.00,0.00,199191,337575,497978,207927,350854,511082,0,0,0,0,0,0,0,74071,0,123.17,123.20,123.25
1869,2,0,0,0,93620,93620,93620,3659,3659,3659,591,591,591,0.00,0.00,0.00,0.00,0.00,0.00,0.00,0.00,0.00,0.00,0.00,0.00,0.00,0.00,0.00,0.00,0.00,0.00,0.00,0.00,0.00,427188,528378,896369,442913,542531,906853,0,0,0,0,0,0,0,100773,0,125.59,125.61,125.66
1869,3,0,0,0,93660,93660,93660,3619,3619,3619,591,591,591,0.00,0.00,0.00,0.00,0.00,0.00,0.00,0.00,0.00,0.00,0.00,0.00,0.00,0.00,0.00,0.00,0.00,0.00,0.00,0.00,0.00,296151,318653,387901,311876,332279,401006,0,0,0,0,0,0,0,84219,0,139.74,139.77,139.81
1870,0,0,0,0,93656,93656,93656,3623,3623,3623,591,591,591,0.00,0.00,0.00,0.00,0.00,0.00,0.00,0.00,0.00,0.00,0.00,0.00,0.00,0.00,0.00,0.00,0.00,0.00,0.00,0.00,0.00,309271,385932,594948,324996,399036,608053,0,0,0,0,0,0,0,109735,0,136.75,136.80,136.85
1870,1,0,0,0,93625,93625,93625,3654,3654,3654,591,591,591,0.00,0.00,0.00,0.00,0.00,0.00,0.00,0.00,0.00,0.00,0.00,0.00,0.00,0.00,0.00,0.00,0.00,0.00,0.00,0.00,0.00,301406,364960,547775,314511,378719,560880,0,0,0,0,0,0,0,98666,0,123.11,123.16,123.19
1870,2,0,0,0,93620,93620,93620,3659,3659,3659,591,591,591,0.00,0.00,0.00,0.00,0.00,0.00,0.00,0.00,0.00,0.00,0.00,0.00,0.00,0.00,0.00,0.00,0.00,0.00,0.00,0.00,0.00,429834,566124,930438,442939,579884,943543,0,0,0,0,0,0,0,75515,0,125.60,125.63,125.64
1870,3,0,0,0,93660,93660,93660,3619,3619,3619,591,591,591,0.00,0.00,0.00,0.00,0.00,0.00,0.00,0.00,0.00,0.00,0.00,0.00,0.00,0.00,0.00,0.00,0.00,0.00,0.00,0.00,0.00,293487,325591,409108,303969,339274,424546,0,0,0,0,0,0,0,112280,0,139.82,139.84,139.86
1871,0,0,0,0,93656,93656,93656,3623,3623,3623,591,591,591,0.00,0.00,0.00,0.00,0.00,0.00,0.00,0.00,0.00,0.00,0.00,0.00,0.00,0.00,0.00,0.00,0.00,0.00,0.00,0.00,0.00,199192,315557,482252,209675,328662,495357,0,0,0,0,0,0,0,109707,0,136.83,136.87,136.91
1871,1,0,0,0,93625,93625,93625,3654,3654,3654,591,591,591,0.00,0.00,0.00,0.00,0.00,0.00,0.00,0.00,0.00,0.00,0.00,0.00,0.00,0.00,0.00,0.00,0.00,0.00,0.00,0.00,0.00,290924,344915,516327,306649,359068,532052,0,0,0,0,0,0,0,111121,0,123.13,123.22,123.30
1871,2,0,0,0,93620,93620,93620,3659,3659,3659,591,591,591,0.00,0.00,0.00,0.00,0.00,0.00,0.00,0.00,0.00,0.00,0.00,0.00,0.00,0.00,0.00,0.00,0.00,0.00,0.00,0.00,0.00,427216,809869,1929006,440320,824022,1942111,0,0,0,0,0,0,0,100838,0,125.69,125.74,125.78
1871,3,0,0,0,93660,93660,93660,3619,3619,3619,591,591,591,0.00,0.00,0.00,0.00,0.00,0.00,0.00,0.00,0.00,0.00,0.00,0.00,0.00,0.00,0.00,0.00,0.00,0.00,0.00,0.00,0.00,200939,476315,1051005,209675,489594,1066731,0,0,0,0,0,0,0,126194,0,139.61,139.67,139.78
1872,0,0,0,0,93656,93656,93656,3623,3623,3623,591,591,591,0.00,0.00,0.00,0.00,0.00,0.00,0.00,0.00,0.00,0.00,0.00,0.00,0.00,0.00,0.00,0.00,0.00,0.00,0.00,0.00,0.00,298788,537291,1226595,314510,550920,1242321,0,0,0,0,0,0,0,123572,0,136.76,136.82,136.91
1872,1,0,0,0,93625,93625,93625,3654,3654,3654,591,591,591,0.00,0.00,0.00,0.00,0.00,0.00,0.00,0.00,0.00,0.00,0.00,0.00,0.00,0.00,0.00,0.00,0.00,0.00,0.00,0.00,0.00,200930,340020,503220,211413,352600,516325,0,0,0,0,0,0,0,98701,0,123.19,123.23,123.28
1872,2,0,0,0,93620,93620,93620,3659,3659,3659,591,591,591,0.00,0.00,0.00,0.00,0.00,0.00,0.00,0.00,0.00,0.00,0.00,0.00,0.00,0.00,0.00,0.00,0.00,0.00,0.00,0.00,0.00,422102,473086,653849,437545,485817,662498,0,0,0,0,0,0,0,100804,0,125.63,125.67,125.71
1872,3,0,0,0,93660,93660,93660,3619,3619,3619,591,591,591,0.00,0.00,0.00,0.00,0.00,0.00,0.00,0.00,0.00,0.00,0.00,0.00,0.00,0.00,0.00,0.00,0.00,0.00,0.00,0.00,0.00,304031,342816,477014,319757,356969,490119,0,0,0,0,0,0,0,112144,0,139.60,139.70,139.76
1873,0,0,0,0,93656,93656,93656,3623,3623,3623,591,591,591,0.00,0.00,0.00,0.00,0.00,0.00,0.00,0.00,0.00,0.00,0.00,0.00,0.00,0.00,0.00,0.00,0.00,0.00,0.00,0.00,0.00,296164,377414,665718,309268,391567,678823,0,0,0,0,0,0,0,109589,0,136.66,136.75,136.84
1873,1,0,0,0,93625,93625,93625,3654,3654,3654,591,591,591,0.00,0.00,0.00,0.00,0.00,0.00,0.00,0.00,0.00,0.00,0.00,0.00,0.00,0.00,0.00,0.00,0.00,0.00,0.00,0.00,0.00,304027,414106,560877,319753,428259,573982,0,0,0,0,0,0,0,98735,0,123.19,123.20,123.21
1873,2,0,0,0,93620,93620,93620,3659,3659,3659,591,591,591,0.00,0.00,0.00,0.00,0.00,0.00,0.00,0.00,0.00,0.00,0.00,0.00,0.00,0.00,0.00,0.00,0.00,0.00,0.00,0.00,0.00,429837,527856,906846,442942,542009,922572,0,0,0,0,0,0,0,100865,0,125.57,125.62,125.70
1873,3,0,0,0,93660,93660,93660,3619,3619,3619,591,591,591,0.00,0.00,0.00,0.00,0.00,0.00,0.00,0.00,0.00,0.00,0.00,0.00,0.00,0.00,0.00,0.00,0.00,0.00,0.00,0.00,0.00,298784,332860,461289,311894,346489,477015,0,0,0,0,0,0,0,112160,0,139.63,139.70,139.75
1874,0,0,0,0,93656,93656,93656,3623,3623,3623,591,591,591,0.00,0.00,0.00,0.00,0.00,0.00,0.00,0.00,0.00,0.00,0.00,0.00,0.00,0.00,0.00,0.00,0.00,0.00,0.00,0.00,0.00,298786,363254,587055,311891,377407,600159,0,0,0,0,0,0,0,109589,0,136.72,136.73,136.75
1874,1,0,0,0,93625,93625,93625,3654,3654,3654,591,591,591,0.00,0.00,0.00,0.00,0.00,0.00,0.00,0.00,0.00,0.00,0.00,0.00,0.00,0.00,0.00,0.00,0.00,0.00,0.00,0.00,0.00,293544,306124,324994,306649,320277,340720,0,0,0,0,0,0,0,98786,0,123.20,123.22,123.26
1874,2,0,0,0,93620,93620,93620,3659,3659,3659,591,591,591,0.00,0.00,0.00,0.00,0.00,0.00,0.00,0.00,0.00,0.00,0.00,0.00,0.00,0.00,0.00,0.00,0.00,0.00,0.00,0.00,0.00,421971,820851,1824033,435076,834480,1837137,0,0,0,0,0,0,0,113472,0,125.74,125.75,125.78
1874,3,0,0,0,93660,93660,93660,3619,3619,3619,591,591,591,0.00,0.00,0.00,0.00,0.00,0.00,0.00,0.00,0.00,0.00,0.00,0.00,0.00,0.00,0.00,0.00,0.00,0.00,0.00,0.00,0.00,290853,317305,390515,303954,331413,406240,0,0,0,0,0,0,0,112069,0,139.62,139.68,139.73
1875,0,0,0,0,93656,93656,93656,3623,3623,3623,591,591,591,0.00,0.00,0.00,0.00,0.00,0.00,0.00,0.00,0.00,0.00,0.00,0.00,0.00,0.00,0.00,0.00,0.00,0.00,0.00,0.00,0.00,207927,316258,474389,218411,329363,487494,0,0,0,0,0,0,0,123468,0,136.73,136.83,136.91
1875,1,0,0,0,93625,93625,93625,3654,3654,3654,591,591,591,0.00,0.00,0.00,0.00,0.00,0.00,0.00,0.00,0.00,0.00,0.00,0.00,0.00,0.00,0.00,0.00,0.00,0.00,0.00,0.00,0.00,296149,385273,532053,309253,399426,545158,0,0,0,0,0,0,0,111055,0,123.20,123.24,123.29
1875,2,0,0,0,93620,93620,93620,3659,3659,3659,591,591,591,0.00,0.00,0.00,0.00,0.00,0.00,0.00,0.00,0.00,0.00,0.00,0.00,0.00,0.00,0.00,0.00,0.00,0.00,0.00,0.00,0.00,429835,531002,927818,442938,545155,940923,0,0,0,0,0,0,0,100804,0,125.73,125.79,125.84
1875,3,0,0,0,93660,93660,93660,3619,3619,3619,591,591,591,0.00,0.00,0.00,0.00,0.00,0.00,0.00,0.00,0.00,0.00,0.00,0.00,0.00,0.00,0.00,0.00,0.00,0.00,0.00,0.00,0.00,199194,477013,993332,207931,489769,1009057,0,0,0,0,0,0,0,112039,0,139.56,139.59,139.64
1876,0,0,0,0,93656,93656,93656,3623,3623,3623,591,591,591,0.00,0.00,0.00,0.00,0.00,0.00,0.00,0.00,0.00,0.00,0.00,0.00,0.00,0.00,0.00,0.00,0.00,0.00,0.00,0.00,0.00,301389,540430,1242313,314493,554059,1255417,0,0,0,0,0,0,0,82315,0,136.96,136.99,137.01
1876,1,0,0,0,93625,93625,93625,3654,3654,3654,591,591,591,0.00,0.00,0.00,0.00,0.00,0.00,0.00,0.00,0.00,0.00,0.00,0.00,0.00,0.00,0.00,0.00,0.00,0.00,0.00,0.00,0.00,199190,330235,516319,207927,342466,532044,0,0,0,0,0,0,0,74159,0,123.22,123.37,123.49
1876,2,0,0,0,93620,93620,93620,3659,3659,3659,591,591,591,0.00,0.00,0.00,0.00,0.00,0.00,0.00,0.00,0.00,0.00,0.00,0.00,0.00,0.00,0.00,0.00,0.00,0.00,0.00,0.00,0.00,283731,605574,959270,292382,618836,974995,0,0,0,0,0,0,0,100962,0,125.68,125.76,125.85
1876,3,0,0,0,93660,93660,93660,3619,3619,3619,591,591,591,0.00,0.00,0.00,0.00,0.00,0.00,0.00,0.00,0.00,0.00,0.00,0.00,0.00,0.00,0.00,0.00,0.00,0.00,0.00,0.00,0.00,296167,338102,482248,309272,352255,497973,0,0,0,0,0,0,0,83983,0,139.63,139.66,139.69
1877,0,0,0,0,93656,93656,93656,3623,3623,3623,591,591,591,0.00,0.00,0.00,0.00,0.00,0.00,0.00,0.00,0.00,0.00,0.00,0.00,0.00,0.00,0.00,0.00,0.00,0.00,0.00,0.00,0.00,304030,402969,686687,319755,417384,699792,0,0,0,0,0,0,0,109824,0,136.89,136.93,136.97
1877,1,0,0,0,93625,93625,93625,3654,3654,3654,591,591,591,0.00,0.00,0.00,0.00,0.00,0.00,0.00,0.00,0.00,0.00,0.00,0.00,0.00,0.00,0.00,0.00,0.00,0.00,0.00,0.00,0.00,304032,386582,534673,317137,400996,550399,0,0,0,0,0,0,0,98807,0,123.35,123.39,123.45
1877,2,0,0,0,93620,93620,93620,3659,3659,3659,591,591,591,0.00,0.00,0.00,0.00,0.00,0.00,0.00,0.00,0.00,0.00,0.00,0.00,0.00,0.00,0.00,0.00,0.00,0.00,0.00,0.00,0.00,427215,558255,898984,440319,572014,914709,0,0,0,0,0,0,0,75729,0,125.79,125.82,125.84
1877,3,0,0,0,93660,93660,93660,3619,3619,3619,591,591,591,0.00,0.00,0.00,0.00,0.00,0.00,0.00,0.00,0.00,0.00,0.00,0.00,0.00,0.00,0.00,0.00,0.00,0.00,0.00,0.00,0.00,298788,343337,471747,314514,357753,484852,0,0,0,0,0,0,0,112188,0,139.67,139.71,139.74
1878,0,0,0,0,93656,93656,93656,3623,3623,3623,591,591,591,0.00,0.00,0.00,0.00,0.00,0.00,0.00,0.00,0.00,0.00,0.00,0.00,0.00,0.00,0.00,0.00,0.00,0.00,0.00,0.00,0.00,199191,341245,605433,207928,354000,621159,0,0,0,0,0,0,0,109696,0,136.87,136.92,136.97
1878,1,0,0,0,93625,93625,93625,3654,3654,3654,591,591,591,0.00,0.00,0.00,0.00,0.00,0.00,0.00,0.00,0.00,0.00,0.00,0.00,0.00,0.00,0.00,0.00,0.00,0.00,0.00,0.00,0.00,288302,298786,306650,301407,312939,322375,0,0,0,0,0,0,0,98815,0,123.24,123.27,123.29
1878,2,0,0,0,93620,93620,93620,3659,3659,3659,591,591,591,0.00,0.00,0.00,0.00,0.00,0.00,0.00,0.00,0.00,0.00,0.00,0.00,0.00,0.00,0.00,0.00,0.00,0.00,0.00,0.00,0.00,424593,736486,1934264,440319,750640,1947369,0,0,0,0,0,0,0,113375,0,125.58,125.67,125.79
1878,3,0,0,0,93660,93660,93660,3619,3619,3619,591,591,591,0.00,0.00,0.00,0.00,0.00,0.00,0.00,0.00,0.00,0.00,0.00,0.00,0.00,0.00,0.00,0.00,0.00,0.00,0.00,0.00,0.00,197447,301218,408867,206183,313927,419351,0,0,0,0,0,0,0,126058,0,139.56,139.61,139.69
1879,0,0,0,0,93656,93656,93656,3623,3623,3623,591,591,591,0.00,0.00,0.00,0.00,0.00,0.00,0.00,0.00,0.00,0.00,0.00,0.00,0.00,0.00,0.00,0.00,0.00,0.00,0.00,0.00,0.00,293545,510030,1166318,309271,524183,1179423,0,0,0,0,0,0,0,123472,0,136.79,136.83,136.86
1879,1,0,0,0,93625,93625,93625,3654,3654,3654,591,591,591,0.00,0.00,0.00,0.00,0.00,0.00,0.00,0.00,0.00,0.00,0.00,0.00,0.00,0.00,0.00,0.00,0.00,0.00,0.00,0.00,0.00,290923,384752,518947,306648,398381,529431,0,0,0,0,0,0,0,110947,0,123.19,123.25,123.29
1879,2,0,0,0,93620,93620,93620,3659,3659,3659,591,591,591,0.00,0.00,0.00,0.00,0.00,0.00,0.00,0.00,0.00,0.00,0.00,0.00,0.00,0.00,0.00,0.00,0.00,0.00,0.00,0.00,0.00,419350,623774,1006389,435075,637927,1022114,0,0,0,0,0,0,0,100793,0,125.57,125.64,125.70
1879,3,0,0,0,93660,93660,93660,3619,3619,3619,591,591,591,0.00,0.00,0.00,0.00,0.00,0.00,0.00,0.00,0.00,0.00,0.00,0.00,0.00,0.00,0.00,0.00,0.00,0.00,0.00,0.00,0.00,301395,499024,967133,314513,513177,982858,0,0,0,0,0,0,0,112133,0,139.59,139.66,139.70
1880,0,0,0,0,93656,93656,93656,3623,3623,3623,591,591,591,0.00,0.00,0.00,0.00,0.00,0.00,0.00,0.00,0.00,0.00,0.00,0.00,0.00,0.00,0.00,0.00,0.00,0.00,0.00,0.00,0.00,301408,363785,605431,314513,377938,618536,0,0,0,0,0,0,0,109754,0,136.78,136.81,136.85
1880,1,0,0,0,93625,93625,93625,3654,3654,3654,591,591,591,0.00,0.00,0.00,0.00,0.00,0.00,0.00,0.00,0.00,0.00,0.00,0.00,0.00,0.00,0.00,0.00,0.00,0.00,0.00,0.00,0.00,298789,334776,398377,311893,348055,414103,0,0,0,0,0,0,0,98779,0,123.15,123.21,123.27
1880,2,0,0,0,93620,93620,93620,3659,3659,3659,591,591,591,0.00,0.00,0.00,0.00,0.00,0.00,0.00,0.00,0.00,0.00,0.00,0.00,0.00,0.00,0.00,0.00,0.00,0.00,0.00,0.00,0.00,286944,503478,940930,295587,516214,954035,0,0,0,0,0,0,0,100867,0,125.70,125.72,125.75
1880,3,0,0,0,93660,93660,93660,3619,3619,3619,591,591,591,0.00,0.00,0.00,0.00,0.00,0.00,0.00,0.00,0.00,0.00,0.00,0.00,0.00,0.00,0.00,0.00,0.00,0.00,0.00,0.00,0.00,301408,370077,497982,314513,384231,511087,0,0,0,0,0,0,0,112309,0,139.74,139.83,139.90
1881,0,0,0,0,93656,93656,93656,3623,3623,3623,591,591,591,0.00,0.00,0.00,0.00,0.00,0.00,0.00,0.00,0.00,0.00,0.00,0.00,0.00,0.00,0.00,0.00,0.00,0.00,0.00,0.00,0.00,304027,447125,689303,317131,460753,702408,0,0,0,0,0,0,0,109734,0,136.89,136.91,136.93
1881,1,0,0,0,93625,93625,93625,3654,3654,3654,591,591,591,0.00,0.00,0.00,0.00,0.00,0.00,0.00,0.00,0.00,0.00,0.00,0.00,0.00,0.00,0.00,0.00,0.00,0.00,0.00,0.00,0.00,296162,351204,542539,309266,364833,553023,0,0,0,0,0,0,0,98807,0,123.25,123.29,123.31
1881,2,0,0,0,93620,93620,93620,3659,3659,3659,591,591,591,0.00,0.00,0.00,0.00,0.00,0.00,0.00,0.00,0.00,0.00,0.00,0.00,0.00,0.00,0.00,0.00,0.00,0.00,0.00,0.00,0.00,427214,535719,919957,442938,549872,933062,0,0,0,0,0,0,0,100800,0,125.69,125.71,125.73
1881,3,0,0,0,93660,93660,93660,3619,3619,3619,591,591,591,0.00,0.00,0.00,0.00,0.00,0.00,0.00,0.00,0.00,0.00,0.00,0.00,0.00,0.00,0.00,0.00,0.00,0.00,0.00,0.00,0.00,296169,322377,414112,306653,336006,429838,0,0,0,0,0,0,0,112195,0,139.70,139.77,139.86
1882,0,0,0,0,93656,93656,93656,3623,3623,3623,591,591,591,0.00,0.00,0.00,0.00,0.00,0.00,0.00,0.00,0.00,0.00,0.00,0.00,0.00,0.00,0.00,0.00,0.00,0.00,0.00,0.00,0.00,195696,303329,427212,204433,316608,442938,0,0,0,0,0,0,0,109750,0,136.83,136.89,136.96
1882,1,0,0,0,93625,93625,93625,3654,3654,3654,591,591,591,0.00,0.00,0.00,0.00,0.00,0.00,0.00,0.00,0.00,0.00,0.00,0.00,0.00,0.00,0.00,0.00,0.00,0.00,0.00,0.00,0.00,296165,406762,594948,309271,420915,610674,0,0,0,0,0,0,0,111070,0,123.20,123.23,123.29
1882,2,0,0,0,93620,93620,93620,3659,3659,3659,591,591,591,0.00,0.00,0.00,0.00,0.00,0.00,0.00,0.00,0.00,0.00,0.00,0.00,0.00,0.00,0.00,0.00,0.00,0.00,0.00,0.00,0.00,427203,816663,1884357,440307,830292,1897461,0,0,0,0,0,0,0,100894,0,125.66,125.71,125.75
1882,3,0,0,0,93660,93660,93660,3619,3619,3619,591,591,591,0.00,0.00,0.00,0.00,0.00,0.00,0.00,0.00,0.00,0.00,0.00,0.00,0.00,0.00,0.00,0.00,0.00,0.00,0.00,0.00,0.00,292558,492891,812495,305503,505964,828220,0,0,0,0,0,0,0,126132,0,139.71,139.78,139.81
1883,0,0,0,0,93656,93656,93656,3623,3623,3623,591,591,591,0.00,0.00,0.00,0.00,0.00,0.00,0.00,0.00,0.00,0.00,0.00,0.00,0.00,0.00,0.00,0.00,0.00,0.00,0.00,0.00,0.00,301404,542009,1216121,314509,556162,1231846,0,0,0,0,0,0,0,123585,0,136.98,137.00,137.03
1883,1,0,0,0,93625,93625,93625,3654,3654,3654,591,591,591,0.00,0.00,0.00,0.00,0.00,0.00,0.00,0.00,0.00,0.00,0.00,0.00,0.00,0.00,0.00,0.00,0.00,0.00,0.00,0.00,0.00,298784,371123,555640,314509,385275,571366,0,0,0,0,0,0,0,98890,0,123.21,123.30,123.36
1883,2,0,0,0,93620,93620,93620,3659,3659,3659,591,591,591,0.00,0.00,0.00,0.00,0.00,0.00,0.00,0.00,0.00,0.00,0.00,0.00,0.00,0.00,0.00,0.00,0.00,0.00,0.00,0.00,0.00,427212,536244,943548,442937,550397,956653,0,0,0,0,0,0,0,100948,0,125.69,125.75,125.82
1883,3,0,0,0,93660,93660,93660,3619,3619,3619,591,591,591,0.00,0.00,0.00,0.00,0.00,0.00,0.00,0.00,0.00,0.00,0.00,0.00,0.00,0.00,0.00,0.00,0.00,0.00,0.00,0.00,0.00,301409,341771,492738,314514,355400,505843,0,0,0,0,0,0,0,84217,0,139.75,139.79,139.82
1884,0,0,0,0,93656,93656,93656,3623,3623,3623,591,591,591,0.00,0.00,0.00,0.00,0.00,0.00,0.00,0.00,0.00,0.00,0.00,0.00,0.00,0.00,0.00,0.00,0.00,0.00,0.00,0.00,0.00,301406,393135,657851,314511,406239,670956,0,0,0,0,0,0,0,82391,0,137.00,137.02,137.04
1884,1,0,0,0,93625,93625,93625,3654,3654,3654,591,591,591,0.00,0.00,0.00,0.00,0.00,0.00,0.00,0.00,0.00,0.00,0.00,0.00,0.00,0.00,0.00,0.00,0.00,0.00,0.00,0.00,0.00,306650,332639,382658,319754,345307,398384,0,0,0,0,0,0,0,74167,0,123.39,123.41,123.45
1884,2,0,0,0,93620,93620,93620,3659,3659,3659,591,591,591,0.00,0.00,0.00,0.00,0.00,0.00,0.00,0.00,0.00,0.00,0.00,0.00,0.00,0.00,0.00,0.00,0.00,0.00,0.00,0.00,0.00,281400,510018,904263,289928,522633,917368,0,0,0,0,0,0,0,75662,0,125.87,125.90,125.94
1884,3,0,0,0,93660,93660,93660,3619,3619,3619,591,591,591,0.00,0.00,0.00,0.00,0.00,0.00,0.00,0.00,0.00,0.00,0.00,0.00,0.00,0.00,0.00,0.00,0.00,0.00,0.00,0.00,0.00,298788,316474,353811,311893,330234,366915,0,0,0,0,0,0,0,112121,0,139.62,139.67,139.72
1885,0,0,0,0,93656,93656,93656,3623,3623,3623,591,591,591,0.00,0.00,0.00,0.00,0.00,0.00,0.00,0.00,0.00,0.00,0.00,0.00,0.00,0.00,0.00,0.00,0.00,0.00,0.00,0.00,0.00,298786,366405,605433,311891,380559,618538,0,0,0,0,0,0,0,109834,0,136.97,137.00,137.03
1885,1,0,0,0,93625,93625,93625,3654,3654,3654,591,591,591,0.00,0.00,0.00,0.00,0.00,0.00,0.00,0.00,0.00,0.00,0.00,0.00,0.00,0.00,0.00,0.00,0.00,0.00,0.00,0.00,0.00,290908,347008,539913,304012,361161,553018,0,0,0,0,0,0,0,98915,0,123.31,123.36,123.40
1885,2,0,0,0,93620,93620,93620,3659,3659,3659,591,591,591,0.00,0.00,0.00,0.00,0.00,0.00,0.00,0.00,0.00,0.00,0.00,0.00,0.00,0.00,0.00,0.00,0.00,0.00,0.00,0.00,0.00,427214,532049,933054,440318,545677,943537,0,0,0,0,0,0,0,113453,0,125.78,125.83,125.85
1885,3,0,0,0,93660,93660,93660,3619,3619,3619,591,591,591,0.00,0.00,0.00,0.00,0.00,0.00,0.00,0.00,0.00,0.00,0.00,0.00,0.00,0.00,0.00,0.00,0.00,0.00,0.00,0.00,0.00,298788,324997,416728,314514,339150,432453,0,0,0,0,0,0,0,112093,0,139.61,139.66,139.70
1886,0,0,0,0,93656,93656,93656,3623,3623,3623,591,591,591,0.00,0.00,0.00,0.00,0.00,0.00,0.00,0.00,0.00,0.00,0.00,0.00,0.00,0.00,0.00,0.00,0.00,0.00,0.00,0.00,0.00,193925,310423,467093,202660,323633,479855,0,0,0,0,0,0,0,109795,0,137.00,137.02,137.03
1886,1,0,0,0,93625,93625,93625,3654,3654,3654,591,591,591,0.00,0.00,0.00,0.00,0.00,0.00,0.00,0.00,0.00,0.00,0.00,0.00,0.00,0.00,0.00,0.00,0.00,0.00,0.00,0.00,0.00,298785,363261,553020,309269,376890,566124,0,0,0,0,0,0,0,111106,0,123.27,123.32,123.36
1886,2,0,0,0,93620,93620,93620,3659,3659,3659,591,591,591,0.00,0.00,0.00,0.00,0.00,0.00,0.00,0.00,0.00,0.00,0.00,0.00,0.00,0.00,0.00,0.00,0.00,0.00,0.00,0.00,0.00,427215,815113,1926391,442941,829266,1942117,0,0,0,0,0,0,0,101009,0,125.81,125.90,125.97
1886,3,0,0,0,93660,93660,93660,3619,3619,3619,591,591,591,0.00,0.00,0.00,0.00,0.00,0.00,0.00,0.00,0.00,0.00,0.00,0.00,0.00,0.00,0.00,0.00,0.00,0.00,0.00,0.00,0.00,62901,394704,1016946,76005,407928,1025683,0,0,0,0,0,0,0,126139,0,139.67,139.72,139.74
1887,0,0,0,0,93656,93656,93656,3623,3623,3623,591,591,591,0.00,0.00,0.00,0.00,0.00,0.00,0.00,0.00,0.00,0.00,0.00,0.00,0.00,0.00,0.00,0.00,0.00,0.00,0.00,0.00,0.00,301407,531001,1182042,314512,544629,1197768,0,0,0,0,0,0,0,109895,0,137.01,137.04,137.08
1887,1,0,0,0,93625,93625,93625,3654,3654,3654,591,591,591,0.00,0.00,0.00,0.00,0.00,0.00,0.00,0.00,0.00,0.00,0.00,0.00,0.00,0.00,0.00,0.00,0.00,0.00,0.00,0.00,0.00,293546,349455,500601,306651,362210,513706,0,0,0,0,0,0,0,98635,0,123.12,123.19,123.31
1887,2,0,0,0,93620,93620,93620,3659,3659,3659,591,591,591,0.00,0.00,0.00,0.00,0.00,0.00,0.00,0.00,0.00,0.00,0.00,0.00,0.00,0.00,0.00,0.00,0.00,0.00,0.00,0.00,0.00,424594,548295,1022166,437698,562448,1035271,0,0,0,0,0,0,0,100965,0,125.85,125.90,125.95
1887,3,0,0,0,93660,93660,93660,3619,3619,3619,591,591,591,0.00,0.00,0.00,0.00,0.00,0.00,0.00,0.00,0.00,0.00,0.00,0.00,0.00,0.00,0.00,0.00,0.00,0.00,0.00,0.00,0.00,298770,345437,503225,311874,359066,516330,0,0,0,0,0,0,0,112166,0,139.69,139.76,139.84
1888,0,0,0,0,93656,93656,93656,3623,3623,3623,591,591,591,0.00,0.00,0.00,0.00,0.00,0.00,0.00,0.00,0.00,0.00,0.00,0.00,0.00,0.00,0.00,0.00,0.00,0.00,0.00,0.00,0.00,293546,382131,697164,309272,396284,712890,0,0,0,0,0,0,0,109798,0,136.95,137.00,137.05
1888,1,0,0,0,93625,93625,93625,3654,3654,3654,591,591,591,0.00,0.00,0.00,0.00,0.00,0.00,0.00,0.00,0.00,0.00,0.00,0.00,0.00,0.00,0.00,0.00,0.00,0.00,0.00,0.00,0.00,301406,364833,529427,317132,378986,545153,0,0,0,0,0,0,0,98736,0,123.14,123.21,123.28
1888,2,0,0,0,93620,93620,93620,3659,3659,3659,591,591,591,0.00,0.00,0.00,0.00,0.00,0.00,0.00,0.00,0.00,0.00,0.00,0.00,0.00,0.00,0.00,0.00,0.00,0.00,0.00,0.00,0.00,422087,560790,959247,432382,573895,974972,0,0,0,0,0,0,0,100835,0,125.65,125.71,125.81
1888,3,0,0,0,93660,93660,93660,3619,3619,3619,591,591,591,0.00,0.00,0.00,0.00,0.00,0.00,0.00,0.00,0.00,0.00,0.00,0.00,0.00,0.00,0.00,0.00,0.00,0.00,0.00,0.00,0.00,296169,312941,361684,311895,327094,374788,0,0,0,0,0,0,0,112045,0,139.56,139.60,139.69
1889,0,0,0,0,93656,93656,93656,3623,3623,3623,591,591,591,0.00,0.00,0.00,0.00,0.00,0.00,0.00,0.00,0.00,0.00,0.00,0.00,0.00,0.00,0.00,0.00,0.00,0.00,0.00,0.00,0.00,296149,359064,594952,311874,373217,605435,0,0,0,0,0,0,0,109789,0,136.92,136.95,136.98
1889,1,0,0,0,93625,93625,93625,3654,3654,3654,591,591,591,0.00,0.00,0.00,0.00,0.00,0.00,0.00,0.00,0.00,0.00,0.00,0.00,0.00,0.00,0.00,0.00,0.00,0.00,0.00,0.00,0.00,290926,303503,332858,306652,317656,345963,0,0,0,0,0,0,0,98770,0,123.17,123.20,123.24
1889,2,0,0,0,93620,93620,93620,3659,3659,3659,591,591,591,0.00,0.00,0.00,0.00,0.00,0.00,0.00,0.00,0.00,0.00,0.00,0.00,0.00,0.00,0.00,0.00,0.00,0.00,0.00,0.00,0.00,429835,728619,1866126,442940,742248,1881852,0,0,0,0,0,0,0,113682,0,125.66,125.75,125.84
1889,3,0,0,0,93660,93660,93660,3619,3619,3619,591,591,591,0.00,0.00,0.00,0.00,0.00,0.00,0.00,0.00,0.00,0.00,0.00,0.00,0.00,0.00,0.00,0.00,0.00,0.00,0.00,0.00,0.00,296162,323945,419351,309273,338098,432455,0,0,0,0,0,0,0,126250,0,139.52,139.61,139.69
1890,0,0,0,0,93656,93656,93656,3623,3623,3623,591,591,591,0.00,0.00,0.00,0.00,0.00,0.00,0.00,0.00,0.00,0.00,0.00,0.00,0.00,0.00,0.00,0.00,0.00,0.00,0.00,0.00,0.00,220158,314723,466527,233263,328315,479632,0,0,0,0,0,0,0,123370,0,136.87,136.90,136.93
1890,1,0,0,0,93625,93625,93625,3654,3654,3654,591,591,591,0.00,0.00,0.00,0.00,0.00,0.00,0.00,0.00,0.00,0.00,0.00,0.00,0.00,0.00,0.00,0.00,0.00,0.00,0.00,0.00,0.00,298787,412529,542536,311892,426158,558262,0,0,0,0,0,0,0,110881,0,123.10,123.14,123.19
1890,2,0,0,0,93620,93620,93620,3659,3659,3659,591,591,591,0.00,0.00,0.00,0.00,0.00,0.00,0.00,0.00,0.00,0.00,0.00,0.00,0.00,0.00,0.00,0.00,0.00,0.00,0.00,0.00,0.00,432457,636884,961865,445562,651037,974970,0,0,0,0,0,0,0,100854,0,125.74,125.81,125.88
1890,3,0,0,0,93660,93660,93660,3619,3619,3619,591,591,591,0.00,0.00,0.00,0.00,0.00,0.00,0.00,0.00,0.00,0.00,0.00,0.00,0.00,0.00,0.00,0.00,0.00,0.00,0.00,0.00,0.00,60281,395764,1022176,73385,408869,1032660,0,0,0,0,0,0,0,112053,0,139.63,139.68,139.77
1891,0,0,0,0,93656,93656,93656,3623,3623,3623,591,591,591,0.00,0.00,0.00,0.00,0.00,0.00,0.00,0.00,0.00,0.00,0.00,0.00,0.00,0.00,0.00,0.00,0.00,0.00,0.00,0.00,0.00,301406,492729,985457,314511,504785,990698,0,0,0,0,0,0,0,82279,0,136.84,136.87,136.90
1891,1,0,0,0,93625,93625,93625,3654,3654,3654,591,591,591,0.00,0.00,0.00,0.00,0.00,0.00,0.00,0.00,0.00,0.00,0.00,0.00,0.00,0.00,0.00,0.00,0.00,0.00,0.00,0.00,0.00,293546,325694,385278,309271,339497,398383,0,0,0,0,0,0,0,74042,0,123.05,123.10,123.13
1891,2,0,0,0,93620,93620,93620,3659,3659,3659,591,591,591,0.00,0.00,0.00,0.00,0.00,0.00,0.00,0.00,0.00,0.00,0.00,0.00,0.00,0.00,0.00,0.00,0.00,0.00,0.00,0.00,0.00,286913,496130,891130,297283,509212,906856,0,0,0,0,0,0,0,101016,0,125.74,125.80,125.91
1891,3,0,0,0,93660,93660,93660,3619,3619,3619,591,591,591,0.00,0.00,0.00,0.00,0.00,0.00,0.00,0.00,0.00,0.00,0.00,0.00,0.00,0.00,0.00,0.00,0.00,0.00,0.00,0.00,0.00,298790,357498,497982,311895,371127,511087,0,0,0,0,0,0,0,84185,0,139.61,139.67,139.71
1892,0,0,0,0,93656,93656,93656,3623,3623,3623,591,591,591,0.00,0.00,0.00,0.00,0.00,0.00,0.00,0.00,0.00,0.00,0.00,0.00,0.00,0.00,0.00,0.00,0.00,0.00,0.00,0.00,0.00,304027,396416,663100,319751,392615,676205,0,0,0,0,0,0,0,109706,0,136.81,136.85,136.89
1892,1,0,0,0,93625,93625,93625,3654,3654,3654,591,591,591,0.00,0.00,0.00,0.00,0.00,0.00,0.00,0.00,0.00,0.00,0.00,0.00,0.00,0.00,0.00,0.00,0.00,0.00,0.00,0.00,0.00,298767,377409,563500,311871,391169,576605,0,0,0,0,0,0,0,98694,0,123.11,123.13,123.17
1892,2,0,0,0,93620,93620,93620,3659,3659,3659,591,591,591,0.00,0.00,0.00,0.00,0.00,0.00,0.00,0.00,0.00,0.00,0.00,0.00,0.00,0.00,0.00,0.00,0.00,0.00,0.00,0.00,0.00,429818,553676,925196,442922,568091,938300,0,0,0,0,0,0,0,75779,0,125.90,125.95,126.01
1892,3,0,0,0,93660,93660,93660,3619,3619,3619,591,591,591,0.00,0.00,0.00,0.00,0.00,0.00,0.00,0.00,0.00,0.00,0.00,0.00,0.00,0.00,0.00,0.00,0.00,0.00,0.00,0.00,0.00,298770,323684,393145,311874,337443,406249,0,0,0,0,0,0,0,112215,0,139.71,139.72,139.74
1893,0,0,0,0,93656,93656,93656,3623,3623,3623,591,591,591,0.00,0.00,0.00,0.00,0.00,0.00,0.00,0.00,0.00,0.00,0.00,0.00,0.00,0.00,0.00,0.00,0.00,0.00,0.00,0.00,0.00,293546,369551,647371,309271,411486,663096,0,0,0,0,0,0,0,109634,0,136.83,136.84,136.86
1893,1,0,0,0,93625,93625,93625,3654,3654,3654,591,591,591,0.00,0.00,0.00,0.00,0.00,0.00,0.00,0.00,0.00,0.00,0.00,0.00,0.00,0.00,0.00,0.00,0.00,0.00,0.00,0.00,0.00,290923,359476,610679,306648,373624,623784,0,0,0,0,0,0,0,98703,0,123.14,123.19,123.23
1893,2,0,0,0,93620,93620,93620,3659,3659,3659,591,591,591,0.00,0.00,0.00,0.00,0.00,0.00,0.00,0.00,0.00,0.00,0.00,0.00,0.00,0.00,0.00,0.00,0.00,0.00,0.00,0.00,0.00,421972,829267,2010265,437697,842896,2020749,0,0,0,0,0,0,0,113388,0,125.63,125.80,125.91
1893,3,0,0,0,93660,93660,93660,3619,3619,3619,591,591,591,0.00,0.00,0.00,0.00,0.00,0.00,0.00,0.00,0.00,0.00,0.00,0.00,0.00,0.00,0.00,0.00,0.00,0.00,0.00,0.00,0.00,62890,298883,529925,75992,312948,545212,0,0,0,0,0,0,0,126327,0,139.66,139.72,139.74
1894,0,0,0,0,93656,93656,93656,3623,3623,3623,591,591,591,0.00,0.00,0.00,0.00,0.00,0.00,0.00,0.00,0.00,0.00,0.00,0.00,0.00,0.00,0.00,0.00,0.00,0.00,0.00,0.00,0.00,288480,501342,1182044,301359,488205,1195148,0,0,0,0,0,0,0,123557,0,136.79,136.86,136.95
1894,1,0,0,0,93625,93625,93625,3654,3654,3654,591,591,591,0.00,0.00,0.00,0.00,0.00,0.00,0.00,0.00,0.00,0.00,0.00,0.00,0.00,0.00,0.00,0.00,0.00,0.00,0.00,0.00,0.00,303772,419284,534669,316866,433435,547774,0,0,0,0,0,0,0,98628,0,123.21,123.23,123.26
1894,2,0,0,0,93620,93620,93620,3659,3659,3659,591,591,591,0.00,0.00,0.00,0.00,0.00,0.00,0.00,0.00,0.00,0.00,0.00,0.00,0.00,0.00,0.00,0.00,0.00,0.00,0.00,0.00,0.00,429811,535718,930441,440294,549346,946167,0,0,0,0,0,0,0,100649,0,125.53,125.58,125.61
1894,3,0,0,0,93660,93660,93660,3619,3619,3619,591,591,591,0.00,0.00,0.00,0.00,0.00,0.00,0.00,0.00,0.00,0.00,0.00,0.00,0.00,0.00,0.00,0.00,0.00,0.00,0.00,0.00,0.00,296152,507238,980237,311877,520343,993341,0,0,0,0,0,0,0,112122,0,139.72,139.77,139.82
1895,0,0,0,0,93656,93656,93656,3623,3623,3623,591,591,591,0.00,0.00,0.00,0.00,0.00,0.00,0.00,0.00,0.00,0.00,0.00,0.00,0.00,0.00,0.00,0.00,0.00,0.00,0.00,0.00,0.00,301406,360639,584466,314511,441364,660475,0,0,0,0,0,0,0,109764,0,136.90,136.93,136.98
1895,1,0,0,0,93625,93625,93625,3654,3654,3654,591,591,591,0.00,0.00,0.00,0.00,0.00,0.00,0.00,0.00,0.00,0.00,0.00,0.00,0.00,0.00,0.00,0.00,0.00,0.00,0.00,0.00,0.00,298787,327103,391098,311892,340381,404134,0,0,0,0,0,0,0,98717,0,123.18,123.22,123.26
1895,2,0,0,0,93620,93620,93620,3659,3659,3659,591,591,591,0.00,0.00,0.00,0.00,0.00,0.00,0.00,0.00,0.00,0.00,0.00,0.00,0.00,0.00,0.00,0.00,0.00,0.00,0.00,0.00,0.00,283655,491284,893743,294033,504892,909469,0,0,0,0,0,0,0,100711,0,125.50,125.52,125.54
1895,3,0,0,0,93660,93660,93660,3619,3619,3619,591,591,591,0.00,0.00,0.00,0.00,0.00,0.00,0.00,0.00,0.00,0.00,0.00,0.00,0.00,0.00,0.00,0.00,0.00,0.00,0.00,0.00,0.00,298785,337053,461287,314510,351206,471771,0,0,0,0,0,0,0,112347,0,139.72,139.81,139.90
1896,0,0,0,0,93656,93656,93656,3623,3623,3623,591,591,591,0.00,0.00,0.00,0.00,0.00,0.00,0.00,0.00,0.00,0.00,0.00,0.00,0.00,0.00,0.00,0.00,0.00,0.00,0.00,0.00,0.00,309269,440317,644749,311873,384750,636892,0,0,0,0,0,0,0,109782,0,136.83,136.87,136.90
1896,1,0,0,0,93625,93625,93625,3654,3654,3654,591,591,591,0.00,0.00,0.00,0.00,0.00,0.00,0.00,0.00,0.00,0.00,0.00,0.00,0.00,0.00,0.00,0.00,0.00,0.00,0.00,0.00,0.00,294157,423130,631590,307173,436754,647380,0,0,0,0,0,0,0,98823,0,123.13,123.21,123.27
1896,2,0,0,0,93620,93620,93620,3659,3659,3659,591,591,591,0.00,0.00,0.00,0.00,0.00,0.00,0.00,0.00,0.00,0.00,0.00,0.00,0.00,0.00,0.00,0.00,0.00,0.00,0.00,0.00,0.00,427229,540442,919964,440335,554072,933069,0,0,0,0,0,0,0,113342,0,125.49,125.55,125.65
1896,3,0,0,0,93660,93660,93660,3619,3619,3619,591,591,591,0.00,0.00,0.00,0.00,0.00,0.00,0.00,0.00,0.00,0.00,0.00,0.00,0.00,0.00,0.00,0.00,0.00,0.00,0.00,0.00,0.00,298783,319755,395764,314508,333908,408869,0,0,0,0,0,0,0,112200,0,139.72,139.78,139.85
1897,0,0,0,0,93656,93656,93656,3623,3623,3623,591,591,591,0.00,0.00,0.00,0.00,0.00,0.00,0.00,0.00,0.00,0.00,0.00,0.00,0.00,0.00,0.00,0.00,0.00,0.00,0.00,0.00,0.00,293546,330763,461287,309272,344392,474391,0,0,0,0,0,0,0,109678,0,136.88,136.92,136.98
1897,1,0,0,0,93625,93625,93625,3654,3654,3654,591,591,591,0.00,0.00,0.00,0.00,0.00,0.00,0.00,0.00,0.00,0.00,0.00,0.00,0.00,0.00,0.00,0.00,0.00,0.00,0.00,0.00,0.00,296168,360182,536178,309273,374329,549192,0,0,0,0,0,0,0,111051,0,123.28,123.30,123.32
1897,2,0,0,0,93620,93620,93620,3659,3659,3659,591,591,591,0.00,0.00,0.00,0.00,0.00,0.00,0.00,0.00,0.00,0.00,0.00,0.00,0.00,0.00,0.00,0.00,0.00,0.00,0.00,0.00,0.00,435054,811437,1866112,448158,825590,1881838,0,0,0,0,0,0,0,100651,0,125.49,125.55,125.62
1897,3,0,0,0,93660,93660,93660,3619,3619,3619,591,591,591,0.00,0.00,0.00,0.00,0.00,0.00,0.00,0.00,0.00,0.00,0.00,0.00,0.00,0.00,0.00,0.00,0.00,0.00,0.00,0.00,0.00,128417,477007,802012,141521,490635,817738,0,0,0,0,0,0,0,112021,0,139.75,139.79,139.84
1898,0,0,0,0,93656,93656,93656,3623,3623,3623,591,591,591,0.00,0.00,0.00,0.00,0.00,0.00,0.00,0.00,0.00,0.00,0.00,0.00,0.00,0.00,0.00,0.00,0.00,0.00,0.00,0.00,0.00,197170,514345,1221355,207548,526904,1231838,0,0,0,0,0,0,0,109732,0,136.82,136.86,136.90
1898,1,0,0,0,93625,93625,93625,3654,3654,3654,591,591,591,0.00,0.00,0.00,0.00,0.00,0.00,0.00,0.00,0.00,0.00,0.00,0.00,0.00,0.00,0.00,0.00,0.00,0.00,0.00,0.00,0.00,290872,330051,416730,306595,342778,427214,0,0,0,0,0,0,0,74024,0,123.15,123.19,123.23
1898,2,0,0,0,93620,93620,93620,3659,3659,3659,591,591,591,0.00,0.00,0.00,0.00,0.00,0.00,0.00,0.00,0.00,0.00,0.00,0.00,0.00,0.00,0.00,0.00,0.00,0.00,0.00,0.00,0.00,427212,537815,969749,440317,551969,982854,0,0,0,0,0,0,0,100711,0,125.50,125.54,125.58
1898,3,0,0,0,93660,93660,93660,3619,3619,3619,591,591,591,0.00,0.00,0.00,0.00,0.00,0.00,0.00,0.00,0.00,0.00,0.00,0.00,0.00,0.00,0.00,0.00,0.00,0.00,0.00,0.00,0.00,304031,371651,500606,317136,384756,513711,0,0,0,0,0,0,0,84076,0,139.65,139.71,139.75
1899,0,0,0,0,93656,93656,93656,3623,3623,3623,591,591,591,0.00,0.00,0.00,0.00,0.00,0.00,0.00,0.00,0.00,0.00,0.00,0.00,0.00,0.00,0.00,0.00,0.00,0.00,0.00,0.00,0.00,293531,399034,681444,309256,413449,694549,0,0,0,0,0,0,0,82348,0,136.93,136.96,136.99
1899,1,0,0,0,93625,93625,93625,3654,3654,3654,591,591,591,0.00,0.00,0.00,0.00,0.00,0.00,0.00,0.00,0.00,0.00,0.00,0.00,0.00,0.00,0.00,0.00,0.00,0.00,0.00,0.00,0.00,306650,391085,563147,322376,405498,578863,0,0,0,0,0,0,0,98740,0,123.17,123.21,123.24
1899,2,0,0,0,93620,93620,93620,3659,3659,3659,591,591,591,0.00,0.00,0.00,0.00,0.00,0.00,0.00,0.00,0.00,0.00,0.00,0.00,0.00,0.00,0.00,0.00,0.00,0.00,0.00,0.00,0.00,282791,511019,898991,291309,522977,912095,0,0,0,0,0,0,0,75745,0,125.60,125.73,125.82
1899,3,0,0,0,93660,93660,93660,3619,3619,3619,591,591,591,0.00,0.00,0.00,0.00,0.00,0.00,0.00,0.00,0.00,0.00,0.00,0.00,0.00,0.00,0.00,0.00,0.00,0.00,0.00,0.00,0.00,298791,323028,374794,314517,337443,387898,0,0,0,0,0,0,0,112293,0,139.72,139.76,139.85
1900,0,0,0,0,93656,93656,93656,3623,3623,3623,591,591,591,0.00,0.00,0.00,0.00,0.00,0.00,0.00,0.00,0.00,0.00,0.00,0.00,0.00,0.00,0.00,0.00,0.00,0.00,0.00,0.00,0.00,293546,365358,613303,309271,379511,629029,0,0,0,0,0,0,0,109675,0,136.79,136.86,136.96
1900,1,0,0,0,93625,93625,93625,3654,3654,3654,591,591,591,0.00,0.00,0.00,0.00,0.00,0.00,0.00,0.00,0.00,0.00,0.00,0.00,0.00,0.00,0.00,0.00,0.00,0.00,0.00,0.00,0.00,293529,366352,618543,306633,379978,631647,0,0,0,0,0,0,0,98719,0,123.17,123.21,123.24
1900,2,0,0,0,93620,93620,93620,3659,3659,3659,591,591,591,0.00,0.00,0.00,0.00,0.00,0.00,0.00,0.00,0.00,0.00,0.00,0.00,0.00,0.00,0.00,0.00,0.00,0.00,0.00,0.00,0.00,424414,832101,1923781,437760,845722,1934265,0,0,0,0,0,0,0,113409,0,125.59,125.67,125.80
1900,3,0,0,0,93660,93660,93660,3619,3619,3619,591,591,591,0.00,0.00,0.00,0.00,0.00,0.00,0.00,0.00,0.00,0.00,0.00,0.00,0.00,0.00,0.00,0.00,0.00,0.00,0.00,0.00,0.00,298788,328143,387901,314514,341772,401006,0,0,0,0,0,0,0,126142,0,139.72,139.80,139.85
1901,0,0,0,0,93656,93656,93656,3623,3623,3623,591,591,591,0.00,0.00,0.00,0.00,0.00,0.00,0.00,0.00,0.00,0.00,0.00,0.00,0.00,0.00,0.00,0.00,0.00,0.00,0.00,0.00,0.00,199184,318180,469149,207921,330935,484875,0,0,0,0,0,0,0,123488,0,136.88,136.97,137.04
1901,1,0,0,0,93625,93625,93625,3654,3654,3654,591,591,591,0.00,0.00,0.00,0.00,0.00,0.00,0.00,0.00,0.00,0.00,0.00,0.00,0.00,0.00,0.00,0.00,0.00,0.00,0.00,0.00,0.00,293543,398245,529426,306648,412394,542531,0,0,0,0,0,0,0,111018,0,123.19,123.21,123.22
1901,2,0,0,0,93620,93620,93620,3659,3659,3659,591,591,591,0.00,0.00,0.00,0.00,0.00,0.00,0.00,0.00,0.00,0.00,0.00,0.00,0.00,0.00,0.00,0.00,0.00,0.00,0.00,0.00,0.00,427211,519470,875398,440316,533624,891124,0,0,0,0,0,0,0,100905,0,125.67,125.72,125.78
1901,3,0,0,0,93660,93660,93660,3619,3619,3619,591,591,591,0.00,0.00,0.00,0.00,0.00,0.00,0.00,0.00,0.00,0.00,0.00,0.00,0.00,0.00,0.00,0.00,0.00,0.00,0.00,0.00,0.00,301409,521743,852772,314513,535251,865276,0,0,0,0,0,0,0,111976,0,139.63,139.70,139.72
1902,0,0,0,0,93656,93656,93656,3623,3623,3623,591,591,591,0.00,0.00,0.00,0.00,0.00,0.00,0.00,0.00,0.00,0.00,0.00,0.00,0.00,0.00,0.00,0.00,0.00,0.00,0.00,0.00,0.00,298787,542529,1197754,314512,556682,1210858,0,0,0,0,0,0,0,109718,0,136.90,136.98,137.03
1902,1,0,0,0,93625,93625,93625,3654,3654,3654,591,591,591,0.00,0.00,0.00,0.00,0.00,0.00,0.00,0.00,0.00,0.00,0.00,0.00,0.00,0.00,0.00,0.00,0.00,0.00,0.00,0.00,0.00,209665,322212,484873,218401,334939,500599,0,0,0,0,0,0,0,98830,0,123.25,123.30,123.34
1902,2,0,0,0,93620,93620,93620,3659,3659,3659,591,591,591,0.00,0.00,0.00,0.00,0.00,0.00,0.00,0.00,0.00,0.00,0.00,0.00,0.00,0.00,0.00,0.00,0.00,0.00,0.00,0.00,0.00,424594,635836,972370,437700,649989,988096,0,0,0,0,0,0,0,100834,0,125.78,125.83,125.88
1902,3,0,0,0,93660,93660,93660,3619,3619,3619,591,591,591,0.00,0.00,0.00,0.00,0.00,0.00,0.00,0.00,0.00,0.00,0.00,0.00,0.00,0.00,0.00,0.00,0.00,0.00,0.00,0.00,0.00,199187,324470,508455,209670,337575,518938,0,0,0,0,0,0,0,112192,0,139.57,139.61,139.69
1903,0,0,0,0,93656,93656,93656,3623,3623,3623,591,591,591,0.00,0.00,0.00,0.00,0.00,0.00,0.00,0.00,0.00,0.00,0.00,0.00,0.00,0.00,0.00,0.00,0.00,0.00,0.00,0.00,0.00,304023,382132,636889,317128,395760,652614,0,0,0,0,0,0,0,109663,0,136.82,136.87,136.93
1903,1,0,0,0,93625,93625,93625,3654,3654,3654,591,591,591,0.00,0.00,0.00,0.00,0.00,0.00,0.00,0.00,0.00,0.00,0.00,0.00,0.00,0.00,0.00,0.00,0.00,0.00,0.00,0.00,0.00,298784,375840,558258,314510,390518,576605,0,0,0,0,0,0,0,98752,0,123.21,123.27,123.34
1903,2,0,0,0,93620,93620,93620,3659,3659,3659,591,591,591,0.00,0.00,0.00,0.00,0.00,0.00,0.00,0.00,0.00,0.00,0.00,0.00,0.00,0.00,0.00,0.00,0.00,0.00,0.00,0.00,0.00,421969,468948,586579,437695,482149,595230,0,0,0,0,0,0,0,100818,0,125.71,125.75,125.78
1903,3,0,0,0,93660,93660,93660,3619,3619,3619,591,591,591,0.00,0.00,0.00,0.00,0.00,0.00,0.00,0.00,0.00,0.00,0.00,0.00,0.00,0.00,0.00,0.00,0.00,0.00,0.00,0.00,0.00,298789,355924,453427,311894,370077,466531,0,0,0,0,0,0,0,112268,0,139.69,139.71,139.73
1904,0,0,0,0,93656,93656,93656,3623,3623,3623,591,591,591,0.00,0.00,0.00,0.00,0.00,0.00,0.00,0.00,0.00,0.00,0.00,0.00,0.00,0.00,0.00,0.00,0.00,0.00,0.00,0.00,0.00,296149,394186,600195,311874,408338,615920,0,0,0,0,0,0,0,109748,0,136.73,136.81,136.90
1904,1,0,0,0,93625,93625,93625,3654,3654,3654,591,591,591,0.00,0.00,0.00,0.00,0.00,0.00,0.00,0.00,0.00,0.00,0.00,0.00,0.00,0.00,0.00,0.00,0.00,0.00,0.00,0.00,0.00,293055,362666,618543,308754,375766,631647,0,0,0,0,0,0,0,98783,0,123.20,123.22,123.25
1904,2,0,0,0,93620,93620,93620,3659,3659,3659,591,591,591,0.00,0.00,0.00,0.00,0.00,0.00,0.00,0.00,0.00,0.00,0.00,0.00,0.00,0.00,0.00,0.00,0.00,0.00,0.00,0.00,0.00,427215,821097,1871351,440320,834778,1881835,0,0,0,0,0,0,0,113456,0,125.67,125.71,125.75
1904,3,0,0,0,93660,93660,93660,3619,3619,3619,591,591,591,0.00,0.00,0.00,0.00,0.00,0.00,0.00,0.00,0.00,0.00,0.00,0.00,0.00,0.00,0.00,0.00,0.00,0.00,0.00,0.00,0.00,296160,473336,825596,309264,486964,838701,0,0,0,0,0,0,0,126309,0,139.73,139.80,139.84
1905,0,0,0,0,93656,93656,93656,3623,3623,3623,591,591,591,0.00,0.00,0.00,0.00,0.00,0.00,0.00,0.00,0.00,0.00,0.00,0.00,0.00,0.00,0.00,0.00,0.00,0.00,0.00,0.00,0.00,199191,467049,1226595,207927,479804,1239700,0,0,0,0,0,0,0,123608,0,136.94,136.99,137.00
1905,1,0,0,0,93625,93625,93625,3654,3654,3654,591,591,591,0.00,0.00,0.00,0.00,0.00,0.00,0.00,0.00,0.00,0.00,0.00,0.00,0.00,0.00,0.00,0.00,0.00,0.00,0.00,0.00,0.00,300447,383668,532047,315346,397818,547773,0,0,0,0,0,0,0,98647,0,123.23,123.28,123.31
1905,2,0,0,0,93620,93620,93620,3659,3659,3659,591,591,591,0.00,0.00,0.00,0.00,0.00,0.00,0.00,0.00,0.00,0.00,0.00,0.00,0.00,0.00,0.00,0.00,0.00,0.00,0.00,0.00,0.00,424593,538864,967135,437697,553017,980239,0,0,0,0,0,0,0,100830,0,125.65,125.71,125.75
1905,3,0,0,0,93660,93660,93660,3619,3619,3619,591,591,591,0.00,0.00,0.00,0.00,0.00,0.00,0.00,0.00,0.00,0.00,0.00,0.00,0.00,0.00,0.00,0.00,0.00,0.00,0.00,0.00,0.00,293488,398971,600574,306590,413032,615843,0,0,0,0,0,0,0,112125,0,139.69,139.74,139.81
1906,0,0,0,0,93656,93656,93656,3623,3623,3623,591,591,591,0.00,0.00,0.00,0.00,0.00,0.00,0.00,0.00,0.00,0.00,0.00,0.00,0.00,0.00,0.00,0.00,0.00,0.00,0.00,0.00,0.00,296165,426155,678782,311891,440308,691886,0,0,0,0,0,0,0,82361,0,136.90,136.95,136.98
1906,1,0,0,0,93625,93625,93625,3654,3654,3654,591,591,591,0.00,0.00,0.00,0.00,0.00,0.00,0.00,0.00,0.00,0.00,0.00,0.00,0.00,0.00,0.00,0.00,0.00,0.00,0.00,0.00,0.00,211422,359272,545150,220158,372547,560876,0,0,0,0,0,0,0,74059,0,123.25,123.28,123.34
1906,2,0,0,0,93620,93620,93620,3659,3659,3659,591,591,591,0.00,0.00,0.00,0.00,0.00,0.00,0.00,0.00,0.00,0.00,0.00,0.00,0.00,0.00,0.00,0.00,0.00,0.00,0.00,0.00,0.00,429827,536243,930432,442931,549871,943537,0,0,0,0,0,0,0,100783,0,125.67,125.70,125.73
1906,3,0,0,0,93660,93660,93660,3619,3619,3619,591,591,591,0.00,0.00,0.00,0.00,0.00,0.00,0.00,0.00,0.00,0.00,0.00,0.00,0.00,0.00,0.00,0.00,0.00,0.00,0.00,0.00,0.00,211426,302807,393145,221910,315387,406250,0,0,0,0,0,0,0,84183,0,139.72,139.74,139.76
1907,0,0,0,0,93656,93656,93656,3623,3623,3623,591,591,591,0.00,0.00,0.00,0.00,0.00,0.00,0.00,0.00,0.00,0.00,0.00,0.00,0.00,0.00,0.00,0.00,0.00,0.00,0.00,0.00,0.00,306650,391174,600194,319754,405589,615920,0,0,0,0,0,0,0,109903,0,136.96,137.00,137.03
1907,1,0,0,0,93625,93625,93625,3654,3654,3654,591,591,591,0.00,0.00,0.00,0.00,0.00,0.00,0.00,0.00,0.00,0.00,0.00,0.00,0.00,0.00,0.00,0.00,0.00,0.00,0.00,0.00,0.00,295339,358206,529429,311021,372610,542534,0,0,0,0,0,0,0,98727,0,123.23,123.24,123.25
1907,2,0,0,0,93620,93620,93620,3659,3659,3659,591,591,591,0.00,0.00,0.00,0.00,0.00,0.00,0.00,0.00,0.00,0.00,0.00,0.00,0.00,0.00,0.00,0.00,0.00,0.00,0.00,0.00,0.00,281826,516665,893698,292200,529087,906802,0,0,0,0,0,0,0,75473,0,125.58,125.61,125.67
1907,3,0,0,0,93660,93660,93660,3619,3619,3619,591,591,591,0.00,0.00,0.00,0.00,0.00,0.00,0.00,0.00,0.00,0.00,0.00,0.00,0.00,0.00,0.00,0.00,0.00,0.00,0.00,0.00,0.00,298790,331545,421974,309274,345305,437700,0,0,0,0,0,0,0,112305,0,139.85,139.87,139.89
1908,0,0,0,0,93656,93656,93656,3623,3623,3623,591,591,591,0.00,0.00,0.00,0.00,0.00,0.00,0.00,0.00,0.00,0.00,0.00,0.00,0.00,0.00,0.00,0.00,0.00,0.00,0.00,0.00,0.00,296165,333381,474387,311888,347010,484870,0,0,0,0,0,0,0,109660,0,136.91,136.95,137.06
1908,1,0,0,0,93625,93625,93625,3654,3654,3654,591,591,591,0.00,0.00,0.00,0.00,0.00,0.00,0.00,0.00,0.00,0.00,0.00,0.00,0.00,0.00,0.00,0.00,0.00,0.00,0.00,0.00,0.00,293542,404910,605435,309268,418007,615919,0,0,0,0,0,0,0,111219,0,123.24,123.29,123.36
1908,2,0,0,0,93620,93620,93620,3659,3659,3659,591,591,591,0.00,0.00,0.00,0.00,0.00,0.00,0.00,0.00,0.00,0.00,0.00,0.00,0.00,0.00,0.00,0.00,0.00,0.00,0.00,0.00,0.00,419346,815114,1913300,437692,829267,1926405,0,0,0,0,0,0,0,100816,0,125.53,125.57,125.64
1908,3,0,0,0,93660,93660,93660,3619,3619,3619,591,591,591,0.00,0.00,0.00,0.00,0.00,0.00,0.00,0.00,0.00,0.00,0.00,0.00,0.00,0.00,0.00,0.00,0.00,0.00,0.00,0.00,0.00,296167,535198,870161,311892,549351,885887,0,0,0,0,0,0,0,126091,0,139.62,139.69,139.79
1909,0,0,0,0,93656,93656,93656,3623,3623,3623,591,591,591,0.00,0.00,0.00,0.00,0.00,0.00,0.00,0.00,0.00,0.00,0.00,0.00,0.00,0.00,0.00,0.00,0.00,0.00,0.00,0.00,0.00,199191,515263,1166258,209675,528367,1179362,0,0,0,0,0,0,0,123563,0,136.89,136.96,137.00
1909,1,0,0,0,93625,93625,93625,3654,3654,3654,591,591,591,0.00,0.00,0.00,0.00,0.00,0.00,0.00,0.00,0.00,0.00,0.00,0.00,0.00,0.00,0.00,0.00,0.00,0.00,0.00,0.00,0.00,304030,381906,532050,317134,396572,545154,0,0,0,0,0,0,0,98747,0,123.22,123.29,123.37
1909,2,0,0,0,93620,93620,93620,3659,3659,3659,591,591,591,0.00,0.00,0.00,0.00,0.00,0.00,0.00,0.00,0.00,0.00,0.00,0.00,0.00,0.00,0.00,0.00,0.00,0.00,0.00,0.00,0.00,424593,543054,972369,440319,557207,985473,0,0,0,0,0,0,0,100825,0,125.66,125.68,125.73
1909,3,0,0,0,93660,93660,93660,3619,3619,3619,591,591,591,0.00,0.00,0.00,0.00,0.00,0.00,0.00,0.00,0.00,0.00,0.00,0.00,0.00,0.00,0.00,0.00,0.00,0.00,0.00,0.00,0.00,293553,346017,503196,306658,360121,516300,0,0,0,0,0,0,0,112162,0,139.72,139.76,139.80
1910,0,0,0,0,93656,93656,93656,3623,3623,3623,591,591,591,0.00,0.00,0.00,0.00,0.00,0.00,0.00,0.00,0.00,0.00,0.00,0.00,0.00,0.00,0.00,0.00,0.00,0.00,0.00,0.00,0.00,301405,376889,655233,314509,390518,670959,0,0,0,0,0,0,0,109673,0,136.75,136.83,136.95
1910,1,0,0,0,93625,93625,93625,3654,3654,3654,591,591,591,0.00,0.00,0.00,0.00,0.00,0.00,0.00,0.00,0.00,0.00,0.00,0.00,0.00,0.00,0.00,0.00,0.00,0.00,0.00,0.00,0.00,255093,378664,560490,263829,391409,573647,0,0,0,0,0,0,0,98810,0,123.21,123.26,123.29
1910,2,0,0,0,93620,93620,93620,3659,3659,3659,591,591,591,0.00,0.00,0.00,0.00,0.00,0.00,0.00,0.00,0.00,0.00,0.00,0.00,0.00,0.00,0.00,0.00,0.00,0.00,0.00,0.00,0.00,427215,524189,898985,440320,537818,912090,0,0,0,0,0,0,0,100860,0,125.70,125.75,125.82
1910,3,0,0,0,93660,93660,93660,3619,3619,3619,591,591,591,0.00,0.00,0.00,0.00,0.00,0.00,0.00,0.00,0.00,0.00,0.00,0.00,0.00,0.00,0.00,0.00,0.00,0.00,0.00,0.00,0.00,202688,297914,372175,211424,310670,387901,0,0,0,0,0,0,0,112289,0,139.71,139.75,139.79
1911,0,0,0,0,93656,93656,93656,3623,3623,3623,591,591,591,0.00,0.00,0.00,0.00,0.00,0.00,0.00,0.00,0.00,0.00,0.00,0.00,0.00,0.00,0.00,0.00,0.00,0.00,0.00,0.00,0.00,296167,366403,613300,311874,380556,629026,0,0,0,0,0,0,0,109671,0,136.79,136.85,136.89
1911,1,0,0,0,93625,93625,93625,3654,3654,3654,591,591,591,0.00,0.00,0.00,0.00,0.00,0.00,0.00,0.00,0.00,0.00,0.00,0.00,0.00,0.00,0.00,0.00,0.00,0.00,0.00,0.00,0.00,291530,307566,336838,304029,321182,347364,0,0,0,0,0,0,0,98764,0,123.25,123.29,123.34
1911,2,0,0,0,93620,93620,93620,3659,3659,3659,591,591,591,0.00,0.00,0.00,0.00,0.00,0.00,0.00,0.00,0.00,0.00,0.00,0.00,0.00,0.00,0.00,0.00,0.00,0.00,0.00,0.00,0.00,307526,786983,1834650,316165,800243,1847755,0,0,0,0,0,0,0,113487,0,125.81,125.87,125.92
1911,3,0,0,0,93660,93660,93660,3619,3619,3619,591,591,591,0.00,0.00,0.00,0.00,0.00,0.00,0.00,0.00,0.00,0.00,0.00,0.00,0.00,0.00,0.00,0.00,0.00,0.00,0.00,0.00,0.00,298787,322376,411487,314513,337054,424592,0,0,0,0,0,0,0,112063,0,139.64,139.70,139.79
1912,0,0,0,0,93656,93656,93656,3623,3623,3623,591,591,591,0.00,0.00,0.00,0.00,0.00,0.00,0.00,0.00,0.00,0.00,0.00,0.00,0.00,0.00,0.00,0.00,0.00,0.00,0.00,0.00,0.00,197442,311541,461285,206179,324296,477011,0,0,0,0,0,0,0,123365,0,136.85,136.89,136.92
1912,1,0,0,0,93625,93625,93625,3654,3654,3654,591,591,591,0.00,0.00,0.00,0.00,0.00,0.00,0.00,0.00,0.00,0.00,0.00,0.00,0.00,0.00,0.00,0.00,0.00,0.00,0.00,0.00,0.00,293544,404566,560882,309269,418711,573987,0,0,0,0,0,0,0,110972,0,123.23,123.25,123.27
1912,2,0,0,0,93620,93620,93620,3659,3659,3659,591,591,591,0.00,0.00,0.00,0.00,0.00,0.00,0.00,0.00,0.00,0.00,0.00,0.00,0.00,0.00,0.00,0.00,0.00,0.00,0.00,0.00,0.00,429836,532564,927764,442941,546716,940868,0,0,0,0,0,0,0,100940,0,125.70,125.77,125.83
1912,3,0,0,0,93660,93660,93660,3619,3619,3619,591,591,591,0.00,0.00,0.00,0.00,0.00,0.00,0.00,0.00,0.00,0.00,0.00,0.00,0.00,0.00,0.00,0.00,0.00,0.00,0.00,0.00,0.00,297293,502392,988078,310219,515461,1003803,0,0,0,0,0,0,0,112015,0,139.66,139.69,139.72
1913,0,0,0,0,93656,93656,93656,3623,3623,3623,591,591,591,0.00,0.00,0.00,0.00,0.00,0.00,0.00,0.00,0.00,0.00,0.00,0.00,0.00,0.00,0.00,0.00,0.00,0.00,0.00,0.00,0.00,306649,539910,1179418,322375,554063,1195143,0,0,0,0,0,0,0,82360,0,137.02,137.10,137.18
1913,1,0,0,0,93625,93625,93625,3654,3654,3654,591,591,591,0.00,0.00,0.00,0.00,0.00,0.00,0.00,0.00,0.00,0.00,0.00,0.00,0.00,0.00,0.00,0.00,0.00,0.00,0.00,0.00,0.00,295200,341899,483025,308262,356042,496080,0,0,0,0,0,0,0,74003,0,123.12,123.15,123.17
1913,2,0,0,0,93620,93620,93620,3659,3659,3659,591,591,591,0.00,0.00,0.00,0.00,0.00,0.00,0.00,0.00,0.00,0.00,0.00,0.00,0.00,0.00,0.00,0.00,0.00,0.00,0.00,0.00,0.00,427213,637934,1024790,442939,652086,1040515,0,0,0,0,0,0,0,100878,0,125.79,125.84,125.88
1913,3,0,0,0,93660,93660,93660,3619,3619,3619,591,591,591,0.00,0.00,0.00,0.00,0.00,0.00,0.00,0.00,0.00,0.00,0.00,0.00,0.00,0.00,0.00,0.00,0.00,0.00,0.00,0.00,0.00,202689,322550,503219,211425,335830,513703,0,0,0,0,0,0,0,84080,0,139.69,139.70,139.72
1914,0,0,0,0,93656,93656,93656,3623,3623,3623,591,591,591,0.00,0.00,0.00,0.00,0.00,0.00,0.00,0.00,0.00,0.00,0.00,0.00,0.00,0.00,0.00,0.00,0.00,0.00,0.00,0.00,0.00,306650,457994,906792,322371,471754,919896,0,0,0,0,0,0,0,109766,0,136.98,137.03,137.06
1914,1,0,0,0,93625,93625,93625,3654,3654,3654,591,591,591,0.00,0.00,0.00,0.00,0.00,0.00,0.00,0.00,0.00,0.00,0.00,0.00,0.00,0.00,0.00,0.00,0.00,0.00,0.00,0.00,0.00,295663,350424,403625,308745,363087,412362,0,0,0,0,0,0,0,98649,0,123.10,123.15,123.20
1914,2,0,0,0,93620,93620,93620,3659,3659,3659,591,591,591,0.00,0.00,0.00,0.00,0.00,0.00,0.00,0.00,0.00,0.00,0.00,0.00,0.00,0.00,0.00,0.00,0.00,0.00,0.00,0.00,0.00,427213,556296,930438,442939,570056,943543,0,0,0,0,0,0,0,75703,0,125.78,125.80,125.83
1914,3,0,0,0,93660,93660,93660,3619,3619,3619,591,591,591,0.00,0.00,0.00,0.00,0.00,0.00,0.00,0.00,0.00,0.00,0.00,0.00,0.00,0.00,0.00,0.00,0.00,0.00,0.00,0.00,0.00,301391,340063,387902,317116,354478,401007,0,0,0,0,0,0,0,112262,0,139.77,139.80,139.81
1915,0,0,0,0,93656,93656,93656,3623,3623,3623,591,591,591,0.00,0.00,0.00,0.00,0.00,0.00,0.00,0.00,0.00,0.00,0.00,0.00,0.00,0.00,0.00,0.00,0.00,0.00,0.00,0.00,0.00,304025,342293,471766,317130,356446,487491,0,0,0,0,0,0,0,109747,0,136.85,136.91,136.93
1915,1,0,0,0,93625,93625,93625,3654,3654,3654,591,591,591,0.00,0.00,0.00,0.00,0.00,0.00,0.00,0.00,0.00,0.00,0.00,0.00,0.00,0.00,0.00,0.00,0.00,0.00,0.00,0.00,0.00,290922,316417,382633,304027,331083,395737,0,0,0,0,0,0,0,98842,0,123.16,123.25,123.36
1915,2,0,0,0,93620,93620,93620,3659,3659,3659,591,591,591,0.00,0.00,0.00,0.00,0.00,0.00,0.00,0.00,0.00,0.00,0.00,0.00,0.00,0.00,0.00,0.00,0.00,0.00,0.00,0.00,0.00,424418,656103,1374500,437764,669288,1389944,0,0,0,0,0,0,0,113607,0,125.76,125.83,125.87
1915,3,0,0,0,93660,93660,93660,3619,3619,3619,591,591,591,0.00,0.00,0.00,0.00,0.00,0.00,0.00,0.00,0.00,0.00,0.00,0.00,0.00,0.00,0.00,0.00,0.00,0.00,0.00,0.00,0.00,301405,360118,589718,314515,373747,602822,0,0,0,0,0,0,0,126085,0,139.56,139.64,139.76
1916,0,0,0,0,93656,93656,93656,3623,3623,3623,591,591,591,0.00,0.00,0.00,0.00,0.00,0.00,0.00,0.00,0.00,0.00,0.00,0.00,0.00,0.00,0.00,0.00,0.00,0.00,0.00,0.00,0.00,304028,505549,1101968,317133,519006,1114212,0,0,0,0,0,0,0,123479,0,136.88,136.93,136.97
1916,1,0,0,0,93625,93625,93625,3654,3654,3654,591,591,591,0.00,0.00,0.00,0.00,0.00,0.00,0.00,0.00,0.00,0.00,0.00,0.00,0.00,0.00,0.00,0.00,0.00,0.00,0.00,0.00,0.00,293545,388221,516327,306650,401318,529432,0,0,0,0,0,0,0,110971,0,123.19,123.27,123.33
1916,2,0,0,0,93620,93620,93620,3659,3659,3659,591,591,591,0.00,0.00,0.00,0.00,0.00,0.00,0.00,0.00,0.00,0.00,0.00,0.00,0.00,0.00,0.00,0.00,0.00,0.00,0.00,0.00,0.00,432457,641603,972349,445562,655232,985454,0,0,0,0,0,0,0,100950,0,125.86,125.91,125.95
1916,3,0,0,0,93660,93660,93660,3619,3619,3619,591,591,591,0.00,0.00,0.00,0.00,0.00,0.00,0.00,0.00,0.00,0.00,0.00,0.00,0.00,0.00,0.00,0.00,0.00,0.00,0.00,0.00,0.00,298790,477538,891125,314516,491691,904230,0,0,0,0,0,0,0,112071,0,139.59,139.67,139.74
1917,0,0,0,0,93656,93656,93656,3623,3623,3623,591,591,591,0.00,0.00,0.00,0.00,0.00,0.00,0.00,0.00,0.00,0.00,0.00,0.00,0.00,0.00,0.00,0.00,0.00,0.00,0.00,0.00,0.00,202686,347173,608050,211423,360451,621154,0,0,0,0,0,0,0,109620,0,136.73,136.78,136.86
1917,1,0,0,0,93625,93625,93625,3654,3654,3654,591,591,591,0.00,0.00,0.00,0.00,0.00,0.00,0.00,0.00,0.00,0.00,0.00,0.00,0.00,0.00,0.00,0.00,0.00,0.00,0.00,0.00,0.00,293495,353571,496781,309218,367676,509651,0,0,0,0,0,0,0,98761,0,123.16,123.20,123.23
1917,2,0,0,0,93620,93620,93620,3659,3659,3659,591,591,591,0.00,0.00,0.00,0.00,0.00,0.00,0.00,0.00,0.00,0.00,0.00,0.00,0.00,0.00,0.00,0.00,0.00,0.00,0.00,0.00,0.00,427214,527852,912090,442915,541481,925194,0,0,0,0,0,0,0,100996,0,125.88,125.92,125.95
1917,3,0,0,0,93660,93660,93660,3619,3619,3619,591,591,591,0.00,0.00,0.00,0.00,0.00,0.00,0.00,0.00,0.00,0.00,0.00,0.00,0.00,0.00,0.00,0.00,0.00,0.00,0.00,0.00,0.00,202686,343515,495359,213170,356620,508464,0,0,0,0,0,0,0,112034,0,139.54,139.61,139.66
1918,0,0,0,0,93656,93656,93656,3623,3623,3623,591,591,591,0.00,0.00,0.00,0.00,0.00,0.00,0.00,0.00,0.00,0.00,0.00,0.00,0.00,0.00,0.00,0.00,0.00,0.00,0.00,0.00,0.00,296166,437694,665705,311892,451847,678809,0,0,0,0,0,0,0,109729,0,136.76,136.82,136.86
1918,1,0,0,0,93625,93625,93625,3654,3654,3654,591,591,591,0.00,0.00,0.00,0.00,0.00,0.00,0.00,0.00,0.00,0.00,0.00,0.00,0.00,0.00,0.00,0.00,0.00,0.00,0.00,0.00,0.00,290922,313113,354701,304027,326393,363438,0,0,0,0,0,0,0,98670,0,123.14,123.20,123.25
1918,2,0,0,0,93620,93620,93620,3659,3659,3659,591,591,591,0.00,0.00,0.00,0.00,0.00,0.00,0.00,0.00,0.00,0.00,0.00,0.00,0.00,0.00,0.00,0.00,0.00,0.00,0.00,0.00,0.00,429836,538614,927821,442940,553283,943546,0,0,0,0,0,0,0,100800,0,125.66,125.74,125.86
1918,3,0,0,0,93660,93660,93660,3619,3619,3619,591,591,591,0.00,0.00,0.00,0.00,0.00,0.00,0.00,0.00,0.00,0.00,0.00,0.00,0.00,0.00,0.00,0.00,0.00,0.00,0.00,0.00,0.00,293539,324997,416734,309264,338626,429839,0,0,0,0,0,0,0,112138,0,139.49,139.55,139.64
1919,0,0,0,0,93656,93656,93656,3623,3623,3623,591,591,591,0.00,0.00,0.00,0.00,0.00,0.00,0.00,0.00,0.00,0.00,0.00,0.00,0.00,0.00,0.00,0.00,0.00,0.00,0.00,0.00,0.00,293547,331283,461286,306652,344911,474390,0,0,0,0,0,0,0,109651,0,136.79,136.81,136.84
1919,1,0,0,0,93625,93625,93625,3654,3654,3654,591,591,591,0.00,0.00,0.00,0.00,0.00,0.00,0.00,0.00,0.00,0.00,0.00,0.00,0.00,0.00,0.00,0.00,0.00,0.00,0.00,0.00,0.00,290923,410960,631645,304027,425113,644750,0,0,0,0,0,0,0,111072,0,123.14,123.16,123.23
1919,2,0,0,0,93620,93620,93620,3659,3659,3659,591,591,591,0.00,0.00,0.00,0.00,0.00,0.00,0.00,0.00,0.00,0.00,0.00,0.00,0.00,0.00,0.00,0.00,0.00,0.00,0.00,0.00,0.00,414105,690807,1264221,429256,703538,1272857,0,0,0,0,0,0,0,100913,0,125.67,125.72,125.80
1919,3,0,0,0,93660,93660,93660,3619,3619,3619,591,591,591,0.00,0.00,0.00,0.00,0.00,0.00,0.00,0.00,0.00,0.00,0.00,0.00,0.00,0.00,0.00,0.00,0.00,0.00,0.00,0.00,0.00,301409,536238,849150,317135,550391,862254,0,0,0,0,0,0,0,126007,0,139.56,139.62,139.68
1920,0,0,0,0,93656,93656,93656,3623,3623,3623,591,591,591,0.00,0.00,0.00,0.00,0.00,0.00,0.00,0.00,0.00,0.00,0.00,0.00,0.00,0.00,0.00,0.00,0.00,0.00,0.00,0.00,0.00,298786,539301,1244939,311892,553406,1258043,0,0,0,0,0,0,0,123408,0,136.75,136.77,136.80
1920,1,0,0,0,93625,93625,93625,3654,3654,3654,591,591,591,0.00,0.00,0.00,0.00,0.00,0.00,0.00,0.00,0.00,0.00,0.00,0.00,0.00,0.00,0.00,0.00,0.00,0.00,0.00,0.00,0.00,298784,369545,555610,314510,383174,568714,0,0,0,0,0,0,0,98710,0,123.19,123.20,123.22
1920,2,0,0,0,93620,93620,93620,3659,3659,3659,591,591,591,0.00,0.00,0.00,0.00,0.00,0.00,0.00,0.00,0.00,0.00,0.00,0.00,0.00,0.00,0.00,0.00,0.00,0.00,0.00,0.00,0.00,429835,536768,954020,442940,550921,967125,0,0,0,0,0,0,0,100799,0,125.75,125.84,125.89
1920,3,0,0,0,93660,93660,93660,3619,3619,3619,591,591,591,0.00,0.00,0.00,0.00,0.00,0.00,0.00,0.00,0.00,0.00,0.00,0.00,0.00,0.00,0.00,0.00,0.00,0.00,0.00,0.00,0.00,301410,339674,469152,314515,353827,482256,0,0,0,0,0,0,0,84198,0,139.56,139.69,139.77
1921,0,0,0,0,93656,93656,93656,3623,3623,3623,591,591,591,0.00,0.00,0.00,0.00,0.00,0.00,0.00,0.00,0.00,0.00,0.00,0.00,0.00,0.00,0.00,0.00,0.00,0.00,0.00,0.00,0.00,298785,393136,663089,311889,393133,676194,0,0,0,0,0,0,0,82293,0,136.78,136.80,136.81
1921,1,0,0,0,93625,93625,93625,3654,3654,3654,591,591,591,0.00,0.00,0.00,0.00,0.00,0.00,0.00,0.00,0.00,0.00,0.00,0.00,0.00,0.00,0.00,0.00,0.00,0.00,0.00,0.00,0.00,297017,368449,497978,307348,382170,513703,0,0,0,0,0,0,0,74068,0,123.16,123.19,123.21
1921,2,0,0,0,93620,93620,93620,3659,3659,3659,591,591,591,0.00,0.00,0.00,0.00,0.00,0.00,0.00,0.00,0.00,0.00,0.00,0.00,0.00,0.00,0.00,0.00,0.00,0.00,0.00,0.00,0.00,424592,552365,919957,437697,565469,935682,0,0,0,0,0,0,0,75548,0,125.60,125.64,125.68
1921,3,0,0,0,93660,93660,93660,3619,3619,3619,591,591,591,0.00,0.00,0.00,0.00,0.00,0.00,0.00,0.00,0.00,0.00,0.00,0.00,0.00,0.00,0.00,0.00,0.00,0.00,0.00,0.00,0.00,204436,296822,374795,214920,309927,390521,0,0,0,0,0,0,0,112260,0,139.77,139.81,139.83
1922,0,0,0,0,93656,93656,93656,3623,3623,3623,591,591,591,0.00,0.00,0.00,0.00,0.00,0.00,0.00,0.00,0.00,0.00,0.00,0.00,0.00,0.00,0.00,0.00,0.00,0.00,0.00,0.00,0.00,306648,372168,608060,311893,381083,621165,0,0,0,0,0,0,0,109622,0,136.76,136.78,136.81
1922,1,0,0,0,93625,93625,93625,3654,3654,3654,591,591,591,0.00,0.00,0.00,0.00,0.00,0.00,0.00,0.00,0.00,0.00,0.00,0.00,0.00,0.00,0.00,0.00,0.00,0.00,0.00,0.00,0.00,296165,382822,634222,309270,396276,649947,0,0,0,0,0,0,0,98733,0,123.16,123.17,123.19
1922,2,0,0,0,93620,93620,93620,3659,3659,3659,591,591,591,0.00,0.00,0.00,0.00,0.00,0.00,0.00,0.00,0.00,0.00,0.00,0.00,0.00,0.00,0.00,0.00,0.00,0.00,0.00,0.00,0.00,427213,547247,980235,442938,561400,993339,0,0,0,0,0,0,0,113433,0,125.63,125.70,125.77
1922,3,0,0,0,93660,93660,93660,3619,3619,3619,591,591,591,0.00,0.00,0.00,0.00,0.00,0.00,0.00,0.00,0.00,0.00,0.00,0.00,0.00,0.00,0.00,0.00,0.00,0.00,0.00,0.00,0.00,296168,322374,416728,311894,336527,429833,0,0,0,0,0,0,0,112408,0,139.83,139.89,139.98
1923,0,0,0,0,93656,93656,93656,3623,3623,3623,591,591,591,0.00,0.00,0.00,0.00,0.00,0.00,0.00,0.00,0.00,0.00,0.00,0.00,0.00,0.00,0.00,0.00,0.00,0.00,0.00,0.00,0.00,298787,336002,482249,311891,350155,497974,0,0,0,0,0,0,0,109630,0,136.77,136.80,136.84
1923,1,0,0,0,93625,93625,93625,3654,3654,3654,591,591,591,0.00,0.00,0.00,0.00,0.00,0.00,0.00,0.00,0.00,0.00,0.00,0.00,0.00,0.00,0.00,0.00,0.00,0.00,0.00,0.00,0.00,290924,363261,526812,306649,377414,539917,0,0,0,0,0,0,0,110946,0,123.15,123.19,123.22
1923,2,0,0,0,93620,93620,93620,3659,3659,3659,591,591,591,0.00,0.00,0.00,0.00,0.00,0.00,0.00,0.00,0.00,0.00,0.00,0.00,0.00,0.00,0.00,0.00,0.00,0.00,0.00,0.00,0.00,285428,776331,1908038,295683,789905,1923763,0,0,0,0,0,0,0,100867,0,125.76,125.83,125.88
1923,3,0,0,0,93660,93660,93660,3619,3619,3619,591,591,591,0.00,0.00,0.00,0.00,0.00,0.00,0.00,0.00,0.00,0.00,0.00,0.00,0.00,0.00,0.00,0.00,0.00,0.00,0.00,0.00,0.00,306650,537294,906844,319755,550923,919949,0,0,0,0,0,0,0,112037,0,139.81,139.93,140.02
1924,0,0,0,0,93656,93656,93656,3623,3623,3623,591,591,591,0.00,0.00,0.00,0.00,0.00,0.00,0.00,0.00,0.00,0.00,0.00,0.00,0.00,0.00,0.00,0.00,0.00,0.00,0.00,0.00,0.00,241121,477968,995961,254225,489408,1001203,0,0,0,0,0,0,0,109629,0,136.68,136.70,136.76
1924,1,0,0,0,93625,93625,93625,3654,3654,3654,591,591,591,0.00,0.00,0.00,0.00,0.00,0.00,0.00,0.00,0.00,0.00,0.00,0.00,0.00,0.00,0.00,0.00,0.00,0.00,0.00,0.00,0.00,298786,386848,524186,309270,400478,537291,0,0,0,0,0,0,0,98714,0,123.16,123.21,123.27
1924,2,0,0,0,93620,93620,93620,3659,3659,3659,591,591,591,0.00,0.00,0.00,0.00,0.00,0.00,0.00,0.00,0.00,0.00,0.00,0.00,0.00,0.00,0.00,0.00,0.00,0.00,0.00,0.00,0.00,429823,545679,988097,445549,559832,1003823,0,0,0,0,0,0,0,100781,0,125.62,125.69,125.79
1924,3,0,0,0,93660,93660,93660,3619,3619,3619,591,591,591,0.00,0.00,0.00,0.00,0.00,0.00,0.00,0.00,0.00,0.00,0.00,0.00,0.00,0.00,0.00,0.00,0.00,0.00,0.00,0.00,0.00,200942,322198,474381,211426,335302,490107,0,0,0,0,0,0,0,112071,0,139.54,139.61,139.69
1925,0,0,0,0,93656,93656,93656,3623,3623,3623,591,591,591,0.00,0.00,0.00,0.00,0.00,0.00,0.00,0.00,0.00,0.00,0.00,0.00,0.00,0.00,0.00,0.00,0.00,0.00,0.00,0.00,0.00,298798,378988,670960,317133,395236,681444,0,0,0,0,0,0,0,109727,0,136.72,136.78,136.82
1925,1,0,0,0,93625,93625,93625,3654,3654,3654,591,591,591,0.00,0.00,0.00,0.00,0.00,0.00,0.00,0.00,0.00,0.00,0.00,0.00,0.00,0.00,0.00,0.00,0.00,0.00,0.00,0.00,0.00,301398,372758,563499,317123,386870,576604,0,0,0,0,0,0,0,98748,0,123.17,123.22,123.26
1925,2,0,0,0,93620,93620,93620,3659,3659,3659,591,591,591,0.00,0.00,0.00,0.00,0.00,0.00,0.00,0.00,0.00,0.00,0.00,0.00,0.00,0.00,0.00,0.00,0.00,0.00,0.00,0.00,0.00,427212,631118,946138,440317,644747,959242,0,0,0,0,0,0,0,100934,0,125.72,125.81,125.88
1925,3,0,0,0,93660,93660,93660,3619,3619,3619,591,591,591,0.00,0.00,0.00,0.00,0.00,0.00,0.00,0.00,0.00,0.00,0.00,0.00,0.00,0.00,0.00,0.00,0.00,0.00,0.00,0.00,0.00,301410,315037,361685,314515,328666,372169,0,0,0,0,0,0,0,112138,0,139.63,139.70,139.76
1926,0,0,0,0,93656,93656,93656,3623,3623,3623,591,591,591,0.00,0.00,0.00,0.00,0.00,0.00,0.00,0.00,0.00,0.00,0.00,0.00,0.00,0.00,0.00,0.00,0.00,0.00,0.00,0.00,0.00,296166,363784,602814,311888,376885,615918,0,0,0,0,0,0,0,109716,0,136.87,136.89,136.91
1926,1,0,0,0,93625,93625,93625,3654,3654,3654,591,591,591,0.00,0.00,0.00,0.00,0.00,0.00,0.00,0.00,0.00,0.00,0.00,0.00,0.00,0.00,0.00,0.00,0.00,0.00,0.00,0.00,0.00,199192,284633,319753,209675,297213,332858,0,0,0,0,0,0,0,98763,0,123.13,123.15,123.18
1926,2,0,0,0,93620,93620,93620,3659,3659,3659,591,591,591,0.00,0.00,0.00,0.00,0.00,0.00,0.00,0.00,0.00,0.00,0.00,0.00,0.00,0.00,0.00,0.00,0.00,0.00,0.00,0.00,0.00,435077,726000,1847767,448182,740153,1863492,0,0,0,0,0,0,0,113610,0,125.83,125.84,125.87
1926,3,0,0,0,93660,93660,93660,3619,3619,3619,591,591,591,0.00,0.00,0.00,0.00,0.00,0.00,0.00,0.00,0.00,0.00,0.00,0.00,0.00,0.00,0.00,0.00,0.00,0.00,0.00,0.00,0.00,301405,322375,401007,314509,336528,414111,0,0,0,0,0,0,0,126111,0,139.48,139.54,139.61
1927,0,0,0,0,93656,93656,93656,3623,3623,3623,591,591,591,0.00,0.00,0.00,0.00,0.00,0.00,0.00,0.00,0.00,0.00,0.00,0.00,0.00,0.00,0.00,0.00,0.00,0.00,0.00,0.00,0.00,298787,514748,1200391,311892,527332,1213496,0,0,0,0,0,0,0,123518,0,136.88,136.92,136.97
1927,1,0,0,0,93625,93625,93625,3654,3654,3654,591,591,591,0.00,0.00,0.00,0.00,0.00,0.00,0.00,0.00,0.00,0.00,0.00,0.00,0.00,0.00,0.00,0.00,0.00,0.00,0.00,0.00,0.00,296114,401967,521189,311836,416117,536903,0,0,0,0,0,0,0,111034,0,123.22,123.24,123.27
1927,2,0,0,0,93620,93620,93620,3659,3659,3659,591,591,591,0.00,0.00,0.00,0.00,0.00,0.00,0.00,0.00,0.00,0.00,0.00,0.00,0.00,0.00,0.00,0.00,0.00,0.00,0.00,0.00,0.00,416952,575692,1009049,429821,588965,1024775,0,0,0,0,0,0,0,100981,0,125.86,125.91,125.94
1927,3,0,0,0,93660,93660,93660,3619,3619,3619,591,591,591,0.00,0.00,0.00,0.00,0.00,0.00,0.00,0.00,0.00,0.00,0.00,0.00,0.00,0.00,0.00,0.00,0.00,0.00,0.00,0.00,0.00,296473,498554,1029983,309363,512140,1043087,0,0,0,0,0,0,0,112025,0,139.62,139.65,139.68
1928,0,0,0,0,93656,93656,93656,3623,3623,3623,591,591,591,0.00,0.00,0.00,0.00,0.00,0.00,0.00,0.00,0.00,0.00,0.00,0.00,0.00,0.00,0.00,0.00,0.00,0.00,0.00,0.00,0.00,288305,350940,563506,301409,365051,579232,0,0,0,0,0,0,0,82267,0,136.93,136.95,136.96
1928,1,0,0,0,93625,93625,93625,3654,3654,3654,591,591,591,0.00,0.00,0.00,0.00,0.00,0.00,0.00,0.00,0.00,0.00,0.00,0.00,0.00,0.00,0.00,0.00,0.00,0.00,0.00,0.00,0.00,298859,364815,513553,311967,378968,526654,0,0,0,0,0,0,0,74169,0,123.24,123.28,123.30
1928,2,0,0,0,93620,93620,93620,3659,3659,3659,591,591,591,0.00,0.00,0.00,0.00,0.00,0.00,0.00,0.00,0.00,0.00,0.00,0.00,0.00,0.00,0.00,0.00,0.00,0.00,0.00,0.00,0.00,424592,521566,904224,437697,535719,914708,0,0,0,0,0,0,0,100850,0,125.72,125.78,125.87
1928,3,0,0,0,93660,93660,93660,3619,3619,3619,591,591,591,0.00,0.00,0.00,0.00,0.00,0.00,0.00,0.00,0.00,0.00,0.00,0.00,0.00,0.00,0.00,0.00,0.00,0.00,0.00,0.00,0.00,200942,356274,500607,209679,369553,513712,0,0,0,0,0,0,0,84149,0,139.51,139.57,139.61
1929,0,0,0,0,93656,93656,93656,3623,3623,3623,591,591,591,0.00,0.00,0.00,0.00,0.00,0.00,0.00,0.00,0.00,0.00,0.00,0.00,0.00,0.00,0.00,0.00,0.00,0.00,0.00,0.00,0.00,309254,350108,470017,322358,362557,480501,0,0,0,0,0,0,0,109687,0,136.80,136.83,136.87
1929,1,0,0,0,93625,93625,93625,3654,3654,3654,591,591,591,0.00,0.00,0.00,0.00,0.00,0.00,0.00,0.00,0.00,0.00,0.00,0.00,0.00,0.00,0.00,0.00,0.00,0.00,0.00,0.00,0.00,199192,346619,550400,209676,359069,563504,0,0,0,0,0,0,0,98710,0,123.14,123.24,123.31
1929,2,0,0,0,93620,93620,93620,3659,3659,3659,591,591,591,0.00,0.00,0.00,0.00,0.00,0.00,0.00,0.00,0.00,0.00,0.00,0.00,0.00,0.00,0.00,0.00,0.00,0.00,0.00,0.00,0.00,424591,556295,909471,440317,570055,922575,0,0,0,0,0,0,0,75704,0,125.76,125.82,125.87
1929,3,0,0,0,93660,93660,93660,3619,3619,3619,591,591,591,0.00,0.00,0.00,0.00,0.00,0.00,0.00,0.00,0.00,0.00,0.00,0.00,0.00,0.00,0.00,0.00,0.00,0.00,0.00,0.00,0.00,301393,325649,395766,314498,339408,408870,0,0,0,0,0,0,0,112213,0,139.68,139.70,139.74
1930,0,0,0,0,93656,93656,93656,3623,3623,3623,591,591,591,0.00,0.00,0.00,0.00,0.00,0.00,0.00,0.00,0.00,0.00,0.00,0.00,0.00,0.00,0.00,0.00,0.00,0.00,0.00,0.00,0.00,298782,392613,608053,311887,406767,623778,0,0,0,0,0,0,0,109634,0,136.77,136.81,136.86
1930,1,0,0,0,93625,93625,93625,3654,3654,3654,591,591,591,0.00,0.00,0.00,0.00,0.00,0.00,0.00,0.00,0.00,0.00,0.00,0.00,0.00,0.00,0.00,0.00,0.00,0.00,0.00,0.00,0.00,296166,301931,309268,309270,316084,322373,0,0,0,0,0,0,0,98801,0,123.12,123.14,123.15
1930,2,0,0,0,93620,93620,93620,3659,3659,3659,591,591,591,0.00,0.00,0.00,0.00,0.00,0.00,0.00,0.00,0.00,0.00,0.00,0.00,0.00,0.00,0.00,0.00,0.00,0.00,0.00,0.00,0.00,432452,822970,1952606,445557,836599,1968332,0,0,0,0,0,0,0,113587,0,125.83,125.84,125.86
1930,3,0,0,0,93660,93660,93660,3619,3619,3619,591,591,591,0.00,0.00,0.00,0.00,0.00,0.00,0.00,0.00,0.00,0.00,0.00,0.00,0.00,0.00,0.00,0.00,0.00,0.00,0.00,0.00,0.00,301406,443989,995965,314510,458142,1009070,0,0,0,0,0,0,0,126344,0,139.73,139.75,139.76
1931,0,0,0,0,93656,93656,93656,3623,3623,3623,591,591,591,0.00,0.00,0.00,0.00,0.00,0.00,0.00,0.00,0.00,0.00,0.00,0.00,0.00,0.00,0.00,0.00,0.00,0.00,0.00,0.00,0.00,298783,479106,1184666,311891,492734,1197770,0,0,0,0,0,0,0,123472,0,136.79,136.83,136.86
1931,1,0,0,0,93625,93625,93625,3654,3654,3654,591,591,591,0.00,0.00,0.00,0.00,0.00,0.00,0.00,0.00,0.00,0.00,0.00,0.00,0.00,0.00,0.00,0.00,0.00,0.00,0.00,0.00,0.00,304029,409389,526806,319754,423542,539910,0,0,0,0,0,0,0,98678,0,123.17,123.20,123.25
1931,2,0,0,0,93620,93620,93620,3659,3659,3659,591,591,591,0.00,0.00,0.00,0.00,0.00,0.00,0.00,0.00,0.00,0.00,0.00,0.00,0.00,0.00,0.00,0.00,0.00,0.00,0.00,0.00,0.00,287198,510848,990717,297579,523934,1006443,0,0,0,0,0,0,0,100424,0,125.30,125.62,125.85
1931,3,0,0,0,93660,93660,93660,3619,3619,3619,591,591,591,0.00,0.00,0.00,0.00,0.00,0.00,0.00,0.00,0.00,0.00,0.00,0.00,0.00,0.00,0.00,0.00,0.00,0.00,0.00,0.00,0.00,300916,383610,594955,313999,397758,608060,0,0,0,0,0,0,0,112246,0,139.72,139.76,139.81
1932,0,0,0,0,93656,93656,93656,3623,3623,3623,591,591,591,0.00,0.00,0.00,0.00,0.00,0.00,0.00,0.00,0.00,0.00,0.00,0.00,0.00,0.00,0.00,0.00,0.00,0.00,0.00,0.00,0.00,283037,434723,702405,298761,448837,715510,0,0,0,0,0,0,0,109785,0,136.75,136.83,136.92
1932,1,0,0,0,93625,93625,93625,3654,3654,3654,591,591,591,0.00,0.00,0.00,0.00,0.00,0.00,0.00,0.00,0.00,0.00,0.00,0.00,0.00,0.00,0.00,0.00,0.00,0.00,0.00,0.00,0.00,294457,365017,511086,309954,378601,526812,0,0,0,0,0,0,0,98779,0,123.23,123.24,123.26
1932,2,0,0,0,93620,93620,93620,3659,3659,3659,591,591,591,0.00,0.00,0.00,0.00,0.00,0.00,0.00,0.00,0.00,0.00,0.00,0.00,0.00,0.00,0.00,0.00,0.00,0.00,0.00,0.00,0.00,429836,533089,933009,445555,546718,946113,0,0,0,0,0,0,0,100507,0,125.21,125.26,125.33
1932,3,0,0,0,93660,93660,93660,3619,3619,3619,591,591,591,0.00,0.00,0.00,0.00,0.00,0.00,0.00,0.00,0.00,0.00,0.00,0.00,0.00,0.00,0.00,0.00,0.00,0.00,0.00,0.00,0.00,301393,301580,302287,311024,314335,317130,0,0,0,0,0,0,0,112208,0,139.74,139.79,139.81
1933,0,0,0,0,93656,93656,93656,3623,3623,3623,591,591,591,0.00,0.00,0.00,0.00,0.00,0.00,0.00,0.00,0.00,0.00,0.00,0.00,0.00,0.00,0.00,0.00,0.00,0.00,0.00,0.00,0.00,216662,352602,615919,227146,365707,631645,0,0,0,0,0,0,0,109856,0,137.00,137.03,137.04
1933,1,0,0,0,93625,93625,93625,3654,3654,3654,591,591,591,0.00,0.00,0.00,0.00,0.00,0.00,0.00,0.00,0.00,0.00,0.00,0.00,0.00,0.00,0.00,0.00,0.00,0.00,0.00,0.00,0.00,199191,393664,608058,209675,406245,621162,0,0,0,0,0,0,0,98670,0,123.16,123.20,123.24
1933,2,0,0,0,93620,93620,93620,3659,3659,3659,591,591,591,0.00,0.00,0.00,0.00,0.00,0.00,0.00,0.00,0.00,0.00,0.00,0.00,0.00,0.00,0.00,0.00,0.00,0.00,0.00,0.00,0.00,435067,535717,912082,448172,549870,927808,0,0,0,0,0,0,0,112866,0,125.12,125.23,125.27
1933,3,0,0,0,93660,93660,93660,3619,3619,3619,591,591,591,0.00,0.00,0.00,0.00,0.00,0.00,0.00,0.00,0.00,0.00,0.00,0.00,0.00,0.00,0.00,0.00,0.00,0.00,0.00,0.00,0.00,298783,324997,419354,314508,339150,432459,0,0,0,0,0,0,0,112136,0,139.64,139.73,139.79
1934,0,0,0,0,93656,93656,93656,3623,3623,3623,591,591,591,0.00,0.00,0.00,0.00,0.00,0.00,0.00,0.00,0.00,0.00,0.00,0.00,0.00,0.00,0.00,0.00,0.00,0.00,0.00,0.00,0.00,298787,335998,479607,311892,349627,492711,0,0,0,0,0,0,0,109747,0,136.91,136.94,136.96
1934,1,0,0,0,93625,93625,93625,3654,3654,3654,591,591,591,0.00,0.00,0.00,0.00,0.00,0.00,0.00,0.00,0.00,0.00,0.00,0.00,0.00,0.00,0.00,0.00,0.00,0.00,0.00,0.00,0.00,298785,363784,537290,309270,378461,553016,0,0,0,0,0,0,0,111017,0,123.17,123.19,123.20
1934,2,0,0,0,93620,93620,93620,3659,3659,3659,591,591,591,0.00,0.00,0.00,0.00,0.00,0.00,0.00,0.00,0.00,0.00,0.00,0.00,0.00,0.00,0.00,0.00,0.00,0.00,0.00,0.00,0.00,287087,783947,1850397,297463,797030,1866123,0,0,0,0,0,0,0,100288,0,125.00,125.06,125.13
1934,3,0,0,0,93660,93660,93660,3619,3619,3619,591,591,591,0.00,0.00,0.00,0.00,0.00,0.00,0.00,0.00,0.00,0.00,0.00,0.00,0.00,0.00,0.00,0.00,0.00,0.00,0.00,0.00,0.00,301410,539907,836086,314515,553536,849191,0,0,0,0,0,0,0,112128,0,139.68,139.78,139.86
1935,0,0,0,0,93656,93656,93656,3623,3623,3623,591,591,591,0.00,0.00,0.00,0.00,0.00,0.00,0.00,0.00,0.00,0.00,0.00,0.00,0.00,0.00,0.00,0.00,0.00,0.00,0.00,0.00,0.00,296165,539389,1221361,311891,553542,1234465,0,0,0,0,0,0,0,109744,0,136.88,136.94,136.99
1935,1,0,0,0,93625,93625,93625,3654,3654,3654,591,591,591,0.00,0.00,0.00,0.00,0.00,0.00,0.00,0.00,0.00,0.00,0.00,0.00,0.00,0.00,0.00,0.00,0.00,0.00,0.00,0.00,0.00,298785,403099,579224,314510,416727,589707,0,0,0,0,0,0,0,74033,0,123.14,123.18,123.22
1935,2,0,0,0,93620,93620,93620,3659,3659,3659,591,591,591,0.00,0.00,0.00,0.00,0.00,0.00,0.00,0.00,0.00,0.00,0.00,0.00,0.00,0.00,0.00,0.00,0.00,0.00,0.00,0.00,0.00,429853,543588,967138,442958,557741,982864,0,0,0,0,0,0,0,100465,0,125.08,125.18,125.26
1935,3,0,0,0,93660,93660,93660,3619,3619,3619,591,591,591,0.00,0.00,0.00,0.00,0.00,0.00,0.00,0.00,0.00,0.00,0.00,0.00,0.00,0.00,0.00,0.00,0.00,0.00,0.00,0.00,0.00,298788,338593,479464,311893,352677,494848,0,0,0,0,0,0,0,84062,0,139.65,139.74,139.84
1936,0,0,0,0,93656,93656,93656,3623,3623,3623,591,591,591,0.00,0.00,0.00,0.00,0.00,0.00,0.00,0.00,0.00,0.00,0.00,0.00,0.00,0.00,0.00,0.00,0.00,0.00,0.00,0.00,0.00,294398,395289,678703,307310,391672,691806,0,0,0,0,0,0,0,82279,0,136.87,136.90,136.93
1936,1,0,0,0,93625,93625,93625,3654,3654,3654,591,591,591,0.00,0.00,0.00,0.00,0.00,0.00,0.00,0.00,0.00,0.00,0.00,0.00,0.00,0.00,0.00,0.00,0.00,0.00,0.00,0.00,0.00,304030,385071,533845,317134,398733,546556,0,0,0,0,0,0,0,98806,0,123.25,123.31,123.34
1936,2,0,0,0,93620,93620,93620,3659,3659,3659,591,591,591,0.00,0.00,0.00,0.00,0.00,0.00,0.00,0.00,0.00,0.00,0.00,0.00,0.00,0.00,0.00,0.00,0.00,0.00,0.00,0.00,0.00,429832,550397,906846,442939,563501,917329,0,0,0,0,0,0,0,75539,0,125.31,125.36,125.40
1936,3,0,0,0,93660,93660,93660,3619,3619,3619,591,591,591,0.00,0.00,0.00,0.00,0.00,0.00,0.00,0.00,0.00,0.00,0.00,0.00,0.00,0.00,0.00,0.00,0.00,0.00,0.00,0.00,0.00,209678,288960,345963,220162,302064,361689,0,0,0,0,0,0,0,112287,0,139.70,139.74,139.77
1937,0,0,0,0,93656,93656,93656,3623,3623,3623,591,591,591,0.00,0.00,0.00,0.00,0.00,0.00,0.00,0.00,0.00,0.00,0.00,0.00,0.00,0.00,0.00,0.00,0.00,0.00,0.00,0.00,0.00,298786,369547,634266,309271,381083,647371,0,0,0,0,0,0,0,109711,0,136.81,136.84,136.90
1937,1,0,0,0,93625,93625,93625,3654,3654,3654,591,591,591,0.00,0.00,0.00,0.00,0.00,0.00,0.00,0.00,0.00,0.00,0.00,0.00,0.00,0.00,0.00,0.00,0.00,0.00,0.00,0.00,0.00,298784,325853,415855,311893,339482,426339,0,0,0,0,0,0,0,98684,0,123.19,123.27,123.37
1937,2,0,0,0,93620,93620,93620,3659,3659,3659,591,591,591,0.00,0.00,0.00,0.00,0.00,0.00,0.00,0.00,0.00,0.00,0.00,0.00,0.00,0.00,0.00,0.00,0.00,0.00,0.00,0.00,0.00,427212,827685,1902796,440317,841838,1915900,0,0,0,0,0,0,0,113075,0,125.27,125.31,125.35
1937,3,0,0,0,93660,93660,93660,3619,3619,3619,591,591,591,0.00,0.00,0.00,0.00,0.00,0.00,0.00,0.00,0.00,0.00,0.00,0.00,0.00,0.00,0.00,0.00,0.00,0.00,0.00,0.00,0.00,301407,329185,429812,314512,343338,445537,0,0,0,0,0,0,0,126177,0,139.68,139.72,139.77
1938,0,0,0,0,93656,93656,93656,3623,3623,3623,591,591,591,0.00,0.00,0.00,0.00,0.00,0.00,0.00,0.00,0.00,0.00,0.00,0.00,0.00,0.00,0.00,0.00,0.00,0.00,0.00,0.00,0.00,296165,333905,479624,241125,333906,495350,0,0,0,0,0,0,0,123275,0,136.75,136.78,136.84
1938,1,0,0,0,93625,93625,93625,3654,3654,3654,591,591,591,0.00,0.00,0.00,0.00,0.00,0.00,0.00,0.00,0.00,0.00,0.00,0.00,0.00,0.00,0.00,0.00,0.00,0.00,0.00,0.00,0.00,298787,385275,545150,314512,399428,558254,0,0,0,0,0,0,0,111053,0,123.14,123.19,123.23
1938,2,0,0,0,93620,93620,93620,3659,3659,3659,591,591,591,0.00,0.00,0.00,0.00,0.00,0.00,0.00,0.00,0.00,0.00,0.00,0.00,0.00,0.00,0.00,0.00,0.00,0.00,0.00,0.00,0.00,280707,495937,901612,290914,509511,914717,0,0,0,0,0,0,0,100388,0,125.22,125.27,125.31
1938,3,0,0,0,93660,93660,93660,3619,3619,3619,591,591,591,0.00,0.00,0.00,0.00,0.00,0.00,0.00,0.00,0.00,0.00,0.00,0.00,0.00,0.00,0.00,0.00,0.00,0.00,0.00,0.00,0.00,301411,533101,872779,317137,547254,885884,0,0,0,0,0,0,0,112149,0,139.69,139.74,139.79
1939,0,0,0,0,93656,93656,93656,3623,3623,3623,591,591,591,0.00,0.00,0.00,0.00,0.00,0.00,0.00,0.00,0.00,0.00,0.00,0.00,0.00,0.00,0.00,0.00,0.00,0.00,0.00,0.00,0.00,225399,479623,974975,306650,505308,977596,0,0,0,0,0,0,0,109636,0,136.73,136.75,136.78
1939,1,0,0,0,93625,93625,93625,3654,3654,3654,591,591,591,0.00,0.00,0.00,0.00,0.00,0.00,0.00,0.00,0.00,0.00,0.00,0.00,0.00,0.00,0.00,0.00,0.00,0.00,0.00,0.00,0.00,293544,344914,500599,306649,358543,516324,0,0,0,0,0,0,0,98747,0,123.13,123.16,123.20
1939,2,0,0,0,93620,93620,93620,3659,3659,3659,591,591,591,0.00,0.00,0.00,0.00,0.00,0.00,0.00,0.00,0.00,0.00,0.00,0.00,0.00,0.00,0.00,0.00,0.00,0.00,0.00,0.00,0.00,424520,637945,993517,437870,651575,1006386,0,0,0,0,0,0,0,100453,0,125.18,125.19,125.20
1939,3,0,0,0,93660,93660,93660,3619,3619,3619,591,591,591,0.00,0.00,0.00,0.00,0.00,0.00,0.00,0.00,0.00,0.00,0.00,0.00,0.00,0.00,0.00,0.00,0.00,0.00,0.00,0.00,0.00,301392,356970,508465,314515,370599,521570,0,0,0,0,0,0,0,112249,0,139.72,139.76,139.80
1940,0,0,0,0,93656,93656,93656,3623,3623,3623,591,591,591,0.00,0.00,0.00,0.00,0.00,0.00,0.00,0.00,0.00,0.00,0.00,0.00,0.00,0.00,0.00,0.00,0.00,0.00,0.00,0.00,0.00,275290,369764,661468,290443,387462,674337,0,0,0,0,0,0,0,109540,0,136.70,136.76,136.81
1940,1,0,0,0,93625,93625,93625,3654,3654,3654,591,591,591,0.00,0.00,0.00,0.00,0.00,0.00,0.00,0.00,0.00,0.00,0.00,0.00,0.00,0.00,0.00,0.00,0.00,0.00,0.00,0.00,0.00,288254,369080,550368,301357,382668,566093,0,0,0,0,0,0,0,98702,0,123.15,123.19,123.23
1940,2,0,0,0,93620,93620,93620,3659,3659,3659,591,591,591,0.00,0.00,0.00,0.00,0.00,0.00,0.00,0.00,0.00,0.00,0.00,0.00,0.00,0.00,0.00,0.00,0.00,0.00,0.00,0.00,0.00,429825,533096,938291,442939,547249,951396,0,0,0,0,0,0,0,100207,0,124.94,125.05,125.14
1940,3,0,0,0,93660,93660,93660,3619,3619,3619,591,591,591,0.00,0.00,0.00,0.00,0.00,0.00,0.00,0.00,0.00,0.00,0.00,0.00,0.00,0.00,0.00,0.00,0.00,0.00,0.00,0.00,0.00,200939,338453,466530,211423,351558,479635,0,0,0,0,0,0,0,112168,0,139.62,139.67,139.72
1941,0,0,0,0,93656,93656,93656,3623,3623,3623,591,591,591,0.00,0.00,0.00,0.00,0.00,0.00,0.00,0.00,0.00,0.00,0.00,0.00,0.00,0.00,0.00,0.00,0.00,0.00,0.00,0.00,0.00,296166,366923,623782,309271,413583,639508,0,0,0,0,0,0,0,109641,0,136.67,136.76,136.82
1941,1,0,0,0,93625,93625,93625,3654,3654,3654,591,591,591,0.00,0.00,0.00,0.00,0.00,0.00,0.00,0.00,0.00,0.00,0.00,0.00,0.00,0.00,0.00,0.00,0.00,0.00,0.00,0.00,0.00,298783,328489,415856,311888,341593,426340,0,0,0,0,0,0,0,98729,0,123.13,123.18,123.21
1941,2,0,0,0,93620,93620,93620,3659,3659,3659,591,591,591,0.00,0.00,0.00,0.00,0.00,0.00,0.00,0.00,0.00,0.00,0.00,0.00,0.00,0.00,0.00,0.00,0.00,0.00,0.00,0.00,0.00,432453,823499,1855644,445558,837652,1871370,0,0,0,0,0,0,0,113516,0,125.00,125.34,125.68
1941,3,0,0,0,93660,93660,93660,3619,3619,3619,591,591,591,0.00,0.00,0.00,0.00,0.00,0.00,0.00,0.00,0.00,0.00,0.00,0.00,0.00,0.00,0.00,0.00,0.00,0.00,0.00,0.00,0.00,301404,469673,822982,314508,483302,836086,0,0,0,0,0,0,0,126102,0,139.58,139.66,139.69
1942,0,0,0,0,93656,93656,93656,3623,3623,3623,591,591,591,0.00,0.00,0.00,0.00,0.00,0.00,0.00,0.00,0.00,0.00,0.00,0.00,0.00,0.00,0.00,0.00,0.00,0.00,0.00,0.00,0.00,301405,530478,1242329,314512,511082,1258054,0,0,0,0,0,0,0,123610,0,136.83,136.90,136.97
1942,1,0,0,0,93625,93625,93625,3654,3654,3654,591,591,591,0.00,0.00,0.00,0.00,0.00,0.00,0.00,0.00,0.00,0.00,0.00,0.00,0.00,0.00,0.00,0.00,0.00,0.00,0.00,0.00,0.00,301389,413578,553019,314493,427207,568745,0,0,0,0,0,0,0,98667,0,123.17,123.21,123.22
1942,2,0,0,0,93620,93620,93620,3659,3659,3659,591,591,591,0.00,0.00,0.00,0.00,0.00,0.00,0.00,0.00,0.00,0.00,0.00,0.00,0.00,0.00,0.00,0.00,0.00,0.00,0.00,0.00,0.00,432432,478152,634850,442916,490711,645229,0,0,0,0,0,0,0,100886,0,125.74,125.77,125.81
1942,3,0,0,0,93660,93660,93660,3619,3619,3619,591,591,591,0.00,0.00,0.00,0.00,0.00,0.00,0.00,0.00,0.00,0.00,0.00,0.00,0.00,0.00,0.00,0.00,0.00,0.00,0.00,0.00,0.00,296163,402571,634239,311888,416723,647343,0,0,0,0,0,0,0,111921,0,139.50,139.56,139.61
1943,0,0,0,0,93656,93656,93656,3623,3623,3623,591,591,591,0.00,0.00,0.00,0.00,0.00,0.00,0.00,0.00,0.00,0.00,0.00,0.00,0.00,0.00,0.00,0.00,0.00,0.00,0.00,0.00,0.00,301406,356448,547778,311893,381347,563503,0,0,0,0,0,0,0,82554,0,137.01,137.09,137.14
1943,1,0,0,0,93625,93625,93625,3654,3654,3654,591,591,591,0.00,0.00,0.00,0.00,0.00,0.00,0.00,0.00,0.00,0.00,0.00,0.00,0.00,0.00,0.00,0.00,0.00,0.00,0.00,0.00,0.00,293542,361163,497979,309268,375316,511084,0,0,0,0,0,0,0,74064,0,123.17,123.21,123.24
1943,2,0,0,0,93620,93620,93620,3659,3659,3659,591,591,591,0.00,0.00,0.00,0.00,0.00,0.00,0.00,0.00,0.00,0.00,0.00,0.00,0.00,0.00,0.00,0.00,0.00,0.00,0.00,0.00,0.00,424699,526829,898983,440428,540983,912088,0,0,0,0,0,0,0,100889,0,125.71,125.76,125.81
1943,3,0,0,0,93660,93660,93660,3619,3619,3619,591,591,591,0.00,0.00,0.00,0.00,0.00,0.00,0.00,0.00,0.00,0.00,0.00,0.00,0.00,0.00,0.00,0.00,0.00,0.00,0.00,0.00,0.00,296169,341658,479634,311890,355766,492739,0,0,0,0,0,0,0,84062,0,139.45,139.51,139.55
1944,0,0,0,0,93656,93656,93656,3623,3623,3623,591,591,591,0.00,0.00,0.00,0.00,0.00,0.00,0.00,0.00,0.00,0.00,0.00,0.00,0.00,0.00,0.00,0.00,0.00,0.00,0.00,0.00,0.00,300930,342544,439389,316363,406626,610679,0,0,0,0,0,0,0,109666,0,136.85,136.98,137.12
1944,1,0,0,0,93625,93625,93625,3654,3654,3654,591,591,591,0.00,0.00,0.00,0.00,0.00,0.00,0.00,0.00,0.00,0.00,0.00,0.00,0.00,0.00,0.00,0.00,0.00,0.00,0.00,0.00,0.00,291834,340294,458662,304747,354006,471767,0,0,0,0,0,0,0,98729,0,123.19,123.20,123.21
1944,2,0,0,0,93620,93620,93620,3659,3659,3659,591,591,591,0.00,0.00,0.00,0.00,0.00,0.00,0.00,0.00,0.00,0.00,0.00,0.00,0.00,0.00,0.00,0.00,0.00,0.00,0.00,0.00,0.00,429835,566123,946160,442940,579883,959265,0,0,0,0,0,0,0,75686,0,125.74,125.81,125.86
1944,3,0,0,0,93660,93660,93660,3619,3619,3619,591,591,591,0.00,0.00,0.00,0.00,0.00,0.00,0.00,0.00,0.00,0.00,0.00,0.00,0.00,0.00,0.00,0.00,0.00,0.00,0.00,0.00,0.00,202688,304899,416709,211425,317566,427192,0,0,0,0,0,0,0,112283,0,139.61,139.73,139.79
1945,0,0,0,0,93656,93656,93656,3623,3623,3623,591,591,591,0.00,0.00,0.00,0.00,0.00,0.00,0.00,0.00,0.00,0.00,0.00,0.00,0.00,0.00,0.00,0.00,0.00,0.00,0.00,0.00,0.00,298788,335479,474390,311892,349632,487494,0,0,0,0,0,0,0,109685,0,136.85,136.87,136.89
1945,1,0,0,0,93625,93625,93625,3654,3654,3654,591,591,591,0.00,0.00,0.00,0.00,0.00,0.00,0.00,0.00,0.00,0.00,0.00,0.00,0.00,0.00,0.00,0.00,0.00,0.00,0.00,0.00,0.00,298769,366924,505834,311873,380029,518938,0,0,0,0,0,0,0,111111,0,123.19,123.23,123.28
1945,2,0,0,0,93620,93620,93620,3659,3659,3659,591,591,591,0.00,0.00,0.00,0.00,0.00,0.00,0.00,0.00,0.00,0.00,0.00,0.00,0.00,0.00,0.00,0.00,0.00,0.00,0.00,0.00,0.00,435045,822445,1955222,450770,836598,1968327,0,0,0,0,0,0,0,100782,0,125.68,125.75,125.82
1945,3,0,0,0,93660,93660,93660,3619,3619,3619,591,591,591,0.00,0.00,0.00,0.00,0.00,0.00,0.00,0.00,0.00,0.00,0.00,0.00,0.00,0.00,0.00,0.00,0.00,0.00,0.00,0.00,0.00,301411,533623,888505,317133,547252,901610,0,0,0,0,0,0,0,126097,0,139.68,139.76,139.84
1946,0,0,0,0,93656,93656,93656,3623,3623,3623,591,591,591,0.00,0.00,0.00,0.00,0.00,0.00,0.00,0.00,0.00,0.00,0.00,0.00,0.00,0.00,0.00,0.00,0.00,0.00,0.00,0.00,0.00,304028,543058,1189902,317133,556687,1205628,0,0,0,0,0,0,0,123368,0,136.68,136.72,136.78
1946,1,0,0,0,93625,93625,93625,3654,3654,3654,591,591,591,0.00,0.00,0.00,0.00,0.00,0.00,0.00,0.00,0.00,0.00,0.00,0.00,0.00,0.00,0.00,0.00,0.00,0.00,0.00,0.00,0.00,301404,359590,505835,314508,373743,518940,0,0,0,0,0,0,0,98732,0,123.25,123.28,123.30
1946,2,0,0,0,93620,93620,93620,3659,3659,3659,591,591,591,0.00,0.00,0.00,0.00,0.00,0.00,0.00,0.00,0.00,0.00,0.00,0.00,0.00,0.00,0.00,0.00,0.00,0.00,0.00,0.00,0.00,283506,506440,943543,292150,519643,959268,0,0,0,0,0,0,0,100828,0,125.68,125.74,125.78
1946,3,0,0,0,93660,93660,93660,3619,3619,3619,591,591,591,0.00,0.00,0.00,0.00,0.00,0.00,0.00,0.00,0.00,0.00,0.00,0.00,0.00,0.00,0.00,0.00,0.00,0.00,0.00,0.00,0.00,301411,349110,521570,314516,363263,537296,0,0,0,0,0,0,0,112289,0,139.63,139.72,139.85
1947,0,0,0,0,93656,93656,93656,3623,3623,3623,591,591,591,0.00,0.00,0.00,0.00,0.00,0.00,0.00,0.00,0.00,0.00,0.00,0.00,0.00,0.00,0.00,0.00,0.00,0.00,0.00,0.00,0.00,298788,376891,660477,311893,391568,676203,0,0,0,0,0,0,0,109745,0,136.72,136.76,136.79
1947,1,0,0,0,93625,93625,93625,3654,3654,3654,591,591,591,0.00,0.00,0.00,0.00,0.00,0.00,0.00,0.00,0.00,0.00,0.00,0.00,0.00,0.00,0.00,0.00,0.00,0.00,0.00,0.00,0.00,306647,410432,545127,319752,424585,560852,0,0,0,0,0,0,0,98766,0,123.20,123.23,123.27
1947,2,0,0,0,93620,93620,93620,3659,3659,3659,591,591,591,0.00,0.00,0.00,0.00,0.00,0.00,0.00,0.00,0.00,0.00,0.00,0.00,0.00,0.00,0.00,0.00,0.00,0.00,0.00,0.00,0.00,432455,534181,912088,445560,547335,925192,0,0,0,0,0,0,0,100931,0,125.71,125.77,125.83
1947,3,0,0,0,93660,93660,93660,3619,3619,3619,591,591,591,0.00,0.00,0.00,0.00,0.00,0.00,0.00,0.00,0.00,0.00,0.00,0.00,0.00,0.00,0.00,0.00,0.00,0.00,0.00,0.00,0.00,200941,316431,479627,211424,329536,492732,0,0,0,0,0,0,0,112192,0,139.73,139.84,139.93
1948,0,0,0,0,93656,93656,93656,3623,3623,3623,591,591,591,0.00,0.00,0.00,0.00,0.00,0.00,0.00,0.00,0.00,0.00,0.00,0.00,0.00,0.00,0.00,0.00,0.00,0.00,0.00,0.00,0.00,301409,329646,410612,314513,342370,419349,0,0,0,0,0,0,0,109823,0,136.84,136.92,136.98
1948,1,0,0,0,93625,93625,93625,3654,3654,3654,591,591,591,0.00,0.00,0.00,0.00,0.00,0.00,0.00,0.00,0.00,0.00,0.00,0.00,0.00,0.00,0.00,0.00,0.00,0.00,0.00,0.00,0.00,288302,324121,401875,301406,336876,410611,0,0,0,0,0,0,0,98740,0,123.18,123.22,123.25
1948,2,0,0,0,93620,93620,93620,3659,3659,3659,591,591,591,0.00,0.00,0.00,0.00,0.00,0.00,0.00,0.00,0.00,0.00,0.00,0.00,0.00,0.00,0.00,0.00,0.00,0.00,0.00,0.00,0.00,421971,819825,1622333,435076,834502,1635438,0,0,0,0,0,0,0,113370,0,125.73,125.80,125.86
1948,3,0,0,0,93660,93660,93660,3619,3619,3619,591,591,591,0.00,0.00,0.00,0.00,0.00,0.00,0.00,0.00,0.00,0.00,0.00,0.00,0.00,0.00,0.00,0.00,0.00,0.00,0.00,0.00,0.00,301410,325521,406239,314515,339149,419343,0,0,0,0,0,0,0,126345,0,139.65,139.76,139.87
1949,0,0,0,0,93656,93656,93656,3623,3623,3623,591,591,591,0.00,0.00,0.00,0.00,0.00,0.00,0.00,0.00,0.00,0.00,0.00,0.00,0.00,0.00,0.00,0.00,0.00,0.00,0.00,0.00,0.00,301407,338621,477009,314497,352250,492735,0,0,0,0,0,0,0,123410,0,136.86,136.92,136.95
1949,1,0,0,0,93625,93625,93625,3654,3654,3654,591,591,591,0.00,0.00,0.00,0.00,0.00,0.00,0.00,0.00,0.00,0.00,0.00,0.00,0.00,0.00,0.00,0.00,0.00,0.00,0.00,0.00,0.00,293544,384751,532053,309267,398904,542537,0,0,0,0,0,0,0,110973,0,123.17,123.22,123.28
1949,2,0,0,0,93620,93620,93620,3659,3659,3659,591,591,591,0.00,0.00,0.00,0.00,0.00,0.00,0.00,0.00,0.00,0.00,0.00,0.00,0.00,0.00,0.00,0.00,0.00,0.00,0.00,0.00,0.00,427180,519988,872776,440284,533616,888501,0,0,0,0,0,0,0,100846,0,125.71,125.74,125.76
1949,3,0,0,0,93660,93660,93660,3619,3619,3619,591,591,591,0.00,0.00,0.00,0.00,0.00,0.00,0.00,0.00,0.00,0.00,0.00,0.00,0.00,0.00,0.00,0.00,0.00,0.00,0.00,0.00,0.00,298789,536765,830822,311894,550394,843927,0,0,0,0,0,0,0,112118,0,139.80,139.87,139.94
1950,0,0,0,0,93656,93656,93656,3623,3623,3623,591,591,591,0.00,0.00,0.00,0.00,0.00,0.00,0.00,0.00,0.00,0.00,0.00,0.00,0.00,0.00,0.00,0.00,0.00,0.00,0.00,0.00,0.00,298786,542532,1260667,314512,556686,1276392,0,0,0,0,0,0,0,109725,0,136.88,136.89,136.91
1950,1,0,0,0,93625,93625,93625,3654,3654,3654,591,591,591,0.00,0.00,0.00,0.00,0.00,0.00,0.00,0.00,0.00,0.00,0.00,0.00,0.00,0.00,0.00,0.00,0.00,0.00,0.00,0.00,0.00,311891,351724,500595,324996,365877,511078,0,0,0,0,0,0,0,74097,0,123.13,123.22,123.27
1950,2,0,0,0,93620,93620,93620,3659,3659,3659,591,591,591,0.00,0.00,0.00,0.00,0.00,0.00,0.00,0.00,0.00,0.00,0.00,0.00,0.00,0.00,0.00,0.00,0.00,0.00,0.00,0.00,0.00,287430,617727,988100,296087,630978,1003826,0,0,0,0,0,0,0,100866,0,125.71,125.73,125.75
1950,3,0,0,0,93660,93660,93660,3619,3619,3619,591,591,591,0.00,0.00,0.00,0.00,0.00,0.00,0.00,0.00,0.00,0.00,0.00,0.00,0.00,0.00,0.00,0.00,0.00,0.00,0.00,0.00,0.00,298789,334955,466517,314513,349108,482242,0,0,0,0,0,0,0,84187,0,139.79,139.86,139.92
1951,0,0,0,0,93656,93656,93656,3623,3623,3623,591,591,591,0.00,0.00,0.00,0.00,0.00,0.00,0.00,0.00,0.00,0.00,0.00,0.00,0.00,0.00,0.00,0.00,0.00,0.00,0.00,0.00,0.00,306648,401659,684066,319752,415418,699791,0,0,0,0,0,0,0,82249,0,136.86,136.89,136.93
1951,1,0,0,0,93625,93625,93625,3654,3654,3654,591,591,591,0.00,0.00,0.00,0.00,0.00,0.00,0.00,0.00,0.00,0.00,0.00,0.00,0.00,0.00,0.00,0.00,0.00,0.00,0.00,0.00,0.00,311893,402314,563504,324998,415419,576609,0,0,0,0,0,0,0,98803,0,123.25,123.26,123.28
1951,2,0,0,0,93620,93620,93620,3659,3659,3659,591,591,591,0.00,0.00,0.00,0.00,0.00,0.00,0.00,0.00,0.00,0.00,0.00,0.00,0.00,0.00,0.00,0.00,0.00,0.00,0.00,0.00,0.00,424583,560227,946170,440309,573987,959275,0,0,0,0,0,0,0,75614,0,125.76,125.77,125.78
1951,3,0,0,0,93660,93660,93660,3619,3619,3619,591,591,591,0.00,0.00,0.00,0.00,0.00,0.00,0.00,0.00,0.00,0.00,0.00,0.00,0.00,0.00,0.00,0.00,0.00,0.00,0.00,0.00,0.00,202688,308835,427213,213172,321940,442939,0,0,0,0,0,0,0,112133,0,139.70,139.79,139.90
1952,0,0,0,0,93656,93656,93656,3623,3623,3623,591,591,591,0.00,0.00,0.00,0.00,0.00,0.00,0.00,0.00,0.00,0.00,0.00,0.00,0.00,0.00,0.00,0.00,0.00,0.00,0.00,0.00,0.00,200938,345898,607971,207927,359304,623694,0,0,0,0,0,0,0,109682,0,136.81,136.85,136.87
1952,1,0,0,0,93625,93625,93625,3654,3654,3654,591,591,591,0.00,0.00,0.00,0.00,0.00,0.00,0.00,0.00,0.00,0.00,0.00,0.00,0.00,0.00,0.00,0.00,0.00,0.00,0.00,0.00,0.00,216663,286191,311870,227147,299781,327595,0,0,0,0,0,0,0,98847,0,123.30,123.32,123.37
1952,2,0,0,0,93620,93620,93620,3659,3659,3659,591,591,591,0.00,0.00,0.00,0.00,0.00,0.00,0.00,0.00,0.00,0.00,0.00,0.00,0.00,0.00,0.00,0.00,0.00,0.00,0.00,0.00,0.00,424566,731239,1910675,437670,744868,1923780,0,0,0,0,0,0,0,113627,0,125.83,125.85,125.88
1952,3,0,0,0,93660,93660,93660,3619,3619,3619,591,591,591,0.00,0.00,0.00,0.00,0.00,0.00,0.00,0.00,0.00,0.00,0.00,0.00,0.00,0.00,0.00,0.00,0.00,0.00,0.00,0.00,0.00,296153,319753,401007,311878,333906,414112,0,0,0,0,0,0,0,126338,0,139.68,139.76,139.87
1953,0,0,0,0,93656,93656,93656,3623,3623,3623,591,591,591,0.00,0.00,0.00,0.00,0.00,0.00,0.00,0.00,0.00,0.00,0.00,0.00,0.00,0.00,0.00,0.00,0.00,0.00,0.00,0.00,0.00,296167,512129,1184658,309272,525758,1197762,0,0,0,0,0,0,0,123321,0,136.76,136.82,136.90
1953,1,0,0,0,93625,93625,93625,3654,3654,3654,591,591,591,0.00,0.00,0.00,0.00,0.00,0.00,0.00,0.00,0.00,0.00,0.00,0.00,0.00,0.00,0.00,0.00,0.00,0.00,0.00,0.00,0.00,298786,409387,529427,309270,423016,545152,0,0,0,0,0,0,0,111079,0,123.26,123.29,123.31
1953,2,0,0,0,93620,93620,93620,3659,3659,3659,591,591,591,0.00,0.00,0.00,0.00,0.00,0.00,0.00,0.00,0.00,0.00,0.00,0.00,0.00,0.00,0.00,0.00,0.00,0.00,0.00,0.00,0.00,424593,636888,1016930,440319,651566,1032656,0,0,0,0,0,0,0,100813,0,125.71,125.73,125.77
1953,3,0,0,0,93660,93660,93660,3619,3619,3619,591,591,591,0.00,0.00,0.00,0.00,0.00,0.00,0.00,0.00,0.00,0.00,0.00,0.00,0.00,0.00,0.00,0.00,0.00,0.00,0.00,0.00,0.00,304031,505841,1019544,317136,519470,1030027,0,0,0,0,0,0,0,112314,0,139.87,139.93,139.99
1954,0,0,0,0,93656,93656,93656,3623,3623,3623,591,591,591,0.00,0.00,0.00,0.00,0.00,0.00,0.00,0.00,0.00,0.00,0.00,0.00,0.00,0.00,0.00,0.00,0.00,0.00,0.00,0.00,0.00,298769,359589,584471,309252,373742,597576,0,0,0,0,0,0,0,109764,0,136.72,136.83,136.92
1954,1,0,0,0,93625,93625,93625,3654,3654,3654,591,591,591,0.00,0.00,0.00,0.00,0.00,0.00,0.00,0.00,0.00,0.00,0.00,0.00,0.00,0.00,0.00,0.00,0.00,0.00,0.00,0.00,0.00,301407,365881,505840,314512,379510,521566,0,0,0,0,0,0,0,98864,0,123.18,123.24,123.28
1954,2,0,0,0,93620,93620,93620,3659,3659,3659,591,591,591,0.00,0.00,0.00,0.00,0.00,0.00,0.00,0.00,0.00,0.00,0.00,0.00,0.00,0.00,0.00,0.00,0.00,0.00,0.00,0.00,0.00,281142,492228,885319,289662,504942,898187,0,0,0,0,0,0,0,100813,0,125.66,125.68,125.69
1954,3,0,0,0,93660,93660,93660,3619,3619,3619,591,591,591,0.00,0.00,0.00,0.00,0.00,0.00,0.00,0.00,0.00,0.00,0.00,0.00,0.00,0.00,0.00,0.00,0.00,0.00,0.00,0.00,0.00,301406,387896,526810,317132,402049,542536,0,0,0,0,0,0,0,112271,0,139.82,139.89,139.93
1955,0,0,0,0,93656,93656,93656,3623,3623,3623,591,591,591,0.00,0.00,0.00,0.00,0.00,0.00,0.00,0.00,0.00,0.00,0.00,0.00,0.00,0.00,0.00,0.00,0.00,0.00,0.00,0.00,0.00,304031,441984,678825,317135,456052,694551,0,0,0,0,0,0,0,109698,0,136.80,136.85,136.89
1955,1,0,0,0,93625,93625,93625,3654,3654,3654,591,591,591,0.00,0.00,0.00,0.00,0.00,0.00,0.00,0.00,0.00,0.00,0.00,0.00,0.00,0.00,0.00,0.00,0.00,0.00,0.00,0.00,0.00,290924,354348,560884,306650,368501,573988,0,0,0,0,0,0,0,98823,0,123.29,123.33,123.37
1955,2,0,0,0,93620,93620,93620,3659,3659,3659,591,591,591,0.00,0.00,0.00,0.00,0.00,0.00,0.00,0.00,0.00,0.00,0.00,0.00,0.00,0.00,0.00,0.00,0.00,0.00,0.00,0.00,0.00,429835,538340,904225,445561,551969,917329,0,0,0,0,0,0,0,100836,0,125.71,125.73,125.74
1955,3,0,0,0,93660,93660,93660,3619,3619,3619,591,591,591,0.00,0.00,0.00,0.00,0.00,0.00,0.00,0.00,0.00,0.00,0.00,0.00,0.00,0.00,0.00,0.00,0.00,0.00,0.00,0.00,0.00,202323,315171,421975,212788,327749,435080,0,0,0,0,0,0,0,112305,0,139.80,139.85,139.88
1956,0,0,0,0,93656,93656,93656,3623,3623,3623,591,591,591,0.00,0.00,0.00,0.00,0.00,0.00,0.00,0.00,0.00,0.00,0.00,0.00,0.00,0.00,0.00,0.00,0.00,0.00,0.00,0.00,0.00,195673,319570,497976,204408,332325,511080,0,0,0,0,0,0,0,109629,0,136.71,136.75,136.80
1956,1,0,0,0,93625,93625,93625,3654,3654,3654,591,591,591,0.00,0.00,0.00,0.00,0.00,0.00,0.00,0.00,0.00,0.00,0.00,0.00,0.00,0.00,0.00,0.00,0.00,0.00,0.00,0.00,0.00,204433,324658,516320,214917,337193,529424,0,0,0,0,0,0,0,111027,0,123.16,123.22,123.31
1956,2,0,0,0,93620,93620,93620,3659,3659,3659,591,591,591,0.00,0.00,0.00,0.00,0.00,0.00,0.00,0.00,0.00,0.00,0.00,0.00,0.00,0.00,0.00,0.00,0.00,0.00,0.00,0.00,0.00,432457,817733,1863498,448183,831886,1876603,0,0,0,0,0,0,0,100803,0,125.59,125.63,125.69
1956,3,0,0,0,93660,93660,93660,3619,3619,3619,591,591,591,0.00,0.00,0.00,0.00,0.00,0.00,0.00,0.00,0.00,0.00,0.00,0.00,0.00,0.00,0.00,0.00,0.00,0.00,0.00,0.00,0.00,307490,505787,974994,323259,519416,990720,0,0,0,0,0,0,0,126253,0,139.75,139.80,139.85
1957,0,0,0,0,93656,93656,93656,3623,3623,3623,591,591,591,0.00,0.00,0.00,0.00,0.00,0.00,0.00,0.00,0.00,0.00,0.00,0.00,0.00,0.00,0.00,0.00,0.00,0.00,0.00,0.00,0.00,301409,547250,1216105,314513,561403,1229210,0,0,0,0,0,0,0,123422,0,136.74,136.76,136.79
1957,1,0,0,0,93625,93625,93625,3654,3654,3654,591,591,591,0.00,0.00,0.00,0.00,0.00,0.00,0.00,0.00,0.00,0.00,0.00,0.00,0.00,0.00,0.00,0.00,0.00,0.00,0.00,0.00,0.00,301404,367974,547777,314509,382126,563502,0,0,0,0,0,0,0,98776,0,123.18,123.23,123.28
1957,2,0,0,0,93620,93620,93620,3659,3659,3659,591,591,591,0.00,0.00,0.00,0.00,0.00,0.00,0.00,0.00,0.00,0.00,0.00,0.00,0.00,0.00,0.00,0.00,0.00,0.00,0.00,0.00,0.00,427213,542521,988038,440319,556674,1001142,0,0,0,0,0,0,0,100723,0,125.68,125.72,125.76
1957,3,0,0,0,93660,93660,93660,3619,3619,3619,591,591,591,0.00,0.00,0.00,0.00,0.00,0.00,0.00,0.00,0.00,0.00,0.00,0.00,0.00,0.00,0.00,0.00,0.00,0.00,0.00,0.00,0.00,298772,342715,503223,314497,357391,516328,0,0,0,0,0,0,0,84174,0,139.78,139.82,139.84
1958,0,0,0,0,93656,93656,93656,3623,3623,3623,591,591,591,0.00,0.00,0.00,0.00,0.00,0.00,0.00,0.00,0.00,0.00,0.00,0.00,0.00,0.00,0.00,0.00,0.00,0.00,0.00,0.00,0.00,296167,393794,676199,311891,408209,691924,0,0,0,0,0,0,0,82424,0,136.79,136.88,136.95
1958,1,0,0,0,93625,93625,93625,3654,3654,3654,591,591,591,0.00,0.00,0.00,0.00,0.00,0.00,0.00,0.00,0.00,0.00,0.00,0.00,0.00,0.00,0.00,0.00,0.00,0.00,0.00,0.00,0.00,306649,376759,500597,319753,390518,516322,0,0,0,0,0,0,0,74122,0,123.30,123.32,123.34
1958,2,0,0,0,93620,93620,93620,3659,3659,3659,591,591,591,0.00,0.00,0.00,0.00,0.00,0.00,0.00,0.00,0.00,0.00,0.00,0.00,0.00,0.00,0.00,0.00,0.00,0.00,0.00,0.00,0.00,424528,475612,615593,435208,487592,624239,0,0,0,0,0,0,0,75575,0,125.61,125.67,125.71
1958,3,0,0,0,93660,93660,93660,3619,3619,3619,591,591,591,0.00,0.00,0.00,0.00,0.00,0.00,0.00,0.00,0.00,0.00,0.00,0.00,0.00,0.00,0.00,0.00,0.00,0.00,0.00,0.00,0.00,290924,339229,469147,306650,352953,479630,0,0,0,0,0,0,0,112276,0,139.73,139.76,139.79
1959,0,0,0,0,93656,93656,93656,3623,3623,3623,591,591,591,0.00,0.00,0.00,0.00,0.00,0.00,0.00,0.00,0.00,0.00,0.00,0.00,0.00,0.00,0.00,0.00,0.00,0.00,0.00,0.00,0.00,294256,367591,605405,309743,381172,618509,0,0,0,0,0,0,0,109771,0,136.80,136.86,136.90
1959,1,0,0,0,93625,93625,93625,3654,3654,3654,591,591,591,0.00,0.00,0.00,0.00,0.00,0.00,0.00,0.00,0.00,0.00,0.00,0.00,0.00,0.00,0.00,0.00,0.00,0.00,0.00,0.00,0.00,296167,408479,603507,309270,422066,616402,0,0,0,0,0,0,0,98860,0,123.29,123.33,123.37
1959,2,0,0,0,93620,93620,93620,3659,3659,3659,591,591,591,0.00,0.00,0.00,0.00,0.00,0.00,0.00,0.00,0.00,0.00,0.00,0.00,0.00,0.00,0.00,0.00,0.00,0.00,0.00,0.00,0.00,429836,537291,935678,445561,551968,948783,0,0,0,0,0,0,0,113422,0,125.62,125.65,125.70
1959,3,0,0,0,93660,93660,93660,3619,3619,3619,591,591,591,0.00,0.00,0.00,0.00,0.00,0.00,0.00,0.00,0.00,0.00,0.00,0.00,0.00,0.00,0.00,0.00,0.00,0.00,0.00,0.00,0.00,200941,306997,427210,211425,319578,440315,0,0,0,0,0,0,0,112371,0,139.83,139.91,139.95
1960,0,0,0,0,93656,93656,93656,3623,3623,3623,591,591,591,0.00,0.00,0.00,0.00,0.00,0.00,0.00,0.00,0.00,0.00,0.00,0.00,0.00,0.00,0.00,0.00,0.00,0.00,0.00,0.00,0.00,193928,315031,477002,202664,327785,490107,0,0,0,0,0,0,0,109821,0,136.81,136.95,137.06
1960,1,0,0,0,93625,93625,93625,3654,3654,3654,591,591,591,0.00,0.00,0.00,0.00,0.00,0.00,0.00,0.00,0.00,0.00,0.00,0.00,0.00,0.00,0.00,0.00,0.00,0.00,0.00,0.00,0.00,197443,340887,521563,207927,353992,534668,0,0,0,0,0,0,0,111099,0,123.29,123.30,123.31
1960,2,0,0,0,93620,93620,93620,3659,3659,3659,591,591,591,0.00,0.00,0.00,0.00,0.00,0.00,0.00,0.00,0.00,0.00,0.00,0.00,0.00,0.00,0.00,0.00,0.00,0.00,0.00,0.00,0.00,429833,817180,1910527,442938,830809,1923631,0,0,0,0,0,0,0,100844,0,125.72,125.75,125.78
1960,3,0,0,0,93660,93660,93660,3619,3619,3619,591,591,591,0.00,0.00,0.00,0.00,0.00,0.00,0.00,0.00,0.00,0.00,0.00,0.00,0.00,0.00,0.00,0.00,0.00,0.00,0.00,0.00,0.00,309272,538636,887347,322377,552785,903052,0,0,0,0,0,0,0,112039,0,139.75,139.80,139.87
1961,0,0,0,0,93656,93656,93656,3623,3623,3623,591,591,591,0.00,0.00,0.00,0.00,0.00,0.00,0.00,0.00,0.00,0.00,0.00,0.00,0.00,0.00,0.00,0.00,0.00,0.00,0.00,0.00,0.00,301407,539912,1189911,317132,554590,1203016,0,0,0,0,0,0,0,109825,0,136.91,136.97,137.01
1961,1,0,0,0,93625,93625,93625,3654,3654,3654,591,591,591,0.00,0.00,0.00,0.00,0.00,0.00,0.00,0.00,0.00,0.00,0.00,0.00,0.00,0.00,0.00,0.00,0.00,0.00,0.00,0.00,0.00,301408,392614,524186,317134,406767,539912,0,0,0,0,0,0,0,98819,0,123.36,123.38,123.39
1961,2,0,0,0,93620,93620,93620,3659,3659,3659,591,591,591,0.00,0.00,0.00,0.00,0.00,0.00,0.00,0.00,0.00,0.00,0.00,0.00,0.00,0.00,0.00,0.00,0.00,0.00,0.00,0.00,0.00,435075,549872,982856,448180,564025,995961,0,0,0,0,0,0,0,100982,0,125.77,125.83,125.86
1961,3,0,0,0,93660,93660,93660,3619,3619,3619,591,591,591,0.00,0.00,0.00,0.00,0.00,0.00,0.00,0.00,0.00,0.00,0.00,0.00,0.00,0.00,0.00,0.00,0.00,0.00,0.00,0.00,0.00,301409,342733,502787,314515,356884,518500,0,0,0,0,0,0,0,112357,0,139.76,139.85,139.92
1962,0,0,0,0,93656,93656,93656,3623,3623,3623,591,591,591,0.00,0.00,0.00,0.00,0.00,0.00,0.00,0.00,0.00,0.00,0.00,0.00,0.00,0.00,0.00,0.00,0.00,0.00,0.00,0.00,0.00,301405,384749,676198,314510,398378,689302,0,0,0,0,0,0,0,109783,0,136.94,136.99,137.03
1962,1,0,0,0,93625,93625,93625,3654,3654,3654,591,591,591,0.00,0.00,0.00,0.00,0.00,0.00,0.00,0.00,0.00,0.00,0.00,0.00,0.00,0.00,0.00,0.00,0.00,0.00,0.00,0.00,0.00,304029,366926,532051,319755,380555,542534,0,0,0,0,0,0,0,98760,0,123.29,123.35,123.38
1962,2,0,0,0,93620,93620,93620,3659,3659,3659,591,591,591,0.00,0.00,0.00,0.00,0.00,0.00,0.00,0.00,0.00,0.00,0.00,0.00,0.00,0.00,0.00,0.00,0.00,0.00,0.00,0.00,0.00,423696,607342,933053,437699,621450,946158,0,0,0,0,0,0,0,100931,0,125.78,125.81,125.84
1962,3,0,0,0,93660,93660,93660,3619,3619,3619,591,591,591,0.00,0.00,0.00,0.00,0.00,0.00,0.00,0.00,0.00,0.00,0.00,0.00,0.00,0.00,0.00,0.00,0.00,0.00,0.00,0.00,0.00,296164,313758,361676,310603,327879,374781,0,0,0,0,0,0,0,112205,0,139.72,139.82,139.92
1963,0,0,0,0,93656,93656,93656,3623,3623,3623,591,591,591,0.00,0.00,0.00,0.00,0.00,0.00,0.00,0.00,0.00,0.00,0.00,0.00,0.00,0.00,0.00,0.00,0.00,0.00,0.00,0.00,0.00,290885,354094,579225,303988,367689,592330,0,0,0,0,0,0,0,109707,0,136.90,136.94,136.97
1963,1,0,0,0,93625,93625,93625,3654,3654,3654,591,591,591,0.00,0.00,0.00,0.00,0.00,0.00,0.00,0.00,0.00,0.00,0.00,0.00,0.00,0.00,0.00,0.00,0.00,0.00,0.00,0.00,0.00,293546,304668,330238,306650,319298,343343,0,0,0,0,0,0,0,98795,0,123.19,123.23,123.28
1963,2,0,0,0,93620,93620,93620,3659,3659,3659,591,591,591,0.00,0.00,0.00,0.00,0.00,0.00,0.00,0.00,0.00,0.00,0.00,0.00,0.00,0.00,0.00,0.00,0.00,0.00,0.00,0.00,0.00,427213,640033,1378619,440317,653662,1391724,0,0,0,0,0,0,0,113505,0,125.77,125.83,125.86
1963,3,0,0,0,93660,93660,93660,3619,3619,3619,591,591,591,0.00,0.00,0.00,0.00,0.00,0.00,0.00,0.00,0.00,0.00,0.00,0.00,0.00,0.00,0.00,0.00,0.00,0.00,0.00,0.00,0.00,298792,323425,411491,311892,337054,424596,0,0,0,0,0,0,0,126439,0,139.72,139.78,139.87
1964,0,0,0,0,93656,93656,93656,3623,3623,3623,591,591,591,0.00,0.00,0.00,0.00,0.00,0.00,0.00,0.00,0.00,0.00,0.00,0.00,0.00,0.00,0.00,0.00,0.00,0.00,0.00,0.00,0.00,241126,330233,511081,251610,343862,526806,0,0,0,0,0,0,0,123382,0,136.78,136.84,136.90
1964,1,0,0,0,93625,93625,93625,3654,3654,3654,591,591,591,0.00,0.00,0.00,0.00,0.00,0.00,0.00,0.00,0.00,0.00,0.00,0.00,0.00,0.00,0.00,0.00,0.00,0.00,0.00,0.00,0.00,157257,327091,545154,170361,340719,558258,0,0,0,0,0,0,0,111004,0,123.23,123.25,123.29
1964,2,0,0,0,93620,93620,93620,3659,3659,3659,591,591,591,0.00,0.00,0.00,0.00,0.00,0.00,0.00,0.00,0.00,0.00,0.00,0.00,0.00,0.00,0.00,0.00,0.00,0.00,0.00,0.00,0.00,429836,527331,904225,442940,541484,917330,0,0,0,0,0,0,0,100945,0,125.72,125.75,125.79
1964,3,0,0,0,93660,93660,93660,3619,3619,3619,591,591,591,0.00,0.00,0.00,0.00,0.00,0.00,0.00,0.00,0.00,0.00,0.00,0.00,0.00,0.00,0.00,0.00,0.00,0.00,0.00,0.00,0.00,57661,441889,930442,70765,456042,943547,0,0,0,0,0,0,0,112274,0,139.95,140.01,140.06
1965,0,0,0,0,93656,93656,93656,3623,3623,3623,591,591,591,0.00,0.00,0.00,0.00,0.00,0.00,0.00,0.00,0.00,0.00,0.00,0.00,0.00,0.00,0.00,0.00,0.00,0.00,0.00,0.00,0.00,301408,496404,982850,314513,510557,998575,0,0,0,0,0,0,0,82269,0,136.75,136.80,136.89
1965,1,0,0,0,93625,93625,93625,3654,3654,3654,591,591,591,0.00,0.00,0.00,0.00,0.00,0.00,0.00,0.00,0.00,0.00,0.00,0.00,0.00,0.00,0.00,0.00,0.00,0.00,0.00,0.00,0.00,301389,344909,497975,314493,359062,513701,0,0,0,0,0,0,0,74062,0,123.17,123.20,123.25
1965,2,0,0,0,93620,93620,93620,3659,3659,3659,591,591,591,0.00,0.00,0.00,0.00,0.00,0.00,0.00,0.00,0.00,0.00,0.00,0.00,0.00,0.00,0.00,0.00,0.00,0.00,0.00,0.00,0.00,424594,637924,1022091,440319,651552,1035195,0,0,0,0,0,0,0,100847,0,125.66,125.74,125.83
1965,3,0,0,0,93660,93660,93660,3619,3619,3619,591,591,591,0.00,0.00,0.00,0.00,0.00,0.00,0.00,0.00,0.00,0.00,0.00,0.00,0.00,0.00,0.00,0.00,0.00,0.00,0.00,0.00,0.00,298788,343283,503225,311893,356384,513708,0,0,0,0,0,0,0,84267,0,139.82,139.88,139.94
1966,0,0,0,0,93656,93656,93656,3623,3623,3623,591,591,591,0.00,0.00,0.00,0.00,0.00,0.00,0.00,0.00,0.00,0.00,0.00,0.00,0.00,0.00,0.00,0.00,0.00,0.00,0.00,0.00,0.00,306648,381607,660476,322373,395760,673581,0,0,0,0,0,0,0,109714,0,136.85,136.87,136.90
1966,1,0,0,0,93625,93625,93625,3654,3654,3654,591,591,591,0.00,0.00,0.00,0.00,0.00,0.00,0.00,0.00,0.00,0.00,0.00,0.00,0.00,0.00,0.00,0.00,0.00,0.00,0.00,0.00,0.00,298782,375842,545157,314507,389470,558261,0,0,0,0,0,0,0,98725,0,123.14,123.17,123.19
1966,2,0,0,0,93620,93620,93620,3659,3659,3659,591,591,591,0.00,0.00,0.00,0.00,0.00,0.00,0.00,0.00,0.00,0.00,0.00,0.00,0.00,0.00,0.00,0.00,0.00,0.00,0.00,0.00,0.00,407914,536340,972669,423022,549916,986330,0,0,0,0,0,0,0,75608,0,125.69,125.72,125.77
1966,3,0,0,0,93660,93660,93660,3619,3619,3619,591,591,591,0.00,0.00,0.00,0.00,0.00,0.00,0.00,0.00,0.00,0.00,0.00,0.00,0.00,0.00,0.00,0.00,0.00,0.00,0.00,0.00,0.00,296170,349584,450807,311893,364259,466533,0,0,0,0,0,0,0,112412,0,139.85,139.93,139.98
1967,0,0,0,0,93656,93656,93656,3623,3623,3623,591,591,591,0.00,0.00,0.00,0.00,0.00,0.00,0.00,0.00,0.00,0.00,0.00,0.00,0.00,0.00,0.00,0.00,0.00,0.00,0.00,0.00,0.00,291318,400028,605404,306786,414130,618508,0,0,0,0,0,0,0,109794,0,136.90,136.94,137.01
1967,1,0,0,0,93625,93625,93625,3654,3654,3654,591,591,591,0.00,0.00,0.00,0.00,0.00,0.00,0.00,0.00,0.00,0.00,0.00,0.00,0.00,0.00,0.00,0.00,0.00,0.00,0.00,0.00,0.00,290925,305597,338103,304030,319750,351208,0,0,0,0,0,0,0,98885,0,123.19,123.24,123.27
1967,2,0,0,0,93620,93620,93620,3659,3659,3659,591,591,591,0.00,0.00,0.00,0.00,0.00,0.00,0.00,0.00,0.00,0.00,0.00,0.00,0.00,0.00,0.00,0.00,0.00,0.00,0.00,0.00,0.00,432454,820857,1949877,448180,835010,1960360,0,0,0,0,0,0,0,113396,0,125.64,125.69,125.72
1967,3,0,0,0,93660,93660,93660,3619,3619,3619,591,591,591,0.00,0.00,0.00,0.00,0.00,0.00,0.00,0.00,0.00,0.00,0.00,0.00,0.00,0.00,0.00,0.00,0.00,0.00,0.00,0.00,0.00,296169,439165,977613,309274,452789,990718,0,0,0,0,0,0,0,126550,0,139.96,140.01,140.03
1968,0,0,0,0,93656,93656,93656,3623,3623,3623,591,591,591,0.00,0.00,0.00,0.00,0.00,0.00,0.00,0.00,0.00,0.00,0.00,0.00,0.00,0.00,0.00,0.00,0.00,0.00,0.00,0.00,0.00,301408,490636,1231832,314511,504789,1244936,0,0,0,0,0,0,0,123640,0,136.99,137.00,137.02
1968,1,0,0,0,93625,93625,93625,3654,3654,3654,591,591,591,0.00,0.00,0.00,0.00,0.00,0.00,0.00,0.00,0.00,0.00,0.00,0.00,0.00,0.00,0.00,0.00,0.00,0.00,0.00,0.00,0.00,301403,432977,532051,314508,446606,545155,0,0,0,0,0,0,0,98729,0,123.27,123.29,123.32
1968,2,0,0,0,93620,93620,93620,3659,3659,3659,591,591,591,0.00,0.00,0.00,0.00,0.00,0.00,0.00,0.00,0.00,0.00,0.00,0.00,0.00,0.00,0.00,0.00,0.00,0.00,0.00,0.00,0.00,432455,542533,959264,445559,556686,974990,0,0,0,0,0,0,0,100815,0,125.62,125.65,125.72
1968,3,0,0,0,93660,93660,93660,3619,3619,3619,591,591,591,0.00,0.00,0.00,0.00,0.00,0.00,0.00,0.00,0.00,0.00,0.00,0.00,0.00,0.00,0.00,0.00,0.00,0.00,0.00,0.00,0.00,295288,383010,615933,313580,396628,629038,0,0,0,0,0,0,0,112240,0,139.91,139.97,140.08
1969,0,0,0,0,93656,93656,93656,3623,3623,3623,591,591,591,0.00,0.00,0.00,0.00,0.00,0.00,0.00,0.00,0.00,0.00,0.00,0.00,0.00,0.00,0.00,0.00,0.00,0.00,0.00,0.00,0.00,319736,485394,862292,335461,499023,875397,0,0,0,0,0,0,0,109853,0,136.93,136.95,136.98
1969,1,0,0,0,93625,93625,93625,3654,3654,3654,591,591,591,0.00,0.00,0.00,0.00,0.00,0.00,0.00,0.00,0.00,0.00,0.00,0.00,0.00,0.00,0.00,0.00,0.00,0.00,0.00,0.00,0.00,298787,404670,579222,311892,418823,594947,0,0,0,0,0,0,0,98699,0,123.25,123.29,123.33
1969,2,0,0,0,93620,93620,93620,3659,3659,3659,591,591,591,0.00,0.00,0.00,0.00,0.00,0.00,0.00,0.00,0.00,0.00,0.00,0.00,0.00,0.00,0.00,0.00,0.00,0.00,0.00,0.00,0.00,288302,499023,904229,295291,511953,917334,0,0,0,0,0,0,0,100765,0,125.68,125.73,125.76
1969,3,0,0,0,93660,93660,93660,3619,3619,3619,591,591,591,0.00,0.00,0.00,0.00,0.00,0.00,0.00,0.00,0.00,0.00,0.00,0.00,0.00,0.00,0.00,0.00,0.00,0.00,0.00,0.00,0.00,202689,314969,453120,211425,328192,465993,0,0,0,0,0,0,0,112365,0,139.87,139.89,139.93
1970,0,0,0,0,93656,93656,93656,3623,3623,3623,591,591,591,0.00,0.00,0.00,0.00,0.00,0.00,0.00,0.00,0.00,0.00,0.00,0.00,0.00,0.00,0.00,0.00,0.00,0.00,0.00,0.00,0.00,306651,344391,469149,319755,358020,482253,0,0,0,0,0,0,0,110020,0,137.01,137.12,137.16
1970,1,0,0,0,93625,93625,93625,3654,3654,3654,591,591,591,0.00,0.00,0.00,0.00,0.00,0.00,0.00,0.00,0.00,0.00,0.00,0.00,0.00,0.00,0.00,0.00,0.00,0.00,0.00,0.00,0.00,293529,320799,393142,306649,334952,408868,0,0,0,0,0,0,0,98801,0,123.18,123.22,123.25
1970,2,0,0,0,93620,93620,93620,3659,3659,3659,591,591,591,0.00,0.00,0.00,0.00,0.00,0.00,0.00,0.00,0.00,0.00,0.00,0.00,0.00,0.00,0.00,0.00,0.00,0.00,0.00,0.00,0.00,411754,535231,956461,426910,549271,969563,0,0,0,0,0,0,0,113443,0,125.68,125.74,125.77
1970,3,0,0,0,93660,93660,93660,3619,3619,3619,591,591,591,0.00,0.00,0.00,0.00,0.00,0.00,0.00,0.00,0.00,0.00,0.00,0.00,0.00,0.00,0.00,0.00,0.00,0.00,0.00,0.00,0.00,296168,324473,421965,309273,338626,437691,0,0,0,0,0,0,0,112221,0,139.83,139.87,139.92
1971,0,0,0,0,93656,93656,93656,3623,3623,3623,591,591,591,0.00,0.00,0.00,0.00,0.00,0.00,0.00,0.00,0.00,0.00,0.00,0.00,0.00,0.00,0.00,0.00,0.00,0.00,0.00,0.00,0.00,202118,324007,479631,212573,337105,492736,0,0,0,0,0,0,0,109840,0,137.04,137.08,137.12
1971,1,0,0,0,93625,93625,93625,3654,3654,3654,591,591,591,0.00,0.00,0.00,0.00,0.00,0.00,0.00,0.00,0.00,0.00,0.00,0.00,0.00,0.00,0.00,0.00,0.00,0.00,0.00,0.00,0.00,199190,335821,513701,209674,348371,526805,0,0,0,0,0,0,0,110903,0,123.09,123.17,123.26
1971,2,0,0,0,93620,93620,93620,3659,3659,3659,591,591,591,0.00,0.00,0.00,0.00,0.00,0.00,0.00,0.00,0.00,0.00,0.00,0.00,0.00,0.00,0.00,0.00,0.00,0.00,0.00,0.00,0.00,432446,825071,1929011,445551,839224,1942116,0,0,0,0,0,0,0,100976,0,125.76,125.81,125.89
1971,3,0,0,0,93660,93660,93660,3619,3619,3619,591,591,591,0.00,0.00,0.00,0.00,0.00,0.00,0.00,0.00,0.00,0.00,0.00,0.00,0.00,0.00,0.00,0.00,0.00,0.00,0.00,0.00,0.00,301410,534149,846574,314515,548302,862300,0,0,0,0,0,0,0,112114,0,139.86,139.87,139.88
1972,0,0,0,0,93656,93656,93656,3623,3623,3623,591,591,591,0.00,0.00,0.00,0.00,0.00,0.00,0.00,0.00,0.00,0.00,0.00,0.00,0.00,0.00,0.00,0.00,0.00,0.00,0.00,0.00,0.00,296167,542532,1234461,309272,556685,1247565,0,0,0,0,0,0,0,109814,0,137.01,137.03,137.07
1972,1,0,0,0,93625,93625,93625,3654,3654,3654,591,591,591,0.00,0.00,0.00,0.00,0.00,0.00,0.00,0.00,0.00,0.00,0.00,0.00,0.00,0.00,0.00,0.00,0.00,0.00,0.00,0.00,0.00,301405,384745,508462,314510,398898,521566,0,0,0,0,0,0,0,74105,0,123.12,123.19,123.26
1972,2,0,0,0,93620,93620,93620,3659,3659,3659,591,591,591,0.00,0.00,0.00,0.00,0.00,0.00,0.00,0.00,0.00,0.00,0.00,0.00,0.00,0.00,0.00,0.00,0.00,0.00,0.00,0.00,0.00,427192,536239,951405,442917,549868,964510,0,0,0,0,0,0,0,100831,0,125.71,125.81,125.85
1972,3,0,0,0,93660,93660,93660,3619,3619,3619,591,591,591,0.00,0.00,0.00,0.00,0.00,0.00,0.00,0.00,0.00,0.00,0.00,0.00,0.00,0.00,0.00,0.00,0.00,0.00,0.00,0.00,0.00,298789,341768,482258,314515,355921,497984,0,0,0,0,0,0,0,84224,0,139.78,139.82,139.85
1973,0,0,0,0,93656,93656,93656,3623,3623,3623,591,591,591,0.00,0.00,0.00,0.00,0.00,0.00,0.00,0.00,0.00,0.00,0.00,0.00,0.00,0.00,0.00,0.00,0.00,0.00,0.00,0.00,0.00,304026,396416,673581,317130,410175,689307,0,0,0,0,0,0,0,82325,0,136.91,136.96,137.00
1973,1,0,0,0,93625,93625,93625,3654,3654,3654,591,591,591,0.00,0.00,0.00,0.00,0.00,0.00,0.00,0.00,0.00,0.00,0.00,0.00,0.00,0.00,0.00,0.00,0.00,0.00,0.00,0.00,0.00,304027,383966,547776,317132,397726,563502,0,0,0,0,0,0,0,98821,0,123.24,123.26,123.29
1973,2,0,0,0,93620,93620,93620,3659,3659,3659,591,591,591,0.00,0.00,0.00,0.00,0.00,0.00,0.00,0.00,0.00,0.00,0.00,0.00,0.00,0.00,0.00,0.00,0.00,0.00,0.00,0.00,0.00,429835,555641,922575,445560,570056,938301,0,0,0,0,0,0,0,75668,0,125.70,125.72,125.76
1973,3,0,0,0,93660,93660,93660,3619,3619,3619,591,591,591,0.00,0.00,0.00,0.00,0.00,0.00,0.00,0.00,0.00,0.00,0.00,0.00,0.00,0.00,0.00,0.00,0.00,0.00,0.00,0.00,0.00,296166,317125,366932,309271,330850,382658,0,0,0,0,0,0,0,112281,0,139.85,139.88,139.92
1974,0,0,0,0,93656,93656,93656,3623,3623,3623,591,591,591,0.00,0.00,0.00,0.00,0.00,0.00,0.00,0.00,0.00,0.00,0.00,0.00,0.00,0.00,0.00,0.00,0.00,0.00,0.00,0.00,0.00,298772,366404,615923,311876,380557,631649,0,0,0,0,0,0,0,109670,0,136.81,136.86,136.91
1974,1,0,0,0,93625,93625,93625,3654,3654,3654,591,591,591,0.00,0.00,0.00,0.00,0.00,0.00,0.00,0.00,0.00,0.00,0.00,0.00,0.00,0.00,0.00,0.00,0.00,0.00,0.00,0.00,0.00,293545,304027,314510,306650,317656,330236,0,0,0,0,0,0,0,98891,0,123.24,123.30,123.36
1974,2,0,0,0,93620,93620,93620,3659,3659,3659,591,591,591,0.00,0.00,0.00,0.00,0.00,0.00,0.00,0.00,0.00,0.00,0.00,0.00,0.00,0.00,0.00,0.00,0.00,0.00,0.00,0.00,0.00,423836,782353,1963091,436680,795103,1976196,0,0,0,0,0,0,0,113582,0,125.80,125.86,125.92
1974,3,0,0,0,93660,93660,93660,3619,3619,3619,591,591,591,0.00,0.00,0.00,0.00,0.00,0.00,0.00,0.00,0.00,0.00,0.00,0.00,0.00,0.00,0.00,0.00,0.00,0.00,0.00,0.00,0.00,204428,302457,408867,213164,315737,421972,0,0,0,0,0,0,0,112256,0,139.81,139.84,139.86
1975,0,0,0,0,93656,93656,93656,3623,3623,3623,591,591,591,0.00,0.00,0.00,0.00,0.00,0.00,0.00,0.00,0.00,0.00,0.00,0.00,0.00,0.00,0.00,0.00,0.00,0.00,0.00,0.00,0.00,199190,316084,484870,207927,328839,500596,0,0,0,0,0,0,0,123440,0,136.82,136.89,136.96
1975,1,0,0,0,93625,93625,93625,3654,3654,3654,591,591,591,0.00,0.00,0.00,0.00,0.00,0.00,0.00,0.00,0.00,0.00,0.00,0.00,0.00,0.00,0.00,0.00,0.00,0.00,0.00,0.00,0.00,293543,356093,429831,306647,369197,442935,0,0,0,0,0,0,0,111094,0,123.30,123.37,123.42
1975,2,0,0,0,93620,93620,93620,3659,3659,3659,591,591,591,0.00,0.00,0.00,0.00,0.00,0.00,0.00,0.00,0.00,0.00,0.00,0.00,0.00,0.00,0.00,0.00,0.00,0.00,0.00,0.00,0.00,432426,507932,807248,445561,522085,820352,0,0,0,0,0,0,0,100888,0,125.78,125.84,125.87
1975,3,0,0,0,93660,93660,93660,3619,3619,3619,591,591,591,0.00,0.00,0.00,0.00,0.00,0.00,0.00,0.00,0.00,0.00,0.00,0.00,0.00,0.00,0.00,0.00,0.00,0.00,0.00,0.00,0.00,301411,505319,980236,314512,518947,995962,0,0,0,0,0,0,0,112184,0,139.90,139.92,139.93
1976,0,0,0,0,93656,93656,93656,3623,3623,3623,591,591,591,0.00,0.00,0.00,0.00,0.00,0.00,0.00,0.00,0.00,0.00,0.00,0.00,0.00,0.00,0.00,0.00,0.00,0.00,0.00,0.00,0.00,301410,538338,1195142,314512,551966,1208247,0,0,0,0,0,0,0,109726,0,136.86,136.90,136.94
1976,1,0,0,0,93625,93625,93625,3654,3654,3654,591,591,591,0.00,0.00,0.00,0.00,0.00,0.00,0.00,0.00,0.00,0.00,0.00,0.00,0.00,0.00,0.00,0.00,0.00,0.00,0.00,0.00,0.00,293544,346485,505839,306648,360638,518943,0,0,0,0,0,0,0,98777,0,123.19,123.23,123.26
1976,2,0,0,0,93620,93620,93620,3659,3659,3659,591,591,591,0.00,0.00,0.00,0.00,0.00,0.00,0.00,0.00,0.00,0.00,0.00,0.00,0.00,0.00,0.00,0.00,0.00,0.00,0.00,0.00,0.00,427210,642652,1014294,440314,656805,1030020,0,0,0,0,0,0,0,100764,0,125.62,125.68,125.77
1976,3,0,0,0,93660,93660,93660,3619,3619,3619,591,591,591,0.00,0.00,0.00,0.00,0.00,0.00,0.00,0.00,0.00,0.00,0.00,0.00,0.00,0.00,0.00,0.00,0.00,0.00,0.00,0.00,0.00,301412,341773,492739,314517,355926,505844,0,0,0,0,0,0,0,112395,0,139.77,139.83,139.88
1977,0,0,0,0,93656,93656,93656,3623,3623,3623,591,591,591,0.00,0.00,0.00,0.00,0.00,0.00,0.00,0.00,0.00,0.00,0.00,0.00,0.00,0.00,0.00,0.00,0.00,0.00,0.00,0.00,0.00,301389,381080,670959,317114,395757,686685,0,0,0,0,0,0,0,109869,0,136.90,136.95,137.00
1977,1,0,0,0,93625,93625,93625,3654,3654,3654,591,591,591,0.00,0.00,0.00,0.00,0.00,0.00,0.00,0.00,0.00,0.00,0.00,0.00,0.00,0.00,0.00,0.00,0.00,0.00,0.00,0.00,0.00,298766,370595,560879,314491,384749,576605,0,0,0,0,0,0,0,98859,0,123.23,123.26,123.30
1977,2,0,0,0,93620,93620,93620,3659,3659,3659,591,591,591,0.00,0.00,0.00,0.00,0.00,0.00,0.00,0.00,0.00,0.00,0.00,0.00,0.00,0.00,0.00,0.00,0.00,0.00,0.00,0.00,0.00,283305,507983,951409,291943,520718,964514,0,0,0,0,0,0,0,100803,0,125.54,125.61,125.67
1977,3,0,0,0,93660,93660,93660,3619,3619,3619,591,591,591,0.00,0.00,0.00,0.00,0.00,0.00,0.00,0.00,0.00,0.00,0.00,0.00,0.00,0.00,0.00,0.00,0.00,0.00,0.00,0.00,0.00,298773,332808,393146,311877,346435,406251,0,0,0,0,0,0,0,112522,0,139.97,140.09,140.16
1978,0,0,0,0,93656,93656,93656,3623,3623,3623,591,591,591,0.00,0.00,0.00,0.00,0.00,0.00,0.00,0.00,0.00,0.00,0.00,0.00,0.00,0.00,0.00,0.00,0.00,0.00,0.00,0.00,0.00,204434,376366,610677,214918,388946,621160,0,0,0,0,0,0,0,109774,0,136.97,137.00,137.03
1978,1,0,0,0,93625,93625,93625,3654,3654,3654,591,591,591,0.00,0.00,0.00,0.00,0.00,0.00,0.00,0.00,0.00,0.00,0.00,0.00,0.00,0.00,0.00,0.00,0.00,0.00,0.00,0.00,0.00,293545,306125,327617,306650,319754,340722,0,0,0,0,0,0,0,98938,0,123.38,123.39,123.39
1978,2,0,0,0,93620,93620,93620,3659,3659,3659,591,591,591,0.00,0.00,0.00,0.00,0.00,0.00,0.00,0.00,0.00,0.00,0.00,0.00,0.00,0.00,0.00,0.00,0.00,0.00,0.00,0.00,0.00,424430,815011,1837281,437777,828632,1850386,0,0,0,0,0,0,0,113428,0,125.70,125.73,125.76
1978,3,0,0,0,93660,93660,93660,3619,3619,3619,591,591,591,0.00,0.00,0.00,0.00,0.00,0.00,0.00,0.00,0.00,0.00,0.00,0.00,0.00,0.00,0.00,0.00,0.00,0.00,0.00,0.00,0.00,202246,423273,1003826,209221,436209,1014310,0,0,0,0,0,0,0,126289,0,139.72,139.91,140.12
1979,0,0,0,0,93656,93656,93656,3623,3623,3623,591,591,591,0.00,0.00,0.00,0.00,0.00,0.00,0.00,0.00,0.00,0.00,0.00,0.00,0.00,0.00,0.00,0.00,0.00,0.00,0.00,0.00,0.00,301391,488013,1218726,314495,501641,1234452,0,0,0,0,0,0,0,123595,0,136.88,136.94,137.00
1979,1,0,0,0,93625,93625,93625,3654,3654,3654,591,591,591,0.00,0.00,0.00,0.00,0.00,0.00,0.00,0.00,0.00,0.00,0.00,0.00,0.00,0.00,0.00,0.00,0.00,0.00,0.00,0.00,0.00,309268,383877,571363,322372,396633,584468,0,0,0,0,0,0,0,98675,0,123.23,123.25,123.30
1979,2,0,0,0,93620,93620,93620,3659,3659,3659,591,591,591,0.00,0.00,0.00,0.00,0.00,0.00,0.00,0.00,0.00,0.00,0.00,0.00,0.00,0.00,0.00,0.00,0.00,0.00,0.00,0.00,0.00,429835,541480,972372,442939,555633,988098,0,0,0,0,0,0,0,100836,0,125.69,125.69,125.70
1979,3,0,0,0,93660,93660,93660,3619,3619,3619,591,591,591,0.00,0.00,0.00,0.00,0.00,0.00,0.00,0.00,0.00,0.00,0.00,0.00,0.00,0.00,0.00,0.00,0.00,0.00,0.00,0.00,0.00,301394,395141,571370,315329,409290,587096,0,0,0,0,0,0,0,112248,0,139.72,139.77,139.84
1980,0,0,0,0,93656,93656,93656,3623,3623,3623,591,591,591,0.00,0.00,0.00,0.00,0.00,0.00,0.00,0.00,0.00,0.00,0.00,0.00,0.00,0.00,0.00,0.00,0.00,0.00,0.00,0.00,0.00,301406,431404,681443,311891,445557,694548,0,0,0,0,0,0,0,82404,0,136.93,136.98,137.02
1980,1,0,0,0,93625,93625,93625,3654,3654,3654,591,591,591,0.00,0.00,0.00,0.00,0.00,0.00,0.00,0.00,0.00,0.00,0.00,0.00,0.00,0.00,0.00,0.00,0.00,0.00,0.00,0.00,0.00,298786,373731,526779,314511,387883,542503,0,0,0,0,0,0,0,74087,0,123.21,123.24,123.27
1980,2,0,0,0,93620,93620,93620,3659,3659,3659,591,591,591,0.00,0.00,0.00,0.00,0.00,0.00,0.00,0.00,0.00,0.00,0.00,0.00,0.00,0.00,0.00,0.00,0.00,0.00,0.00,0.00,0.00,432455,525759,841326,445560,539388,854430,0,0,0,0,0,0,0,100827,0,125.67,125.68,125.70
1980,3,0,0,0,93660,93660,93660,3619,3619,3619,591,591,591,0.00,0.00,0.00,0.00,0.00,0.00,0.00,0.00,0.00,0.00,0.00,0.00,0.00,0.00,0.00,0.00,0.00,0.00,0.00,0.00,0.00,299226,331109,440322,311895,344730,456048,0,0,0,0,0,0,0,84141,0,139.78,139.83,139.89
1981,0,0,0,0,93656,93656,93656,3623,3623,3623,591,591,591,0.00,0.00,0.00,0.00,0.00,0.00,0.00,0.00,0.00,0.00,0.00,0.00,0.00,0.00,0.00,0.00,0.00,0.00,0.00,0.00,0.00,296150,366928,610680,309254,381080,626406,0,0,0,0,0,0,0,109865,0,136.94,136.98,137.03
1981,1,0,0,0,93625,93625,93625,3654,3654,3654,591,591,591,0.00,0.00,0.00,0.00,0.00,0.00,0.00,0.00,0.00,0.00,0.00,0.00,0.00,0.00,0.00,0.00,0.00,0.00,0.00,0.00,0.00,293544,412691,620188,306648,426842,633328,0,0,0,0,0,0,0,98672,0,123.14,123.20,123.27
1981,2,0,0,0,93620,93620,93620,3659,3659,3659,591,591,591,0.00,0.00,0.00,0.00,0.00,0.00,0.00,0.00,0.00,0.00,0.00,0.00,0.00,0.00,0.00,0.00,0.00,0.00,0.00,0.00,0.00,423961,532976,927822,436887,547093,940927,0,0,0,0,0,0,0,75475,0,125.53,125.59,125.64
1981,3,0,0,0,93660,93660,93660,3619,3619,3619,591,591,591,0.00,0.00,0.00,0.00,0.00,0.00,0.00,0.00,0.00,0.00,0.00,0.00,0.00,0.00,0.00,0.00,0.00,0.00,0.00,0.00,0.00,294083,331745,423715,307096,345891,436874,0,0,0,0,0,0,0,112297,0,139.71,139.76,139.81
1982,0,0,0,0,93656,93656,93656,3623,3623,3623,591,591,591,0.00,0.00,0.00,0.00,0.00,0.00,0.00,0.00,0.00,0.00,0.00,0.00,0.00,0.00,0.00,0.00,0.00,0.00,0.00,0.00,0.00,290873,335674,485896,303975,349734,501160,0,0,0,0,0,0,0,109785,0,136.96,137.05,137.13
1982,1,0,0,0,93625,93625,93625,3654,3654,3654,591,591,591,0.00,0.00,0.00,0.00,0.00,0.00,0.00,0.00,0.00,0.00,0.00,0.00,0.00,0.00,0.00,0.00,0.00,0.00,0.00,0.00,0.00,288554,362250,526769,301436,376358,539873,0,0,0,0,0,0,0,111103,0,123.17,123.24,123.26
1982,2,0,0,0,93620,93620,93620,3659,3659,3659,591,591,591,0.00,0.00,0.00,0.00,0.00,0.00,0.00,0.00,0.00,0.00,0.00,0.00,0.00,0.00,0.00,0.00,0.00,0.00,0.00,0.00,0.00,435073,730713,1425792,448178,744342,1438897,0,0,0,0,0,0,0,100866,0,125.53,125.57,125.66
1982,3,0,0,0,93660,93660,93660,3619,3619,3619,591,591,591,0.00,0.00,0.00,0.00,0.00,0.00,0.00,0.00,0.00,0.00,0.00,0.00,0.00,0.00,0.00,0.00,0.00,0.00,0.00,0.00,0.00,71056,478398,880650,84215,492543,896376,0,0,0,0,0,0,0,126385,0,139.77,139.84,139.93
1983,0,0,0,0,93656,93656,93656,3623,3623,3623,591,591,591,0.00,0.00,0.00,0.00,0.00,0.00,0.00,0.00,0.00,0.00,0.00,0.00,0.00,0.00,0.00,0.00,0.00,0.00,0.00,0.00,0.00,269955,489063,951392,283060,502692,964497,0,0,0,0,0,0,0,123640,0,136.96,136.99,137.02
1983,1,0,0,0,93625,93625,93625,3654,3654,3654,591,591,591,0.00,0.00,0.00,0.00,0.00,0.00,0.00,0.00,0.00,0.00,0.00,0.00,0.00,0.00,0.00,0.00,0.00,0.00,0.00,0.00,0.00,152013,311365,450801,162497,324994,466527,0,0,0,0,0,0,0,98745,0,123.24,123.27,123.27
1983,2,0,0,0,93620,93620,93620,3659,3659,3659,591,591,591,0.00,0.00,0.00,0.00,0.00,0.00,0.00,0.00,0.00,0.00,0.00,0.00,0.00,0.00,0.00,0.00,0.00,0.00,0.00,0.00,0.00,427210,540960,982850,442936,555637,995955,0,0,0,0,0,0,0,100746,0,125.65,125.70,125.73
1983,3,0,0,0,93660,93660,93660,3619,3619,3619,591,591,591,0.00,0.00,0.00,0.00,0.00,0.00,0.00,0.00,0.00,0.00,0.00,0.00,0.00,0.00,0.00,0.00,0.00,0.00,0.00,0.00,0.00,298792,344726,508468,311897,358873,521573,0,0,0,0,0,0,0,112135,0,139.75,139.83,139.92
1985,0,0,0,0,93656,93656,93656,3623,3623,3623,591,591,591,0.00,0.00,0.00,0.00,0.00,0.00,0.00,0.00,0.00,0.00,0.00,0.00,0.00,0.00,0.00,0.00,0.00,0.00,0.00,0.00,0.00,293545,371123,657857,306650,385014,670962,0,0,0,0,0,0,0,246994,0,136.85,136.94,137.01
1985,1,0,0,0,93625,93625,93625,3654,3654,3654,591,591,591,0.00,0.00,0.00,0.00,0.00,0.00,0.00,0.00,0.00,0.00,0.00,0.00,0.00,0.00,0.00,0.00,0.00,0.00,0.00,0.00,0.00,296151,389992,605434,309255,403883,615917,0,0,0,0,0,0,0,222268,0,123.19,123.26,123.29
1985,2,0,0,0,93620,93620,93620,3659,3659,3659,591,591,591,0.00,0.00,0.00,0.00,0.00,0.00,0.00,0.00,0.00,0.00,0.00,0.00,0.00,0.00,0.00,0.00,0.00,0.00,0.00,0.00,0.00,424593,670019,1351257,437698,683788,1366700,0,0,0,0,0,0,0,239435,0,125.59,125.68,125.73
1985,3,0,0,0,93660,93660,93660,3619,3619,3619,591,591,591,0.00,0.00,0.00,0.00,0.00,0.00,0.00,0.00,0.00,0.00,0.00,0.00,0.00,0.00,0.00,0.00,0.00,0.00,0.00,0.00,0.00,299324,327925,450026,312652,341803,465816,0,0,0,0,0,0,0,266845,0,139.73,139.81,139.90
1986,0,0,0,0,93656,93656,93656,3623,3623,3623,591,591,591,0.00,0.00,0.00,0.00,0.00,0.00,0.00,0.00,0.00,0.00,0.00,0.00,0.00,0.00,0.00,0.00,0.00,0.00,0.00,0.00,0.00,291013,337733,493429,306466,351841,506346,0,0,0,0,0,0,0,123451,0,136.92,136.95,136.98
1986,1,0,0,0,93625,93625,93625,3654,3654,3654,591,591,591,0.00,0.00,0.00,0.00,0.00,0.00,0.00,0.00,0.00,0.00,0.00,0.00,0.00,0.00,0.00,0.00,0.00,0.00,0.00,0.00,0.00,284892,402642,546274,297611,416732,559097,0,0,0,0,0,0,0,110984,0,123.12,123.17,123.24
1986,2,0,0,0,93620,93620,93620,3659,3659,3659,591,591,591,0.00,0.00,0.00,0.00,0.00,0.00,0.00,0.00,0.00,0.00,0.00,0.00,0.00,0.00,0.00,0.00,0.00,0.00,0.00,0.00,0.00,421845,530451,938297,435194,544653,951402,0,0,0,0,0,0,0,100713,0,125.56,125.60,125.62
1986,3,0,0,0,93660,93660,93660,3619,3619,3619,591,591,591,0.00,0.00,0.00,0.00,0.00,0.00,0.00,0.00,0.00,0.00,0.00,0.00,0.00,0.00,0.00,0.00,0.00,0.00,0.00,0.00,0.00,301411,533350,833024,314512,546978,846080,0,0,0,0,0,0,0,112275,0,139.98,140.01,140.03
1987,0,0,0,0,93656,93656,93656,3623,3623,3623,591,591,591,0.00,0.00,0.00,0.00,0.00,0.00,0.00,0.00,0.00,0.00,0.00,0.00,0.00,0.00,0.00,0.00,0.00,0.00,0.00,0.00,0.00,298786,542009,1252812,311890,555638,1265917,0,0,0,0,0,0,0,109751,0,136.92,136.96,136.99
1987,1,0,0,0,93625,93625,93625,3654,3654,3654,591,591,591,0.00,0.00,0.00,0.00,0.00,0.00,0.00,0.00,0.00,0.00,0.00,0.00,0.00,0.00,0.00,0.00,0.00,0.00,0.00,0.00,0.00,296164,339143,479628,309268,353296,492733,0,0,0,0,0,0,0,74115,0,123.11,123.20,123.25
1987,2,0,0,0,93620,93620,93620,3659,3659,3659,591,591,591,0.00,0.00,0.00,0.00,0.00,0.00,0.00,0.00,0.00,0.00,0.00,0.00,0.00,0.00,0.00,0.00,0.00,0.00,0.00,0.00,0.00,424594,642647,995959,435078,656800,1009064,0,0,0,0,0,0,0,100920,0,125.64,125.71,125.83
1987,3,0,0,0,93660,93660,93660,3619,3619,3619,591,591,591,0.00,0.00,0.00,0.00,0.00,0.00,0.00,0.00,0.00,0.00,0.00,0.00,0.00,0.00,0.00,0.00,0.00,0.00,0.00,0.00,0.00,301393,335769,453611,314497,349921,466646,0,0,0,0,0,0,0,84152,0,139.93,140.00,140.05
1988,0,0,0,0,93656,93656,93656,3623,3623,3623,591,591,591,0.00,0.00,0.00,0.00,0.00,0.00,0.00,0.00,0.00,0.00,0.00,0.00,0.00,0.00,0.00,0.00,0.00,0.00,0.00,0.00,0.00,304027,407555,681445,319753,421314,691928,0,0,0,0,0,0,0,82289,0,136.90,136.91,136.94
1988,1,0,0,0,93625,93625,93625,3654,3654,3654,591,591,591,0.00,0.00,0.00,0.00,0.00,0.00,0.00,0.00,0.00,0.00,0.00,0.00,0.00,0.00,0.00,0.00,0.00,0.00,0.00,0.00,0.00,306651,375449,508465,322376,388553,521570,0,0,0,0,0,0,0,98778,0,123.27,123.29,123.31
1988,2,0,0,0,93620,93620,93620,3659,3659,3659,591,591,591,0.00,0.00,0.00,0.00,0.00,0.00,0.00,0.00,0.00,0.00,0.00,0.00,0.00,0.00,0.00,0.00,0.00,0.00,0.00,0.00,0.00,429833,551708,906848,445559,564813,919953,0,0,0,0,0,0,0,75605,0,125.68,125.70,125.77
1988,3,0,0,0,93660,93660,93660,3619,3619,3619,591,591,591,0.00,0.00,0.00,0.00,0.00,0.00,0.00,0.00,0.00,0.00,0.00,0.00,0.00,0.00,0.00,0.00,0.00,0.00,0.00,0.00,0.00,293189,315511,364314,306162,329231,377419,0,0,0,0,0,0,0,112361,0,139.81,139.85,139.87
1989,0,0,0,0,93656,93656,93656,3623,3623,3623,591,591,591,0.00,0.00,0.00,0.00,0.00,0.00,0.00,0.00,0.00,0.00,0.00,0.00,0.00,0.00,0.00,0.00,0.00,0.00,0.00,0.00,0.00,293546,357492,589712,309271,372169,608058,0,0,0,0,0,0,0,109765,0,136.93,136.96,136.97
1989,1,0,0,0,93625,93625,93625,3654,3654,3654,591,591,591,0.00,0.00,0.00,0.00,0.00,0.00,0.00,0.00,0.00,0.00,0.00,0.00,0.00,0.00,0.00,0.00,0.00,0.00,0.00,0.00,0.00,296163,358019,587093,309267,372171,602818,0,0,0,0,0,0,0,98774,0,123.19,123.23,123.24
1989,2,0,0,0,93620,93620,93620,3659,3659,3659,591,591,591,0.00,0.00,0.00,0.00,0.00,0.00,0.00,0.00,0.00,0.00,0.00,0.00,0.00,0.00,0.00,0.00,0.00,0.00,0.00,0.00,0.00,413924,660104,1363839,426544,672545,1376730,0,0,0,0,0,0,0,113491,0,125.64,125.70,125.75
1989,3,0,0,0,93660,93660,93660,3619,3619,3619,591,591,591,0.00,0.00,0.00,0.00,0.00,0.00,0.00,0.00,0.00,0.00,0.00,0.00,0.00,0.00,0.00,0.00,0.00,0.00,0.00,0.00,0.00,274330,360465,600202,283067,373745,613307,0,0,0,0,0,0,0,126345,0,139.93,139.96,139.99
1990,0,0,0,0,93656,93656,93656,3623,3623,3623,591,591,591,0.00,0.00,0.00,0.00,0.00,0.00,0.00,0.00,0.00,0.00,0.00,0.00,0.00,0.00,0.00,0.00,0.00,0.00,0.00,0.00,0.00,195679,489111,1176796,204414,501829,1192522,0,0,0,0,0,0,0,123569,0,136.94,137.00,137.05
1990,1,0,0,0,93625,93625,93625,3654,3654,3654,591,591,591,0.00,0.00,0.00,0.00,0.00,0.00,0.00,0.00,0.00,0.00,0.00,0.00,0.00,0.00,0.00,0.00,0.00,0.00,0.00,0.00,0.00,154629,359482,553019,167733,372529,563502,0,0,0,0,0,0,0,111055,0,123.22,123.28,123.32
1990,2,0,0,0,93620,93620,93620,3659,3659,3659,591,591,591,0.00,0.00,0.00,0.00,0.00,0.00,0.00,0.00,0.00,0.00,0.00,0.00,0.00,0.00,0.00,0.00,0.00,0.00,0.00,0.00,0.00,427214,646504,1022165,440319,660803,1035270,0,0,0,0,0,0,0,100682,0,125.52,125.61,125.69
1990,3,0,0,0,93660,93660,93660,3619,3619,3619,591,591,591,0.00,0.00,0.00,0.00,0.00,0.00,0.00,0.00,0.00,0.00,0.00,0.00,0.00,0.00,0.00,0.00,0.00,0.00,0.00,0.00,0.00,298789,473344,867538,311894,486973,880642,0,0,0,0,0,0,0,112289,0,139.97,140.00,140.03
1991,0,0,0,0,93656,93656,93656,3623,3623,3623,591,591,591,0.00,0.00,0.00,0.00,0.00,0.00,0.00,0.00,0.00,0.00,0.00,0.00,0.00,0.00,0.00,0.00,0.00,0.00,0.00,0.00,0.00,298786,361688,602816,311893,375317,615921,0,0,0,0,0,0,0,109739,0,136.87,136.95,136.99
1991,1,0,0,0,93625,93625,93625,3654,3654,3654,591,591,591,0.00,0.00,0.00,0.00,0.00,0.00,0.00,0.00,0.00,0.00,0.00,0.00,0.00,0.00,0.00,0.00,0.00,0.00,0.00,0.00,0.00,298786,365880,513701,314512,380034,526806,0,0,0,0,0,0,0,98769,0,123.21,123.26,123.31
1991,2,0,0,0,93620,93620,93620,3659,3659,3659,591,591,591,0.00,0.00,0.00,0.00,0.00,0.00,0.00,0.00,0.00,0.00,0.00,0.00,0.00,0.00,0.00,0.00,0.00,0.00,0.00,0.00,0.00,429832,524187,893745,442937,538340,909471,0,0,0,0,0,0,0,100891,0,125.59,125.67,125.75
1991,3,0,0,0,93660,93660,93660,3619,3619,3619,591,591,591,0.00,0.00,0.00,0.00,0.00,0.00,0.00,0.00,0.00,0.00,0.00,0.00,0.00,0.00,0.00,0.00,0.00,0.00,0.00,0.00,0.00,301411,355824,505846,317137,369972,518951,0,0,0,0,0,0,0,112307,0,139.90,139.93,139.97
1992,0,0,0,0,93656,93656,93656,3623,3623,3623,591,591,591,0.00,0.00,0.00,0.00,0.00,0.00,0.00,0.00,0.00,0.00,0.00,0.00,0.00,0.00,0.00,0.00,0.00,0.00,0.00,0.00,0.00,309269,445027,689267,322373,459180,702371,0,0,0,0,0,0,0,109886,0,136.88,136.94,136.98
1992,1,0,0,0,93625,93625,93625,3654,3654,3654,591,591,591,0.00,0.00,0.00,0.00,0.00,0.00,0.00,0.00,0.00,0.00,0.00,0.00,0.00,0.00,0.00,0.00,0.00,0.00,0.00,0.00,0.00,296145,350676,539914,309271,364828,553019,0,0,0,0,0,0,0,98756,0,123.15,123.17,123.21
1992,2,0,0,0,93620,93620,93620,3659,3659,3659,591,591,591,0.00,0.00,0.00,0.00,0.00,0.00,0.00,0.00,0.00,0.00,0.00,0.00,0.00,0.00,0.00,0.00,0.00,0.00,0.00,0.00,0.00,424591,540952,961834,437696,554581,974938,0,0,0,0,0,0,0,100956,0,125.74,125.80,125.84
1992,3,0,0,0,93660,93660,93660,3619,3619,3619,591,591,591,0.00,0.00,0.00,0.00,0.00,0.00,0.00,0.00,0.00,0.00,0.00,0.00,0.00,0.00,0.00,0.00,0.00,0.00,0.00,0.00,0.00,293491,324335,416296,306594,337911,429145,0,0,0,0,0,0,0,112390,0,139.93,139.95,139.98
1993,0,0,0,0,93656,93656,93656,3623,3623,3623,591,591,591,0.00,0.00,0.00,0.00,0.00,0.00,0.00,0.00,0.00,0.00,0.00,0.00,0.00,0.00,0.00,0.00,0.00,0.00,0.00,0.00,0.00,296165,331286,463905,309269,345439,479630,0,0,0,0,0,0,0,109714,0,136.87,136.91,136.97
1993,1,0,0,0,93625,93625,93625,3654,3654,3654,591,591,591,0.00,0.00,0.00,0.00,0.00,0.00,0.00,0.00,0.00,0.00,0.00,0.00,0.00,0.00,0.00,0.00,0.00,0.00,0.00,0.00,0.00,293548,354875,547776,306653,368504,563501,0,0,0,0,0,0,0,111106,0,123.17,123.19,123.21
1993,2,0,0,0,93620,93620,93620,3659,3659,3659,591,591,591,0.00,0.00,0.00,0.00,0.00,0.00,0.00,0.00,0.00,0.00,0.00,0.00,0.00,0.00,0.00,0.00,0.00,0.00,0.00,0.00,0.00,284990,785107,1847775,293523,798870,1860880,0,0,0,0,0,0,0,100906,0,125.79,125.81,125.86
1993,3,0,0,0,93660,93660,93660,3619,3619,3619,591,591,591,0.00,0.00,0.00,0.00,0.00,0.00,0.00,0.00,0.00,0.00,0.00,0.00,0.00,0.00,0.00,0.00,0.00,0.00,0.00,0.00,0.00,202687,482427,988099,213171,495531,1001203,0,0,0,0,0,0,0,126427,0,139.93,139.97,140.02
1994,0,0,0,0,93656,93656,93656,3623,3623,3623,591,591,591,0.00,0.00,0.00,0.00,0.00,0.00,0.00,0.00,0.00,0.00,0.00,0.00,0.00,0.00,0.00,0.00,0.00,0.00,0.00,0.00,0.00,195541,519773,1234394,204193,533036,1247498,0,0,0,0,0,0,0,123517,0,136.83,136.87,136.91
1994,1,0,0,0,93625,93625,93625,3654,3654,3654,591,591,591,0.00,0.00,0.00,0.00,0.00,0.00,0.00,0.00,0.00,0.00,0.00,0.00,0.00,0.00,0.00,0.00,0.00,0.00,0.00,0.00,0.00,202684,362214,609813,211420,374860,624995,0,0,0,0,0,0,0,98771,0,123.20,123.26,123.29
1994,2,0,0,0,93620,93620,93620,3659,3659,3659,591,591,591,0.00,0.00,0.00,0.00,0.00,0.00,0.00,0.00,0.00,0.00,0.00,0.00,0.00,0.00,0.00,0.00,0.00,0.00,0.00,0.00,0.00,429835,538859,943536,442940,552488,956641,0,0,0,0,0,0,0,100779,0,125.60,125.70,125.79
1994,3,0,0,0,93660,93660,93660,3619,3619,3619,591,591,591,0.00,0.00,0.00,0.00,0.00,0.00,0.00,0.00,0.00,0.00,0.00,0.00,0.00,0.00,0.00,0.00,0.00,0.00,0.00,0.00,0.00,298789,342291,490096,311893,355920,505821,0,0,0,0,0,0,0,84294,0,139.87,139.93,140.00
1995,0,0,0,0,93656,93656,93656,3623,3623,3623,591,591,591,0.00,0.00,0.00,0.00,0.00,0.00,0.00,0.00,0.00,0.00,0.00,0.00,0.00,0.00,0.00,0.00,0.00,0.00,0.00,0.00,0.00,304027,389863,636888,317132,403623,652614,0,0,0,0,0,0,0,82438,0,136.90,136.92,136.94
1995,1,0,0,0,93625,93625,93625,3654,3654,3654,591,591,591,0.00,0.00,0.00,0.00,0.00,0.00,0.00,0.00,0.00,0.00,0.00,0.00,0.00,0.00,0.00,0.00,0.00,0.00,0.00,0.00,0.00,304012,379374,508457,314495,393789,524183,0,0,0,0,0,0,0,74068,0,123.20,123.23,123.25
1995,2,0,0,0,93620,93620,93620,3659,3659,3659,591,591,591,0.00,0.00,0.00,0.00,0.00,0.00,0.00,0.00,0.00,0.00,0.00,0.00,0.00,0.00,0.00,0.00,0.00,0.00,0.00,0.00,0.00,427213,553675,922577,442939,567435,935682,0,0,0,0,0,0,0,75622,0,125.64,125.69,125.76
1995,3,0,0,0,93660,93660,93660,3619,3619,3619,591,591,591,0.00,0.00,0.00,0.00,0.00,0.00,0.00,0.00,0.00,0.00,0.00,0.00,0.00,0.00,0.00,0.00,0.00,0.00,0.00,0.00,0.00,296167,315169,351211,311893,329584,366936,0,0,0,0,0,0,0,112409,0,140.02,140.03,140.04
1996,0,0,0,0,93656,93656,93656,3623,3623,3623,591,591,591,0.00,0.00,0.00,0.00,0.00,0.00,0.00,0.00,0.00,0.00,0.00,0.00,0.00,0.00,0.00,0.00,0.00,0.00,0.00,0.00,0.00,298787,373744,631642,311891,387373,644746,0,0,0,0,0,0,0,109866,0,136.91,137.00,137.05
1996,1,0,0,0,93625,93625,93625,3654,3654,3654,591,591,591,0.00,0.00,0.00,0.00,0.00,0.00,0.00,0.00,0.00,0.00,0.00,0.00,0.00,0.00,0.00,0.00,0.00,0.00,0.00,0.00,0.00,296164,354348,563496,309271,368502,576600,0,0,0,0,0,0,0,98964,0,123.21,123.30,123.36
1996,2,0,0,0,93620,93620,93620,3659,3659,3659,591,591,591,0.00,0.00,0.00,0.00,0.00,0.00,0.00,0.00,0.00,0.00,0.00,0.00,0.00,0.00,0.00,0.00,0.00,0.00,0.00,0.00,0.00,432447,542008,959265,445558,556162,972370,0,0,0,0,0,0,0,113623,0,125.74,125.80,125.84
1996,3,0,0,0,93660,93660,93660,3619,3619,3619,591,591,591,0.00,0.00,0.00,0.00,0.00,0.00,0.00,0.00,0.00,0.00,0.00,0.00,0.00,0.00,0.00,0.00,0.00,0.00,0.00,0.00,0.00,290880,322005,419346,303982,336112,432450,0,0,0,0,0,0,0,112413,0,140.04,140.09,140.14
1997,0,0,0,0,93656,93656,93656,3623,3623,3623,591,591,591,0.00,0.00,0.00,0.00,0.00,0.00,0.00,0.00,0.00,0.00,0.00,0.00,0.00,0.00,0.00,0.00,0.00,0.00,0.00,0.00,0.00,293528,324468,435077,309253,338622,448182,0,0,0,0,0,0,0,109784,0,136.91,136.95,137.03
1997,1,0,0,0,93625,93625,93625,3654,3654,3654,591,591,591,0.00,0.00,0.00,0.00,0.00,0.00,0.00,0.00,0.00,0.00,0.00,0.00,0.00,0.00,0.00,0.00,0.00,0.00,0.00,0.00,0.00,296166,364309,524188,311892,377938,537293,0,0,0,0,0,0,0,111241,0,123.28,123.32,123.37
1997,2,0,0,0,93620,93620,93620,3659,3659,3659,591,591,591,0.00,0.00,0.00,0.00,0.00,0.00,0.00,0.00,0.00,0.00,0.00,0.00,0.00,0.00,0.00,0.00,0.00,0.00,0.00,0.00,0.00,416394,764686,1955176,429739,777421,1970902,0,0,0,0,0,0,0,100760,0,125.61,125.67,125.75
1997,3,0,0,0,93660,93660,93660,3619,3619,3619,591,591,591,0.00,0.00,0.00,0.00,0.00,0.00,0.00,0.00,0.00,0.00,0.00,0.00,0.00,0.00,0.00,0.00,0.00,0.00,0.00,0.00,0.00,199185,480158,1022174,209669,492738,1037900,0,0,0,0,0,0,0,126511,0,140.08,140.09,140.11
1998,0,0,0,0,93656,93656,93656,3623,3623,3623,591,591,591,0.00,0.00,0.00,0.00,0.00,0.00,0.00,0.00,0.00,0.00,0.00,0.00,0.00,0.00,0.00,0.00,0.00,0.00,0.00,0.00,0.00,197444,522263,1213489,206180,535018,1229214,0,0,0,0,0,0,0,109966,0,136.94,137.05,137.12
1998,1,0,0,0,93625,93625,93625,3654,3654,3654,591,591,591,0.00,0.00,0.00,0.00,0.00,0.00,0.00,0.00,0.00,0.00,0.00,0.00,0.00,0.00,0.00,0.00,0.00,0.00,0.00,0.00,0.00,200939,340540,482244,209675,353819,497969,0,0,0,0,0,0,0,99057,0,123.45,123.56,123.63
1998,2,0,0,0,93620,93620,93620,3659,3659,3659,591,591,591,0.00,0.00,0.00,0.00,0.00,0.00,0.00,0.00,0.00,0.00,0.00,0.00,0.00,0.00,0.00,0.00,0.00,0.00,0.00,0.00,0.00,427212,535718,948782,440317,549871,961886,0,0,0,0,0,0,0,100789,0,125.58,125.60,125.63
1998,3,0,0,0,93660,93660,93660,3619,3619,3619,591,591,591,0.00,0.00,0.00,0.00,0.00,0.00,0.00,0.00,0.00,0.00,0.00,0.00,0.00,0.00,0.00,0.00,0.00,0.00,0.00,0.00,0.00,304032,344393,482251,314516,358022,497976,0,0,0,0,0,0,0,112461,0,140.04,140.09,140.15
1999,0,0,0,0,93656,93656,93656,3623,3623,3623,591,591,591,0.00,0.00,0.00,0.00,0.00,0.00,0.00,0.00,0.00,0.00,0.00,0.00,0.00,0.00,0.00,0.00,0.00,0.00,0.00,0.00,0.00,304025,425108,893703,319750,439261,906807,0,0,0,0,0,0,0,109799,0,136.90,136.99,137.14
1999,1,0,0,0,93625,93625,93625,3654,3654,3654,591,591,591,0.00,0.00,0.00,0.00,0.00,0.00,0.00,0.00,0.00,0.00,0.00,0.00,0.00,0.00,0.00,0.00,0.00,0.00,0.00,0.00,0.00,298782,380558,602814,317128,394711,615918,0,0,0,0,0,0,0,98994,0,123.60,123.64,123.67
1999,2,0,0,0,93620,93620,93620,3659,3659,3659,591,591,591,0.00,0.00,0.00,0.00,0.00,0.00,0.00,0.00,0.00,0.00,0.00,0.00,0.00,0.00,0.00,0.00,0.00,0.00,0.00,0.00,0.00,432455,631644,951404,445560,645273,961887,0,0,0,0,0,0,0,100913,0,125.66,125.71,125.74
1999,3,0,0,0,93660,93660,93660,3619,3619,3619,591,591,591,0.00,0.00,0.00,0.00,0.00,0.00,0.00,0.00,0.00,0.00,0.00,0.00,0.00,0.00,0.00,0.00,0.00,0.00,0.00,0.00,0.00,301409,337051,416736,317117,351204,429841,0,0,0,0,0,0,0,112293,0,139.94,140.04,140.10
2000,0,0,0,0,93656,93656,93656,3623,3623,3623,591,591,591,0.00,0.00,0.00,0.00,0.00,0.00,0.00,0.00,0.00,0.00,0.00,0.00,0.00,0.00,0.00,0.00,0.00,0.00,0.00,0.00,0.00,296166,335479,463906,306650,349108,477011,0,0,0,0,0,0,0,109825,0,136.88,136.93,136.98
2000,1,0,0,0,93625,93625,93625,3654,3654,3654,591,591,591,0.00,0.00,0.00,0.00,0.00,0.00,0.00,0.00,0.00,0.00,0.00,0.00,0.00,0.00,0.00,0.00,0.00,0.00,0.00,0.00,0.00,296167,317129,390501,306651,330757,403605,0,0,0,0,0,0,0,99220,0,123.61,123.69,123.77
2000,2,0,0,0,93620,93620,93620,3659,3659,3659,591,591,591,0.00,0.00,0.00,0.00,0.00,0.00,0.00,0.00,0.00,0.00,0.00,0.00,0.00,0.00,0.00,0.00,0.00,0.00,0.00,0.00,0.00,429832,733857,1879210,442936,748009,1892314,0,0,0,0,0,0,0,113561,0,125.72,125.76,125.78
2000,3,0,0,0,93660,93660,93660,3619,3619,3619,591,591,591,0.00,0.00,0.00,0.00,0.00,0.00,0.00,0.00,0.00,0.00,0.00,0.00,0.00,0.00,0.00,0.00,0.00,0.00,0.00,0.00,0.00,296100,321750,394894,309201,335337,405378,0,0,0,0,0,0,0,126361,0,139.89,139.92,139.94
2001,0,0,0,0,93656,93656,93656,3623,3623,3623,591,591,591,0.00,0.00,0.00,0.00,0.00,0.00,0.00,0.00,0.00,0.00,0.00,0.00,0.00,0.00,0.00,0.00,0.00,0.00,0.00,0.00,0.00,199191,495868,1210806,207928,509671,1226531,0,0,0,0,0,0,0,123589,0,136.93,136.95,136.97
2001,1,0,0,0,93625,93625,93625,3654,3654,3654,591,591,591,0.00,0.00,0.00,0.00,0.00,0.00,0.00,0.00,0.00,0.00,0.00,0.00,0.00,0.00,0.00,0.00,0.00,0.00,0.00,0.00,0.00,296166,386324,529428,309271,399953,542533,0,0,0,0,0,0,0,111597,0,123.72,123.76,123.81
2001,2,0,0,0,93620,93620,93620,3659,3659,3659,591,591,591,0.00,0.00,0.00,0.00,0.00,0.00,0.00,0.00,0.00,0.00,0.00,0.00,0.00,0.00,0.00,0.00,0.00,0.00,0.00,0.00,0.00,297694,596815,972356,306348,610071,985461,0,0,0,0,0,0,0,100861,0,125.75,125.78,125.81
2001,3,0,0,0,93660,93660,93660,3619,3619,3619,591,591,591,0.00,0.00,0.00,0.00,0.00,0.00,0.00,0.00,0.00,0.00,0.00,0.00,0.00,0.00,0.00,0.00,0.00,0.00,0.00,0.00,0.00,304031,473867,846571,314515,486972,859676,0,0,0,0,0,0,0,112292,0,139.99,140.02,140.03
2002,0,0,0,0,93656,93656,93656,3623,3623,3623,591,591,591,0.00,0.00,0.00,0.00,0.00,0.00,0.00,0.00,0.00,0.00,0.00,0.00,0.00,0.00,0.00,0.00,0.00,0.00,0.00,0.00,0.00,296165,352777,555642,311890,365881,571367,0,0,0,0,0,0,0,82345,0,136.93,136.98,137.02
2002,1,0,0,0,93625,93625,93625,3654,3654,3654,591,591,591,0.00,0.00,0.00,0.00,0.00,0.00,0.00,0.00,0.00,0.00,0.00,0.00,0.00,0.00,0.00,0.00,0.00,0.00,0.00,0.00,0.00,197444,345083,511083,207928,358188,524188,0,0,0,0,0,0,0,74410,0,123.82,123.85,123.88
2002,2,0,0,0,93620,93620,93620,3659,3659,3659,591,591,591,0.00,0.00,0.00,0.00,0.00,0.00,0.00,0.00,0.00,0.00,0.00,0.00,0.00,0.00,0.00,0.00,0.00,0.00,0.00,0.00,0.00,432429,532568,917331,445533,546721,930436,0,0,0,0,0,0,0,100824,0,125.69,125.71,125.75
2002,3,0,0,0,93660,93660,93660,3619,3619,3619,591,591,591,0.00,0.00,0.00,0.00,0.00,0.00,0.00,0.00,0.00,0.00,0.00,0.00,0.00,0.00,0.00,0.00,0.00,0.00,0.00,0.00,0.00,298791,372694,479611,311895,386847,495336,0,0,0,0,0,0,0,84399,0,139.93,140.00,140.05
2003,0,0,0,0,93656,93656,93656,3623,3623,3623,591,591,591,0.00,0.00,0.00,0.00,0.00,0.00,0.00,0.00,0.00,0.00,0.00,0.00,0.00,0.00,0.00,0.00,0.00,0.00,0.00,0.00,0.00,311892,403623,678813,322378,418038,697160,0,0,0,0,0,0,0,109859,0,136.98,137.02,137.05
2003,1,0,0,0,93625,93625,93625,3654,3654,3654,591,591,591,0.00,0.00,0.00,0.00,0.00,0.00,0.00,0.00,0.00,0.00,0.00,0.00,0.00,0.00,0.00,0.00,0.00,0.00,0.00,0.00,0.00,296164,378070,581849,309269,391830,594953,0,0,0,0,0,0,0,99192,0,123.73,123.76,123.79
2003,2,0,0,0,93620,93620,93620,3659,3659,3659,591,591,591,0.00,0.00,0.00,0.00,0.00,0.00,0.00,0.00,0.00,0.00,0.00,0.00,0.00,0.00,0.00,0.00,0.00,0.00,0.00,0.00,0.00,432454,567433,959264,445558,581193,972369,0,0,0,0,0,0,0,75546,0,125.56,125.60,125.66
2003,3,0,0,0,93660,93660,93660,3619,3619,3619,591,591,591,0.00,0.00,0.00,0.00,0.00,0.00,0.00,0.00,0.00,0.00,0.00,0.00,0.00,0.00,0.00,0.00,0.00,0.00,0.00,0.00,0.00,301405,323687,385283,317131,338102,401008,0,0,0,0,0,0,0,112480,0,139.97,140.00,140.05
2004,0,0,0,0,93656,93656,93656,3623,3623,3623,591,591,591,0.00,0.00,0.00,0.00,0.00,0.00,0.00,0.00,0.00,0.00,0.00,0.00,0.00,0.00,0.00,0.00,0.00,0.00,0.00,0.00,0.00,296148,402048,618541,311873,416200,631645,0,0,0,0,0,0,0,109946,0,137.08,137.12,137.18
2004,1,0,0,0,93625,93625,93625,3654,3654,3654,591,591,591,0.00,0.00,0.00,0.00,0.00,0.00,0.00,0.00,0.00,0.00,0.00,0.00,0.00,0.00,0.00,0.00,0.00,0.00,0.00,0.00,0.00,290921,301930,317134,304026,315559,330239,0,0,0,0,0,0,0,99267,0,123.75,123.79,123.85
2004,2,0,0,0,93620,93620,93620,3659,3659,3659,591,591,591,0.00,0.00,0.00,0.00,0.00,0.00,0.00,0.00,0.00,0.00,0.00,0.00,0.00,0.00,0.00,0.00,0.00,0.00,0.00,0.00,0.00,435074,807769,1703615,448178,821922,1716720,0,0,0,0,0,0,0,100745,0,125.62,125.69,125.73
2004,3,0,0,0,93660,93660,93660,3619,3619,3619,591,591,591,0.00,0.00,0.00,0.00,0.00,0.00,0.00,0.00,0.00,0.00,0.00,0.00,0.00,0.00,0.00,0.00,0.00,0.00,0.00,0.00,0.00,294465,450111,679682,309963,462821,688418,0,0,0,0,0,0,0,126443,0,140.00,140.02,140.05
2005,0,0,0,0,93656,93656,93656,3623,3623,3623,591,591,591,0.00,0.00,0.00,0.00,0.00,0.00,0.00,0.00,0.00,0.00,0.00,0.00,0.00,0.00,0.00,0.00,0.00,0.00,0.00,0.00,0.00,195697,455868,1168936,204433,469147,1182041,0,0,0,0,0,0,0,123624,0,136.98,137.06,137.15
2005,1,0,0,0,93625,93625,93625,3654,3654,3654,591,591,591,0.00,0.00,0.00,0.00,0.00,0.00,0.00,0.00,0.00,0.00,0.00,0.00,0.00,0.00,0.00,0.00,0.00,0.00,0.00,0.00,0.00,309268,410433,521565,322372,424586,537290,0,0,0,0,0,0,0,99077,0,123.68,123.76,123.83
2005,2,0,0,0,93620,93620,93620,3659,3659,3659,591,591,591,0.00,0.00,0.00,0.00,0.00,0.00,0.00,0.00,0.00,0.00,0.00,0.00,0.00,0.00,0.00,0.00,0.00,0.00,0.00,0.00,0.00,296005,521645,1035491,304660,534393,1049188,0,0,0,0,0,0,0,100915,0,125.66,125.72,125.81
2005,3,0,0,0,93660,93660,93660,3619,3619,3619,591,591,591,0.00,0.00,0.00,0.00,0.00,0.00,0.00,0.00,0.00,0.00,0.00,0.00,0.00,0.00,0.00,0.00,0.00,0.00,0.00,0.00,0.00,298789,376369,563506,314513,390522,576610,0,0,0,0,0,0,0,112424,0,140.00,140.03,140.06
2006,0,0,0,0,93656,93656,93656,3623,3623,3623,591,591,591,0.00,0.00,0.00,0.00,0.00,0.00,0.00,0.00,0.00,0.00,0.00,0.00,0.00,0.00,0.00,0.00,0.00,0.00,0.00,0.00,0.00,301404,439791,684065,314509,453420,699791,0,0,0,0,0,0,0,109817,0,136.93,136.96,136.99
2006,1,0,0,0,93625,93625,93625,3654,3654,3654,591,591,591,0.00,0.00,0.00,0.00,0.00,0.00,0.00,0.00,0.00,0.00,0.00,0.00,0.00,0.00,0.00,0.00,0.00,0.00,0.00,0.00,0.00,207924,350853,495355,218408,363957,508460,0,0,0,0,0,0,0,99140,0,123.73,123.75,123.77
2006,2,0,0,0,93620,93620,93620,3659,3659,3659,591,591,591,0.00,0.00,0.00,0.00,0.00,0.00,0.00,0.00,0.00,0.00,0.00,0.00,0.00,0.00,0.00,0.00,0.00,0.00,0.00,0.00,0.00,427213,531526,904228,442939,545680,917333,0,0,0,0,0,0,0,101021,0,125.84,125.90,125.92
2006,3,0,0,0,93660,93660,93660,3619,3619,3619,591,591,591,0.00,0.00,0.00,0.00,0.00,0.00,0.00,0.00,0.00,0.00,0.00,0.00,0.00,0.00,0.00,0.00,0.00,0.00,0.00,0.00,0.00,301406,326571,411492,314516,340724,424597,0,0,0,0,0,0,0,112532,0,140.01,140.08,140.12
2007,0,0,0,0,93656,93656,93656,3623,3623,3623,591,591,591,0.00,0.00,0.00,0.00,0.00,0.00,0.00,0.00,0.00,0.00,0.00,0.00,0.00,0.00,0.00,0.00,0.00,0.00,0.00,0.00,0.00,298787,363258,589711,314512,377410,602816,0,0,0,0,0,0,0,109794,0,136.93,136.95,136.97
2007,1,0,0,0,93625,93625,93625,3654,3654,3654,591,591,591,0.00,0.00,0.00,0.00,0.00,0.00,0.00,0.00,0.00,0.00,0.00,0.00,0.00,0.00,0.00,0.00,0.00,0.00,0.00,0.00,0.00,298786,418817,631604,311891,432446,644707,0,0,0,0,0,0,0,99112,0,123.59,123.64,123.70
2007,2,0,0,0,93620,93620,93620,3659,3659,3659,591,591,591,0.00,0.00,0.00,0.00,0.00,0.00,0.00,0.00,0.00,0.00,0.00,0.00,0.00,0.00,0.00,0.00,0.00,0.00,0.00,0.00,0.00,427212,537812,909471,440317,551441,922576,0,0,0,0,0,0,0,113472,0,125.79,125.84,125.91
2007,3,0,0,0,93660,93660,93660,3619,3619,3619,591,591,591,0.00,0.00,0.00,0.00,0.00,0.00,0.00,0.00,0.00,0.00,0.00,0.00,0.00,0.00,0.00,0.00,0.00,0.00,0.00,0.00,0.00,296169,323422,398379,311895,337575,414105,0,0,0,0,0,0,0,112535,0,140.08,140.13,140.17
2008,0,0,0,0,93656,93656,93656,3623,3623,3623,591,591,591,0.00,0.00,0.00,0.00,0.00,0.00,0.00,0.00,0.00,0.00,0.00,0.00,0.00,0.00,0.00,0.00,0.00,0.00,0.00,0.00,0.00,296165,334955,479629,309268,348583,492733,0,0,0,0,0,0,0,109810,0,136.95,136.96,136.98
2008,1,0,0,0,93625,93625,93625,3654,3654,3654,591,591,591,0.00,0.00,0.00,0.00,0.00,0.00,0.00,0.00,0.00,0.00,0.00,0.00,0.00,0.00,0.00,0.00,0.00,0.00,0.00,0.00,0.00,298785,362212,534672,314511,376365,545155,0,0,0,0,0,0,0,111519,0,123.63,123.68,123.76
2008,2,0,0,0,93620,93620,93620,3659,3659,3659,591,591,591,0.00,0.00,0.00,0.00,0.00,0.00,0.00,0.00,0.00,0.00,0.00,0.00,0.00,0.00,0.00,0.00,0.00,0.00,0.00,0.00,0.00,432457,810920,1847761,445562,825074,1863486,0,0,0,0,0,0,0,100791,0,125.69,125.73,125.76
2008,3,0,0,0,93660,93660,93660,3619,3619,3619,591,591,591,0.00,0.00,0.00,0.00,0.00,0.00,0.00,0.00,0.00,0.00,0.00,0.00,0.00,0.00,0.00,0.00,0.00,0.00,0.00,0.00,0.00,78627,442953,976754,94352,455505,987238,0,0,0,0,0,0,0,112352,0,140.12,140.14,140.17
2009,0,0,0,0,93656,93656,93656,3623,3623,3623,591,591,591,0.00,0.00,0.00,0.00,0.00,0.00,0.00,0.00,0.00,0.00,0.00,0.00,0.00,0.00,0.00,0.00,0.00,0.00,0.00,0.00,0.00,199191,517370,1210876,209674,530474,1223981,0,0,0,0,0,0,0,109860,0,136.95,137.00,137.02
2009,1,0,0,0,93625,93625,93625,3654,3654,3654,591,591,591,0.00,0.00,0.00,0.00,0.00,0.00,0.00,0.00,0.00,0.00,0.00,0.00,0.00,0.00,0.00,0.00,0.00,0.00,0.00,0.00,0.00,301403,366055,555636,314508,379159,571361,0,0,0,0,0,0,0,74201,0,123.53,123.68,123.77
2009,2,0,0,0,93620,93620,93620,3659,3659,3659,591,591,591,0.00,0.00,0.00,0.00,0.00,0.00,0.00,0.00,0.00,0.00,0.00,0.00,0.00,0.00,0.00,0.00,0.00,0.00,0.00,0.00,0.00,282607,510996,996008,291119,524231,1009113,0,0,0,0,0,0,0,100906,0,125.67,125.72,125.78
2009,3,0,0,0,93660,93660,93660,3619,3619,3619,591,591,591,0.00,0.00,0.00,0.00,0.00,0.00,0.00,0.00,0.00,0.00,0.00,0.00,0.00,0.00,0.00,0.00,0.00,0.00,0.00,0.00,0.00,301411,349108,505845,314516,362736,521571,0,0,0,0,0,0,0,84299,0,140.06,140.09,140.16
2010,0,0,0,0,93656,93656,93656,3623,3623,3623,591,591,591,0.00,0.00,0.00,0.00,0.00,0.00,0.00,0.00,0.00,0.00,0.00,0.00,0.00,0.00,0.00,0.00,0.00,0.00,0.00,0.00,0.00,301407,401658,691926,317131,415417,705031,0,0,0,0,0,0,0,82342,0,136.95,136.98,136.99
2010,1,0,0,0,93625,93625,93625,3654,3654,3654,591,591,591,0.00,0.00,0.00,0.00,0.00,0.00,0.00,0.00,0.00,0.00,0.00,0.00,0.00,0.00,0.00,0.00,0.00,0.00,0.00,0.00,0.00,309272,396409,542531,322376,410169,558256,0,0,0,0,0,0,0,98936,0,123.44,123.45,123.49
2010,2,0,0,0,93620,93620,93620,3659,3659,3659,591,591,591,0.00,0.00,0.00,0.00,0.00,0.00,0.00,0.00,0.00,0.00,0.00,0.00,0.00,0.00,0.00,0.00,0.00,0.00,0.00,0.00,0.00,427215,557607,938303,440320,571367,951408,0,0,0,0,0,0,0,75691,0,125.71,125.79,125.84
2010,3,0,0,0,93660,93660,93660,3619,3619,3619,591,591,591,0.00,0.00,0.00,0.00,0.00,0.00,0.00,0.00,0.00,0.00,0.00,0.00,0.00,0.00,0.00,0.00,0.00,0.00,0.00,0.00,0.00,304031,334170,419345,317136,348585,429829,0,0,0,0,0,0,0,112382,0,140.01,140.06,140.10
2011,0,0,0,0,93656,93656,93656,3623,3623,3623,591,591,591,0.00,0.00,0.00,0.00,0.00,0.00,0.00,0.00,0.00,0.00,0.00,0.00,0.00,0.00,0.00,0.00,0.00,0.00,0.00,0.00,0.00,296164,367979,605435,309268,382132,618539,0,0,0,0,0,0,0,109912,0,137.00,137.03,137.08
2011,1,0,0,0,93625,93625,93625,3654,3654,3654,591,591,591,0.00,0.00,0.00,0.00,0.00,0.00,0.00,0.00,0.00,0.00,0.00,0.00,0.00,0.00,0.00,0.00,0.00,0.00,0.00,0.00,0.00,293541,365882,621164,306646,380035,634269,0,0,0,0,0,0,0,98791,0,123.29,123.33,123.39
2011,2,0,0,0,93620,93620,93620,3659,3659,3659,591,591,591,0.00,0.00,0.00,0.00,0.00,0.00,0.00,0.00,0.00,0.00,0.00,0.00,0.00,0.00,0.00,0.00,0.00,0.00,0.00,0.00,0.00,429835,827164,1913277,442939,841317,1929003,0,0,0,0,0,0,0,113599,0,125.69,125.75,125.85
2011,3,0,0,0,93660,93660,93660,3619,3619,3619,591,591,591,0.00,0.00,0.00,0.00,0.00,0.00,0.00,0.00,0.00,0.00,0.00,0.00,0.00,0.00,0.00,0.00,0.00,0.00,0.00,0.00,0.00,304030,333385,421976,317135,347014,435081,0,0,0,0,0,0,0,126640,0,139.93,140.01,140.16
2012,0,0,0,0,93656,93656,93656,3623,3623,3623,591,591,591,0.00,0.00,0.00,0.00,0.00,0.00,0.00,0.00,0.00,0.00,0.00,0.00,0.00,0.00,0.00,0.00,0.00,0.00,0.00,0.00,0.00,296164,337572,492735,309269,351201,505840,0,0,0,0,0,0,0,123670,0,137.09,137.11,137.14
2012,1,0,0,0,93625,93625,93625,3654,3654,3654,591,591,591,0.00,0.00,0.00,0.00,0.00,0.00,0.00,0.00,0.00,0.00,0.00,0.00,0.00,0.00,0.00,0.00,0.00,0.00,0.00,0.00,0.00,293545,383064,511080,306649,396689,524185,0,0,0,0,0,0,0,111133,0,123.30,123.34,123.39
2012,2,0,0,0,93620,93620,93620,3659,3659,3659,591,591,591,0.00,0.00,0.00,0.00,0.00,0.00,0.00,0.00,0.00,0.00,0.00,0.00,0.00,0.00,0.00,0.00,0.00,0.00,0.00,0.00,0.00,432433,522610,875394,442942,536239,891120,0,0,0,0,0,0,0,100858,0,125.75,125.82,125.89
2012,3,0,0,0,93660,93660,93660,3619,3619,3619,591,591,591,0.00,0.00,0.00,0.00,0.00,0.00,0.00,0.00,0.00,0.00,0.00,0.00,0.00,0.00,0.00,0.00,0.00,0.00,0.00,0.00,0.00,107434,488639,825598,123156,501828,838703,0,0,0,0,0,0,0,112506,0,140.18,140.26,140.31
2013,0,0,0,0,93656,93656,93656,3623,3623,3623,591,591,591,0.00,0.00,0.00,0.00,0.00,0.00,0.00,0.00,0.00,0.00,0.00,0.00,0.00,0.00,0.00,0.00,0.00,0.00,0.00,0.00,0.00,200937,506907,1117491,209674,519976,1132163,0,0,0,0,0,0,0,109842,0,137.01,137.06,137.16
2013,1,0,0,0,93625,93625,93625,3654,3654,3654,591,591,591,0.00,0.00,0.00,0.00,0.00,0.00,0.00,0.00,0.00,0.00,0.00,0.00,0.00,0.00,0.00,0.00,0.00,0.00,0.00,0.00,0.00,298787,316597,335478,311891,329701,345962,0,0,0,0,0,0,0,98750,0,123.19,123.26,123.33
2013,2,0,0,0,93620,93620,93620,3659,3659,3659,591,591,591,0.00,0.00,0.00,0.00,0.00,0.00,0.00,0.00,0.00,0.00,0.00,0.00,0.00,0.00,0.00,0.00,0.00,0.00,0.00,0.00,0.00,424376,570848,919949,437697,584102,935674,0,0,0,0,0,0,0,100887,0,125.69,125.73,125.77
2013,3,0,0,0,93660,93660,93660,3619,3619,3619,591,591,591,0.00,0.00,0.00,0.00,0.00,0.00,0.00,0.00,0.00,0.00,0.00,0.00,0.00,0.00,0.00,0.00,0.00,0.00,0.00,0.00,0.00,304029,344917,497984,317134,359070,513710,0,0,0,0,0,0,0,112625,0,140.13,140.18,140.23
2014,0,0,0,0,93656,93656,93656,3623,3623,3623,591,591,591,0.00,0.00,0.00,0.00,0.00,0.00,0.00,0.00,0.00,0.00,0.00,0.00,0.00,0.00,0.00,0.00,0.00,0.00,0.00,0.00,0.00,304013,390516,678830,317117,404669,691934,0,0,0,0,0,0,0,109952,0,137.04,137.07,137.09
2014,1,0,0,0,93625,93625,93625,3654,3654,3654,591,591,591,0.00,0.00,0.00,0.00,0.00,0.00,0.00,0.00,0.00,0.00,0.00,0.00,0.00,0.00,0.00,0.00,0.00,0.00,0.00,0.00,0.00,293061,363164,518943,308760,377312,534669,0,0,0,0,0,0,0,98838,0,123.25,123.33,123.39
2014,2,0,0,0,93620,93620,93620,3659,3659,3659,591,591,591,0.00,0.00,0.00,0.00,0.00,0.00,0.00,0.00,0.00,0.00,0.00,0.00,0.00,0.00,0.00,0.00,0.00,0.00,0.00,0.00,0.00,429826,528903,922570,442930,542532,938296,0,0,0,0,0,0,0,100836,0,125.70,125.71,125.73
2014,3,0,0,0,93660,93660,93660,3619,3619,3619,591,591,591,0.00,0.00,0.00,0.00,0.00,0.00,0.00,0.00,0.00,0.00,0.00,0.00,0.00,0.00,0.00,0.00,0.00,0.00,0.00,0.00,0.00,298773,341244,421976,314498,354873,435080,0,0,0,0,0,0,0,112562,0,140.28,140.30,140.34
2015,0,0,0,0,93656,93656,93656,3623,3623,3623,591,591,591,0.00,0.00,0.00,0.00,0.00,0.00,0.00,0.00,0.00,0.00,0.00,0.00,0.00,0.00,0.00,0.00,0.00,0.00,0.00,0.00,0.00,296166,404671,665713,311892,418300,678817,0,0,0,0,0,0,0,109759,0,136.87,136.94,137.04
2015,1,0,0,0,93625,93625,93625,3654,3654,3654,591,591,591,0.00,0.00,0.00,0.00,0.00,0.00,0.00,0.00,0.00,0.00,0.00,0.00,0.00,0.00,0.00,0.00,0.00,0.00,0.00,0.00,0.00,293545,340027,508467,306650,354172,521572,0,0,0,0,0,0,0,98878,0,123.31,123.34,123.38
2015,2,0,0,0,93620,93620,93620,3659,3659,3659,591,591,591,0.00,0.00,0.00,0.00,0.00,0.00,0.00,0.00,0.00,0.00,0.00,0.00,0.00,0.00,0.00,0.00,0.00,0.00,0.00,0.00,0.00,427212,819300,1858244,440317,833453,1873970,0,0,0,0,0,0,0,113550,0,125.81,125.84,125.87
2015,3,0,0,0,93660,93660,93660,3619,3619,3619,591,591,591,0.00,0.00,0.00,0.00,0.00,0.00,0.00,0.00,0.00,0.00,0.00,0.00,0.00,0.00,0.00,0.00,0.00,0.00,0.00,0.00,0.00,301409,466084,867927,314516,480103,882978,0,0,0,0,0,0,0,126732,0,140.23,140.27,140.33
2016,0,0,0,0,93656,93656,93656,3623,3623,3623,591,591,591,0.00,0.00,0.00,0.00,0.00,0.00,0.00,0.00,0.00,0.00,0.00,0.00,0.00,0.00,0.00,0.00,0.00,0.00,0.00,0.00,0.00,298782,482738,1213490,311891,496844,1229215,0,0,0,0,0,0,0,123681,0,136.91,136.97,137.01
2016,1,0,0,0,93625,93625,93625,3654,3654,3654,591,591,591,0.00,0.00,0.00,0.00,0.00,0.00,0.00,0.00,0.00,0.00,0.00,0.00,0.00,0.00,0.00,0.00,0.00,0.00,0.00,0.00,0.00,301406,402912,560882,314510,416532,573987,0,0,0,0,0,0,0,98751,0,123.36,123.39,123.44
2016,2,0,0,0,93620,93620,93620,3659,3659,3659,591,591,591,0.00,0.00,0.00,0.00,0.00,0.00,0.00,0.00,0.00,0.00,0.00,0.00,0.00,0.00,0.00,0.00,0.00,0.00,0.00,0.00,0.00,285070,515155,993344,295436,528236,1006449,0,0,0,0,0,0,0,100912,0,125.80,125.85,125.87
2016,3,0,0,0,93660,93660,93660,3619,3619,3619,591,591,591,0.00,0.00,0.00,0.00,0.00,0.00,0.00,0.00,0.00,0.00,0.00,0.00,0.00,0.00,0.00,0.00,0.00,0.00,0.00,0.00,0.00,200942,379339,615928,211426,391920,629033,0,0,0,0,0,0,0,112562,0,140.21,140.27,140.32
2017,0,0,0,0,93656,93656,93656,3623,3623,3623,591,591,591,0.00,0.00,0.00,0.00,0.00,0.00,0.00,0.00,0.00,0.00,0.00,0.00,0.00,0.00,0.00,0.00,0.00,0.00,0.00,0.00,0.00,200938,407094,694548,211421,420198,710274,0,0,0,0,0,0,0,82337,0,137.00,137.01,137.02
2017,1,0,0,0,93625,93625,93625,3654,3654,3654,591,591,591,0.00,0.00,0.00,0.00,0.00,0.00,0.00,0.00,0.00,0.00,0.00,0.00,0.00,0.00,0.00,0.00,0.00,0.00,0.00,0.00,0.00,296163,329071,385210,309268,341640,400826,0,0,0,0,0,0,0,74094,0,123.34,123.37,123.41
2017,2,0,0,0,93620,93620,93620,3659,3659,3659,591,591,591,0.00,0.00,0.00,0.00,0.00,0.00,0.00,0.00,0.00,0.00,0.00,0.00,0.00,0.00,0.00,0.00,0.00,0.00,0.00,0.00,0.00,435067,523133,843898,448171,536762,857002,0,0,0,0,0,0,0,100896,0,125.71,125.76,125.86
2017,3,0,0,0,93660,93660,93660,3619,3619,3619,591,591,591,0.00,0.00,0.00,0.00,0.00,0.00,0.00,0.00,0.00,0.00,0.00,0.00,0.00,0.00,0.00,0.00,0.00,0.00,0.00,0.00,0.00,306646,327091,380039,324992,341768,395765,0,0,0,0,0,0,0,84464,0,140.20,140.24,140.31
2018,0,0,0,0,93656,93656,93656,3623,3623,3623,591,591,591,0.00,0.00,0.00,0.00,0.00,0.00,0.00,0.00,0.00,0.00,0.00,0.00,0.00,0.00,0.00,0.00,0.00,0.00,0.00,0.00,0.00,309269,381345,594951,322373,395105,608056,0,0,0,0,0,0,0,109829,0,136.96,136.97,136.99
2018,1,0,0,0,93625,93625,93625,3654,3654,3654,591,591,591,0.00,0.00,0.00,0.00,0.00,0.00,0.00,0.00,0.00,0.00,0.00,0.00,0.00,0.00,0.00,0.00,0.00,0.00,0.00,0.00,0.00,294114,359210,534670,307128,372947,550396,0,0,0,0,0,0,0,98747,0,123.27,123.32,123.34
2018,2,0,0,0,93620,93620,93620,3659,3659,3659,591,591,591,0.00,0.00,0.00,0.00,0.00,0.00,0.00,0.00,0.00,0.00,0.00,0.00,0.00,0.00,0.00,0.00,0.00,0.00,0.00,0.00,0.00,429835,565469,940922,445560,579229,954027,0,0,0,0,0,0,0,75579,0,125.78,125.81,125.84
2018,3,0,0,0,93660,93660,93660,3619,3619,3619,591,591,591,0.00,0.00,0.00,0.00,0.00,0.00,0.00,0.00,0.00,0.00,0.00,0.00,0.00,0.00,0.00,0.00,0.00,0.00,0.00,0.00,0.00,301404,330240,414114,314516,343345,427218,0,0,0,0,0,0,0,112499,0,140.08,140.09,140.11
2019,0,0,0,0,93656,93656,93656,3623,3623,3623,591,591,591,0.00,0.00,0.00,0.00,0.00,0.00,0.00,0.00,0.00,0.00,0.00,0.00,0.00,0.00,0.00,0.00,0.00,0.00,0.00,0.00,0.00,296164,334425,476981,311889,348578,490085,0,0,0,0,0,0,0,109792,0,136.97,136.99,137.01
2019,1,0,0,0,93625,93625,93625,3654,3654,3654,591,591,591,0.00,0.00,0.00,0.00,0.00,0.00,0.00,0.00,0.00,0.00,0.00,0.00,0.00,0.00,0.00,0.00,0.00,0.00,0.00,0.00,0.00,290922,353307,530880,304027,367454,543891,0,0,0,0,0,0,0,111150,0,123.28,123.31,123.34
2019,2,0,0,0,93620,93620,93620,3659,3659,3659,591,591,591,0.00,0.00,0.00,0.00,0.00,0.00,0.00,0.00,0.00,0.00,0.00,0.00,0.00,0.00,0.00,0.00,0.00,0.00,0.00,0.00,0.00,432448,815111,1902801,448173,829788,1915906,0,0,0,0,0,0,0,100892,0,125.70,125.74,125.77
2019,3,0,0,0,93660,93660,93660,3619,3619,3619,591,591,591,0.00,0.00,0.00,0.00,0.00,0.00,0.00,0.00,0.00,0.00,0.00,0.00,0.00,0.00,0.00,0.00,0.00,0.00,0.00,0.00,0.00,296168,500157,1011689,311894,514221,1024794,0,0,0,0,0,0,0,126717,0,140.16,140.19,140.23
2020,0,0,0,0,93656,93656,93656,3623,3623,3623,591,591,591,0.00,0.00,0.00,0.00,0.00,0.00,0.00,0.00,0.00,0.00,0.00,0.00,0.00,0.00,0.00,0.00,0.00,0.00,0.00,0.00,0.00,298785,537016,1192519,311889,550570,1208244,0,0,0,0,0,0,0,123635,0,136.90,136.96,137.01
2020,1,0,0,0,93625,93625,93625,3654,3654,3654,591,591,591,0.00,0.00,0.00,0.00,0.00,0.00,0.00,0.00,0.00,0.00,0.00,0.00,0.00,0.00,0.00,0.00,0.00,0.00,0.00,0.00,0.00,295637,362062,503220,311334,376208,516324,0,0,0,0,0,0,0,98808,0,123.26,123.31,123.34
2020,2,0,0,0,93620,93620,93620,3659,3659,3659,591,591,591,0.00,0.00,0.00,0.00,0.00,0.00,0.00,0.00,0.00,0.00,0.00,0.00,0.00,0.00,0.00,0.00,0.00,0.00,0.00,0.00,0.00,282247,508293,940920,292636,520854,954025,0,0,0,0,0,0,0,100973,0,125.76,125.81,125.86
2020,3,0,0,0,93660,93660,93660,3619,3619,3619,591,591,591,0.00,0.00,0.00,0.00,0.00,0.00,0.00,0.00,0.00,0.00,0.00,0.00,0.00,0.00,0.00,0.00,0.00,0.00,0.00,0.00,0.00,220162,329715,532050,230646,342820,545155,0,0,0,0,0,0,0,112572,0,140.23,140.29,140.33
2021,0,0,0,0,93656,93656,93656,3623,3623,3623,591,591,591,0.00,0.00,0.00,0.00,0.00,0.00,0.00,0.00,0.00,0.00,0.00,0.00,0.00,0.00,0.00,0.00,0.00,0.00,0.00,0.00,0.00,199191,361678,705034,207927,374957,720760,0,0,0,0,0,0,0,109954,0,137.04,137.15,137.20
2021,1,0,0,0,93625,93625,93625,3654,3654,3654,591,591,591,0.00,0.00,0.00,0.00,0.00,0.00,0.00,0.00,0.00,0.00,0.00,0.00,0.00,0.00,0.00,0.00,0.00,0.00,0.00,0.00,0.00,304028,376132,547382,319753,388886,560477,0,0,0,0,0,0,0,98862,0,123.38,123.40,123.43
2021,2,0,0,0,93620,93620,93620,3659,3659,3659,591,591,591,0.00,0.00,0.00,0.00,0.00,0.00,0.00,0.00,0.00,0.00,0.00,0.00,0.00,0.00,0.00,0.00,0.00,0.00,0.00,0.00,0.00,415855,530513,949826,428457,544150,963473,0,0,0,0,0,0,0,100845,0,125.77,125.83,125.89
2021,3,0,0,0,93660,93660,93660,3619,3619,3619,591,591,591,0.00,0.00,0.00,0.00,0.00,0.00,0.00,0.00,0.00,0.00,0.00,0.00,0.00,0.00,0.00,0.00,0.00,0.00,0.00,0.00,0.00,298790,313989,364307,311895,327618,380032,0,0,0,0,0,0,0,112627,0,140.18,140.21,140.26
2022,0,0,0,0,93656,93656,93656,3623,3623,3623,591,591,591,0.00,0.00,0.00,0.00,0.00,0.00,0.00,0.00,0.00,0.00,0.00,0.00,0.00,0.00,0.00,0.00,0.00,0.00,0.00,0.00,0.00,298785,366402,610674,311892,380554,623779,0,0,0,0,0,0,0,109751,0,136.92,137.01,137.12
2022,1,0,0,0,93625,93625,93625,3654,3654,3654,591,591,591,0.00,0.00,0.00,0.00,0.00,0.00,0.00,0.00,0.00,0.00,0.00,0.00,0.00,0.00,0.00,0.00,0.00,0.00,0.00,0.00,0.00,296165,375730,652611,309270,390401,665715,0,0,0,0,0,0,0,98931,0,123.37,123.41,123.48
2022,2,0,0,0,93620,93620,93620,3659,3659,3659,591,591,591,0.00,0.00,0.00,0.00,0.00,0.00,0.00,0.00,0.00,0.00,0.00,0.00,0.00,0.00,0.00,0.00,0.00,0.00,0.00,0.00,0.00,435076,836598,1866117,448181,850751,1881843,0,0,0,0,0,0,0,113648,0,125.82,125.89,125.93
2022,3,0,0,0,93660,93660,93660,3619,3619,3619,591,591,591,0.00,0.00,0.00,0.00,0.00,0.00,0.00,0.00,0.00,0.00,0.00,0.00,0.00,0.00,0.00,0.00,0.00,0.00,0.00,0.00,0.00,296169,324469,416708,309274,338622,427191,0,0,0,0,0,0,0,126382,0,139.89,139.98,140.07
2023,0,0,0,0,93656,93656,93656,3623,3623,3623,591,591,591,0.00,0.00,0.00,0.00,0.00,0.00,0.00,0.00,0.00,0.00,0.00,0.00,0.00,0.00,0.00,0.00,0.00,0.00,0.00,0.00,0.00,296163,327091,442937,309267,340720,456041,0,0,0,0,0,0,0,123489,0,136.99,137.03,137.06
2023,1,0,0,0,93625,93625,93625,3654,3654,3654,591,591,591,0.00,0.00,0.00,0.00,0.00,0.00,0.00,0.00,0.00,0.00,0.00,0.00,0.00,0.00,0.00,0.00,0.00,0.00,0.00,0.00,0.00,298788,402287,545153,311893,415907,558258,0,0,0,0,0,0,0,111210,0,123.36,123.39,123.41
2023,2,0,0,0,93620,93620,93620,3659,3659,3659,591,591,591,0.00,0.00,0.00,0.00,0.00,0.00,0.00,0.00,0.00,0.00,0.00,0.00,0.00,0.00,0.00,0.00,0.00,0.00,0.00,0.00,0.00,424593,529431,925199,440319,543060,938303,0,0,0,0,0,0,0,101060,0,125.92,125.96,125.99
2023,3,0,0,0,93660,93660,93660,3619,3619,3619,591,591,591,0.00,0.00,0.00,0.00,0.00,0.00,0.00,0.00,0.00,0.00,0.00,0.00,0.00,0.00,0.00,0.00,0.00,0.00,0.00,0.00,0.00,290930,526969,807256,306656,541084,820361,0,0,0,0,0,0,0,112315,0,139.89,139.92,139.95
2024,0,0,0,0,93656,93656,93656,3623,3623,3623,591,591,591,0.00,0.00,0.00,0.00,0.00,0.00,0.00,0.00,0.00,0.00,0.00,0.00,0.00,0.00,0.00,0.00,0.00,0.00,0.00,0.00,0.00,296132,544130,1244929,311856,558239,1260655,0,0,0,0,0,0,0,109854,0,137.02,137.05,137.08
2024,1,0,0,0,93625,93625,93625,3654,3654,3654,591,591,591,0.00,0.00,0.00,0.00,0.00,0.00,0.00,0.00,0.00,0.00,0.00,0.00,0.00,0.00,0.00,0.00,0.00,0.00,0.00,0.00,0.00,209673,315933,477008,218409,328658,490113,0,0,0,0,0,0,0,74128,0,123.37,123.42,123.45
2024,2,0,0,0,93620,93620,93620,3659,3659,3659,591,591,591,0.00,0.00,0.00,0.00,0.00,0.00,0.00,0.00,0.00,0.00,0.00,0.00,0.00,0.00,0.00,0.00,0.00,0.00,0.00,0.00,0.00,277888,597439,951407,286412,610628,967133,0,0,0,0,0,0,0,101054,0,126.00,126.01,126.02
2024,3,0,0,0,93660,93660,93660,3619,3619,3619,591,591,591,0.00,0.00,0.00,0.00,0.00,0.00,0.00,0.00,0.00,0.00,0.00,0.00,0.00,0.00,0.00,0.00,0.00,0.00,0.00,0.00,0.00,200934,321151,474389,211417,333731,487494,0,0,0,0,0,0,0,84305,0,139.99,140.06,140.11
2025,0,0,0,0,93656,93656,93656,3623,3623,3623,591,591,591,0.00,0.00,0.00,0.00,0.00,0.00,0.00,0.00,0.00,0.00,0.00,0.00,0.00,0.00,0.00,0.00,0.00,0.00,0.00,0.00,0.00,304024,381999,587088,319749,394667,595825,0,0,0,0,0,0,0,82281,0,136.90,136.94,137.02
2025,1,0,0,0,93625,93625,93625,3654,3654,3654,591,591,591,0.00,0.00,0.00,0.00,0.00,0.00,0.00,0.00,0.00,0.00,0.00,0.00,0.00,0.00,0.00,0.00,0.00,0.00,0.00,0.00,0.00,298785,412787,642093,309269,426547,657818,0,0,0,0,0,0,0,98808,0,123.28,123.30,123.33
2025,2,0,0,0,93620,93620,93620,3659,3659,3659,591,591,591,0.00,0.00,0.00,0.00,0.00,0.00,0.00,0.00,0.00,0.00,0.00,0.00,0.00,0.00,0.00,0.00,0.00,0.00,0.00,0.00,0.00,427138,564139,969747,440321,577972,982852,0,0,0,0,0,0,0,75846,0,125.98,126.00,126.02
2025,3,0,0,0,93660,93660,93660,3619,3619,3619,591,591,591,0.00,0.00,0.00,0.00,0.00,0.00,0.00,0.00,0.00,0.00,0.00,0.00,0.00,0.00,0.00,0.00,0.00,0.00,0.00,0.00,0.00,301405,336137,393144,314509,350552,406249,0,0,0,0,0,0,0,112504,0,140.01,140.04,140.06
2026,0,0,0,0,93656,93656,93656,3623,3623,3623,591,591,591,0.00,0.00,0.00,0.00,0.00,0.00,0.00,0.00,0.00,0.00,0.00,0.00,0.00,0.00,0.00,0.00,0.00,0.00,0.00,0.00,0.00,304027,345438,487491,319752,359591,500596,0,0,0,0,0,0,0,109807,0,136.88,136.94,136.99
2026,1,0,0,0,93625,93625,93625,3654,3654,3654,591,591,591,0.00,0.00,0.00,0.00,0.00,0.00,0.00,0.00,0.00,0.00,0.00,0.00,0.00,0.00,0.00,0.00,0.00,0.00,0.00,0.00,0.00,293144,312335,372171,306231,326484,387896,0,0,0,0,0,0,0,98879,0,123.23,123.30,123.36
2026,2,0,0,0,93620,93620,93620,3659,3659,3659,591,591,591,0.00,0.00,0.00,0.00,0.00,0.00,0.00,0.00,0.00,0.00,0.00,0.00,0.00,0.00,0.00,0.00,0.00,0.00,0.00,0.00,0.00,427215,736484,1915916,442941,750638,1929020,0,0,0,0,0,0,0,113889,0,126.05,126.13,126.16
2026,3,0,0,0,93660,93660,93660,3619,3619,3619,591,591,591,0.00,0.00,0.00,0.00,0.00,0.00,0.00,0.00,0.00,0.00,0.00,0.00,0.00,0.00,0.00,0.00,0.00,0.00,0.00,0.00,0.00,296171,360642,600197,309276,374271,613302,0,0,0,0,0,0,0,126451,0,140.04,140.05,140.06
2027,0,0,0,0,93656,93656,93656,3623,3623,3623,591,591,591,0.00,0.00,0.00,0.00,0.00,0.00,0.00,0.00,0.00,0.00,0.00,0.00,0.00,0.00,0.00,0.00,0.00,0.00,0.00,0.00,0.00,309271,540956,1237087,324996,554585,1250192,0,0,0,0,0,0,0,123602,0,136.94,136.96,136.99
2027,1,0,0,0,93625,93625,93625,3654,3654,3654,591,591,591,0.00,0.00,0.00,0.00,0.00,0.00,0.00,0.00,0.00,0.00,0.00,0.00,0.00,0.00,0.00,0.00,0.00,0.00,0.00,0.00,0.00,301536,399250,500598,317268,413394,513703,0,0,0,0,0,0,0,111122,0,123.37,123.40,123.43
2027,2,0,0,0,93620,93620,93620,3659,3659,3659,591,591,591,0.00,0.00,0.00,0.00,0.00,0.00,0.00,0.00,0.00,0.00,0.00,0.00,0.00,0.00,0.00,0.00,0.00,0.00,0.00,0.00,0.00,429811,620631,961890,440294,634260,974995,0,0,0,0,0,0,0,101125,0,126.08,126.11,126.15
2027,3,0,0,0,93660,93660,93660,3619,3619,3619,591,591,591,0.00,0.00,0.00,0.00,0.00,0.00,0.00,0.00,0.00,0.00,0.00,0.00,0.00,0.00,0.00,0.00,0.00,0.00,0.00,0.00,0.00,301406,477596,885882,314511,491183,898987,0,0,0,0,0,0,0,112532,0,140.05,140.13,140.17
2028,0,0,0,0,93656,93656,93656,3623,3623,3623,591,591,591,0.00,0.00,0.00,0.00,0.00,0.00,0.00,0.00,0.00,0.00,0.00,0.00,0.00,0.00,0.00,0.00,0.00,0.00,0.00,0.00,0.00,290872,351519,571365,303975,365115,587090,0,0,0,0,0,0,0,109847,0,136.94,136.96,137.02
2028,1,0,0,0,93625,93625,93625,3654,3654,3654,591,591,591,0.00,0.00,0.00,0.00,0.00,0.00,0.00,0.00,0.00,0.00,0.00,0.00,0.00,0.00,0.00,0.00,0.00,0.00,0.00,0.00,0.00,282806,342926,505841,293280,356035,521567,0,0,0,0,0,0,0,98780,0,123.30,123.35,123.38
2028,2,0,0,0,93620,93620,93620,3659,3659,3659,591,591,591,0.00,0.00,0.00,0.00,0.00,0.00,0.00,0.00,0.00,0.00,0.00,0.00,0.00,0.00,0.00,0.00,0.00,0.00,0.00,0.00,0.00,422066,464975,605450,434934,478190,614099,0,0,0,0,0,0,0,101052,0,126.01,126.07,126.11
2028,3,0,0,0,93660,93660,93660,3619,3619,3619,591,591,591,0.00,0.00,0.00,0.00,0.00,0.00,0.00,0.00,0.00,0.00,0.00,0.00,0.00,0.00,0.00,0.00,0.00,0.00,0.00,0.00,0.00,202687,345094,487503,213170,358723,503229,0,0,0,0,0,0,0,112434,0,140.03,140.11,140.20
2029,0,0,0,0,93656,93656,93656,3623,3623,3623,591,591,591,0.00,0.00,0.00,0.00,0.00,0.00,0.00,0.00,0.00,0.00,0.00,0.00,0.00,0.00,0.00,0.00,0.00,0.00,0.00,0.00,0.00,207926,427383,678822,216663,440662,694548,0,0,0,0,0,0,0,109803,0,136.96,136.98,137.00
2029,1,0,0,0,93625,93625,93625,3654,3654,3654,591,591,591,0.00,0.00,0.00,0.00,0.00,0.00,0.00,0.00,0.00,0.00,0.00,0.00,0.00,0.00,0.00,0.00,0.00,0.00,0.00,0.00,0.00,293546,359942,581851,306651,373563,594955,0,0,0,0,0,0,0,98899,0,123.28,123.33,123.38
2029,2,0,0,0,93620,93620,93620,3659,3659,3659,591,591,591,0.00,0.00,0.00,0.00,0.00,0.00,0.00,0.00,0.00,0.00,0.00,0.00,0.00,0.00,0.00,0.00,0.00,0.00,0.00,0.00,0.00,424594,547780,985475,440320,561991,995959,0,0,0,0,0,0,0,101095,0,126.01,126.04,126.09
2029,3,0,0,0,93660,93660,93660,3619,3619,3619,591,591,591,0.00,0.00,0.00,0.00,0.00,0.00,0.00,0.00,0.00,0.00,0.00,0.00,0.00,0.00,0.00,0.00,0.00,0.00,0.00,0.00,0.00,304027,322896,390501,314516,336525,403605,0,0,0,0,0,0,0,112422,0,139.93,139.96,139.99
2030,0,0,0,0,93656,93656,93656,3623,3623,3623,591,591,591,0.00,0.00,0.00,0.00,0.00,0.00,0.00,0.00,0.00,0.00,0.00,0.00,0.00,0.00,0.00,0.00,0.00,0.00,0.00,0.00,0.00,293545,336002,482252,306649,350155,495357,0,0,0,0,0,0,0,109823,0,136.97,137.02,137.05
2030,1,0,0,0,93625,93625,93625,3654,3654,3654,591,591,591,0.00,0.00,0.00,0.00,0.00,0.00,0.00,0.00,0.00,0.00,0.00,0.00,0.00,0.00,0.00,0.00,0.00,0.00,0.00,0.00,0.00,293532,408035,621164,306636,422179,634269,0,0,0,0,0,0,0,111227,0,123.36,123.38,123.39
2030,2,0,0,0,93620,93620,93620,3659,3659,3659,591,591,591,0.00,0.00,0.00,0.00,0.00,0.00,0.00,0.00,0.00,0.00,0.00,0.00,0.00,0.00,0.00,0.00,0.00,0.00,0.00,0.00,0.00,435047,810915,1879222,445559,824544,1894948,0,0,0,0,0,0,0,101135,0,126.07,126.09,126.11
2030,3,0,0,0,93660,93660,93660,3619,3619,3619,591,591,591,0.00,0.00,0.00,0.00,0.00,0.00,0.00,0.00,0.00,0.00,0.00,0.00,0.00,0.00,0.00,0.00,0.00,0.00,0.00,0.00,0.00,296170,538344,822984,309275,551973,836089,0,0,0,0,0,0,0,126408,0,139.93,139.97,140.00
2031,0,0,0,0,93656,93656,93656,3623,3623,3623,591,591,591,0.00,0.00,0.00,0.00,0.00,0.00,0.00,0.00,0.00,0.00,0.00,0.00,0.00,0.00,0.00,0.00,0.00,0.00,0.00,0.00,0.00,296162,541485,1221364,309266,555114,1234469,0,0,0,0,0,0,0,123668,0,136.98,137.01,137.04
2031,1,0,0,0,93625,93625,93625,3654,3654,3654,591,591,591,0.00,0.00,0.00,0.00,0.00,0.00,0.00,0.00,0.00,0.00,0.00,0.00,0.00,0.00,0.00,0.00,0.00,0.00,0.00,0.00,0.00,292818,363116,513705,310799,377196,526810,0,0,0,0,0,0,0,98872,0,123.38,123.39,123.40
2031,2,0,0,0,93620,93620,93620,3659,3659,3659,591,591,591,0.00,0.00,0.00,0.00,0.00,0.00,0.00,0.00,0.00,0.00,0.00,0.00,0.00,0.00,0.00,0.00,0.00,0.00,0.00,0.00,0.00,427214,538866,974989,440319,553019,990715,0,0,0,0,0,0,0,101024,0,125.96,126.02,126.08
2031,3,0,0,0,93660,93660,93660,3619,3619,3619,591,591,591,0.00,0.00,0.00,0.00,0.00,0.00,0.00,0.00,0.00,0.00,0.00,0.00,0.00,0.00,0.00,0.00,0.00,0.00,0.00,0.00,0.00,290923,336530,479633,306649,350684,492738,0,0,0,0,0,0,0,112404,0,139.98,140.00,140.06
2032,0,0,0,0,93656,93656,93656,3623,3623,3623,591,591,591,0.00,0.00,0.00,0.00,0.00,0.00,0.00,0.00,0.00,0.00,0.00,0.00,0.00,0.00,0.00,0.00,0.00,0.00,0.00,0.00,0.00,213169,357856,686584,221905,371098,702307,0,0,0,0,0,0,0,82423,0,137.03,137.10,137.15
2032,1,0,0,0,93625,93625,93625,3654,3654,3654,591,591,591,0.00,0.00,0.00,0.00,0.00,0.00,0.00,0.00,0.00,0.00,0.00,0.00,0.00,0.00,0.00,0.00,0.00,0.00,0.00,0.00,0.00,298740,373923,499812,311843,386607,512562,0,0,0,0,0,0,0,74143,0,123.36,123.40,123.43
2032,2,0,0,0,93620,93620,93620,3659,3659,3659,591,591,591,0.00,0.00,0.00,0.00,0.00,0.00,0.00,0.00,0.00,0.00,0.00,0.00,0.00,0.00,0.00,0.00,0.00,0.00,0.00,0.00,0.00,281542,504371,954035,291905,517453,969761,0,0,0,0,0,0,0,100987,0,125.87,125.90,125.91
2032,3,0,0,0,93660,93660,93660,3619,3619,3619,591,591,591,0.00,0.00,0.00,0.00,0.00,0.00,0.00,0.00,0.00,0.00,0.00,0.00,0.00,0.00,0.00,0.00,0.00,0.00,0.00,0.00,0.00,197439,294768,361694,206176,308047,377420,0,0,0,0,0,0,0,84325,0,140.01,140.05,140.09
2033,0,0,0,0,93656,93656,93656,3623,3623,3623,591,591,591,0.00,0.00,0.00,0.00,0.00,0.00,0.00,0.00,0.00,0.00,0.00,0.00,0.00,0.00,0.00,0.00,0.00,0.00,0.00,0.00,0.00,293543,382655,610679,306648,396415,623784,0,0,0,0,0,0,0,109757,0,136.88,136.92,136.94
2033,1,0,0,0,93625,93625,93625,3654,3654,3654,591,591,591,0.00,0.00,0.00,0.00,0.00,0.00,0.00,0.00,0.00,0.00,0.00,0.00,0.00,0.00,0.00,0.00,0.00,0.00,0.00,0.00,0.00,290921,298786,311890,306647,313201,324995,0,0,0,0,0,0,0,98978,0,123.34,123.38,123.41
2033,2,0,0,0,93620,93620,93620,3659,3659,3659,591,591,591,0.00,0.00,0.00,0.00,0.00,0.00,0.00,0.00,0.00,0.00,0.00,0.00,0.00,0.00,0.00,0.00,0.00,0.00,0.00,0.00,0.00,424594,556952,914712,437699,570712,930438,0,0,0,0,0,0,0,88387,0,125.96,125.99,126.01
2033,3,0,0,0,93660,93660,93660,3619,3619,3619,591,591,591,0.00,0.00,0.00,0.00,0.00,0.00,0.00,0.00,0.00,0.00,0.00,0.00,0.00,0.00,0.00,0.00,0.00,0.00,0.00,0.00,0.00,298789,331550,411483,311893,345309,424587,0,0,0,0,0,0,0,112393,0,139.97,140.02,140.06
2034,0,0,0,0,93656,93656,93656,3623,3623,3623,591,591,591,0.00,0.00,0.00,0.00,0.00,0.00,0.00,0.00,0.00,0.00,0.00,0.00,0.00,0.00,0.00,0.00,0.00,0.00,0.00,0.00,0.00,296164,334427,471765,311890,348580,482249,0,0,0,0,0,0,0,109778,0,136.89,136.93,136.96
2034,1,0,0,0,93625,93625,93625,3654,3654,3654,591,591,591,0.00,0.00,0.00,0.00,0.00,0.00,0.00,0.00,0.00,0.00,0.00,0.00,0.00,0.00,0.00,0.00,0.00,0.00,0.00,0.00,0.00,293545,368503,534675,306649,382132,550401,0,0,0,0,0,0,0,111302,0,123.40,123.43,123.46
2034,2,0,0,0,93620,93620,93620,3659,3659,3659,591,591,591,0.00,0.00,0.00,0.00,0.00,0.00,0.00,0.00,0.00,0.00,0.00,0.00,0.00,0.00,0.00,0.00,0.00,0.00,0.00,0.00,0.00,432455,818252,1900144,445559,831881,1913248,0,0,0,0,0,0,0,101066,0,125.96,125.98,126.00
2034,3,0,0,0,93660,93660,93660,3619,3619,3619,591,591,591,0.00,0.00,0.00,0.00,0.00,0.00,0.00,0.00,0.00,0.00,0.00,0.00,0.00,0.00,0.00,0.00,0.00,0.00,0.00,0.00,0.00,301410,503216,1009046,317136,517369,1022150,0,0,0,0,0,0,0,126387,0,140.03,140.05,140.09
2035,0,0,0,0,93656,93656,93656,3623,3623,3623,591,591,591,0.00,0.00,0.00,0.00,0.00,0.00,0.00,0.00,0.00,0.00,0.00,0.00,0.00,0.00,0.00,0.00,0.00,0.00,0.00,0.00,0.00,293544,540437,1216118,306649,554066,1231844,0,0,0,0,0,0,0,109823,0,136.80,136.85,136.90
2035,1,0,0,0,93625,93625,93625,3654,3654,3654,591,591,591,0.00,0.00,0.00,0.00,0.00,0.00,0.00,0.00,0.00,0.00,0.00,0.00,0.00,0.00,0.00,0.00,0.00,0.00,0.00,0.00,0.00,293544,392612,526808,306649,406241,539912,0,0,0,0,0,0,0,98880,0,123.40,123.42,123.45
2035,2,0,0,0,93620,93620,93620,3659,3659,3659,591,591,591,0.00,0.00,0.00,0.00,0.00,0.00,0.00,0.00,0.00,0.00,0.00,0.00,0.00,0.00,0.00,0.00,0.00,0.00,0.00,0.00,0.00,421943,534667,964509,435047,548821,982856,0,0,0,0,0,0,0,100980,0,125.88,125.91,125.96
2035,3,0,0,0,93660,93660,93660,3619,3619,3619,591,591,591,0.00,0.00,0.00,0.00,0.00,0.00,0.00,0.00,0.00,0.00,0.00,0.00,0.00,0.00,0.00,0.00,0.00,0.00,0.00,0.00,0.00,202689,324124,490116,211426,336880,505842,0,0,0,0,0,0,0,112462,0,140.01,140.04,140.12
2036,0,0,0,0,93656,93656,93656,3623,3623,3623,591,591,591,0.00,0.00,0.00,0.00,0.00,0.00,0.00,0.00,0.00,0.00,0.00,0.00,0.00,0.00,0.00,0.00,0.00,0.00,0.00,0.00,0.00,296168,371937,651501,311894,386537,661601,0,0,0,0,0,0,0,109933,0,137.02,137.08,137.11
2036,1,0,0,0,93625,93625,93625,3654,3654,3654,591,591,591,0.00,0.00,0.00,0.00,0.00,0.00,0.00,0.00,0.00,0.00,0.00,0.00,0.00,0.00,0.00,0.00,0.00,0.00,0.00,0.00,0.00,213168,354091,558258,223652,367147,568742,0,0,0,0,0,0,0,98988,0,123.41,123.46,123.50
2036,2,0,0,0,93620,93620,93620,3659,3659,3659,591,591,591,0.00,0.00,0.00,0.00,0.00,0.00,0.00,0.00,0.00,0.00,0.00,0.00,0.00,0.00,0.00,0.00,0.00,0.00,0.00,0.00,0.00,283910,610736,975380,294297,623830,989041,0,0,0,0,0,0,0,100917,0,125.83,125.86,125.90
2036,3,0,0,0,93660,93660,93660,3619,3619,3619,591,591,591,0.00,0.00,0.00,0.00,0.00,0.00,0.00,0.00,0.00,0.00,0.00,0.00,0.00,0.00,0.00,0.00,0.00,0.00,0.00,0.00,0.00,298788,337578,482253,311894,351731,497978,0,0,0,0,0,0,0,112429,0,139.97,140.00,140.03
2037,0,0,0,0,93656,93656,93656,3623,3623,3623,591,591,591,0.00,0.00,0.00,0.00,0.00,0.00,0.00,0.00,0.00,0.00,0.00,0.00,0.00,0.00,0.00,0.00,0.00,0.00,0.00,0.00,0.00,207847,350819,652484,216580,363574,665586,0,0,0,0,0,0,0,109835,0,136.99,137.07,137.12
2037,1,0,0,0,93625,93625,93625,3654,3654,3654,591,591,591,0.00,0.00,0.00,0.00,0.00,0.00,0.00,0.00,0.00,0.00,0.00,0.00,0.00,0.00,0.00,0.00,0.00,0.00,0.00,0.00,0.00,293525,362734,623786,309250,376886,636891,0,0,0,0,0,0,0,98790,0,123.28,123.37,123.48
2037,2,0,0,0,93620,93620,93620,3659,3659,3659,591,591,591,0.00,0.00,0.00,0.00,0.00,0.00,0.00,0.00,0.00,0.00,0.00,0.00,0.00,0.00,0.00,0.00,0.00,0.00,0.00,0.00,0.00,429811,731235,1892309,442915,745388,1905414,0,0,0,0,0,0,0,113663,0,125.85,125.89,125.92
2037,3,0,0,0,93660,93660,93660,3619,3619,3619,591,591,591,0.00,0.00,0.00,0.00,0.00,0.00,0.00,0.00,0.00,0.00,0.00,0.00,0.00,0.00,0.00,0.00,0.00,0.00,0.00,0.00,0.00,298773,387898,610685,311877,401527,623790,0,0,0,0,0,0,0,126367,0,139.96,140.00,140.04
2038,0,0,0,0,93656,93656,93656,3623,3623,3623,591,591,591,0.00,0.00,0.00,0.00,0.00,0.00,0.00,0.00,0.00,0.00,0.00,0.00,0.00,0.00,0.00,0.00,0.00,0.00,0.00,0.00,0.00,301408,524144,1226588,314513,538296,1242314,0,0,0,0,0,0,0,123750,0,137.01,137.05,137.12
2038,1,0,0,0,93625,93625,93625,3654,3654,3654,591,591,591,0.00,0.00,0.00,0.00,0.00,0.00,0.00,0.00,0.00,0.00,0.00,0.00,0.00,0.00,0.00,0.00,0.00,0.00,0.00,0.00,0.00,296167,404671,524183,309271,418300,537288,0,0,0,0,0,0,0,111156,0,123.27,123.32,123.40
2038,2,0,0,0,93620,93620,93620,3659,3659,3659,591,591,591,0.00,0.00,0.00,0.00,0.00,0.00,0.00,0.00,0.00,0.00,0.00,0.00,0.00,0.00,0.00,0.00,0.00,0.00,0.00,0.00,0.00,429834,630599,967128,442940,644228,980232,0,0,0,0,0,0,0,100931,0,125.83,125.88,125.91
2038,3,0,0,0,93660,93660,93660,3619,3619,3619,591,591,591,0.00,0.00,0.00,0.00,0.00,0.00,0.00,0.00,0.00,0.00,0.00,0.00,0.00,0.00,0.00,0.00,0.00,0.00,0.00,0.00,0.00,290928,471773,851815,306654,485926,864920,0,0,0,0,0,0,0,112354,0,139.91,139.99,140.02
2039,0,0,0,0,93656,93656,93656,3623,3623,3623,591,591,591,0.00,0.00,0.00,0.00,0.00,0.00,0.00,0.00,0.00,0.00,0.00,0.00,0.00,0.00,0.00,0.00,0.00,0.00,0.00,0.00,0.00,298788,354351,555644,311892,367980,566128,0,0,0,0,0,0,0,82293,0,137.03,137.11,137.18
2039,1,0,0,0,93625,93625,93625,3654,3654,3654,591,591,591,0.00,0.00,0.00,0.00,0.00,0.00,0.00,0.00,0.00,0.00,0.00,0.00,0.00,0.00,0.00,0.00,0.00,0.00,0.00,0.00,0.00,296166,367252,526811,311891,381338,539915,0,0,0,0,0,0,0,74250,0,123.42,123.48,123.51
2039,2,0,0,0,93620,93620,93620,3659,3659,3659,591,591,591,0.00,0.00,0.00,0.00,0.00,0.00,0.00,0.00,0.00,0.00,0.00,0.00,0.00,0.00,0.00,0.00,0.00,0.00,0.00,0.00,0.00,432455,528909,896373,445560,543062,909478,0,0,0,0,0,0,0,101045,0,125.85,125.89,125.92
2039,3,0,0,0,93660,93660,93660,3619,3619,3619,591,591,591,0.00,0.00,0.00,0.00,0.00,0.00,0.00,0.00,0.00,0.00,0.00,0.00,0.00,0.00,0.00,0.00,0.00,0.00,0.00,0.00,0.00,200941,354174,503219,211424,366754,516323,0,0,0,0,0,0,0,84311,0,139.85,139.91,139.97
2040,0,0,0,0,93656,93656,93656,3623,3623,3623,591,591,591,0.00,0.00,0.00,0.00,0.00,0.00,0.00,0.00,0.00,0.00,0.00,0.00,0.00,0.00,0.00,0.00,0.00,0.00,0.00,0.00,0.00,306487,416017,725990,319365,430374,741715,0,0,0,0,0,0,0,109927,0,136.94,137.00,137.07
2040,1,0,0,0,93625,93625,93625,3654,3654,3654,591,591,591,0.00,0.00,0.00,0.00,0.00,0.00,0.00,0.00,0.00,0.00,0.00,0.00,0.00,0.00,0.00,0.00,0.00,0.00,0.00,0.00,0.00,199190,335447,505972,209674,348550,519080,0,0,0,0,0,0,0,98935,0,123.45,123.48,123.50
2040,2,0,0,0,93620,93620,93620,3659,3659,3659,591,591,591,0.00,0.00,0.00,0.00,0.00,0.00,0.00,0.00,0.00,0.00,0.00,0.00,0.00,0.00,0.00,0.00,0.00,0.00,0.00,0.00,0.00,276235,512388,911109,286466,524776,923977,0,0,0,0,0,0,0,75742,0,125.88,125.90,125.91
2040,3,0,0,0,93660,93660,93660,3619,3619,3619,591,591,591,0.00,0.00,0.00,0.00,0.00,0.00,0.00,0.00,0.00,0.00,0.00,0.00,0.00,0.00,0.00,0.00,0.00,0.00,0.00,0.00,0.00,293547,323031,395765,309273,336791,408870,0,0,0,0,0,0,0,112474,0,139.98,140.00,140.03
2041,0,0,0,0,93656,93656,93656,3623,3623,3623,591,591,591,0.00,0.00,0.00,0.00,0.00,0.00,0.00,0.00,0.00,0.00,0.00,0.00,0.00,0.00,0.00,0.00,0.00,0.00,0.00,0.00,0.00,296166,367281,479630,311892,380036,492735,0,0,0,0,0,0,0,109871,0,137.05,137.09,137.15
2041,1,0,0,0,93625,93625,93625,3654,3654,3654,591,591,591,0.00,0.00,0.00,0.00,0.00,0.00,0.00,0.00,0.00,0.00,0.00,0.00,0.00,0.00,0.00,0.00,0.00,0.00,0.00,0.00,0.00,301406,342293,487491,314513,355922,500596,0,0,0,0,0,0,0,98819,0,123.34,123.44,123.54
2041,2,0,0,0,93620,93620,93620,3659,3659,3659,591,591,591,0.00,0.00,0.00,0.00,0.00,0.00,0.00,0.00,0.00,0.00,0.00,0.00,0.00,0.00,0.00,0.00,0.00,0.00,0.00,0.00,0.00,432456,821927,1955235,442941,835556,1968339,0,0,0,0,0,0,0,113734,0,125.98,126.02,126.04
2041,3,0,0,0,93660,93660,93660,3619,3619,3619,591,591,591,0.00,0.00,0.00,0.00,0.00,0.00,0.00,0.00,0.00,0.00,0.00,0.00,0.00,0.00,0.00,0.00,0.00,0.00,0.00,0.00,0.00,298788,497456,964513,314514,511609,977618,0,0,0,0,0,0,0,126503,0,140.00,140.03,140.07
2042,0,0,0,0,93656,93656,93656,3623,3623,3623,591,591,591,0.00,0.00,0.00,0.00,0.00,0.00,0.00,0.00,0.00,0.00,0.00,0.00,0.00,0.00,0.00,0.00,0.00,0.00,0.00,0.00,0.00,298785,476484,1168947,311889,490637,1184673,0,0,0,0,0,0,0,123693,0,137.09,137.12,137.14
2042,1,0,0,0,93625,93625,93625,3654,3654,3654,591,591,591,0.00,0.00,0.00,0.00,0.00,0.00,0.00,0.00,0.00,0.00,0.00,0.00,0.00,0.00,0.00,0.00,0.00,0.00,0.00,0.00,0.00,298783,426686,542532,314509,440840,558258,0,0,0,0,0,0,0,98748,0,123.36,123.40,123.43
2042,2,0,0,0,93620,93620,93620,3659,3659,3659,591,591,591,0.00,0.00,0.00,0.00,0.00,0.00,0.00,0.00,0.00,0.00,0.00,0.00,0.00,0.00,0.00,0.00,0.00,0.00,0.00,0.00,0.00,429835,549861,1016868,445561,564538,1032593,0,0,0,0,0,0,0,100900,0,125.86,125.95,125.99
2042,3,0,0,0,93660,93660,93660,3619,3619,3619,591,591,591,0.00,0.00,0.00,0.00,0.00,0.00,0.00,0.00,0.00,0.00,0.00,0.00,0.00,0.00,0.00,0.00,0.00,0.00,0.00,0.00,0.00,301393,367978,508469,311887,382131,521574,0,0,0,0,0,0,0,112469,0,140.06,140.10,140.15
2043,0,0,0,0,93656,93656,93656,3623,3623,3623,591,591,591,0.00,0.00,0.00,0.00,0.00,0.00,0.00,0.00,0.00,0.00,0.00,0.00,0.00,0.00,0.00,0.00,0.00,0.00,0.00,0.00,0.00,296166,431406,668338,309270,445035,681443,0,0,0,0,0,0,0,109921,0,137.06,137.06,137.08
2043,1,0,0,0,93625,93625,93625,3654,3654,3654,591,591,591,0.00,0.00,0.00,0.00,0.00,0.00,0.00,0.00,0.00,0.00,0.00,0.00,0.00,0.00,0.00,0.00,0.00,0.00,0.00,0.00,0.00,301391,360148,508459,317116,373735,518943,0,0,0,0,0,0,0,98879,0,123.30,123.34,123.36
2043,2,0,0,0,93620,93620,93620,3659,3659,3659,591,591,591,0.00,0.00,0.00,0.00,0.00,0.00,0.00,0.00,0.00,0.00,0.00,0.00,0.00,0.00,0.00,0.00,0.00,0.00,0.00,0.00,0.00,429834,528905,891124,445552,542534,904228,0,0,0,0,0,0,0,101025,0,125.79,125.83,125.92
2043,3,0,0,0,93660,93660,93660,3619,3619,3619,591,591,591,0.00,0.00,0.00,0.00,0.00,0.00,0.00,0.00,0.00,0.00,0.00,0.00,0.00,0.00,0.00,0.00,0.00,0.00,0.00,0.00,0.00,213170,297915,359072,221907,311194,372177,0,0,0,0,0,0,0,112449,0,140.03,140.06,140.10
2044,0,0,0,0,93656,93656,93656,3623,3623,3623,591,591,591,0.00,0.00,0.00,0.00,0.00,0.00,0.00,0.00,0.00,0.00,0.00,0.00,0.00,0.00,0.00,0.00,0.00,0.00,0.00,0.00,0.00,200939,350290,628988,209675,363532,642092,0,0,0,0,0,0,0,109860,0,137.05,137.08,137.12
2044,1,0,0,0,93625,93625,93625,3654,3654,3654,591,591,591,0.00,0.00,0.00,0.00,0.00,0.00,0.00,0.00,0.00,0.00,0.00,0.00,0.00,0.00,0.00,0.00,0.00,0.00,0.00,0.00,0.00,199191,332335,545165,207927,346139,560891,0,0,0,0,0,0,0,98858,0,123.39,123.40,123.41
2044,2,0,0,0,93620,93620,93620,3659,3659,3659,591,591,591,0.00,0.00,0.00,0.00,0.00,0.00,0.00,0.00,0.00,0.00,0.00,0.00,0.00,0.00,0.00,0.00,0.00,0.00,0.00,0.00,0.00,427204,470713,600139,440309,483796,610516,0,0,0,0,0,0,0,113326,0,125.62,125.73,125.86
2044,3,0,0,0,93660,93660,93660,3619,3619,3619,591,591,591,0.00,0.00,0.00,0.00,0.00,0.00,0.00,0.00,0.00,0.00,0.00,0.00,0.00,0.00,0.00,0.00,0.00,0.00,0.00,0.00,0.00,301394,325519,421972,314498,339672,437698,0,0,0,0,0,0,0,112475,0,140.05,140.08,140.13
2045,0,0,0,0,93656,93656,93656,3623,3623,3623,591,591,591,0.00,0.00,0.00,0.00,0.00,0.00,0.00,0.00,0.00,0.00,0.00,0.00,0.00,0.00,0.00,0.00,0.00,0.00,0.00,0.00,0.00,298787,334956,469150,314512,349109,482255,0,0,0,0,0,0,0,109773,0,136.96,137.00,137.07
2045,1,0,0,0,93625,93625,93625,3654,3654,3654,591,591,591,0.00,0.00,0.00,0.00,0.00,0.00,0.00,0.00,0.00,0.00,0.00,0.00,0.00,0.00,0.00,0.00,0.00,0.00,0.00,0.00,0.00,301392,372169,534670,311875,385798,550396,0,0,0,0,0,0,0,111195,0,123.31,123.36,123.42
2045,2,0,0,0,93620,93620,93620,3659,3659,3659,591,591,591,0.00,0.00,0.00,0.00,0.00,0.00,0.00,0.00,0.00,0.00,0.00,0.00,0.00,0.00,0.00,0.00,0.00,0.00,0.00,0.00,0.00,424592,821901,1865979,437696,835529,1879083,0,0,0,0,0,0,0,100733,0,125.61,125.65,125.68
2045,3,0,0,0,93660,93660,93660,3619,3619,3619,591,591,591,0.00,0.00,0.00,0.00,0.00,0.00,0.00,0.00,0.00,0.00,0.00,0.00,0.00,0.00,0.00,0.00,0.00,0.00,0.00,0.00,0.00,301409,502174,974988,314514,515803,988093,0,0,0,0,0,0,0,126274,0,139.90,140.03,140.15
2046,0,0,0,0,93656,93656,93656,3623,3623,3623,591,591,591,0.00,0.00,0.00,0.00,0.00,0.00,0.00,0.00,0.00,0.00,0.00,0.00,0.00,0.00,0.00,0.00,0.00,0.00,0.00,0.00,0.00,296167,535194,1192524,311893,548823,1205629,0,0,0,0,0,0,0,109911,0,136.95,137.05,137.16
2046,1,0,0,0,93625,93625,93625,3654,3654,3654,591,591,591,0.00,0.00,0.00,0.00,0.00,0.00,0.00,0.00,0.00,0.00,0.00,0.00,0.00,0.00,0.00,0.00,0.00,0.00,0.00,0.00,0.00,306650,385800,505839,319755,399953,521564,0,0,0,0,0,0,0,98877,0,123.42,123.44,123.47
2046,2,0,0,0,93620,93620,93620,3659,3659,3659,591,591,591,0.00,0.00,0.00,0.00,0.00,0.00,0.00,0.00,0.00,0.00,0.00,0.00,0.00,0.00,0.00,0.00,0.00,0.00,0.00,0.00,0.00,429834,541487,980237,440318,555117,993342,0,0,0,0,0,0,0,100941,0,125.61,125.71,125.80
2046,3,0,0,0,93660,93660,93660,3619,3619,3619,591,591,591,0.00,0.00,0.00,0.00,0.00,0.00,0.00,0.00,0.00,0.00,0.00,0.00,0.00,0.00,0.00,0.00,0.00,0.00,0.00,0.00,0.00,298034,348436,505846,311896,362030,518951,0,0,0,0,0,0,0,84326,0,139.86,139.95,140.04
2047,0,0,0,0,93656,93656,93656,3623,3623,3623,591,591,591,0.00,0.00,0.00,0.00,0.00,0.00,0.00,0.00,0.00,0.00,0.00,0.00,0.00,0.00,0.00,0.00,0.00,0.00,0.00,0.00,0.00,301408,399689,670963,314512,414104,684067,0,0,0,0,0,0,0,82398,0,137.10,137.13,137.15
2047,1,0,0,0,93625,93625,93625,3654,3654,3654,591,591,591,0.00,0.00,0.00,0.00,0.00,0.00,0.00,0.00,0.00,0.00,0.00,0.00,0.00,0.00,0.00,0.00,0.00,0.00,0.00,0.00,0.00,304029,378006,526554,317133,391015,539273,0,0,0,0,0,0,0,74082,0,123.33,123.38,123.42
2047,2,0,0,0,93620,93620,93620,3659,3659,3659,591,591,591,0.00,0.00,0.00,0.00,0.00,0.00,0.00,0.00,0.00,0.00,0.00,0.00,0.00,0.00,0.00,0.00,0.00,0.00,0.00,0.00,0.00,427212,551047,909471,442937,565462,925196,0,0,0,0,0,0,0,75765,0,125.75,125.80,125.83
2047,3,0,0,0,93660,93660,93660,3619,3619,3619,591,591,591,0.00,0.00,0.00,0.00,0.00,0.00,0.00,0.00,0.00,0.00,0.00,0.00,0.00,0.00,0.00,0.00,0.00,0.00,0.00,0.00,0.00,197440,295728,366928,207923,308177,380032,0,0,0,0,0,0,0,112492,0,140.05,140.12,140.17
2048,0,0,0,0,93656,93656,93656,3623,3623,3623,591,591,591,0.00,0.00,0.00,0.00,0.00,0.00,0.00,0.00,0.00,0.00,0.00,0.00,0.00,0.00,0.00,0.00,0.00,0.00,0.00,0.00,0.00,195696,343696,605347,206180,356233,618450,0,0,0,0,0,0,0,109929,0,137.03,137.07,137.10
2048,1,0,0,0,93625,93625,93625,3654,3654,3654,591,591,591,0.00,0.00,0.00,0.00,0.00,0.00,0.00,0.00,0.00,0.00,0.00,0.00,0.00,0.00,0.00,0.00,0.00,0.00,0.00,0.00,0.00,296161,327077,424592,309266,340181,435076,0,0,0,0,0,0,0,98892,0,123.31,123.35,123.41
2048,2,0,0,0,93620,93620,93620,3659,3659,3659,591,591,591,0.00,0.00,0.00,0.00,0.00,0.00,0.00,0.00,0.00,0.00,0.00,0.00,0.00,0.00,0.00,0.00,0.00,0.00,0.00,0.00,0.00,285116,810220,1963082,295484,822780,1976187,0,0,0,0,0,0,0,113646,0,125.86,125.92,125.96
2048,3,0,0,0,93660,93660,93660,3619,3619,3619,591,591,591,0.00,0.00,0.00,0.00,0.00,0.00,0.00,0.00,0.00,0.00,0.00,0.00,0.00,0.00,0.00,0.00,0.00,0.00,0.00,0.00,0.00,298790,327618,427217,314516,342295,440322,0,0,0,0,0,0,0,126486,0,140.09,140.15,140.20
2049,0,0,0,0,93656,93656,93656,3623,3623,3623,591,591,591,0.00,0.00,0.00,0.00,0.00,0.00,0.00,0.00,0.00,0.00,0.00,0.00,0.00,0.00,0.00,0.00,0.00,0.00,0.00,0.00,0.00,296152,331283,458663,309270,344911,474388,0,0,0,0,0,0,0,123617,0,137.09,137.12,137.14
2049,1,0,0,0,93625,93625,93625,3654,3654,3654,591,591,591,0.00,0.00,0.00,0.00,0.00,0.00,0.00,0.00,0.00,0.00,0.00,0.00,0.00,0.00,0.00,0.00,0.00,0.00,0.00,0.00,0.00,301403,404147,524191,314507,417776,539916,0,0,0,0,0,0,0,111231,0,123.38,123.42,123.45
2049,2,0,0,0,93620,93620,93620,3659,3659,3659,591,591,591,0.00,0.00,0.00,0.00,0.00,0.00,0.00,0.00,0.00,0.00,0.00,0.00,0.00,0.00,0.00,0.00,0.00,0.00,0.00,0.00,0.00,419351,519469,878019,432456,533622,893745,0,0,0,0,0,0,0,100914,0,125.81,125.88,125.97
2049,3,0,0,0,93660,93660,93660,3619,3619,3619,591,591,591,0.00,0.00,0.00,0.00,0.00,0.00,0.00,0.00,0.00,0.00,0.00,0.00,0.00,0.00,0.00,0.00,0.00,0.00,0.00,0.00,0.00,304013,532050,875405,317117,545678,888509,0,0,0,0,0,0,0,112483,0,140.07,140.16,140.23
2050,0,0,0,0,93656,93656,93656,3623,3623,3623,591,591,591,0.00,0.00,0.00,0.00,0.00,0.00,0.00,0.00,0.00,0.00,0.00,0.00,0.00,0.00,0.00,0.00,0.00,0.00,0.00,0.00,0.00,301406,545155,1210875,317132,559832,1226601,0,0,0,0,0,0,0,109868,0,137.10,137.12,137.16
2050,1,0,0,0,93625,93625,93625,3654,3654,3654,591,591,591,0.00,0.00,0.00,0.00,0.00,0.00,0.00,0.00,0.00,0.00,0.00,0.00,0.00,0.00,0.00,0.00,0.00,0.00,0.00,0.00,0.00,296150,342815,487497,309254,356968,503223,0,0,0,0,0,0,0,98821,0,123.32,123.38,123.46
2050,2,0,0,0,93620,93620,93620,3659,3659,3659,591,591,591,0.00,0.00,0.00,0.00,0.00,0.00,0.00,0.00,0.00,0.00,0.00,0.00,0.00,0.00,0.00,0.00,0.00,0.00,0.00,0.00,0.00,421971,633204,948711,437696,647357,961815,0,0,0,0,0,0,0,101044,0,125.81,125.87,125.94
2050,3,0,0,0,93660,93660,93660,3619,3619,3619,591,591,591,0.00,0.00,0.00,0.00,0.00,0.00,0.00,0.00,0.00,0.00,0.00,0.00,0.00,0.00,0.00,0.00,0.00,0.00,0.00,0.00,0.00,298788,343199,494635,311893,357281,507384,0,0,0,0,0,0,0,112621,0,140.11,140.19,140.26
2051,0,0,0,0,93656,93656,93656,3623,3623,3623,591,591,591,0.00,0.00,0.00,0.00,0.00,0.00,0.00,0.00,0.00,0.00,0.00,0.00,0.00,0.00,0.00,0.00,0.00,0.00,0.00,0.00,0.00,301408,375318,634264,311892,388947,649990,0,0,0,0,0,0,0,109970,0,137.05,137.10,137.15
2051,1,0,0,0,93625,93625,93625,3654,3654,3654,591,591,591,0.00,0.00,0.00,0.00,0.00,0.00,0.00,0.00,0.00,0.00,0.00,0.00,0.00,0.00,0.00,0.00,0.00,0.00,0.00,0.00,0.00,306616,376464,560884,319719,390569,573989,0,0,0,0,0,0,0,98873,0,123.26,123.29,123.33
2051,2,0,0,0,93620,93620,93620,3659,3659,3659,591,591,591,0.00,0.00,0.00,0.00,0.00,0.00,0.00,0.00,0.00,0.00,0.00,0.00,0.00,0.00,0.00,0.00,0.00,0.00,0.00,0.00,0.00,429826,524187,896365,442941,538340,909470,0,0,0,0,0,0,0,101074,0,125.94,125.97,126.01
2051,3,0,0,0,93660,93660,93660,3619,3619,3619,591,591,591,0.00,0.00,0.00,0.00,0.00,0.00,0.00,0.00,0.00,0.00,0.00,0.00,0.00,0.00,0.00,0.00,0.00,0.00,0.00,0.00,0.00,301410,334432,414112,314515,348062,427217,0,0,0,0,0,0,0,112649,0,140.23,140.26,140.27
2052,0,0,0,0,93656,93656,93656,3623,3623,3623,591,591,591,0.00,0.00,0.00,0.00,0.00,0.00,0.00,0.00,0.00,0.00,0.00,0.00,0.00,0.00,0.00,0.00,0.00,0.00,0.00,0.00,0.00,293513,402172,613937,309237,416241,626622,0,0,0,0,0,0,0,109843,0,137.07,137.12,137.17
2052,1,0,0,0,93625,93625,93625,3654,3654,3654,591,591,591,0.00,0.00,0.00,0.00,0.00,0.00,0.00,0.00,0.00,0.00,0.00,0.00,0.00,0.00,0.00,0.00,0.00,0.00,0.00,0.00,0.00,298786,366405,615920,311891,380034,626404,0,0,0,0,0,0,0,98868,0,123.38,123.42,123.44
2052,2,0,0,0,93620,93620,93620,3659,3659,3659,591,591,591,0.00,0.00,0.00,0.00,0.00,0.00,0.00,0.00,0.00,0.00,0.00,0.00,0.00,0.00,0.00,0.00,0.00,0.00,0.00,0.00,0.00,419897,635914,1370675,435353,649488,1383779,0,0,0,0,0,0,0,113675,0,125.96,125.99,126.04
2052,3,0,0,0,93660,93660,93660,3619,3619,3619,591,591,591,0.00,0.00,0.00,0.00,0.00,0.00,0.00,0.00,0.00,0.00,0.00,0.00,0.00,0.00,0.00,0.00,0.00,0.00,0.00,0.00,0.00,86492,309268,537289,99597,322897,550394,0,0,0,0,0,0,0,126749,0,140.25,140.27,140.32
2053,0,0,0,0,93656,93656,93656,3623,3623,3623,591,591,591,0.00,0.00,0.00,0.00,0.00,0.00,0.00,0.00,0.00,0.00,0.00,0.00,0.00,0.00,0.00,0.00,0.00,0.00,0.00,0.00,0.00,272575,451849,1040518,285680,465478,1053623,0,0,0,0,0,0,0,123768,0,137.07,137.09,137.11
2053,1,0,0,0,93625,93625,93625,3654,3654,3654,591,591,591,0.00,0.00,0.00,0.00,0.00,0.00,0.00,0.00,0.00,0.00,0.00,0.00,0.00,0.00,0.00,0.00,0.00,0.00,0.00,0.00,0.00,167737,324463,532014,180842,338092,547738,0,0,0,0,0,0,0,98834,0,123.33,123.37,123.40
2053,2,0,0,0,93620,93620,93620,3659,3659,3659,591,591,591,0.00,0.00,0.00,0.00,0.00,0.00,0.00,0.00,0.00,0.00,0.00,0.00,0.00,0.00,0.00,0.00,0.00,0.00,0.00,0.00,0.00,421972,637412,969750,435077,651566,982855,0,0,0,0,0,0,0,100965,0,125.79,125.86,125.92
2053,3,0,0,0,93660,93660,93660,3619,3619,3619,591,591,591,0.00,0.00,0.00,0.00,0.00,0.00,0.00,0.00,0.00,0.00,0.00,0.00,0.00,0.00,0.00,0.00,0.00,0.00,0.00,0.00,0.00,301411,475440,836077,314516,489593,851802,0,0,0,0,0,0,0,112509,0,140.21,140.27,140.33
2054,0,0,0,0,93656,93656,93656,3623,3623,3623,591,591,591,0.00,0.00,0.00,0.00,0.00,0.00,0.00,0.00,0.00,0.00,0.00,0.00,0.00,0.00,0.00,0.00,0.00,0.00,0.00,0.00,0.00,301406,347531,518940,311892,361160,534666,0,0,0,0,0,0,0,82443,0,137.07,137.09,137.13
2054,1,0,0,0,93625,93625,93625,3654,3654,3654,591,591,591,0.00,0.00,0.00,0.00,0.00,0.00,0.00,0.00,0.00,0.00,0.00,0.00,0.00,0.00,0.00,0.00,0.00,0.00,0.00,0.00,0.00,301405,356446,497973,314511,370599,511078,0,0,0,0,0,0,0,74166,0,123.39,123.43,123.47
2054,2,0,0,0,93620,93620,93620,3659,3659,3659,591,591,591,0.00,0.00,0.00,0.00,0.00,0.00,0.00,0.00,0.00,0.00,0.00,0.00,0.00,0.00,0.00,0.00,0.00,0.00,0.00,0.00,0.00,429837,529431,898986,442942,543060,912091,0,0,0,0,0,0,0,100970,0,125.89,125.90,125.91
2054,3,0,0,0,93660,93660,93660,3619,3619,3619,591,591,591,0.00,0.00,0.00,0.00,0.00,0.00,0.00,0.00,0.00,0.00,0.00,0.00,0.00,0.00,0.00,0.00,0.00,0.00,0.00,0.00,0.00,301404,359592,450811,317129,373745,463916,0,0,0,0,0,0,0,84385,0,140.04,140.12,140.20
2055,0,0,0,0,93656,93656,93656,3623,3623,3623,591,591,591,0.00,0.00,0.00,0.00,0.00,0.00,0.00,0.00,0.00,0.00,0.00,0.00,0.00,0.00,0.00,0.00,0.00,0.00,0.00,0.00,0.00,309271,440668,676197,322375,454783,689302,0,0,0,0,0,0,0,110033,0,137.07,137.13,137.20
2055,1,0,0,0,93625,93625,93625,3654,3654,3654,591,591,591,0.00,0.00,0.00,0.00,0.00,0.00,0.00,0.00,0.00,0.00,0.00,0.00,0.00,0.00,0.00,0.00,0.00,0.00,0.00,0.00,0.00,298794,360137,553024,311899,374247,566129,0,0,0,0,0,0,0,98943,0,123.45,123.48,123.49
2055,2,0,0,0,93620,93620,93620,3659,3659,3659,591,591,591,0.00,0.00,0.00,0.00,0.00,0.00,0.00,0.00,0.00,0.00,0.00,0.00,0.00,0.00,0.00,0.00,0.00,0.00,0.00,0.00,0.00,429808,538862,948787,442940,553015,961892,0,0,0,0,0,0,0,75735,0,125.87,125.91,125.96
2055,3,0,0,0,93660,93660,93660,3619,3619,3619,591,591,591,0.00,0.00,0.00,0.00,0.00,0.00,0.00,0.00,0.00,0.00,0.00,0.00,0.00,0.00,0.00,0.00,0.00,0.00,0.00,0.00,0.00,301405,320804,395767,314509,334956,411492,0,0,0,0,0,0,0,112589,0,140.00,140.04,140.12
2056,0,0,0,0,93656,93656,93656,3623,3623,3623,591,591,591,0.00,0.00,0.00,0.00,0.00,0.00,0.00,0.00,0.00,0.00,0.00,0.00,0.00,0.00,0.00,0.00,0.00,0.00,0.00,0.00,0.00,293587,342294,505842,306463,356466,518946,0,0,0,0,0,0,0,109818,0,136.97,137.04,137.10
2056,1,0,0,0,93625,93625,93625,3654,3654,3654,591,591,591,0.00,0.00,0.00,0.00,0.00,0.00,0.00,0.00,0.00,0.00,0.00,0.00,0.00,0.00,0.00,0.00,0.00,0.00,0.00,0.00,0.00,296162,404146,589706,311887,417774,602811,0,0,0,0,0,0,0,111225,0,123.39,123.42,123.44
2056,2,0,0,0,93620,93620,93620,3659,3659,3659,591,591,591,0.00,0.00,0.00,0.00,0.00,0.00,0.00,0.00,0.00,0.00,0.00,0.00,0.00,0.00,0.00,0.00,0.00,0.00,0.00,0.00,0.00,435083,804957,1433712,450808,818881,1444196,0,0,0,0,0,0,0,100978,0,125.80,125.88,125.96
2056,3,0,0,0,93660,93660,93660,3619,3619,3619,591,591,591,0.00,0.00,0.00,0.00,0.00,0.00,0.00,0.00,0.00,0.00,0.00,0.00,0.00,0.00,0.00,0.00,0.00,0.00,0.00,0.00,0.00,301410,537818,898993,314515,551447,914719,0,0,0,0,0,0,0,126588,0,140.19,140.23,140.26
2057,0,0,0,0,93656,93656,93656,3623,3623,3623,591,591,591,0.00,0.00,0.00,0.00,0.00,0.00,0.00,0.00,0.00,0.00,0.00,0.00,0.00,0.00,0.00,0.00,0.00,0.00,0.00,0.00,0.00,296165,542006,1203013,311891,555635,1216117,0,0,0,0,0,0,0,123674,0,137.01,137.05,137.08
2057,1,0,0,0,93625,93625,93625,3654,3654,3654,591,591,591,0.00,0.00,0.00,0.00,0.00,0.00,0.00,0.00,0.00,0.00,0.00,0.00,0.00,0.00,0.00,0.00,0.00,0.00,0.00,0.00,0.00,298787,361687,500598,311891,375840,513702,0,0,0,0,0,0,0,98770,0,123.34,123.39,123.47
2057,2,0,0,0,93620,93620,93620,3659,3659,3659,591,591,591,0.00,0.00,0.00,0.00,0.00,0.00,0.00,0.00,0.00,0.00,0.00,0.00,0.00,0.00,0.00,0.00,0.00,0.00,0.00,0.00,0.00,437672,546722,974993,450776,560350,988098,0,0,0,0,0,0,0,101008,0,125.80,125.84,125.90
2057,3,0,0,0,93660,93660,93660,3619,3619,3619,591,591,591,0.00,0.00,0.00,0.00,0.00,0.00,0.00,0.00,0.00,0.00,0.00,0.00,0.00,0.00,0.00,0.00,0.00,0.00,0.00,0.00,0.00,296167,336488,474394,309272,350587,487499,0,0,0,0,0,0,0,112573,0,140.23,140.26,140.27
2058,0,0,0,0,93656,93656,93656,3623,3623,3623,591,591,591,0.00,0.00,0.00,0.00,0.00,0.00,0.00,0.00,0.00,0.00,0.00,0.00,0.00,0.00,0.00,0.00,0.00,0.00,0.00,0.00,0.00,298783,381084,684070,314508,395237,699795,0,0,0,0,0,0,0,109960,0,137.08,137.11,137.14
2058,1,0,0,0,93625,93625,93625,3654,3654,3654,591,591,591,0.00,0.00,0.00,0.00,0.00,0.00,0.00,0.00,0.00,0.00,0.00,0.00,0.00,0.00,0.00,0.00,0.00,0.00,0.00,0.00,0.00,306650,396802,505837,322374,410955,521563,0,0,0,0,0,0,0,98874,0,123.30,123.32,123.35
2058,2,0,0,0,93620,93620,93620,3659,3659,3659,591,591,591,0.00,0.00,0.00,0.00,0.00,0.00,0.00,0.00,0.00,0.00,0.00,0.00,0.00,0.00,0.00,0.00,0.00,0.00,0.00,0.00,0.00,437696,531524,864907,450801,545677,878012,0,0,0,0,0,0,0,101134,0,125.92,126.00,126.06
2058,3,0,0,0,93660,93660,93660,3619,3619,3619,591,591,591,0.00,0.00,0.00,0.00,0.00,0.00,0.00,0.00,0.00,0.00,0.00,0.00,0.00,0.00,0.00,0.00,0.00,0.00,0.00,0.00,0.00,200940,290226,353826,209677,303506,369552,0,0,0,0,0,0,0,112611,0,140.21,140.22,140.25
2059,0,0,0,0,93656,93656,93656,3623,3623,3623,591,591,591,0.00,0.00,0.00,0.00,0.00,0.00,0.00,0.00,0.00,0.00,0.00,0.00,0.00,0.00,0.00,0.00,0.00,0.00,0.00,0.00,0.00,197326,343003,602818,207711,355528,615922,0,0,0,0,0,0,0,109881,0,136.97,137.02,137.09
2059,1,0,0,0,93625,93625,93625,3654,3654,3654,591,591,591,0.00,0.00,0.00,0.00,0.00,0.00,0.00,0.00,0.00,0.00,0.00,0.00,0.00,0.00,0.00,0.00,0.00,0.00,0.00,0.00,0.00,190456,341068,592322,197445,354522,608048,0,0,0,0,0,0,0,98903,0,123.34,123.40,123.46
2059,2,0,0,0,93620,93620,93620,3659,3659,3659,591,591,591,0.00,0.00,0.00,0.00,0.00,0.00,0.00,0.00,0.00,0.00,0.00,0.00,0.00,0.00,0.00,0.00,0.00,0.00,0.00,0.00,0.00,424593,752480,1365132,437698,765200,1378059,0,0,0,0,0,0,0,113619,0,125.91,126.00,126.05
2059,3,0,0,0,93660,93660,93660,3619,3619,3619,591,591,591,0.00,0.00,0.00,0.00,0.00,0.00,0.00,0.00,0.00,0.00,0.00,0.00,0.00,0.00,0.00,0.00,0.00,0.00,0.00,0.00,0.00,298790,333906,419352,311895,347534,432456,0,0,0,0,0,0,0,126507,0,140.11,140.13,140.16
2060,0,0,0,0,93656,93656,93656,3623,3623,3623,591,591,591,0.00,0.00,0.00,0.00,0.00,0.00,0.00,0.00,0.00,0.00,0.00,0.00,0.00,0.00,0.00,0.00,0.00,0.00,0.00,0.00,0.00,293346,335964,487495,309270,350172,500600,0,0,0,0,0,0,0,123580,0,137.09,137.13,137.16
2060,1,0,0,0,93625,93625,93625,3654,3654,3654,591,591,591,0.00,0.00,0.00,0.00,0.00,0.00,0.00,0.00,0.00,0.00,0.00,0.00,0.00,0.00,0.00,0.00,0.00,0.00,0.00,0.00,0.00,301406,414099,550392,314511,427728,563497,0,0,0,0,0,0,0,111145,0,123.28,123.31,123.33
2060,2,0,0,0,93620,93620,93620,3659,3659,3659,591,591,591,0.00,0.00,0.00,0.00,0.00,0.00,0.00,0.00,0.00,0.00,0.00,0.00,0.00,0.00,0.00,0.00,0.00,0.00,0.00,0.00,0.00,411088,526664,927485,426220,540805,941124,0,0,0,0,0,0,0,101033,0,125.79,125.87,125.92
2060,3,0,0,0,93660,93660,93660,3619,3619,3619,591,591,591,0.00,0.00,0.00,0.00,0.00,0.00,0.00,0.00,0.00,0.00,0.00,0.00,0.00,0.00,0.00,0.00,0.00,0.00,0.00,0.00,0.00,301410,534149,838701,317134,548302,851806,0,0,0,0,0,0,0,112474,0,140.07,140.13,140.17
2061,0,0,0,0,93656,93656,93656,3623,3623,3623,591,591,591,0.00,0.00,0.00,0.00,0.00,0.00,0.00,0.00,0.00,0.00,0.00,0.00,0.00,0.00,0.00,0.00,0.00,0.00,0.00,0.00,0.00,301407,535717,1202999,314512,549870,1218724,0,0,0,0,0,0,0,109941,0,137.08,137.12,137.15
2061,1,0,0,0,93625,93625,93625,3654,3654,3654,591,591,591,0.00,0.00,0.00,0.00,0.00,0.00,0.00,0.00,0.00,0.00,0.00,0.00,0.00,0.00,0.00,0.00,0.00,0.00,0.00,0.00,0.00,311888,359590,537289,322375,373743,550393,0,0,0,0,0,0,0,74141,0,123.31,123.34,123.37
2061,2,0,0,0,93620,93620,93620,3659,3659,3659,591,591,591,0.00,0.00,0.00,0.00,0.00,0.00,0.00,0.00,0.00,0.00,0.00,0.00,0.00,0.00,0.00,0.00,0.00,0.00,0.00,0.00,0.00,421974,644228,1011681,437700,658381,1024785,0,0,0,0,0,0,0,100833,0,125.70,125.83,125.92
2061,3,0,0,0,93660,93660,93660,3619,3619,3619,591,591,591,0.00,0.00,0.00,0.00,0.00,0.00,0.00,0.00,0.00,0.00,0.00,0.00,0.00,0.00,0.00,0.00,0.00,0.00,0.00,0.00,0.00,296166,340200,500602,311891,354353,513707,0,0,0,0,0,0,0,84403,0,140.19,140.22,140.24
2062,0,0,0,0,93656,93656,93656,3623,3623,3623,591,591,591,0.00,0.00,0.00,0.00,0.00,0.00,0.00,0.00,0.00,0.00,0.00,0.00,0.00,0.00,0.00,0.00,0.00,0.00,0.00,0.00,0.00,304009,408206,681444,317113,421965,697169,0,0,0,0,0,0,0,82360,0,137.02,137.08,137.15
2062,1,0,0,0,93625,93625,93625,3654,3654,3654,591,591,591,0.00,0.00,0.00,0.00,0.00,0.00,0.00,0.00,0.00,0.00,0.00,0.00,0.00,0.00,0.00,0.00,0.00,0.00,0.00,0.00,0.00,322377,401003,503220,338101,414763,516325,0,0,0,0,0,0,0,98806,0,123.28,123.31,123.34
2062,2,0,0,0,93620,93620,93620,3659,3659,3659,591,591,591,0.00,0.00,0.00,0.00,0.00,0.00,0.00,0.00,0.00,0.00,0.00,0.00,0.00,0.00,0.00,0.00,0.00,0.00,0.00,0.00,0.00,427191,556290,933058,437674,570050,948784,0,0,0,0,0,0,0,75740,0,125.72,125.79,125.84
2062,3,0,0,0,93660,93660,93660,3619,3619,3619,591,591,591,0.00,0.00,0.00,0.00,0.00,0.00,0.00,0.00,0.00,0.00,0.00,0.00,0.00,0.00,0.00,0.00,0.00,0.00,0.00,0.00,0.00,206183,293324,359070,214919,305336,369554,0,0,0,0,0,0,0,112550,0,140.18,140.23,140.27
2063,0,0,0,0,93656,93656,93656,3623,3623,3623,591,591,591,0.00,0.00,0.00,0.00,0.00,0.00,0.00,0.00,0.00,0.00,0.00,0.00,0.00,0.00,0.00,0.00,0.00,0.00,0.00,0.00,0.00,195375,343102,615914,205749,356185,631639,0,0,0,0,0,0,0,109849,0,137.07,137.08,137.11
2063,1,0,0,0,93625,93625,93625,3654,3654,3654,591,591,591,0.00,0.00,0.00,0.00,0.00,0.00,0.00,0.00,0.00,0.00,0.00,0.00,0.00,0.00,0.00,0.00,0.00,0.00,0.00,0.00,0.00,207927,345286,610651,218411,357829,626375,0,0,0,0,0,0,0,98942,0,123.28,123.38,123.47
2063,2,0,0,0,93620,93620,93620,3659,3659,3659,591,591,591,0.00,0.00,0.00,0.00,0.00,0.00,0.00,0.00,0.00,0.00,0.00,0.00,0.00,0.00,0.00,0.00,0.00,0.00,0.00,0.00,0.00,284866,695438,1876612,293395,708152,1892337,0,0,0,0,0,0,0,113669,0,125.90,125.91,125.93
2063,3,0,0,0,93660,93660,93660,3619,3619,3619,591,591,591,0.00,0.00,0.00,0.00,0.00,0.00,0.00,0.00,0.00,0.00,0.00,0.00,0.00,0.00,0.00,0.00,0.00,0.00,0.00,0.00,0.00,301407,381086,613305,314511,395239,626410,0,0,0,0,0,0,0,126533,0,140.11,140.15,140.19
2064,0,0,0,0,93656,93656,93656,3623,3623,3623,591,591,591,0.00,0.00,0.00,0.00,0.00,0.00,0.00,0.00,0.00,0.00,0.00,0.00,0.00,0.00,0.00,0.00,0.00,0.00,0.00,0.00,0.00,296151,516845,1205635,309255,530474,1218740,0,0,0,0,0,0,0,123650,0,137.02,137.02,137.03
2064,1,0,0,0,93625,93625,93625,3654,3654,3654,591,591,591,0.00,0.00,0.00,0.00,0.00,0.00,0.00,0.00,0.00,0.00,0.00,0.00,0.00,0.00,0.00,0.00,0.00,0.00,0.00,0.00,0.00,304025,419872,545155,319750,434025,558259,0,0,0,0,0,0,0,111114,0,123.36,123.42,123.49
2064,2,0,0,0,93620,93620,93620,3659,3659,3659,591,591,591,0.00,0.00,0.00,0.00,0.00,0.00,0.00,0.00,0.00,0.00,0.00,0.00,0.00,0.00,0.00,0.00,0.00,0.00,0.00,0.00,0.00,421846,630496,990718,435196,644641,1003822,0,0,0,0,0,0,0,101080,0,125.89,125.96,126.02
2064,3,0,0,0,93660,93660,93660,3619,3619,3619,591,591,591,0.00,0.00,0.00,0.00,0.00,0.00,0.00,0.00,0.00,0.00,0.00,0.00,0.00,0.00,0.00,0.00,0.00,0.00,0.00,0.00,0.00,298773,473341,864920,314497,487494,880646,0,0,0,0,0,0,0,112619,0,140.15,140.23,140.30
2065,0,0,0,0,93656,93656,93656,3623,3623,3623,591,591,591,0.00,0.00,0.00,0.00,0.00,0.00,0.00,0.00,0.00,0.00,0.00,0.00,0.00,0.00,0.00,0.00,0.00,0.00,0.00,0.00,0.00,301407,363261,600193,314515,377414,615918,0,0,0,0,0,0,0,109830,0,136.98,136.99,137.03
2065,1,0,0,0,93625,93625,93625,3654,3654,3654,591,591,591,0.00,0.00,0.00,0.00,0.00,0.00,0.00,0.00,0.00,0.00,0.00,0.00,0.00,0.00,0.00,0.00,0.00,0.00,0.00,0.00,0.00,298786,361681,505809,314512,375834,518913,0,0,0,0,0,0,0,98894,0,123.35,123.41,123.44
2065,2,0,0,0,93620,93620,93620,3659,3659,3659,591,591,591,0.00,0.00,0.00,0.00,0.00,0.00,0.00,0.00,0.00,0.00,0.00,0.00,0.00,0.00,0.00,0.00,0.00,0.00,0.00,0.00,0.00,427212,529946,909467,442938,544099,922572,0,0,0,0,0,0,0,100989,0,125.88,125.92,125.98
2065,3,0,0,0,93660,93660,93660,3619,3619,3619,591,591,591,0.00,0.00,0.00,0.00,0.00,0.00,0.00,0.00,0.00,0.00,0.00,0.00,0.00,0.00,0.00,0.00,0.00,0.00,0.00,0.00,0.00,309268,380563,484879,322372,394715,497984,0,0,0,0,0,0,0,112756,0,140.30,140.37,140.41
2066,0,0,0,0,93656,93656,93656,3623,3623,3623,591,591,591,0.00,0.00,0.00,0.00,0.00,0.00,0.00,0.00,0.00,0.00,0.00,0.00,0.00,0.00,0.00,0.00,0.00,0.00,0.00,0.00,0.00,306648,441365,668337,319752,455518,684062,0,0,0,0,0,0,0,109841,0,136.97,136.99,137.00
2066,1,0,0,0,93625,93625,93625,3654,3654,3654,591,591,591,0.00,0.00,0.00,0.00,0.00,0.00,0.00,0.00,0.00,0.00,0.00,0.00,0.00,0.00,0.00,0.00,0.00,0.00,0.00,0.00,0.00,290922,351729,547779,304027,365358,560884,0,0,0,0,0,0,0,98975,0,123.36,123.40,123.46
2066,2,0,0,0,93620,93620,93620,3659,3659,3659,591,591,591,0.00,0.00,0.00,0.00,0.00,0.00,0.00,0.00,0.00,0.00,0.00,0.00,0.00,0.00,0.00,0.00,0.00,0.00,0.00,0.00,0.00,432448,541484,933059,445557,555113,948785,0,0,0,0,0,0,0,100968,0,125.80,125.84,125.87
2066,3,0,0,0,93660,93660,93660,3619,3619,3619,591,591,591,0.00,0.00,0.00,0.00,0.00,0.00,0.00,0.00,0.00,0.00,0.00,0.00,0.00,0.00,0.00,0.00,0.00,0.00,0.00,0.00,0.00,218414,313640,406248,225403,326570,421973,0,0,0,0,0,0,0,112606,0,140.29,140.32,140.39
2067,0,0,0,0,93656,93656,93656,3623,3623,3623,591,591,591,0.00,0.00,0.00,0.00,0.00,0.00,0.00,0.00,0.00,0.00,0.00,0.00,0.00,0.00,0.00,0.00,0.00,0.00,0.00,0.00,0.00,197444,318353,490112,207927,331457,505837,0,0,0,0,0,0,0,109932,0,137.00,137.06,137.14
2067,1,0,0,0,93625,93625,93625,3654,3654,3654,591,591,591,0.00,0.00,0.00,0.00,0.00,0.00,0.00,0.00,0.00,0.00,0.00,0.00,0.00,0.00,0.00,0.00,0.00,0.00,0.00,0.00,0.00,202685,332766,545119,213169,345830,560843,0,0,0,0,0,0,0,111287,0,123.39,123.44,123.51
2067,2,0,0,0,93620,93620,93620,3659,3659,3659,591,591,591,0.00,0.00,0.00,0.00,0.00,0.00,0.00,0.00,0.00,0.00,0.00,0.00,0.00,0.00,0.00,0.00,0.00,0.00,0.00,0.00,0.00,429830,750863,1866099,442829,764079,1879204,0,0,0,0,0,0,0,100993,0,125.89,125.93,125.96
2067,3,0,0,0,93660,93660,93660,3619,3619,3619,591,591,591,0.00,0.00,0.00,0.00,0.00,0.00,0.00,0.00,0.00,0.00,0.00,0.00,0.00,0.00,0.00,0.00,0.00,0.00,0.00,0.00,0.00,301394,502697,1011694,314498,516325,1024799,0,0,0,0,0,0,0,126650,0,140.18,140.27,140.36
2068,0,0,0,0,93656,93656,93656,3623,3623,3623,591,591,591,0.00,0.00,0.00,0.00,0.00,0.00,0.00,0.00,0.00,0.00,0.00,0.00,0.00,0.00,0.00,0.00,0.00,0.00,0.00,0.00,0.00,301407,534669,1184662,314511,548297,1200387,0,0,0,0,0,0,0,123671,0,137.00,137.07,137.11
2068,1,0,0,0,93625,93625,93625,3654,3654,3654,591,591,591,0.00,0.00,0.00,0.00,0.00,0.00,0.00,0.00,0.00,0.00,0.00,0.00,0.00,0.00,0.00,0.00,0.00,0.00,0.00,0.00,0.00,304025,365357,550401,317132,379510,563506,0,0,0,0,0,0,0,98793,0,123.29,123.33,123.39
2068,2,0,0,0,93620,93620,93620,3659,3659,3659,591,591,591,0.00,0.00,0.00,0.00,0.00,0.00,0.00,0.00,0.00,0.00,0.00,0.00,0.00,0.00,0.00,0.00,0.00,0.00,0.00,0.00,0.00,421624,552425,1056243,437635,566635,1069348,0,0,0,0,0,0,0,100824,0,125.74,125.81,125.91
2068,3,0,0,0,93660,93660,93660,3619,3619,3619,591,591,591,0.00,0.00,0.00,0.00,0.00,0.00,0.00,0.00,0.00,0.00,0.00,0.00,0.00,0.00,0.00,0.00,0.00,0.00,0.00,0.00,0.00,298791,343345,500604,314515,357498,516329,0,0,0,0,0,0,0,112473,0,140.09,140.12,140.16
2069,0,0,0,0,93656,93656,93656,3623,3623,3623,591,591,591,0.00,0.00,0.00,0.00,0.00,0.00,0.00,0.00,0.00,0.00,0.00,0.00,0.00,0.00,0.00,0.00,0.00,0.00,0.00,0.00,0.00,301391,380554,673573,314495,394183,686677,0,0,0,0,0,0,0,82440,0,137.02,137.05,137.09
2069,1,0,0,0,93625,93625,93625,3654,3654,3654,591,591,591,0.00,0.00,0.00,0.00,0.00,0.00,0.00,0.00,0.00,0.00,0.00,0.00,0.00,0.00,0.00,0.00,0.00,0.00,0.00,0.00,0.00,309270,417775,550390,322375,431404,563495,0,0,0,0,0,0,0,74145,0,123.30,123.32,123.35
2069,2,0,0,0,93620,93620,93620,3659,3659,3659,591,591,591,0.00,0.00,0.00,0.00,0.00,0.00,0.00,0.00,0.00,0.00,0.00,0.00,0.00,0.00,0.00,0.00,0.00,0.00,0.00,0.00,0.00,427213,524189,888500,437696,537817,904226,0,0,0,0,0,0,0,100978,0,125.70,125.78,125.85
2069,3,0,0,0,93660,93660,93660,3619,3619,3619,591,591,591,0.00,0.00,0.00,0.00,0.00,0.00,0.00,0.00,0.00,0.00,0.00,0.00,0.00,0.00,0.00,0.00,0.00,0.00,0.00,0.00,0.00,200943,307516,442933,211427,320621,456038,0,0,0,0,0,0,0,84350,0,140.08,140.13,140.16
2070,0,0,0,0,93656,93656,93656,3623,3623,3623,591,591,591,0.00,0.00,0.00,0.00,0.00,0.00,0.00,0.00,0.00,0.00,0.00,0.00,0.00,0.00,0.00,0.00,0.00,0.00,0.00,0.00,0.00,298788,384621,615918,311893,399036,631643,0,0,0,0,0,0,0,109753,0,136.92,136.94,136.99
2070,1,0,0,0,93625,93625,93625,3654,3654,3654,591,591,591,0.00,0.00,0.00,0.00,0.00,0.00,0.00,0.00,0.00,0.00,0.00,0.00,0.00,0.00,0.00,0.00,0.00,0.00,0.00,0.00,0.00,290907,374886,600580,306631,389247,613468,0,0,0,0,0,0,0,98913,0,123.33,123.35,123.37
2070,2,0,0,0,93620,93620,93620,3659,3659,3659,591,591,591,0.00,0.00,0.00,0.00,0.00,0.00,0.00,0.00,0.00,0.00,0.00,0.00,0.00,0.00,0.00,0.00,0.00,0.00,0.00,0.00,0.00,432454,563491,933007,445558,577250,948732,0,0,0,0,0,0,0,88395,0,125.88,125.96,126.02
2070,3,0,0,0,93660,93660,93660,3619,3619,3619,591,591,591,0.00,0.00,0.00,0.00,0.00,0.00,0.00,0.00,0.00,0.00,0.00,0.00,0.00,0.00,0.00,0.00,0.00,0.00,0.00,0.00,0.00,296167,330893,424588,311893,344653,437693,0,0,0,0,0,0,0,112489,0,139.99,140.02,140.05
2071,0,0,0,0,93656,93656,93656,3623,3623,3623,591,591,591,0.00,0.00,0.00,0.00,0.00,0.00,0.00,0.00,0.00,0.00,0.00,0.00,0.00,0.00,0.00,0.00,0.00,0.00,0.00,0.00,0.00,199191,313463,474389,209674,326568,487494,0,0,0,0,0,0,0,109816,0,136.92,136.97,137.02
2071,1,0,0,0,93625,93625,93625,3654,3654,3654,591,591,591,0.00,0.00,0.00,0.00,0.00,0.00,0.00,0.00,0.00,0.00,0.00,0.00,0.00,0.00,0.00,0.00,0.00,0.00,0.00,0.00,0.00,211421,342632,526806,220157,355387,539910,0,0,0,0,0,0,0,111249,0,123.40,123.46,123.52
2071,2,0,0,0,93620,93620,93620,3659,3659,3659,591,591,591,0.00,0.00,0.00,0.00,0.00,0.00,0.00,0.00,0.00,0.00,0.00,0.00,0.00,0.00,0.00,0.00,0.00,0.00,0.00,0.00,0.00,285119,790269,1902794,295487,803303,1915898,0,0,0,0,0,0,0,100831,0,125.69,125.83,125.95
2071,3,0,0,0,93660,93660,93660,3619,3619,3619,591,591,591,0.00,0.00,0.00,0.00,0.00,0.00,0.00,0.00,0.00,0.00,0.00,0.00,0.00,0.00,0.00,0.00,0.00,0.00,0.00,0.00,0.00,301410,535197,867521,317136,549350,880626,0,0,0,0,0,0,0,112401,0,140.10,140.23,140.31
2072,0,0,0,0,93656,93656,93656,3623,3623,3623,591,591,591,0.00,0.00,0.00,0.00,0.00,0.00,0.00,0.00,0.00,0.00,0.00,0.00,0.00,0.00,0.00,0.00,0.00,0.00,0.00,0.00,0.00,296166,536238,1163687,311892,550391,1182033,0,0,0,0,0,0,0,109883,0,136.98,137.01,137.05
2072,1,0,0,0,93625,93625,93625,3654,3654,3654,591,591,591,0.00,0.00,0.00,0.00,0.00,0.00,0.00,0.00,0.00,0.00,0.00,0.00,0.00,0.00,0.00,0.00,0.00,0.00,0.00,0.00,0.00,301406,374791,503216,314511,388944,518941,0,0,0,0,0,0,0,98871,0,123.45,123.49,123.52
2072,2,0,0,0,93620,93620,93620,3659,3659,3659,591,591,591,0.00,0.00,0.00,0.00,0.00,0.00,0.00,0.00,0.00,0.00,0.00,0.00,0.00,0.00,0.00,0.00,0.00,0.00,0.00,0.00,0.00,432457,548346,1003821,442941,562034,1016925,0,0,0,0,0,0,0,100946,0,125.80,125.85,125.94
2072,3,0,0,0,93660,93660,93660,3619,3619,3619,591,591,591,0.00,0.00,0.00,0.00,0.00,0.00,0.00,0.00,0.00,0.00,0.00,0.00,0.00,0.00,0.00,0.00,0.00,0.00,0.00,0.00,0.00,298790,346143,503216,311895,359734,516321,0,0,0,0,0,0,0,112417,0,140.03,140.11,140.23
2073,0,0,0,0,93656,93656,93656,3623,3623,3623,591,591,591,0.00,0.00,0.00,0.00,0.00,0.00,0.00,0.00,0.00,0.00,0.00,0.00,0.00,0.00,0.00,0.00,0.00,0.00,0.00,0.00,0.00,298786,377939,660476,314511,391567,673581,0,0,0,0,0,0,0,109907,0,136.93,136.98,137.01
2073,1,0,0,0,93625,93625,93625,3654,3654,3654,591,591,591,0.00,0.00,0.00,0.00,0.00,0.00,0.00,0.00,0.00,0.00,0.00,0.00,0.00,0.00,0.00,0.00,0.00,0.00,0.00,0.00,0.00,314511,377934,555642,327616,391563,568746,0,0,0,0,0,0,0,98892,0,123.37,123.42,123.47
2073,2,0,0,0,93620,93620,93620,3659,3659,3659,591,591,591,0.00,0.00,0.00,0.00,0.00,0.00,0.00,0.00,0.00,0.00,0.00,0.00,0.00,0.00,0.00,0.00,0.00,0.00,0.00,0.00,0.00,429833,607530,885859,440317,621683,904205,0,0,0,0,0,0,0,100940,0,125.86,125.88,125.91
2073,3,0,0,0,93660,93660,93660,3619,3619,3619,591,591,591,0.00,0.00,0.00,0.00,0.00,0.00,0.00,0.00,0.00,0.00,0.00,0.00,0.00,0.00,0.00,0.00,0.00,0.00,0.00,0.00,0.00,199194,303507,372175,207931,316787,385280,0,0,0,0,0,0,0,112305,0,139.93,139.98,140.03
2074,0,0,0,0,93656,93656,93656,3623,3623,3623,591,591,591,0.00,0.00,0.00,0.00,0.00,0.00,0.00,0.00,0.00,0.00,0.00,0.00,0.00,0.00,0.00,0.00,0.00,0.00,0.00,0.00,0.00,197444,345086,626405,207928,358191,639509,0,0,0,0,0,0,0,109801,0,137.02,137.05,137.07
2074,1,0,0,0,93625,93625,93625,3654,3654,3654,591,591,591,0.00,0.00,0.00,0.00,0.00,0.00,0.00,0.00,0.00,0.00,0.00,0.00,0.00,0.00,0.00,0.00,0.00,0.00,0.00,0.00,0.00,204123,282474,324996,212772,295736,338101,0,0,0,0,0,0,0,99007,0,123.39,123.44,123.49
2074,2,0,0,0,93620,93620,93620,3659,3659,3659,591,591,591,0.00,0.00,0.00,0.00,0.00,0.00,0.00,0.00,0.00,0.00,0.00,0.00,0.00,0.00,0.00,0.00,0.00,0.00,0.00,0.00,0.00,427206,728618,1892310,442931,742771,1902794,0,0,0,0,0,0,0,113675,0,125.85,125.90,125.94
2074,3,0,0,0,93660,93660,93660,3619,3619,3619,591,591,591,0.00,0.00,0.00,0.00,0.00,0.00,0.00,0.00,0.00,0.00,0.00,0.00,0.00,0.00,0.00,0.00,0.00,0.00,0.00,0.00,0.00,296152,323946,414112,311877,338099,429838,0,0,0,0,0,0,0,126703,0,140.00,140.12,140.26
2075,0,0,0,0,93656,93656,93656,3623,3623,3623,591,591,591,0.00,0.00,0.00,0.00,0.00,0.00,0.00,0.00,0.00,0.00,0.00,0.00,0.00,0.00,0.00,0.00,0.00,0.00,0.00,0.00,0.00,296163,527857,1281645,311889,541486,1294750,0,0,0,0,0,0,0,123557,0,136.93,136.97,137.01
2075,1,0,0,0,93625,93625,93625,3654,3654,3654,591,591,591,0.00,0.00,0.00,0.00,0.00,0.00,0.00,0.00,0.00,0.00,0.00,0.00,0.00,0.00,0.00,0.00,0.00,0.00,0.00,0.00,0.00,298785,416198,555634,314511,430351,568739,0,0,0,0,0,0,0,111168,0,123.39,123.43,123.46
2075,2,0,0,0,93620,93620,93620,3659,3659,3659,591,591,591,0.00,0.00,0.00,0.00,0.00,0.00,0.00,0.00,0.00,0.00,0.00,0.00,0.00,0.00,0.00,0.00,0.00,0.00,0.00,0.00,0.00,285325,596973,933073,293971,609710,946178,0,0,0,0,0,0,0,100949,0,125.79,125.82,125.84
2075,3,0,0,0,93660,93660,93660,3619,3619,3619,591,591,591,0.00,0.00,0.00,0.00,0.00,0.00,0.00,0.00,0.00,0.00,0.00,0.00,0.00,0.00,0.00,0.00,0.00,0.00,0.00,0.00,0.00,301413,505845,998586,314517,519474,1011691,0,0,0,0,0,0,0,112546,0,140.18,140.22,140.26
2076,0,0,0,0,93656,93656,93656,3623,3623,3623,591,591,591,0.00,0.00,0.00,0.00,0.00,0.00,0.00,0.00,0.00,0.00,0.00,0.00,0.00,0.00,0.00,0.00,0.00,0.00,0.00,0.00,0.00,296163,346486,518946,309267,360639,532051,0,0,0,0,0,0,0,82415,0,137.01,137.06,137.11
2076,1,0,0,0,93625,93625,93625,3654,3654,3654,591,591,591,0.00,0.00,0.00,0.00,0.00,0.00,0.00,0.00,0.00,0.00,0.00,0.00,0.00,0.00,0.00,0.00,0.00,0.00,0.00,0.00,0.00,298783,360113,500591,311888,374266,516316,0,0,0,0,0,0,0,74265,0,123.45,123.49,123.52
2076,2,0,0,0,93620,93620,93620,3659,3659,3659,591,591,591,0.00,0.00,0.00,0.00,0.00,0.00,0.00,0.00,0.00,0.00,0.00,0.00,0.00,0.00,0.00,0.00,0.00,0.00,0.00,0.00,0.00,427213,530478,930433,440318,544631,943538,0,0,0,0,0,0,0,100825,0,125.72,125.82,125.91
2076,3,0,0,0,93660,93660,93660,3619,3619,3619,591,591,591,0.00,0.00,0.00,0.00,0.00,0.00,0.00,0.00,0.00,0.00,0.00,0.00,0.00,0.00,0.00,0.00,0.00,0.00,0.00,0.00,0.00,296167,355475,445568,306840,369594,461293,0,0,0,0,0,0,0,84343,0,140.00,140.09,140.16
2077,0,0,0,0,93656,93656,93656,3623,3623,3623,591,591,591,0.00,0.00,0.00,0.00,0.00,0.00,0.00,0.00,0.00,0.00,0.00,0.00,0.00,0.00,0.00,0.00,0.00,0.00,0.00,0.00,0.00,306650,444503,649952,319755,458131,663056,0,0,0,0,0,0,0,109897,0,137.06,137.08,137.10
2077,1,0,0,0,93625,93625,93625,3654,3654,3654,591,591,591,0.00,0.00,0.00,0.00,0.00,0.00,0.00,0.00,0.00,0.00,0.00,0.00,0.00,0.00,0.00,0.00,0.00,0.00,0.00,0.00,0.00,298771,362735,563506,311875,376363,576611,0,0,0,0,0,0,0,98963,0,123.43,123.48,123.51
2077,2,0,0,0,93620,93620,93620,3659,3659,3659,591,591,591,0.00,0.00,0.00,0.00,0.00,0.00,0.00,0.00,0.00,0.00,0.00,0.00,0.00,0.00,0.00,0.00,0.00,0.00,0.00,0.00,0.00,429833,536759,927764,442938,550912,940868,0,0,0,0,0,0,0,75548,0,125.59,125.61,125.64
2077,3,0,0,0,93660,93660,93660,3619,3619,3619,591,591,591,0.00,0.00,0.00,0.00,0.00,0.00,0.00,0.00,0.00,0.00,0.00,0.00,0.00,0.00,0.00,0.00,0.00,0.00,0.00,0.00,0.00,298786,320800,401006,311890,334953,414111,0,0,0,0,0,0,0,112535,0,140.08,140.15,140.19
2078,0,0,0,0,93656,93656,93656,3623,3623,3623,591,591,591,0.00,0.00,0.00,0.00,0.00,0.00,0.00,0.00,0.00,0.00,0.00,0.00,0.00,0.00,0.00,0.00,0.00,0.00,0.00,0.00,0.00,296166,342293,503222,309271,356446,518947,0,0,0,0,0,0,0,109927,0,137.09,137.09,137.11
2078,1,0,0,0,93625,93625,93625,3654,3654,3654,591,591,591,0.00,0.00,0.00,0.00,0.00,0.00,0.00,0.00,0.00,0.00,0.00,0.00,0.00,0.00,0.00,0.00,0.00,0.00,0.00,0.00,0.00,296163,344389,518936,309270,358542,534661,0,0,0,0,0,0,0,99017,0,123.45,123.47,123.50
2078,2,0,0,0,93620,93620,93620,3659,3659,3659,591,591,591,0.00,0.00,0.00,0.00,0.00,0.00,0.00,0.00,0.00,0.00,0.00,0.00,0.00,0.00,0.00,0.00,0.00,0.00,0.00,0.00,0.00,424594,810920,1963084,437699,824549,1978809,0,0,0,0,0,0,0,113534,0,125.60,125.70,125.79
2078,3,0,0,0,93660,93660,93660,3619,3619,3619,591,591,591,0.00,0.00,0.00,0.00,0.00,0.00,0.00,0.00,0.00,0.00,0.00,0.00,0.00,0.00,0.00,0.00,0.00,0.00,0.00,0.00,0.00,65524,381610,935682,81250,395239,948786,0,0,0,0,0,0,0,126578,0,140.06,140.09,140.13
2079,0,0,0,0,93656,93656,93656,3623,3623,3623,591,591,591,0.00,0.00,0.00,0.00,0.00,0.00,0.00,0.00,0.00,0.00,0.00,0.00,0.00,0.00,0.00,0.00,0.00,0.00,0.00,0.00,0.00,256837,433499,985474,269941,447128,995958,0,0,0,0,0,0,0,123694,0,136.99,137.03,137.05
2079,1,0,0,0,93625,93625,93625,3654,3654,3654,591,591,591,0.00,0.00,0.00,0.00,0.00,0.00,0.00,0.00,0.00,0.00,0.00,0.00,0.00,0.00,0.00,0.00,0.00,0.00,0.00,0.00,0.00,157257,300882,403620,170361,314510,416725,0,0,0,0,0,0,0,98790,0,123.35,123.38,123.44
2079,2,0,0,0,93620,93620,93620,3659,3659,3659,591,591,591,0.00,0.00,0.00,0.00,0.00,0.00,0.00,0.00,0.00,0.00,0.00,0.00,0.00,0.00,0.00,0.00,0.00,0.00,0.00,0.00,0.00,416643,534428,968615,432366,548482,981227,0,0,0,0,0,0,0,100877,0,125.79,125.81,125.83
2079,3,0,0,0,93660,93660,93660,3619,3619,3619,591,591,591,0.00,0.00,0.00,0.00,0.00,0.00,0.00,0.00,0.00,0.00,0.00,0.00,0.00,0.00,0.00,0.00,0.00,0.00,0.00,0.00,0.00,298774,383181,589721,311878,396809,602826,0,0,0,0,0,0,0,112361,0,139.93,139.98,140.00
2080,0,0,0,0,93656,93656,93656,3623,3623,3623,591,591,591,0.00,0.00,0.00,0.00,0.00,0.00,0.00,0.00,0.00,0.00,0.00,0.00,0.00,0.00,0.00,0.00,0.00,0.00,0.00,0.00,0.00,298787,435074,691920,311891,448702,705024,0,0,0,0,0,0,0,109817,0,136.91,136.97,137.01
2080,1,0,0,0,93625,93625,93625,3654,3654,3654,591,591,591,0.00,0.00,0.00,0.00,0.00,0.00,0.00,0.00,0.00,0.00,0.00,0.00,0.00,0.00,0.00,0.00,0.00,0.00,0.00,0.00,0.00,298786,362208,495354,314512,376361,505838,0,0,0,0,0,0,0,99009,0,123.44,123.54,123.59
2080,2,0,0,0,93620,93620,93620,3659,3659,3659,591,591,591,0.00,0.00,0.00,0.00,0.00,0.00,0.00,0.00,0.00,0.00,0.00,0.00,0.00,0.00,0.00,0.00,0.00,0.00,0.00,0.00,0.00,427186,528378,914714,442911,542006,925198,0,0,0,0,0,0,0,101041,0,125.86,125.92,125.97
2080,3,0,0,0,93660,93660,93660,3619,3619,3619,591,591,591,0.00,0.00,0.00,0.00,0.00,0.00,0.00,0.00,0.00,0.00,0.00,0.00,0.00,0.00,0.00,0.00,0.00,0.00,0.00,0.00,0.00,298789,333388,456054,311894,347541,471780,0,0,0,0,0,0,0,112361,0,140.00,140.04,140.07
2081,0,0,0,0,93656,93656,93656,3623,3623,3623,591,591,591,0.00,0.00,0.00,0.00,0.00,0.00,0.00,0.00,0.00,0.00,0.00,0.00,0.00,0.00,0.00,0.00,0.00,0.00,0.00,0.00,0.00,311891,390520,697171,324997,404674,710276,0,0,0,0,0,0,0,109733,0,136.89,136.91,136.93
2081,1,0,0,0,93625,93625,93625,3654,3654,3654,591,591,591,0.00,0.00,0.00,0.00,0.00,0.00,0.00,0.00,0.00,0.00,0.00,0.00,0.00,0.00,0.00,0.00,0.00,0.00,0.00,0.00,0.00,296164,390519,534670,311890,404149,547775,0,0,0,0,0,0,0,98966,0,123.45,123.49,123.58
2081,2,0,0,0,93620,93620,93620,3659,3659,3659,591,591,591,0.00,0.00,0.00,0.00,0.00,0.00,0.00,0.00,0.00,0.00,0.00,0.00,0.00,0.00,0.00,0.00,0.00,0.00,0.00,0.00,0.00,429835,551274,977604,440318,565421,993329,0,0,0,0,0,0,0,113566,0,125.93,125.96,126.01
2081,3,0,0,0,93660,93660,93660,3619,3619,3619,591,591,591,0.00,0.00,0.00,0.00,0.00,0.00,0.00,0.00,0.00,0.00,0.00,0.00,0.00,0.00,0.00,0.00,0.00,0.00,0.00,0.00,0.00,298789,322377,403625,311894,336006,421972,0,0,0,0,0,0,0,112718,0,140.04,140.16,140.32
2082,0,0,0,0,93656,93656,93656,3623,3623,3623,591,591,591,0.00,0.00,0.00,0.00,0.00,0.00,0.00,0.00,0.00,0.00,0.00,0.00,0.00,0.00,0.00,0.00,0.00,0.00,0.00,0.00,0.00,306648,352774,513704,319757,366927,526808,0,0,0,0,0,0,0,109776,0,136.94,136.96,136.98
2082,1,0,0,0,93625,93625,93625,3654,3654,3654,591,591,591,0.00,0.00,0.00,0.00,0.00,0.00,0.00,0.00,0.00,0.00,0.00,0.00,0.00,0.00,0.00,0.00,0.00,0.00,0.00,0.00,0.00,293552,356271,511080,306657,370387,524184,0,0,0,0,0,0,0,111345,0,123.48,123.54,123.59
2082,2,0,0,0,93620,93620,93620,3659,3659,3659,591,591,591,0.00,0.00,0.00,0.00,0.00,0.00,0.00,0.00,0.00,0.00,0.00,0.00,0.00,0.00,0.00,0.00,0.00,0.00,0.00,0.00,0.00,427214,716379,1379200,441429,730000,1392311,0,0,0,0,0,0,0,100880,0,125.82,125.90,125.96
2082,3,0,0,0,93660,93660,93660,3619,3619,3619,591,591,591,0.00,0.00,0.00,0.00,0.00,0.00,0.00,0.00,0.00,0.00,0.00,0.00,0.00,0.00,0.00,0.00,0.00,0.00,0.00,0.00,0.00,301410,533619,817736,314515,547772,830840,0,0,0,0,0,0,0,112339,0,140.16,140.23,140.30
2083,0,0,0,0,93656,93656,93656,3623,3623,3623,591,591,591,0.00,0.00,0.00,0.00,0.00,0.00,0.00,0.00,0.00,0.00,0.00,0.00,0.00,0.00,0.00,0.00,0.00,0.00,0.00,0.00,0.00,304026,542009,1255431,317132,555638,1265915,0,0,0,0,0,0,0,109752,0,136.93,136.97,137.02
2083,1,0,0,0,93625,93625,93625,3654,3654,3654,591,591,591,0.00,0.00,0.00,0.00,0.00,0.00,0.00,0.00,0.00,0.00,0.00,0.00,0.00,0.00,0.00,0.00,0.00,0.00,0.00,0.00,0.00,298785,394710,553013,311890,408339,566117,0,0,0,0,0,0,0,98890,0,123.41,123.47,123.56
2083,2,0,0,0,93620,93620,93620,3659,3659,3659,591,591,591,0.00,0.00,0.00,0.00,0.00,0.00,0.00,0.00,0.00,0.00,0.00,0.00,0.00,0.00,0.00,0.00,0.00,0.00,0.00,0.00,0.00,419065,534936,964741,432412,549066,977673,0,0,0,0,0,0,0,100838,0,125.71,125.73,125.77
2083,3,0,0,0,93660,93660,93660,3619,3619,3619,591,591,591,0.00,0.00,0.00,0.00,0.00,0.00,0.00,0.00,0.00,0.00,0.00,0.00,0.00,0.00,0.00,0.00,0.00,0.00,0.00,0.00,0.00,296167,339151,487496,311893,352780,500601,0,0,0,0,0,0,0,84320,0,140.10,140.14,140.18
2084,0,0,0,0,93656,93656,93656,3623,3623,3623,591,591,591,0.00,0.00,0.00,0.00,0.00,0.00,0.00,0.00,0.00,0.00,0.00,0.00,0.00,0.00,0.00,0.00,0.00,0.00,0.00,0.00,0.00,304026,401648,673543,319751,415408,686647,0,0,0,0,0,0,0,82537,0,136.91,137.00,137.12
2084,1,0,0,0,93625,93625,93625,3654,3654,3654,591,591,591,0.00,0.00,0.00,0.00,0.00,0.00,0.00,0.00,0.00,0.00,0.00,0.00,0.00,0.00,0.00,0.00,0.00,0.00,0.00,0.00,0.00,306648,380691,513705,322374,394451,526810,0,0,0,0,0,0,0,74144,0,123.37,123.41,123.44
2084,2,0,0,0,93620,93620,93620,3659,3659,3659,591,591,591,0.00,0.00,0.00,0.00,0.00,0.00,0.00,0.00,0.00,0.00,0.00,0.00,0.00,0.00,0.00,0.00,0.00,0.00,0.00,0.00,0.00,429833,556949,906845,442938,570709,922571,0,0,0,0,0,0,0,75790,0,125.75,125.82,125.88
2084,3,0,0,0,93660,93660,93660,3619,3619,3619,591,591,591,0.00,0.00,0.00,0.00,0.00,0.00,0.00,0.00,0.00,0.00,0.00,0.00,0.00,0.00,0.00,0.00,0.00,0.00,0.00,0.00,0.00,284810,299222,306651,293546,312545,322377,0,0,0,0,0,0,0,112455,0,140.01,140.05,140.07
2085,0,0,0,0,93656,93656,93656,3623,3623,3623,591,591,591,0.00,0.00,0.00,0.00,0.00,0.00,0.00,0.00,0.00,0.00,0.00,0.00,0.00,0.00,0.00,0.00,0.00,0.00,0.00,0.00,0.00,296166,364309,608057,309271,378463,621162,0,0,0,0,0,0,0,109854,0,137.11,137.15,137.18
2085,1,0,0,0,93625,93625,93625,3654,3654,3654,591,591,591,0.00,0.00,0.00,0.00,0.00,0.00,0.00,0.00,0.00,0.00,0.00,0.00,0.00,0.00,0.00,0.00,0.00,0.00,0.00,0.00,0.00,290926,360109,587060,306652,374262,600164,0,0,0,0,0,0,0,98885,0,123.34,123.38,123.41
2085,2,0,0,0,93620,93620,93620,3659,3659,3659,591,591,591,0.00,0.00,0.00,0.00,0.00,0.00,0.00,0.00,0.00,0.00,0.00,0.00,0.00,0.00,0.00,0.00,0.00,0.00,0.00,0.00,0.00,429839,833449,1887073,442943,847078,1897557,0,0,0,0,0,0,0,113650,0,125.90,125.92,125.94
2085,3,0,0,0,93660,93660,93660,3619,3619,3619,591,591,591,0.00,0.00,0.00,0.00,0.00,0.00,0.00,0.00,0.00,0.00,0.00,0.00,0.00,0.00,0.00,0.00,0.00,0.00,0.00,0.00,0.00,304033,330764,416732,317138,344917,432457,0,0,0,0,0,0,0,126467,0,140.04,140.11,140.17
2086,0,0,0,0,93656,93656,93656,3623,3623,3623,591,591,591,0.00,0.00,0.00,0.00,0.00,0.00,0.00,0.00,0.00,0.00,0.00,0.00,0.00,0.00,0.00,0.00,0.00,0.00,0.00,0.00,0.00,296166,300178,305742,309271,313282,316225,0,0,0,0,0,0,0,123605,0,137.02,137.05,137.07
2086,1,0,0,0,93625,93625,93625,3654,3654,3654,591,591,591,0.00,0.00,0.00,0.00,0.00,0.00,0.00,0.00,0.00,0.00,0.00,0.00,0.00,0.00,0.00,0.00,0.00,0.00,0.00,0.00,0.00,290923,348933,414107,304027,361688,427212,0,0,0,0,0,0,0,111239,0,123.44,123.47,123.53
2086,2,0,0,0,93620,93620,93620,3659,3659,3659,591,591,591,0.00,0.00,0.00,0.00,0.00,0.00,0.00,0.00,0.00,0.00,0.00,0.00,0.00,0.00,0.00,0.00,0.00,0.00,0.00,0.00,0.00,429834,524187,891123,442938,538339,906848,0,0,0,0,0,0,0,100953,0,125.86,125.87,125.90
2086,3,0,0,0,93660,93660,93660,3619,3619,3619,591,591,591,0.00,0.00,0.00,0.00,0.00,0.00,0.00,0.00,0.00,0.00,0.00,0.00,0.00,0.00,0.00,0.00,0.00,0.00,0.00,0.00,0.00,304031,535197,888506,317136,548827,904232,0,0,0,0,0,0,0,112352,0,139.94,139.98,140.02
2087,0,0,0,0,93656,93656,93656,3623,3623,3623,591,591,591,0.00,0.00,0.00,0.00,0.00,0.00,0.00,0.00,0.00,0.00,0.00,0.00,0.00,0.00,0.00,0.00,0.00,0.00,0.00,0.00,0.00,298786,538326,1184593,311891,552479,1197697,0,0,0,0,0,0,0,109887,0,137.05,137.08,137.11
2087,1,0,0,0,93625,93625,93625,3654,3654,3654,591,591,591,0.00,0.00,0.00,0.00,0.00,0.00,0.00,0.00,0.00,0.00,0.00,0.00,0.00,0.00,0.00,0.00,0.00,0.00,0.00,0.00,0.00,298785,356445,513703,311890,370598,529429,0,0,0,0,0,0,0,98995,0,123.42,123.49,123.55
2087,2,0,0,0,93620,93620,93620,3659,3659,3659,591,591,591,0.00,0.00,0.00,0.00,0.00,0.00,0.00,0.00,0.00,0.00,0.00,0.00,0.00,0.00,0.00,0.00,0.00,0.00,0.00,0.00,0.00,287242,608252,969161,297625,621859,982258,0,0,0,0,0,0,0,100926,0,125.79,125.82,125.84
2087,3,0,0,0,93660,93660,93660,3619,3619,3619,591,591,591,0.00,0.00,0.00,0.00,0.00,0.00,0.00,0.00,0.00,0.00,0.00,0.00,0.00,0.00,0.00,0.00,0.00,0.00,0.00,0.00,0.00,301405,343339,503197,317131,357491,518922,0,0,0,0,0,0,0,112557,0,140.04,140.17,140.22
2088,0,0,0,0,93656,93656,93656,3623,3623,3623,591,591,591,0.00,0.00,0.00,0.00,0.00,0.00,0.00,0.00,0.00,0.00,0.00,0.00,0.00,0.00,0.00,0.00,0.00,0.00,0.00,0.00,0.00,298786,391565,697163,309270,405195,712889,0,0,0,0,0,0,0,109961,0,137.08,137.12,137.15
2088,1,0,0,0,93625,93625,93625,3654,3654,3654,591,591,591,0.00,0.00,0.00,0.00,0.00,0.00,0.00,0.00,0.00,0.00,0.00,0.00,0.00,0.00,0.00,0.00,0.00,0.00,0.00,0.00,0.00,296165,373216,529429,309269,386845,545154,0,0,0,0,0,0,0,99011,0,123.47,123.48,123.50
2088,2,0,0,0,93620,93620,93620,3659,3659,3659,591,591,591,0.00,0.00,0.00,0.00,0.00,0.00,0.00,0.00,0.00,0.00,0.00,0.00,0.00,0.00,0.00,0.00,0.00,0.00,0.00,0.00,0.00,424592,529954,925197,437697,543583,940923,0,0,0,0,0,0,0,100912,0,125.85,125.90,125.97
2088,3,0,0,0,93660,93660,93660,3619,3619,3619,591,591,591,0.00,0.00,0.00,0.00,0.00,0.00,0.00,0.00,0.00,0.00,0.00,0.00,0.00,0.00,0.00,0.00,0.00,0.00,0.00,0.00,0.00,288312,343581,419353,304038,357151,432457,0,0,0,0,0,0,0,112495,0,140.11,140.15,140.21
2089,0,0,0,0,93656,93656,93656,3623,3623,3623,591,591,591,0.00,0.00,0.00,0.00,0.00,0.00,0.00,0.00,0.00,0.00,0.00,0.00,0.00,0.00,0.00,0.00,0.00,0.00,0.00,0.00,0.00,296166,416079,705029,311873,430158,718134,0,0,0,0,0,0,0,109861,0,137.02,137.06,137.15
2089,1,0,0,0,93625,93625,93625,3654,3654,3654,591,591,591,0.00,0.00,0.00,0.00,0.00,0.00,0.00,0.00,0.00,0.00,0.00,0.00,0.00,0.00,0.00,0.00,0.00,0.00,0.00,0.00,0.00,298784,334955,474391,311892,349108,490117,0,0,0,0,0,0,0,98933,0,123.44,123.47,123.48
2089,2,0,0,0,93620,93620,93620,3659,3659,3659,591,591,591,0.00,0.00,0.00,0.00,0.00,0.00,0.00,0.00,0.00,0.00,0.00,0.00,0.00,0.00,0.00,0.00,0.00,0.00,0.00,0.00,0.00,429835,820353,1889703,442939,833982,1905428,0,0,0,0,0,0,0,113527,0,125.77,125.79,125.83
2089,3,0,0,0,93660,93660,93660,3619,3619,3619,591,591,591,0.00,0.00,0.00,0.00,0.00,0.00,0.00,0.00,0.00,0.00,0.00,0.00,0.00,0.00,0.00,0.00,0.00,0.00,0.00,0.00,0.00,199194,451845,773188,209678,464950,786293,0,0,0,0,0,0,0,126598,0,140.03,140.06,140.11
2090,0,0,0,0,93656,93656,93656,3623,3623,3623,591,591,591,0.00,0.00,0.00,0.00,0.00,0.00,0.00,0.00,0.00,0.00,0.00,0.00,0.00,0.00,0.00,0.00,0.00,0.00,0.00,0.00,0.00,195672,465298,1218731,206155,477878,1231836,0,0,0,0,0,0,0,123784,0,136.94,137.00,137.09
2090,1,0,0,0,93625,93625,93625,3654,3654,3654,591,591,591,0.00,0.00,0.00,0.00,0.00,0.00,0.00,0.00,0.00,0.00,0.00,0.00,0.00,0.00,0.00,0.00,0.00,0.00,0.00,0.00,0.00,304026,410429,694508,319752,424058,707612,0,0,0,0,0,0,0,98824,0,123.48,123.52,123.55
2090,2,0,0,0,93620,93620,93620,3659,3659,3659,591,591,591,0.00,0.00,0.00,0.00,0.00,0.00,0.00,0.00,0.00,0.00,0.00,0.00,0.00,0.00,0.00,0.00,0.00,0.00,0.00,0.00,0.00,427215,544628,995965,442941,558781,1006449,0,0,0,0,0,0,0,100862,0,125.73,125.76,125.77
2090,3,0,0,0,93660,93660,93660,3619,3619,3619,591,591,591,0.00,0.00,0.00,0.00,0.00,0.00,0.00,0.00,0.00,0.00,0.00,0.00,0.00,0.00,0.00,0.00,0.00,0.00,0.00,0.00,0.00,301408,404151,623792,314513,418304,639518,0,0,0,0,0,0,0,112540,0,140.14,140.20,140.23
2091,0,0,0,0,93656,93656,93656,3623,3623,3623,591,591,591,0.00,0.00,0.00,0.00,0.00,0.00,0.00,0.00,0.00,0.00,0.00,0.00,0.00,0.00,0.00,0.00,0.00,0.00,0.00,0.00,0.00,298787,431405,705033,311891,445034,715517,0,0,0,0,0,0,0,82527,0,137.13,137.19,137.23
2091,1,0,0,0,93625,93625,93625,3654,3654,3654,591,591,591,0.00,0.00,0.00,0.00,0.00,0.00,0.00,0.00,0.00,0.00,0.00,0.00,0.00,0.00,0.00,0.00,0.00,0.00,0.00,0.00,0.00,301406,363260,513703,311889,376365,529429,0,0,0,0,0,0,0,74196,0,123.43,123.45,123.47
2091,2,0,0,0,93620,93620,93620,3659,3659,3659,591,591,591,0.00,0.00,0.00,0.00,0.00,0.00,0.00,0.00,0.00,0.00,0.00,0.00,0.00,0.00,0.00,0.00,0.00,0.00,0.00,0.00,0.00,297147,501376,913295,307513,514466,926927,0,0,0,0,0,0,0,100921,0,125.62,125.71,125.77
2091,3,0,0,0,93660,93660,93660,3619,3619,3619,591,591,591,0.00,0.00,0.00,0.00,0.00,0.00,0.00,0.00,0.00,0.00,0.00,0.00,0.00,0.00,0.00,0.00,0.00,0.00,0.00,0.00,0.00,298789,322234,382659,311894,335835,395764,0,0,0,0,0,0,0,84662,0,140.22,140.32,140.42
2092,0,0,0,0,93656,93656,93656,3623,3623,3623,591,591,591,0.00,0.00,0.00,0.00,0.00,0.00,0.00,0.00,0.00,0.00,0.00,0.00,0.00,0.00,0.00,0.00,0.00,0.00,0.00,0.00,0.00,306648,382652,576609,319752,397067,589714,0,0,0,0,0,0,0,110033,0,137.15,137.21,137.27
2092,1,0,0,0,93625,93625,93625,3654,3654,3654,591,591,591,0.00,0.00,0.00,0.00,0.00,0.00,0.00,0.00,0.00,0.00,0.00,0.00,0.00,0.00,0.00,0.00,0.00,0.00,0.00,0.00,0.00,296166,357757,518944,309271,372172,537290,0,0,0,0,0,0,0,98940,0,123.44,123.46,123.50
2092,2,0,0,0,93620,93620,93620,3659,3659,3659,591,591,591,0.00,0.00,0.00,0.00,0.00,0.00,0.00,0.00,0.00,0.00,0.00,0.00,0.00,0.00,0.00,0.00,0.00,0.00,0.00,0.00,0.00,435052,562185,922570,448156,575944,938295,0,0,0,0,0,0,0,75563,0,125.79,125.80,125.81
2092,3,0,0,0,93660,93660,93660,3619,3619,3619,591,591,591,0.00,0.00,0.00,0.00,0.00,0.00,0.00,0.00,0.00,0.00,0.00,0.00,0.00,0.00,0.00,0.00,0.00,0.00,0.00,0.00,0.00,298772,330235,419349,314496,344650,432454,0,0,0,0,0,0,0,112568,0,140.24,140.32,140.40
2093,0,0,0,0,93656,93656,93656,3623,3623,3623,591,591,591,0.00,0.00,0.00,0.00,0.00,0.00,0.00,0.00,0.00,0.00,0.00,0.00,0.00,0.00,0.00,0.00,0.00,0.00,0.00,0.00,0.00,294545,332010,469148,310047,346118,482252,0,0,0,0,0,0,0,109903,0,137.13,137.16,137.19
2093,1,0,0,0,93625,93625,93625,3654,3654,3654,591,591,591,0.00,0.00,0.00,0.00,0.00,0.00,0.00,0.00,0.00,0.00,0.00,0.00,0.00,0.00,0.00,0.00,0.00,0.00,0.00,0.00,0.00,291009,351219,537295,306460,364792,547779,0,0,0,0,0,0,0,111258,0,123.45,123.49,123.54
2093,2,0,0,0,93620,93620,93620,3659,3659,3659,591,591,591,0.00,0.00,0.00,0.00,0.00,0.00,0.00,0.00,0.00,0.00,0.00,0.00,0.00,0.00,0.00,0.00,0.00,0.00,0.00,0.00,0.00,421971,813014,1918529,435076,827168,1934255,0,0,0,0,0,0,0,100879,0,125.68,125.73,125.78
2093,3,0,0,0,93660,93660,93660,3619,3619,3619,591,591,591,0.00,0.00,0.00,0.00,0.00,0.00,0.00,0.00,0.00,0.00,0.00,0.00,0.00,0.00,0.00,0.00,0.00,0.00,0.00,0.00,0.00,197446,483479,1001210,206183,496234,1016935,0,0,0,0,0,0,0,126734,0,140.26,140.32,140.39
2094,0,0,0,0,93656,93656,93656,3623,3623,3623,591,591,591,0.00,0.00,0.00,0.00,0.00,0.00,0.00,0.00,0.00,0.00,0.00,0.00,0.00,0.00,0.00,0.00,0.00,0.00,0.00,0.00,0.00,193926,515266,1174178,202662,528021,1187283,0,0,0,0,0,0,0,123695,0,137.08,137.11,137.13
2094,1,0,0,0,93625,93625,93625,3654,3654,3654,591,591,591,0.00,0.00,0.00,0.00,0.00,0.00,0.00,0.00,0.00,0.00,0.00,0.00,0.00,0.00,0.00,0.00,0.00,0.00,0.00,0.00,0.00,263838,340020,508462,274322,353649,521567,0,0,0,0,0,0,0,98972,0,123.40,123.47,123.51
2094,2,0,0,0,93620,93620,93620,3659,3659,3659,591,591,591,0.00,0.00,0.00,0.00,0.00,0.00,0.00,0.00,0.00,0.00,0.00,0.00,0.00,0.00,0.00,0.00,0.00,0.00,0.00,0.00,0.00,429831,548301,1016931,442936,561929,1032657,0,0,0,0,0,0,0,100809,0,125.66,125.72,125.78
2094,3,0,0,0,93660,93660,93660,3619,3619,3619,591,591,591,0.00,0.00,0.00,0.00,0.00,0.00,0.00,0.00,0.00,0.00,0.00,0.00,0.00,0.00,0.00,0.00,0.00,0.00,0.00,0.00,0.00,298791,389993,524191,314516,403622,537296,0,0,0,0,0,0,0,112473,0,140.24,140.30,140.38
2095,0,0,0,0,93656,93656,93656,3623,3623,3623,591,591,591,0.00,0.00,0.00,0.00,0.00,0.00,0.00,0.00,0.00,0.00,0.00,0.00,0.00,0.00,0.00,0.00,0.00,0.00,0.00,0.00,0.00,296164,378461,689301,309269,392614,702406,0,0,0,0,0,0,0,109909,0,137.06,137.08,137.12
2095,1,0,0,0,93625,93625,93625,3654,3654,3654,591,591,591,0.00,0.00,0.00,0.00,0.00,0.00,0.00,0.00,0.00,0.00,0.00,0.00,0.00,0.00,0.00,0.00,0.00,0.00,0.00,0.00,0.00,306648,407811,537292,319753,421440,550396,0,0,0,0,0,0,0,98911,0,123.40,123.45,123.51
2095,2,0,0,0,93620,93620,93620,3659,3659,3659,591,591,591,0.00,0.00,0.00,0.00,0.00,0.00,0.00,0.00,0.00,0.00,0.00,0.00,0.00,0.00,0.00,0.00,0.00,0.00,0.00,0.00,0.00,278304,494304,887502,288548,507362,900364,0,0,0,0,0,0,0,100802,0,125.61,125.64,125.66
2095,3,0,0,0,93660,93660,93660,3619,3619,3619,591,591,591,0.00,0.00,0.00,0.00,0.00,0.00,0.00,0.00,0.00,0.00,0.00,0.00,0.00,0.00,0.00,0.00,0.00,0.00,0.00,0.00,0.00,301412,316086,366929,314518,330240,382655,0,0,0,0,0,0,0,112486,0,140.02,140.08,140.13
2096,0,0,0,0,93656,93656,93656,3623,3623,3623,591,591,591,0.00,0.00,0.00,0.00,0.00,0.00,0.00,0.00,0.00,0.00,0.00,0.00,0.00,0.00,0.00,0.00,0.00,0.00,0.00,0.00,0.00,293546,363785,605433,309272,377414,618537,0,0,0,0,0,0,0,109934,0,137.06,137.13,137.18
2096,1,0,0,0,93625,93625,93625,3654,3654,3654,591,591,591,0.00,0.00,0.00,0.00,0.00,0.00,0.00,0.00,0.00,0.00,0.00,0.00,0.00,0.00,0.00,0.00,0.00,0.00,0.00,0.00,0.00,296166,310842,338101,309272,324995,353827,0,0,0,0,0,0,0,98890,0,123.39,123.41,123.44
2096,2,0,0,0,93620,93620,93620,3659,3659,3659,591,591,591,0.00,0.00,0.00,0.00,0.00,0.00,0.00,0.00,0.00,0.00,0.00,0.00,0.00,0.00,0.00,0.00,0.00,0.00,0.00,0.00,0.00,429837,825071,1871359,445563,839224,1884464,0,0,0,0,0,0,0,113410,0,125.65,125.67,125.68
2096,3,0,0,0,93660,93660,93660,3619,3619,3619,591,591,591,0.00,0.00,0.00,0.00,0.00,0.00,0.00,0.00,0.00,0.00,0.00,0.00,0.00,0.00,0.00,0.00,0.00,0.00,0.00,0.00,0.00,202690,304731,416737,213174,317836,432463,0,0,0,0,0,0,0,112457,0,140.05,140.08,140.13
2097,0,0,0,0,93656,93656,93656,3623,3623,3623,591,591,591,0.00,0.00,0.00,0.00,0.00,0.00,0.00,0.00,0.00,0.00,0.00,0.00,0.00,0.00,0.00,0.00,0.00,0.00,0.00,0.00,0.00,193932,309442,469149,202667,322683,482254,0,0,0,0,0,0,0,123615,0,137.13,137.18,137.22
2097,1,0,0,0,93625,93625,93625,3654,3654,3654,591,591,591,0.00,0.00,0.00,0.00,0.00,0.00,0.00,0.00,0.00,0.00,0.00,0.00,0.00,0.00,0.00,0.00,0.00,0.00,0.00,0.00,0.00,279553,356800,524221,288289,369464,539490,0,0,0,0,0,0,0,111186,0,123.41,123.43,123.44
2097,2,0,0,0,93620,93620,93620,3659,3659,3659,591,591,591,0.00,0.00,0.00,0.00,0.00,0.00,0.00,0.00,0.00,0.00,0.00,0.00,0.00,0.00,0.00,0.00,0.00,0.00,0.00,0.00,0.00,424595,529426,904228,440321,543055,917333,0,0,0,0,0,0,0,100912,0,125.71,125.74,125.79
2097,3,0,0,0,93660,93660,93660,3619,3619,3619,591,591,591,0.00,0.00,0.00,0.00,0.00,0.00,0.00,0.00,0.00,0.00,0.00,0.00,0.00,0.00,0.00,0.00,0.00,0.00,0.00,0.00,0.00,301410,503213,985433,317135,517366,998538,0,0,0,0,0,0,0,112296,0,140.03,140.09,140.18
2098,0,0,0,0,93656,93656,93656,3623,3623,3623,591,591,591,0.00,0.00,0.00,0.00,0.00,0.00,0.00,0.00,0.00,0.00,0.00,0.00,0.00,0.00,0.00,0.00,0.00,0.00,0.00,0.00,0.00,301408,542530,1242311,317134,556683,1255416,0,0,0,0,0,0,0,110000,0,137.09,137.17,137.24
2098,1,0,0,0,93625,93625,93625,3654,3654,3654,591,591,591,0.00,0.00,0.00,0.00,0.00,0.00,0.00,0.00,0.00,0.00,0.00,0.00,0.00,0.00,0.00,0.00,0.00,0.00,0.00,0.00,0.00,296162,343865,508462,309267,358018,521566,0,0,0,0,0,0,0,74117,0,123.40,123.44,123.46
2098,2,0,0,0,93620,93620,93620,3659,3659,3659,591,591,591,0.00,0.00,0.00,0.00,0.00,0.00,0.00,0.00,0.00,0.00,0.00,0.00,0.00,0.00,0.00,0.00,0.00,0.00,0.00,0.00,0.00,421974,572893,959258,435078,585975,974983,0,0,0,0,0,0,0,100869,0,125.76,125.78,125.81
2098,3,0,0,0,93660,93660,93660,3619,3619,3619,591,591,591,0.00,0.00,0.00,0.00,0.00,0.00,0.00,0.00,0.00,0.00,0.00,0.00,0.00,0.00,0.00,0.00,0.00,0.00,0.00,0.00,0.00,301407,345966,482258,311891,359594,497984,0,0,0,0,0,0,0,84146,0,139.90,139.99,140.05
2099,0,0,0,0,93656,93656,93656,3623,3623,3623,591,591,591,0.00,0.00,0.00,0.00,0.00,0.00,0.00,0.00,0.00,0.00,0.00,0.00,0.00,0.00,0.00,0.00,0.00,0.00,0.00,0.00,0.00,296162,399031,678819,309267,413447,691924,0,0,0,0,0,0,0,82461,0,137.14,137.18,137.24
2099,1,0,0,0,93625,93625,93625,3654,3654,3654,591,591,591,0.00,0.00,0.00,0.00,0.00,0.00,0.00,0.00,0.00,0.00,0.00,0.00,0.00,0.00,0.00,0.00,0.00,0.00,0.00,0.00,0.00,306653,384621,542531,319757,398380,558256,0,0,0,0,0,0,0,98933,0,123.37,123.43,123.45
2099,2,0,0,0,93620,93620,93620,3659,3659,3659,591,591,591,0.00,0.00,0.00,0.00,0.00,0.00,0.00,0.00,0.00,0.00,0.00,0.00,0.00,0.00,0.00,0.00,0.00,0.00,0.00,0.00,0.00,419458,556954,938294,435187,570714,951399,0,0,0,0,0,0,0,75596,0,125.62,125.69,125.74
2099,3,0,0,0,93660,93660,93660,3619,3619,3619,591,591,591,0.00,0.00,0.00,0.00,0.00,0.00,0.00,0.00,0.00,0.00,0.00,0.00,0.00,0.00,0.00,0.00,0.00,0.00,0.00,0.00,0.00,298790,317130,366936,314500,330890,380041,0,0,0,0,0,0,0,112463,0,139.91,139.96,140.03
2100,0,0,0,0,93656,93656,93656,3623,3623,3623,591,591,591,0.00,0.00,0.00,0.00,0.00,0.00,0.00,0.00,0.00,0.00,0.00,0.00,0.00,0.00,0.00,0.00,0.00,0.00,0.00,0.00,0.00,296165,361687,602808,309269,375316,615913,0,0,0,0,0,0,0,109942,0,137.07,137.10,137.12
2100,1,0,0,0,93625,93625,93625,3654,3654,3654,591,591,591,0.00,0.00,0.00,0.00,0.00,0.00,0.00,0.00,0.00,0.00,0.00,0.00,0.00,0.00,0.00,0.00,0.00,0.00,0.00,0.00,0.00,296164,301403,311891,309272,315032,324995,0,0,0,0,0,0,0,99036,0,123.42,123.45,123.47
2100,2,0,0,0,93620,93620,93620,3659,3659,3659,591,591,591,0.00,0.00,0.00,0.00,0.00,0.00,0.00,0.00,0.00,0.00,0.00,0.00,0.00,0.00,0.00,0.00,0.00,0.00,0.00,0.00,0.00,432448,743817,1960461,445552,757970,1976187,0,0,0,0,0,0,0,113475,0,125.60,125.64,125.67
2100,3,0,0,0,93660,93660,93660,3619,3619,3619,591,591,591,0.00,0.00,0.00,0.00,0.00,0.00,0.00,0.00,0.00,0.00,0.00,0.00,0.00,0.00,0.00,0.00,0.00,0.00,0.00,0.00,0.00,202687,306303,421975,211423,319582,435080,0,0,0,0,0,0,0,126527,0,140.03,140.05,140.08
2101,0,0,0,0,93656,93656,93656,3623,3623,3623,591,591,591,0.00,0.00,0.00,0.00,0.00,0.00,0.00,0.00,0.00,0.00,0.00,0.00,0.00,0.00,0.00,0.00,0.00,0.00,0.00,0.00,0.00,197231,498634,1218735,207612,511194,1229218,0,0,0,0,0,0,0,123732,0,137.08,137.12,137.15
2101,1,0,0,0,93625,93625,93625,3654,3654,3654,591,591,591,0.00,0.00,0.00,0.00,0.00,0.00,0.00,0.00,0.00,0.00,0.00,0.00,0.00,0.00,0.00,0.00,0.00,0.00,0.00,0.00,0.00,159854,347072,518947,172956,360291,532051,0,0,0,0,0,0,0,111173,0,123.36,123.40,123.45
2101,2,0,0,0,93620,93620,93620,3659,3659,3659,591,591,591,0.00,0.00,0.00,0.00,0.00,0.00,0.00,0.00,0.00,0.00,0.00,0.00,0.00,0.00,0.00,0.00,0.00,0.00,0.00,0.00,0.00,429831,619586,974985,445556,633215,988090,0,0,0,0,0,0,0,100835,0,125.59,125.65,125.72
2101,3,0,0,0,93660,93660,93660,3619,3619,3619,591,591,591,0.00,0.00,0.00,0.00,0.00,0.00,0.00,0.00,0.00,0.00,0.00,0.00,0.00,0.00,0.00,0.00,0.00,0.00,0.00,0.00,0.00,303518,503150,990725,316600,516776,1003830,0,0,0,0,0,0,0,112450,0,140.10,140.18,140.23
2102,0,0,0,0,93656,93656,93656,3623,3623,3623,591,591,591,0.00,0.00,0.00,0.00,0.00,0.00,0.00,0.00,0.00,0.00,0.00,0.00,0.00,0.00,0.00,0.00,0.00,0.00,0.00,0.00,0.00,298784,360636,594950,311888,374788,608054,0,0,0,0,0,0,0,109997,0,137.18,137.19,137.21
2102,1,0,0,0,93625,93625,93625,3654,3654,3654,591,591,591,0.00,0.00,0.00,0.00,0.00,0.00,0.00,0.00,0.00,0.00,0.00,0.00,0.00,0.00,0.00,0.00,0.00,0.00,0.00,0.00,0.00,298787,355397,474388,311892,369549,487492,0,0,0,0,0,0,0,98918,0,123.42,123.44,123.45
2102,2,0,0,0,93620,93620,93620,3659,3659,3659,591,591,591,0.00,0.00,0.00,0.00,0.00,0.00,0.00,0.00,0.00,0.00,0.00,0.00,0.00,0.00,0.00,0.00,0.00,0.00,0.00,0.00,0.00,280172,496866,912041,288819,510128,927766,0,0,0,0,0,0,0,100871,0,125.70,125.72,125.74
2102,3,0,0,0,93660,93660,93660,3619,3619,3619,591,591,591,0.00,0.00,0.00,0.00,0.00,0.00,0.00,0.00,0.00,0.00,0.00,0.00,0.00,0.00,0.00,0.00,0.00,0.00,0.00,0.00,0.00,297699,349585,469153,310756,363737,482258,0,0,0,0,0,0,0,112452,0,139.94,139.99,140.08
2104,0,0,0,0,93656,93656,93656,3623,3623,3623,591,591,591,0.00,0.00,0.00,0.00,0.00,0.00,0.00,0.00,0.00,0.00,0.00,0.00,0.00,0.00,0.00,0.00,0.00,0.00,0.00,0.00,0.00,296164,386322,663092,309269,400213,676197,0,0,0,0,0,0,0,247374,0,137.13,137.15,137.17
2104,1,0,0,0,93625,93625,93625,3654,3654,3654,591,591,591,0.00,0.00,0.00,0.00,0.00,0.00,0.00,0.00,0.00,0.00,0.00,0.00,0.00,0.00,0.00,0.00,0.00,0.00,0.00,0.00,0.00,293545,381605,605435,309269,395496,618539,0,0,0,0,0,0,0,234768,0,123.37,123.43,123.48
2104,2,0,0,0,93620,93620,93620,3659,3659,3659,591,591,591,0.00,0.00,0.00,0.00,0.00,0.00,0.00,0.00,0.00,0.00,0.00,0.00,0.00,0.00,0.00,0.00,0.00,0.00,0.00,0.00,0.00,424406,678806,1897567,437752,692960,1908050,0,0,0,0,0,0,0,239664,0,125.70,125.77,125.80
2104,3,0,0,0,93660,93660,93660,3619,3619,3619,591,591,591,0.00,0.00,0.00,0.00,0.00,0.00,0.00,0.00,0.00,0.00,0.00,0.00,0.00,0.00,0.00,0.00,0.00,0.00,0.00,0.00,0.00,200942,423538,854383,211426,436897,867487,0,0,0,0,0,0,0,266952,0,140.02,140.07,140.11
2105,0,0,0,0,93656,93656,93656,3623,3623,3623,591,591,591,0.00,0.00,0.00,0.00,0.00,0.00,0.00,0.00,0.00,0.00,0.00,0.00,0.00,0.00,0.00,0.00,0.00,0.00,0.00,0.00,0.00,202686,515973,1239696,211422,529252,1252800,0,0,0,0,0,0,0,123617,0,137.08,137.15,137.19
2105,1,0,0,0,93625,93625,93625,3654,3654,3654,591,591,591,0.00,0.00,0.00,0.00,0.00,0.00,0.00,0.00,0.00,0.00,0.00,0.00,0.00,0.00,0.00,0.00,0.00,0.00,0.00,0.00,0.00,200939,318335,407913,209675,331547,423306,0,0,0,0,0,0,0,98809,0,123.23,123.28,123.32
2105,2,0,0,0,93620,93620,93620,3659,3659,3659,591,591,591,0.00,0.00,0.00,0.00,0.00,0.00,0.00,0.00,0.00,0.00,0.00,0.00,0.00,0.00,0.00,0.00,0.00,0.00,0.00,0.00,0.00,432455,540433,951402,445560,554062,964507,0,0,0,0,0,0,0,100973,0,125.84,125.89,125.92
2105,3,0,0,0,93660,93660,93660,3619,3619,3619,591,591,591,0.00,0.00,0.00,0.00,0.00,0.00,0.00,0.00,0.00,0.00,0.00,0.00,0.00,0.00,0.00,0.00,0.00,0.00,0.00,0.00,0.00,298790,342636,479638,314515,356779,492743,0,0,0,0,0,0,0,112439,0,139.93,139.97,140.04
2106,0,0,0,0,93656,93656,93656,3623,3623,3623,591,591,591,0.00,0.00,0.00,0.00,0.00,0.00,0.00,0.00,0.00,0.00,0.00,0.00,0.00,0.00,0.00,0.00,0.00,0.00,0.00,0.00,0.00,298785,376889,670960,311890,390518,684065,0,0,0,0,0,0,0,82546,0,137.11,137.15,137.17
2106,1,0,0,0,93625,93625,93625,3654,3654,3654,591,591,591,0.00,0.00,0.00,0.00,0.00,0.00,0.00,0.00,0.00,0.00,0.00,0.00,0.00,0.00,0.00,0.00,0.00,0.00,0.00,0.00,0.00,304028,416203,566115,319754,429832,579219,0,0,0,0,0,0,0,74156,0,123.32,123.34,123.36
2106,2,0,0,0,93620,93620,93620,3659,3659,3659,591,591,591,0.00,0.00,0.00,0.00,0.00,0.00,0.00,0.00,0.00,0.00,0.00,0.00,0.00,0.00,0.00,0.00,0.00,0.00,0.00,0.00,0.00,286955,496701,909476,295598,509331,919960,0,0,0,0,0,0,0,100800,0,125.61,125.70,125.83
2106,3,0,0,0,93660,93660,93660,3619,3619,3619,591,591,591,0.00,0.00,0.00,0.00,0.00,0.00,0.00,0.00,0.00,0.00,0.00,0.00,0.00,0.00,0.00,0.00,0.00,0.00,0.00,0.00,0.00,298789,313374,360584,309851,326980,376262,0,0,0,0,0,0,0,84099,0,139.93,140.01,140.09
2107,0,0,0,0,93656,93656,93656,3623,3623,3623,591,591,591,0.00,0.00,0.00,0.00,0.00,0.00,0.00,0.00,0.00,0.00,0.00,0.00,0.00,0.00,0.00,0.00,0.00,0.00,0.00,0.00,0.00,293545,386583,629025,306650,400998,644750,0,0,0,0,0,0,0,109900,0,137.04,137.08,137.14
2107,1,0,0,0,93625,93625,93625,3654,3654,3654,591,591,591,0.00,0.00,0.00,0.00,0.00,0.00,0.00,0.00,0.00,0.00,0.00,0.00,0.00,0.00,0.00,0.00,0.00,0.00,0.00,0.00,0.00,296165,301407,317132,309270,315167,332857,0,0,0,0,0,0,0,98872,0,123.27,123.30,123.34
2107,2,0,0,0,93620,93620,93620,3659,3659,3659,591,591,591,0.00,0.00,0.00,0.00,0.00,0.00,0.00,0.00,0.00,0.00,0.00,0.00,0.00,0.00,0.00,0.00,0.00,0.00,0.00,0.00,0.00,424590,577477,1012572,440316,592066,1028992,0,0,0,0,0,0,0,88348,0,125.70,125.79,125.87
2107,3,0,0,0,93660,93660,93660,3619,3619,3619,591,591,591,0.00,0.00,0.00,0.00,0.00,0.00,0.00,0.00,0.00,0.00,0.00,0.00,0.00,0.00,0.00,0.00,0.00,0.00,0.00,0.00,0.00,200941,302485,364291,209678,315807,377395,0,0,0,0,0,0,0,112461,0,139.96,140.03,140.09
2108,0,0,0,0,93656,93656,93656,3623,3623,3623,591,591,591,0.00,0.00,0.00,0.00,0.00,0.00,0.00,0.00,0.00,0.00,0.00,0.00,0.00,0.00,0.00,0.00,0.00,0.00,0.00,0.00,0.00,296167,336003,479635,311892,350157,492740,0,0,0,0,0,0,0,109801,0,137.02,137.05,137.10
2108,1,0,0,0,93625,93625,93625,3654,3654,3654,591,591,591,0.00,0.00,0.00,0.00,0.00,0.00,0.00,0.00,0.00,0.00,0.00,0.00,0.00,0.00,0.00,0.00,0.00,0.00,0.00,0.00,0.00,296165,365878,524188,311891,380031,537293,0,0,0,0,0,0,0,111214,0,123.29,123.33,123.39
2108,2,0,0,0,93620,93620,93620,3659,3659,3659,591,591,591,0.00,0.00,0.00,0.00,0.00,0.00,0.00,0.00,0.00,0.00,0.00,0.00,0.00,0.00,0.00,0.00,0.00,0.00,0.00,0.00,0.00,432456,809867,1868708,445562,824020,1881813,0,0,0,0,0,0,0,100803,0,125.67,125.77,125.88
2108,3,0,0,0,93660,93660,93660,3619,3619,3619,591,591,591,0.00,0.00,0.00,0.00,0.00,0.00,0.00,0.00,0.00,0.00,0.00,0.00,0.00,0.00,0.00,0.00,0.00,0.00,0.00,0.00,0.00,301406,496548,1023939,314510,510698,1039612,0,0,0,0,0,0,0,126437,0,140.10,140.13,140.16
2109,0,0,0,0,93656,93656,93656,3623,3623,3623,591,591,591,0.00,0.00,0.00,0.00,0.00,0.00,0.00,0.00,0.00,0.00,0.00,0.00,0.00,0.00,0.00,0.00,0.00,0.00,0.00,0.00,0.00,195696,521908,1244936,204433,534663,1258040,0,0,0,0,0,0,0,109874,0,136.96,137.02,137.06
2109,1,0,0,0,93625,93625,93625,3654,3654,3654,591,591,591,0.00,0.00,0.00,0.00,0.00,0.00,0.00,0.00,0.00,0.00,0.00,0.00,0.00,0.00,0.00,0.00,0.00,0.00,0.00,0.00,0.00,200939,363456,503218,209675,377255,521565,0,0,0,0,0,0,0,98951,0,123.33,123.39,123.43
2109,2,0,0,0,93620,93620,93620,3659,3659,3659,591,591,591,0.00,0.00,0.00,0.00,0.00,0.00,0.00,0.00,0.00,0.00,0.00,0.00,0.00,0.00,0.00,0.00,0.00,0.00,0.00,0.00,0.00,432454,542534,977611,442941,556162,993336,0,0,0,0,0,0,0,100841,0,125.68,125.70,125.72
2109,3,0,0,0,93660,93660,93660,3619,3619,3619,591,591,591,0.00,0.00,0.00,0.00,0.00,0.00,0.00,0.00,0.00,0.00,0.00,0.00,0.00,0.00,0.00,0.00,0.00,0.00,0.00,0.00,0.00,301410,337287,466425,314515,350913,479453,0,0,0,0,0,0,0,112526,0,139.97,140.01,140.04
2110,0,0,0,0,93656,93656,93656,3623,3623,3623,591,591,591,0.00,0.00,0.00,0.00,0.00,0.00,0.00,0.00,0.00,0.00,0.00,0.00,0.00,0.00,0.00,0.00,0.00,0.00,0.00,0.00,0.00,301406,378462,681438,314511,392615,694542,0,0,0,0,0,0,0,109967,0,137.02,137.07,137.16
2110,1,0,0,0,93625,93625,93625,3654,3654,3654,591,591,591,0.00,0.00,0.00,0.00,0.00,0.00,0.00,0.00,0.00,0.00,0.00,0.00,0.00,0.00,0.00,0.00,0.00,0.00,0.00,0.00,0.00,304011,373740,529428,317115,387369,545154,0,0,0,0,0,0,0,99082,0,123.51,123.57,123.62
2110,2,0,0,0,93620,93620,93620,3659,3659,3659,591,591,591,0.00,0.00,0.00,0.00,0.00,0.00,0.00,0.00,0.00,0.00,0.00,0.00,0.00,0.00,0.00,0.00,0.00,0.00,0.00,0.00,0.00,281461,596732,904263,289990,609970,919989,0,0,0,0,0,0,0,100860,0,125.65,125.70,125.73
2110,3,0,0,0,93660,93660,93660,3619,3619,3619,591,591,591,0.00,0.00,0.00,0.00,0.00,0.00,0.00,0.00,0.00,0.00,0.00,0.00,0.00,0.00,0.00,0.00,0.00,0.00,0.00,0.00,0.00,298283,311092,351209,309656,325218,364314,0,0,0,0,0,0,0,112543,0,140.03,140.07,140.15
2111,0,0,0,0,93656,93656,93656,3623,3623,3623,591,591,591,0.00,0.00,0.00,0.00,0.00,0.00,0.00,0.00,0.00,0.00,0.00,0.00,0.00,0.00,0.00,0.00,0.00,0.00,0.00,0.00,0.00,296165,363785,618540,309270,377414,631645,0,0,0,0,0,0,0,109840,0,137.12,137.20,137.24
2111,1,0,0,0,93625,93625,93625,3654,3654,3654,591,591,591,0.00,0.00,0.00,0.00,0.00,0.00,0.00,0.00,0.00,0.00,0.00,0.00,0.00,0.00,0.00,0.00,0.00,0.00,0.00,0.00,0.00,296166,363261,618542,309270,376890,634268,0,0,0,0,0,0,0,99015,0,123.54,123.56,123.60
2111,2,0,0,0,93620,93620,93620,3659,3659,3659,591,591,591,0.00,0.00,0.00,0.00,0.00,0.00,0.00,0.00,0.00,0.00,0.00,0.00,0.00,0.00,0.00,0.00,0.00,0.00,0.00,0.00,0.00,427207,734388,1881844,440312,748017,1894949,0,0,0,0,0,0,0,113558,0,125.73,125.76,125.77
2111,3,0,0,0,93660,93660,93660,3619,3619,3619,591,591,591,0.00,0.00,0.00,0.00,0.00,0.00,0.00,0.00,0.00,0.00,0.00,0.00,0.00,0.00,0.00,0.00,0.00,0.00,0.00,0.00,0.00,204435,371638,621168,213171,384918,636894,0,0,0,0,0,0,0,126409,0,140.11,140.20,140.26
2112,0,0,0,0,93656,93656,93656,3623,3623,3623,591,591,591,0.00,0.00,0.00,0.00,0.00,0.00,0.00,0.00,0.00,0.00,0.00,0.00,0.00,0.00,0.00,0.00,0.00,0.00,0.00,0.00,0.00,197445,501817,1213497,206181,515096,1226602,0,0,0,0,0,0,0,123826,0,137.04,137.10,137.19
2112,1,0,0,0,93625,93625,93625,3654,3654,3654,591,591,591,0.00,0.00,0.00,0.00,0.00,0.00,0.00,0.00,0.00,0.00,0.00,0.00,0.00,0.00,0.00,0.00,0.00,0.00,0.00,0.00,0.00,296164,382656,521565,311889,396809,534669,0,0,0,0,0,0,0,111237,0,123.42,123.46,123.49
2112,2,0,0,0,93620,93620,93620,3659,3659,3659,591,591,591,0.00,0.00,0.00,0.00,0.00,0.00,0.00,0.00,0.00,0.00,0.00,0.00,0.00,0.00,0.00,0.00,0.00,0.00,0.00,0.00,0.00,435077,637932,974995,448181,652084,988099,0,0,0,0,0,0,0,100879,0,125.76,125.77,125.78
2112,3,0,0,0,93660,93660,93660,3619,3619,3619,591,591,591,0.00,0.00,0.00,0.00,0.00,0.00,0.00,0.00,0.00,0.00,0.00,0.00,0.00,0.00,0.00,0.00,0.00,0.00,0.00,0.00,0.00,298789,471242,843951,311894,484871,857056,0,0,0,0,0,0,0,112396,0,140.02,140.06,140.09
2113,0,0,0,0,93656,93656,93656,3623,3623,3623,591,591,591,0.00,0.00,0.00,0.00,0.00,0.00,0.00,0.00,0.00,0.00,0.00,0.00,0.00,0.00,0.00,0.00,0.00,0.00,0.00,0.00,0.00,298788,355922,555636,311892,369551,568741,0,0,0,0,0,0,0,82416,0,137.15,137.18,137.19
2113,1,0,0,0,93625,93625,93625,3654,3654,3654,591,591,591,0.00,0.00,0.00,0.00,0.00,0.00,0.00,0.00,0.00,0.00,0.00,0.00,0.00,0.00,0.00,0.00,0.00,0.00,0.00,0.00,0.00,204423,347009,518946,213159,360288,532051,0,0,0,0,0,0,0,74189,0,123.41,123.44,123.49
2113,2,0,0,0,93620,93620,93620,3659,3659,3659,591,591,591,0.00,0.00,0.00,0.00,0.00,0.00,0.00,0.00,0.00,0.00,0.00,0.00,0.00,0.00,0.00,0.00,0.00,0.00,0.00,0.00,0.00,437697,531002,885881,450801,544630,898985,0,0,0,0,0,0,0,100834,0,125.63,125.67,125.73
2113,3,0,0,0,93660,93660,93660,3619,3619,3619,591,591,591,0.00,0.00,0.00,0.00,0.00,0.00,0.00,0.00,0.00,0.00,0.00,0.00,0.00,0.00,0.00,0.00,0.00,0.00,0.00,0.00,0.00,296166,371552,500603,311892,385701,513708,0,0,0,0,0,0,0,84391,0,140.04,140.06,140.08
2114,0,0,0,0,93656,93656,93656,3623,3623,3623,591,591,591,0.00,0.00,0.00,0.00,0.00,0.00,0.00,0.00,0.00,0.00,0.00,0.00,0.00,0.00,0.00,0.00,0.00,0.00,0.00,0.00,0.00,309252,400341,657844,322356,414756,673569,0,0,0,0,0,0,0,109969,0,137.10,137.15,137.18
2114,1,0,0,0,93625,93625,93625,3654,3654,3654,591,591,591,0.00,0.00,0.00,0.00,0.00,0.00,0.00,0.00,0.00,0.00,0.00,0.00,0.00,0.00,0.00,0.00,0.00,0.00,0.00,0.00,0.00,296166,375450,545154,309270,389209,558259,0,0,0,0,0,0,0,98877,0,123.36,123.38,123.41
2114,2,0,0,0,93620,93620,93620,3659,3659,3659,591,591,591,0.00,0.00,0.00,0.00,0.00,0.00,0.00,0.00,0.00,0.00,0.00,0.00,0.00,0.00,0.00,0.00,0.00,0.00,0.00,0.00,0.00,440333,481646,587270,456059,494945,595907,0,0,0,0,0,0,0,75599,0,125.69,125.72,125.75
2114,3,0,0,0,93660,93660,93660,3619,3619,3619,591,591,591,0.00,0.00,0.00,0.00,0.00,0.00,0.00,0.00,0.00,0.00,0.00,0.00,0.00,0.00,0.00,0.00,0.00,0.00,0.00,0.00,0.00,298789,320480,380309,311893,334176,393157,0,0,0,0,0,0,0,112491,0,140.07,140.08,140.10
2115,0,0,0,0,93656,93656,93656,3623,3623,3623,591,591,591,0.00,0.00,0.00,0.00,0.00,0.00,0.00,0.00,0.00,0.00,0.00,0.00,0.00,0.00,0.00,0.00,0.00,0.00,0.00,0.00,0.00,298786,404148,626404,311890,417777,639509,0,0,0,0,0,0,0,109867,0,137.10,137.11,137.12
2115,1,0,0,0,93625,93625,93625,3654,3654,3654,591,591,591,0.00,0.00,0.00,0.00,0.00,0.00,0.00,0.00,0.00,0.00,0.00,0.00,0.00,0.00,0.00,0.00,0.00,0.00,0.00,0.00,0.00,293531,360111,600189,306635,373740,615915,0,0,0,0,0,0,0,98857,0,123.35,123.36,123.38
2115,2,0,0,0,93620,93620,93620,3659,3659,3659,591,591,591,0.00,0.00,0.00,0.00,0.00,0.00,0.00,0.00,0.00,0.00,0.00,0.00,0.00,0.00,0.00,0.00,0.00,0.00,0.00,0.00,0.00,432455,813010,1957843,445560,827163,1973569,0,0,0,0,0,0,0,113462,0,125.66,125.68,125.69
2115,3,0,0,0,93660,93660,93660,3619,3619,3619,591,591,591,0.00,0.00,0.00,0.00,0.00,0.00,0.00,0.00,0.00,0.00,0.00,0.00,0.00,0.00,0.00,0.00,0.00,0.00,0.00,0.00,0.00,207928,477176,972379,214918,490106,982863,0,0,0,0,0,0,0,126574,0,140.04,140.07,140.09
2116,0,0,0,0,93656,93656,93656,3623,3623,3623,591,591,591,0.00,0.00,0.00,0.00,0.00,0.00,0.00,0.00,0.00,0.00,0.00,0.00,0.00,0.00,0.00,0.00,0.00,0.00,0.00,0.00,0.00,202685,436821,1071960,211421,450100,1087685,0,0,0,0,0,0,0,123613,0,137.04,137.11,137.18
2116,1,0,0,0,93625,93625,93625,3654,3654,3654,591,591,591,0.00,0.00,0.00,0.00,0.00,0.00,0.00,0.00,0.00,0.00,0.00,0.00,0.00,0.00,0.00,0.00,0.00,0.00,0.00,0.00,0.00,314510,440315,542526,327615,454468,558252,0,0,0,0,0,0,0,98923,0,123.40,123.47,123.55
2116,2,0,0,0,93620,93620,93620,3659,3659,3659,591,591,591,0.00,0.00,0.00,0.00,0.00,0.00,0.00,0.00,0.00,0.00,0.00,0.00,0.00,0.00,0.00,0.00,0.00,0.00,0.00,0.00,0.00,429835,544106,985473,445552,557211,998577,0,0,0,0,0,0,0,100842,0,125.69,125.72,125.77
2116,3,0,0,0,93660,93660,93660,3619,3619,3619,591,591,591,0.00,0.00,0.00,0.00,0.00,0.00,0.00,0.00,0.00,0.00,0.00,0.00,0.00,0.00,0.00,0.00,0.00,0.00,0.00,0.00,0.00,301411,363263,495360,314516,377417,511086,0,0,0,0,0,0,0,112485,0,140.18,140.22,140.27
2117,0,0,0,0,93656,93656,93656,3623,3623,3623,591,591,591,0.00,0.00,0.00,0.00,0.00,0.00,0.00,0.00,0.00,0.00,0.00,0.00,0.00,0.00,0.00,0.00,0.00,0.00,0.00,0.00,0.00,296164,443979,694549,311889,458132,707654,0,0,0,0,0,0,0,109861,0,136.93,136.94,136.96
2117,1,0,0,0,93625,93625,93625,3654,3654,3654,591,591,591,0.00,0.00,0.00,0.00,0.00,0.00,0.00,0.00,0.00,0.00,0.00,0.00,0.00,0.00,0.00,0.00,0.00,0.00,0.00,0.00,0.00,200937,359416,511081,211420,372520,524186,0,0,0,0,0,0,0,98981,0,123.47,123.49,123.52
2117,2,0,0,0,93620,93620,93620,3659,3659,3659,591,591,591,0.00,0.00,0.00,0.00,0.00,0.00,0.00,0.00,0.00,0.00,0.00,0.00,0.00,0.00,0.00,0.00,0.00,0.00,0.00,0.00,0.00,432455,527326,883256,445537,541479,898982,0,0,0,0,0,0,0,100931,0,125.73,125.77,125.81
2117,3,0,0,0,93660,93660,93660,3619,3619,3619,591,591,591,0.00,0.00,0.00,0.00,0.00,0.00,0.00,0.00,0.00,0.00,0.00,0.00,0.00,0.00,0.00,0.00,0.00,0.00,0.00,0.00,0.00,301408,324994,408869,314513,339147,424595,0,0,0,0,0,0,0,112604,0,140.20,140.22,140.24
2118,0,0,0,0,93656,93656,93656,3623,3623,3623,591,591,591,0.00,0.00,0.00,0.00,0.00,0.00,0.00,0.00,0.00,0.00,0.00,0.00,0.00,0.00,0.00,0.00,0.00,0.00,0.00,0.00,0.00,296166,365358,576610,309270,378986,589715,0,0,0,0,0,0,0,109838,0,136.97,136.98,136.99
2118,1,0,0,0,93625,93625,93625,3654,3654,3654,591,591,591,0.00,0.00,0.00,0.00,0.00,0.00,0.00,0.00,0.00,0.00,0.00,0.00,0.00,0.00,0.00,0.00,0.00,0.00,0.00,0.00,0.00,298787,421963,636885,314513,435592,649989,0,0,0,0,0,0,0,98955,0,123.43,123.46,123.47
2118,2,0,0,0,93620,93620,93620,3659,3659,3659,591,591,591,0.00,0.00,0.00,0.00,0.00,0.00,0.00,0.00,0.00,0.00,0.00,0.00,0.00,0.00,0.00,0.00,0.00,0.00,0.00,0.00,0.00,292217,506630,935684,300862,519891,951410,0,0,0,0,0,0,0,113377,0,125.71,125.78,125.84
2118,3,0,0,0,93660,93660,93660,3619,3619,3619,591,591,591,0.00,0.00,0.00,0.00,0.00,0.00,0.00,0.00,0.00,0.00,0.00,0.00,0.00,0.00,0.00,0.00,0.00,0.00,0.00,0.00,0.00,299574,319387,390513,314512,332970,403618,0,0,0,0,0,0,0,112749,0,140.18,140.26,140.34
2119,0,0,0,0,93656,93656,93656,3623,3623,3623,591,591,591,0.00,0.00,0.00,0.00,0.00,0.00,0.00,0.00,0.00,0.00,0.00,0.00,0.00,0.00,0.00,0.00,0.00,0.00,0.00,0.00,0.00,296150,331282,466522,309254,345435,482247,0,0,0,0,0,0,0,109809,0,136.98,137.01,137.03
2119,1,0,0,0,93625,93625,93625,3654,3654,3654,591,591,591,0.00,0.00,0.00,0.00,0.00,0.00,0.00,0.00,0.00,0.00,0.00,0.00,0.00,0.00,0.00,0.00,0.00,0.00,0.00,0.00,0.00,298787,369027,563503,314513,383181,573987,0,0,0,0,0,0,0,111082,0,123.28,123.33,123.39
2119,2,0,0,0,93620,93620,93620,3659,3659,3659,591,591,591,0.00,0.00,0.00,0.00,0.00,0.00,0.00,0.00,0.00,0.00,0.00,0.00,0.00,0.00,0.00,0.00,0.00,0.00,0.00,0.00,0.00,424593,812487,1868710,440318,826641,1884436,0,0,0,0,0,0,0,100901,0,125.68,125.70,125.74
2119,3,0,0,0,93660,93660,93660,3619,3619,3619,591,591,591,0.00,0.00,0.00,0.00,0.00,0.00,0.00,0.00,0.00,0.00,0.00,0.00,0.00,0.00,0.00,0.00,0.00,0.00,0.00,0.00,0.00,304029,491509,825596,317137,504788,838700,0,0,0,0,0,0,0,112243,0,140.09,140.21,140.40
2120,0,0,0,0,93656,93656,93656,3623,3623,3623,591,591,591,0.00,0.00,0.00,0.00,0.00,0.00,0.00,0.00,0.00,0.00,0.00,0.00,0.00,0.00,0.00,0.00,0.00,0.00,0.00,0.00,0.00,301406,453591,800235,314511,466695,810718,0,0,0,0,0,0,0,110030,0,136.91,137.02,137.18
2120,1,0,0,0,93625,93625,93625,3654,3654,3654,591,591,591,0.00,0.00,0.00,0.00,0.00,0.00,0.00,0.00,0.00,0.00,0.00,0.00,0.00,0.00,0.00,0.00,0.00,0.00,0.00,0.00,0.00,197444,392260,642127,206180,405015,657853,0,0,0,0,0,0,0,98924,0,123.30,123.39,123.47
2120,2,0,0,0,93620,93620,93620,3659,3659,3659,591,591,591,0.00,0.00,0.00,0.00,0.00,0.00,0.00,0.00,0.00,0.00,0.00,0.00,0.00,0.00,0.00,0.00,0.00,0.00,0.00,0.00,0.00,427185,551441,1030032,440289,565069,1045758,0,0,0,0,0,0,0,101035,0,125.75,125.83,125.89
2120,3,0,0,0,93660,93660,93661,3618,3618,3619,591,591,591,0.00,0.00,0.00,0.00,0.00,0.00,0.00,0.00,0.00,0.00,0.00,0.00,0.00,0.00,0.00,0.00,0.00,0.00,0.00,0.00,0.00,296168,344917,508463,309273,358547,521568,0,0,0,0,0,0,0,84214,0,139.99,140.02,140.06
2121,0,0,0,0,93656,93656,93656,3623,3623,3623,591,591,591,0.00,0.00,0.00,0.00,0.00,0.00,0.00,0.00,0.00,0.00,0.00,0.00,0.00,0.00,0.00,0.00,0.00,0.00,0.00,0.00,0.00,304028,395761,665718,314512,409521,678823,0,0,0,0,0,0,0,82443,0,137.21,137.24,137.27
2121,1,0,0,0,93625,93625,93625,3654,3654,3654,591,591,591,0.00,0.00,0.00,0.00,0.00,0.00,0.00,0.00,0.00,0.00,0.00,0.00,0.00,0.00,0.00,0.00,0.00,0.00,0.00,0.00,0.00,304026,389208,560880,319752,403624,573985,0,0,0,0,0,0,0,74274,0,123.47,123.49,123.55
2121,2,0,0,0,93620,93620,93620,3659,3659,3659,591,591,591,0.00,0.00,0.00,0.00,0.00,0.00,0.00,0.00,0.00,0.00,0.00,0.00,0.00,0.00,0.00,0.00,0.00,0.00,0.00,0.00,0.00,432454,544499,880627,442940,558258,896352,0,0,0,0,0,0,0,75962,0,125.84,125.91,126.00
2121,3,0,0,0,93661,93661,93661,3618,3618,3618,591,591,591,0.00,0.00,0.00,0.00,0.00,0.00,0.00,0.00,0.00,0.00,0.00,0.00,0.00,0.00,0.00,0.00,0.00,0.00,0.00,0.00,0.00,311890,326308,366934,324999,340723,380038,0,0,0,0,0,0,0,112291,0,139.92,139.97,140.02
2122,0,0,0,0,93656,93656,93656,3623,3623,3623,591,591,591,0.00,0.00,0.00,0.00,0.00,0.00,0.00,0.00,0.00,0.00,0.00,0.00,0.00,0.00,0.00,0.00,0.00,0.00,0.00,0.00,0.00,298785,370595,631644,311889,384224,647370,0,0,0,0,0,0,0,109998,0,137.09,137.14,137.17
2122,1,0,0,0,93625,93625,93625,3654,3654,3654,591,591,591,0.00,0.00,0.00,0.00,0.00,0.00,0.00,0.00,0.00,0.00,0.00,0.00,0.00,0.00,0.00,0.00,0.00,0.00,0.00,0.00,0.00,293544,365881,621160,309269,380034,634265,0,0,0,0,0,0,0,98973,0,123.51,123.56,123.58
2122,2,0,0,0,93620,93620,93620,3659,3659,3659,591,591,591,0.00,0.00,0.00,0.00,0.00,0.00,0.00,0.00,0.00,0.00,0.00,0.00,0.00,0.00,0.00,0.00,0.00,0.00,0.00,0.00,0.00,302767,798615,1897586,311417,812401,1910691,0,0,0,0,0,0,0,113678,0,125.87,125.96,126.03
2122,3,0,0,0,93661,93661,93661,3618,3618,3618,591,591,591,0.00,0.00,0.00,0.00,0.00,0.00,0.00,0.00,0.00,0.00,0.00,0.00,0.00,0.00,0.00,0.00,0.00,0.00,0.00,0.00,0.00,306645,338626,427217,319750,352780,442943,0,0,0,0,0,0,0,126354,0,139.83,139.89,139.97
2123,0,0,0,0,93656,93656,93656,3623,3623,3623,591,591,591,0.00,0.00,0.00,0.00,0.00,0.00,0.00,0.00,0.00,0.00,0.00,0.00,0.00,0.00,0.00,0.00,0.00,0.00,0.00,0.00,0.00,298786,332858,466528,311892,347012,479633,0,0,0,0,0,0,0,123704,0,137.11,137.13,137.16
2123,1,0,0,0,93625,93625,93625,3654,3654,3654,591,591,591,0.00,0.00,0.00,0.00,0.00,0.00,0.00,0.00,0.00,0.00,0.00,0.00,0.00,0.00,0.00,0.00,0.00,0.00,0.00,0.00,0.00,296165,413055,529432,311890,426684,542536,0,0,0,0,0,0,0,111233,0,123.45,123.50,123.53
2123,2,0,0,0,93620,93620,93620,3659,3659,3659,591,591,591,0.00,0.00,0.00,0.00,0.00,0.00,0.00,0.00,0.00,0.00,0.00,0.00,0.00,0.00,0.00,0.00,0.00,0.00,0.00,0.00,0.00,429836,525761,883259,442941,538865,896363,0,0,0,0,0,0,0,101019,0,125.88,125.91,125.96
2123,3,0,0,0,93661,93661,93661,3618,3618,3618,591,591,591,0.00,0.00,0.00,0.00,0.00,0.00,0.00,0.00,0.00,0.00,0.00,0.00,0.00,0.00,0.00,0.00,0.00,0.00,0.00,0.00,0.00,301410,489768,862295,314515,502523,875400,0,0,0,0,0,0,0,112221,0,139.91,139.94,139.95
2124,0,0,0,0,93656,93656,93656,3623,3623,3623,591,591,591,0.00,0.00,0.00,0.00,0.00,0.00,0.00,0.00,0.00,0.00,0.00,0.00,0.00,0.00,0.00,0.00,0.00,0.00,0.00,0.00,0.00,202680,508227,1104048,211416,521344,1116343,0,0,0,0,0,0,0,109926,0,137.01,137.06,137.10
2124,1,0,0,0,93625,93625,93625,3654,3654,3654,591,591,591,0.00,0.00,0.00,0.00,0.00,0.00,0.00,0.00,0.00,0.00,0.00,0.00,0.00,0.00,0.00,0.00,0.00,0.00,0.00,0.00,0.00,200939,332158,503218,209675,345437,516323,0,0,0,0,0,0,0,98933,0,123.44,123.49,123.52
2124,2,0,0,0,93620,93620,93620,3659,3659,3659,591,591,591,0.00,0.00,0.00,0.00,0.00,0.00,0.00,0.00,0.00,0.00,0.00,0.00,0.00,0.00,0.00,0.00,0.00,0.00,0.00,0.00,0.00,427215,634267,946148,442940,648944,961874,0,0,0,0,0,0,0,101079,0,125.83,125.89,125.94
2124,3,0,0,0,93661,93661,93661,3618,3618,3618,591,591,591,0.00,0.00,0.00,0.00,0.00,0.00,0.00,0.00,0.00,0.00,0.00,0.00,0.00,0.00,0.00,0.00,0.00,0.00,0.00,0.00,0.00,298773,346486,495362,311877,360639,505846,0,0,0,0,0,0,0,112371,0,139.97,139.99,140.01
2125,0,0,0,0,93656,93656,93656,3623,3623,3623,591,591,591,0.00,0.00,0.00,0.00,0.00,0.00,0.00,0.00,0.00,0.00,0.00,0.00,0.00,0.00,0.00,0.00,0.00,0.00,0.00,0.00,0.00,301405,377939,631646,314510,392092,647372,0,0,0,0,0,0,0,109843,0,137.06,137.09,137.11
2125,1,0,0,0,93625,93625,93625,3654,3654,3654,591,591,591,0.00,0.00,0.00,0.00,0.00,0.00,0.00,0.00,0.00,0.00,0.00,0.00,0.00,0.00,0.00,0.00,0.00,0.00,0.00,0.00,0.00,295433,374116,579195,308506,387738,592299,0,0,0,0,0,0,0,99069,0,123.45,123.49,123.58
2125,2,0,0,0,93620,93620,93620,3659,3659,3659,591,591,591,0.00,0.00,0.00,0.00,0.00,0.00,0.00,0.00,0.00,0.00,0.00,0.00,0.00,0.00,0.00,0.00,0.00,0.00,0.00,0.00,0.00,429834,529949,919955,442930,543577,930439,0,0,0,0,0,0,0,100989,0,125.78,125.82,125.88
2125,3,0,0,0,93661,93661,93661,3618,3618,3618,591,591,591,0.00,0.00,0.00,0.00,0.00,0.00,0.00,0.00,0.00,0.00,0.00,0.00,0.00,0.00,0.00,0.00,0.00,0.00,0.00,0.00,0.00,298169,340105,419355,311246,353731,429839,0,0,0,0,0,0,0,112276,0,139.92,139.96,140.01
2126,0,0,0,0,93656,93656,93656,3623,3623,3623,591,591,591,0.00,0.00,0.00,0.00,0.00,0.00,0.00,0.00,0.00,0.00,0.00,0.00,0.00,0.00,0.00,0.00,0.00,0.00,0.00,0.00,0.00,296166,389995,615920,311889,403623,629025,0,0,0,0,0,0,0,109897,0,137.07,137.10,137.18
2126,1,0,0,0,93625,93625,93625,3654,3654,3654,591,591,591,0.00,0.00,0.00,0.00,0.00,0.00,0.00,0.00,0.00,0.00,0.00,0.00,0.00,0.00,0.00,0.00,0.00,0.00,0.00,0.00,0.00,296165,303856,319757,309270,318001,332862,0,0,0,0,0,0,0,98983,0,123.44,123.49,123.54
2126,2,0,0,0,93620,93620,93620,3659,3659,3659,591,591,591,0.00,0.00,0.00,0.00,0.00,0.00,0.00,0.00,0.00,0.00,0.00,0.00,0.00,0.00,0.00,0.00,0.00,0.00,0.00,0.00,0.00,424605,758643,1366443,437958,771304,1381883,0,0,0,0,0,0,0,113686,0,125.77,125.83,125.89
2126,3,0,0,0,93661,93661,93661,3618,3618,3618,591,591,591,0.00,0.00,0.00,0.00,0.00,0.00,0.00,0.00,0.00,0.00,0.00,0.00,0.00,0.00,0.00,0.00,0.00,0.00,0.00,0.00,0.00,204435,419273,995966,214919,432351,1009071,0,0,0,0,0,0,0,126590,0,139.87,139.96,140.10
2127,0,0,0,0,93656,93656,93656,3623,3623,3623,591,591,591,0.00,0.00,0.00,0.00,0.00,0.00,0.00,0.00,0.00,0.00,0.00,0.00,0.00,0.00,0.00,0.00,0.00,0.00,0.00,0.00,0.00,298733,488816,1249003,309271,502441,1262095,0,0,0,0,0,0,0,123760,0,137.14,137.17,137.23
2127,1,0,0,0,93625,93625,93625,3654,3654,3654,591,591,591,0.00,0.00,0.00,0.00,0.00,0.00,0.00,0.00,0.00,0.00,0.00,0.00,0.00,0.00,0.00,0.00,0.00,0.00,0.00,0.00,0.00,294436,404089,541352,310070,418233,557119,0,0,0,0,0,0,0,98941,0,123.48,123.52,123.56
2127,2,0,0,0,93620,93620,93620,3659,3659,3659,591,591,591,0.00,0.00,0.00,0.00,0.00,0.00,0.00,0.00,0.00,0.00,0.00,0.00,0.00,0.00,0.00,0.00,0.00,0.00,0.00,0.00,0.00,427214,530991,935623,437699,545144,951348,0,0,0,0,0,0,0,100989,0,125.82,125.86,125.89
2127,3,0,0,0,93661,93661,93661,3618,3618,3618,591,591,591,0.00,0.00,0.00,0.00,0.00,0.00,0.00,0.00,0.00,0.00,0.00,0.00,0.00,0.00,0.00,0.00,0.00,0.00,0.00,0.00,0.00,301394,399955,615925,317119,413583,629029,0,0,0,0,0,0,0,112272,0,140.00,140.08,140.17
2128,0,0,0,0,93656,93656,93656,3623,3623,3623,591,591,591,0.00,0.00,0.00,0.00,0.00,0.00,0.00,0.00,0.00,0.00,0.00,0.00,0.00,0.00,0.00,0.00,0.00,0.00,0.00,0.00,0.00,202685,400128,644750,213168,413232,657855,0,0,0,0,0,0,0,82342,0,136.94,137.01,137.10
2128,1,0,0,0,93625,93625,93625,3654,3654,3654,591,591,591,0.00,0.00,0.00,0.00,0.00,0.00,0.00,0.00,0.00,0.00,0.00,0.00,0.00,0.00,0.00,0.00,0.00,0.00,0.00,0.00,0.00,204996,344835,492734,213756,357587,508459,0,0,0,0,0,0,0,74268,0,123.61,123.62,123.66
2128,2,0,0,0,93620,93620,93620,3659,3659,3659,591,591,591,0.00,0.00,0.00,0.00,0.00,0.00,0.00,0.00,0.00,0.00,0.00,0.00,0.00,0.00,0.00,0.00,0.00,0.00,0.00,0.00,0.00,429833,532049,909467,445552,545678,919951,0,0,0,0,0,0,0,100865,0,125.80,125.84,125.88
2128,3,0,0,0,93661,93661,93661,3618,3618,3618,591,591,591,0.00,0.00,0.00,0.00,0.00,0.00,0.00,0.00,0.00,0.00,0.00,0.00,0.00,0.00,0.00,0.00,0.00,0.00,0.00,0.00,0.00,296169,312417,364314,309274,326570,377419,0,0,0,0,0,0,0,84505,0,139.95,140.08,140.22
2129,0,0,0,0,93656,93656,93656,3623,3623,3623,591,591,591,0.00,0.00,0.00,0.00,0.00,0.00,0.00,0.00,0.00,0.00,0.00,0.00,0.00,0.00,0.00,0.00,0.00,0.00,0.00,0.00,0.00,309256,391170,626407,324981,404930,636891,0,0,0,0,0,0,0,109866,0,137.04,137.06,137.10
2129,1,0,0,0,93625,93625,93625,3654,3654,3654,591,591,591,0.00,0.00,0.00,0.00,0.00,0.00,0.00,0.00,0.00,0.00,0.00,0.00,0.00,0.00,0.00,0.00,0.00,0.00,0.00,0.00,0.00,290925,370862,566121,304030,384622,579226,0,0,0,0,0,0,0,98894,0,123.45,123.48,123.53
2129,2,0,0,0,93620,93620,93620,3659,3659,3659,591,591,591,0.00,0.00,0.00,0.00,0.00,0.00,0.00,0.00,0.00,0.00,0.00,0.00,0.00,0.00,0.00,0.00,0.00,0.00,0.00,0.00,0.00,427211,566778,925193,442936,580538,938298,0,0,0,0,0,0,0,75623,0,125.78,125.81,125.86
2129,3,0,0,0,93661,93661,93661,3618,3618,3618,591,591,591,0.00,0.00,0.00,0.00,0.00,0.00,0.00,0.00,0.00,0.00,0.00,0.00,0.00,0.00,0.00,0.00,0.00,0.00,0.00,0.00,0.00,301394,328103,405579,317119,342512,418662,0,0,0,0,0,0,0,112474,0,140.14,140.23,140.28
2130,0,0,0,0,93656,93656,93656,3623,3623,3623,591,591,591,0.00,0.00,0.00,0.00,0.00,0.00,0.00,0.00,0.00,0.00,0.00,0.00,0.00,0.00,0.00,0.00,0.00,0.00,0.00,0.00,0.00,296164,334430,479633,309271,348583,492738,0,0,0,0,0,0,0,109875,0,137.02,137.05,137.08
2130,1,0,0,0,93625,93625,93625,3654,3654,3654,591,591,591,0.00,0.00,0.00,0.00,0.00,0.00,0.00,0.00,0.00,0.00,0.00,0.00,0.00,0.00,0.00,0.00,0.00,0.00,0.00,0.00,0.00,292685,345789,526811,308364,359932,539916,0,0,0,0,0,0,0,111248,0,123.39,123.41,123.44
2130,2,0,0,0,93620,93620,93620,3659,3659,3659,591,591,591,0.00,0.00,0.00,0.00,0.00,0.00,0.00,0.00,0.00,0.00,0.00,0.00,0.00,0.00,0.00,0.00,0.00,0.00,0.00,0.00,0.00,414116,749057,1472910,429842,761987,1483393,0,0,0,0,0,0,0,100983,0,125.81,125.84,125.91
2130,3,0,0,0,93661,93661,93661,3618,3618,3618,591,591,591,0.00,0.00,0.00,0.00,0.00,0.00,0.00,0.00,0.00,0.00,0.00,0.00,0.00,0.00,0.00,0.00,0.00,0.00,0.00,0.00,0.00,300126,444781,660481,313062,457328,670965,0,0,0,0,0,0,0,126468,0,140.05,140.08,140.10
2131,0,0,0,0,93656,93656,93656,3623,3623,3623,591,591,591,0.00,0.00,0.00,0.00,0.00,0.00,0.00,0.00,0.00,0.00,0.00,0.00,0.00,0.00,0.00,0.00,0.00,0.00,0.00,0.00,0.00,298787,535559,1184659,313631,549683,1197764,0,0,0,0,0,0,0,123625,0,137.03,137.05,137.08
2131,1,0,0,0,93625,93625,93625,3654,3654,3654,591,591,591,0.00,0.00,0.00,0.00,0.00,0.00,0.00,0.00,0.00,0.00,0.00,0.00,0.00,0.00,0.00,0.00,0.00,0.00,0.00,0.00,0.00,298784,361990,500597,311889,375611,516323,0,0,0,0,0,0,0,98905,0,123.40,123.43,123.45
2131,2,0,0,0,93620,93620,93620,3659,3659,3659,591,591,591,0.00,0.00,0.00,0.00,0.00,0.00,0.00,0.00,0.00,0.00,0.00,0.00,0.00,0.00,0.00,0.00,0.00,0.00,0.00,0.00,0.00,424592,539912,977608,437696,554065,993334,0,0,0,0,0,0,0,100743,0,125.62,125.79,125.86
2131,3,0,0,0,93661,93661,93661,3618,3618,3618,591,591,591,0.00,0.00,0.00,0.00,0.00,0.00,0.00,0.00,0.00,0.00,0.00,0.00,0.00,0.00,0.00,0.00,0.00,0.00,0.00,0.00,0.00,301401,348586,508472,314506,362739,521577,0,0,0,0,0,0,0,112342,0,140.00,140.05,140.07
2132,0,0,0,0,93656,93656,93656,3623,3623,3623,591,591,591,0.00,0.00,0.00,0.00,0.00,0.00,0.00,0.00,0.00,0.00,0.00,0.00,0.00,0.00,0.00,0.00,0.00,0.00,0.00,0.00,0.00,200931,362036,689309,209667,374791,705035,0,0,0,0,0,0,0,109797,0,136.90,136.93,136.96
2132,1,0,0,0,93625,93625,93625,3654,3654,3654,591,591,591,0.00,0.00,0.00,0.00,0.00,0.00,0.00,0.00,0.00,0.00,0.00,0.00,0.00,0.00,0.00,0.00,0.00,0.00,0.00,0.00,0.00,304028,379435,562062,317132,393037,577675,0,0,0,0,0,0,0,99016,0,123.45,123.50,123.55
2132,2,0,0,0,93620,93620,93620,3659,3659,3659,591,591,591,0.00,0.00,0.00,0.00,0.00,0.00,0.00,0.00,0.00,0.00,0.00,0.00,0.00,0.00,0.00,0.00,0.00,0.00,0.00,0.00,0.00,424571,532570,927817,440296,546199,943543,0,0,0,0,0,0,0,100848,0,125.63,125.67,125.72
2132,3,0,0,0,93661,93661,93661,3618,3618,3618,591,591,591,0.00,0.00,0.00,0.00,0.00,0.00,0.00,0.00,0.00,0.00,0.00,0.00,0.00,0.00,0.00,0.00,0.00,0.00,0.00,0.00,0.00,296154,312937,361684,309258,327090,377409,0,0,0,0,0,0,0,112422,0,139.97,139.98,140.01
2133,0,0,0,0,93656,93656,93656,3623,3623,3623,591,591,591,0.00,0.00,0.00,0.00,0.00,0.00,0.00,0.00,0.00,0.00,0.00,0.00,0.00,0.00,0.00,0.00,0.00,0.00,0.00,0.00,0.00,296168,365881,608054,309273,380035,623780,0,0,0,0,0,0,0,109862,0,136.93,136.99,137.04
2133,1,0,0,0,93625,93625,93625,3654,3654,3654,591,591,591,0.00,0.00,0.00,0.00,0.00,0.00,0.00,0.00,0.00,0.00,0.00,0.00,0.00,0.00,0.00,0.00,0.00,0.00,0.00,0.00,0.00,296166,369935,634268,309271,383553,644752,0,0,0,0,0,0,0,98912,0,123.43,123.49,123.52
2133,2,0,0,0,93620,93620,93620,3659,3659,3659,591,591,591,0.00,0.00,0.00,0.00,0.00,0.00,0.00,0.00,0.00,0.00,0.00,0.00,0.00,0.00,0.00,0.00,0.00,0.00,0.00,0.00,0.00,427214,697014,1202253,440318,710281,1210928,0,0,0,0,0,0,0,113427,0,125.70,125.71,125.75
2133,3,0,0,0,93661,93661,93661,3618,3618,3618,591,591,591,0.00,0.00,0.00,0.00,0.00,0.00,0.00,0.00,0.00,0.00,0.00,0.00,0.00,0.00,0.00,0.00,0.00,0.00,0.00,0.00,0.00,296163,320439,387902,311889,334030,401006,0,0,0,0,0,0,0,126346,0,140.00,140.05,140.09
2134,0,0,0,0,93656,93656,93656,3623,3623,3623,591,591,591,0.00,0.00,0.00,0.00,0.00,0.00,0.00,0.00,0.00,0.00,0.00,0.00,0.00,0.00,0.00,0.00,0.00,0.00,0.00,0.00,0.00,296166,346484,508462,309270,360113,521567,0,0,0,0,0,0,0,123477,0,136.97,137.02,137.10
2134,1,0,0,0,93625,93625,93625,3654,3654,3654,591,591,591,0.00,0.00,0.00,0.00,0.00,0.00,0.00,0.00,0.00,0.00,0.00,0.00,0.00,0.00,0.00,0.00,0.00,0.00,0.00,0.00,0.00,296165,381258,526812,309269,394881,539917,0,0,0,0,0,0,0,111220,0,123.32,123.37,123.42
2134,2,0,0,0,93620,93620,93620,3659,3659,3659,591,591,591,0.00,0.00,0.00,0.00,0.00,0.00,0.00,0.00,0.00,0.00,0.00,0.00,0.00,0.00,0.00,0.00,0.00,0.00,0.00,0.00,0.00,429834,521571,880649,440318,535200,893754,0,0,0,0,0,0,0,100787,0,125.57,125.62,125.64
2134,3,0,0,0,93661,93661,93661,3618,3618,3618,591,591,591,0.00,0.00,0.00,0.00,0.00,0.00,0.00,0.00,0.00,0.00,0.00,0.00,0.00,0.00,0.00,0.00,0.00,0.00,0.00,0.00,0.00,73386,474890,843944,86491,488518,859669,0,0,0,0,0,0,0,112216,0,139.91,139.94,139.96
2135,0,0,0,0,93656,93656,93656,3623,3623,3623,591,591,591,0.00,0.00,0.00,0.00,0.00,0.00,0.00,0.00,0.00,0.00,0.00,0.00,0.00,0.00,0.00,0.00,0.00,0.00,0.00,0.00,0.00,298735,541876,1231842,311838,555945,1244947,0,0,0,0,0,0,0,109783,0,136.96,137.00,137.03
2135,1,0,0,0,93625,93625,93625,3654,3654,3654,591,591,591,0.00,0.00,0.00,0.00,0.00,0.00,0.00,0.00,0.00,0.00,0.00,0.00,0.00,0.00,0.00,0.00,0.00,0.00,0.00,0.00,0.00,293527,344161,508458,306630,358300,524183,0,0,0,0,0,0,0,74238,0,123.39,123.45,123.49
2135,2,0,0,0,93620,93620,93620,3659,3659,3659,591,591,591,0.00,0.00,0.00,0.00,0.00,0.00,0.00,0.00,0.00,0.00,0.00,0.00,0.00,0.00,0.00,0.00,0.00,0.00,0.00,0.00,0.00,427214,636875,977539,437701,651028,995884,0,0,0,0,0,0,0,100813,0,125.65,125.67,125.72
2135,3,0,0,0,93661,93661,93661,3618,3618,3618,591,591,591,0.00,0.00,0.00,0.00,0.00,0.00,0.00,0.00,0.00,0.00,0.00,0.00,0.00,0.00,0.00,0.00,0.00,0.00,0.00,0.00,0.00,298790,344917,513707,311895,359070,526812,0,0,0,0,0,0,0,84380,0,139.91,140.04,140.19
2136,0,0,0,0,93656,93656,93656,3623,3623,3623,591,591,591,0.00,0.00,0.00,0.00,0.00,0.00,0.00,0.00,0.00,0.00,0.00,0.00,0.00,0.00,0.00,0.00,0.00,0.00,0.00,0.00,0.00,301408,384228,678819,314513,397857,694545,0,0,0,0,0,0,0,82367,0,136.84,136.87,136.90
2136,1,0,0,0,93625,93625,93625,3654,3654,3654,591,591,591,0.00,0.00,0.00,0.00,0.00,0.00,0.00,0.00,0.00,0.00,0.00,0.00,0.00,0.00,0.00,0.00,0.00,0.00,0.00,0.00,0.00,293012,371017,542536,308709,385164,558261,0,0,0,0,0,0,0,98961,0,123.43,123.46,123.49
2136,2,0,0,0,93620,93620,93620,3659,3659,3659,591,591,591,0.00,0.00,0.00,0.00,0.00,0.00,0.00,0.00,0.00,0.00,0.00,0.00,0.00,0.00,0.00,0.00,0.00,0.00,0.00,0.00,0.00,427213,536245,930443,440317,550398,943548,0,0,0,0,0,0,0,75691,0,125.62,125.65,125.68
2136,3,0,0,0,93661,93661,93661,3618,3618,3618,591,591,591,0.00,0.00,0.00,0.00,0.00,0.00,0.00,0.00,0.00,0.00,0.00,0.00,0.00,0.00,0.00,0.00,0.00,0.00,0.00,0.00,0.00,298788,331812,450805,311892,345441,463910,0,0,0,0,0,0,0,112316,0,139.86,140.04,140.22
2137,0,0,0,0,93656,93656,93656,3623,3623,3623,591,591,591,0.00,0.00,0.00,0.00,0.00,0.00,0.00,0.00,0.00,0.00,0.00,0.00,0.00,0.00,0.00,0.00,0.00,0.00,0.00,0.00,0.00,296163,406236,610635,311889,419865,623739,0,0,0,0,0,0,0,109788,0,136.97,136.98,136.99
2137,1,0,0,0,93625,93625,93625,3654,3654,3654,591,591,591,0.00,0.00,0.00,0.00,0.00,0.00,0.00,0.00,0.00,0.00,0.00,0.00,0.00,0.00,0.00,0.00,0.00,0.00,0.00,0.00,0.00,296168,361507,610680,309272,375128,626406,0,0,0,0,0,0,0,98859,0,123.33,123.36,123.39
2137,2,0,0,0,93620,93620,93620,3659,3659,3659,591,591,591,0.00,0.00,0.00,0.00,0.00,0.00,0.00,0.00,0.00,0.00,0.00,0.00,0.00,0.00,0.00,0.00,0.00,0.00,0.00,0.00,0.00,0,646326,1910677,24389,662212,1923782,0,0,0,0,0,0,0,113483,0,125.63,125.68,125.74
2137,3,0,0,0,93661,93661,93661,3618,3618,3618,591,591,591,0.00,0.00,0.00,0.00,0.00,0.00,0.00,0.00,0.00,0.00,0.00,0.00,0.00,0.00,0.00,0.00,0.00,0.00,0.00,0.00,0.00,297935,379837,575003,311003,393761,587449,0,0,0,0,0,0,0,126476,0,139.92,140.03,140.10
2138,0,0,0,0,93656,93656,93656,3623,3623,3623,591,591,591,0.00,0.00,0.00,0.00,0.00,0.00,0.00,0.00,0.00,0.00,0.00,0.00,0.00,0.00,0.00,0.00,0.00,0.00,0.00,0.00,0.00,272577,437695,972368,285682,451848,985472,0,0,0,0,0,0,0,123672,0,136.96,136.99,137.04
2138,1,0,0,0,93625,93625,93625,3654,3654,3654,591,591,591,0.00,0.00,0.00,0.00,0.00,0.00,0.00,0.00,0.00,0.00,0.00,0.00,0.00,0.00,0.00,0.00,0.00,0.00,0.00,0.00,0.00,146772,342791,515063,162497,356373,530830,0,0,0,0,0,0,0,111187,0,123.44,123.47,123.50
2138,2,0,0,0,93620,93620,93620,3659,3659,3659,591,591,591,0.00,0.00,0.00,0.00,0.00,0.00,0.00,0.00,0.00,0.00,0.00,0.00,0.00,0.00,0.00,0.00,0.00,0.00,0.00,0.00,0.00,424594,627460,980234,437704,641613,993339,0,0,0,0,0,0,0,100743,0,125.58,125.60,125.65
2138,3,0,0,0,93661,93661,93661,3618,3618,3618,591,591,591,0.00,0.00,0.00,0.00,0.00,0.00,0.00,0.00,0.00,0.00,0.00,0.00,0.00,0.00,0.00,0.00,0.00,0.00,0.00,0.00,0.00,298788,484149,924185,314514,498478,940787,0,0,0,0,0,0,0,112373,0,139.90,139.94,140.00
2139,0,0,0,0,93656,93656,93656,3623,3623,3623,591,591,591,0.00,0.00,0.00,0.00,0.00,0.00,0.00,0.00,0.00,0.00,0.00,0.00,0.00,0.00,0.00,0.00,0.00,0.00,0.00,0.00,0.00,293419,353773,579029,306484,367893,594538,0,0,0,0,0,0,0,109915,0,137.05,137.08,137.13
2139,1,0,0,0,93625,93625,93625,3654,3654,3654,591,591,591,0.00,0.00,0.00,0.00,0.00,0.00,0.00,0.00,0.00,0.00,0.00,0.00,0.00,0.00,0.00,0.00,0.00,0.00,0.00,0.00,0.00,298787,368196,529429,314513,382343,542533,0,0,0,0,0,0,0,99030,0,123.36,123.40,123.48
2139,2,0,0,0,93620,93620,93620,3659,3659,3659,591,591,591,0.00,0.00,0.00,0.00,0.00,0.00,0.00,0.00,0.00,0.00,0.00,0.00,0.00,0.00,0.00,0.00,0.00,0.00,0.00,0.00,0.00,429825,537291,956647,442938,551444,972373,0,0,0,0,0,0,0,100904,0,125.68,125.77,125.84
2139,3,0,0,0,93661,93661,93661,3618,3618,3618,591,591,591,0.00,0.00,0.00,0.00,0.00,0.00,0.00,0.00,0.00,0.00,0.00,0.00,0.00,0.00,0.00,0.00,0.00,0.00,0.00,0.00,0.00,301407,375315,500602,317132,388944,513707,0,0,0,0,0,0,0,112353,0,139.95,139.99,140.04
2140,0,0,0,0,93656,93656,93656,3623,3623,3623,591,591,591,0.00,0.00,0.00,0.00,0.00,0.00,0.00,0.00,0.00,0.00,0.00,0.00,0.00,0.00,0.00,0.00,0.00,0.00,0.00,0.00,0.00,304028,448702,694543,317133,462331,707647,0,0,0,0,0,0,0,109993,0,137.11,137.14,137.18
2140,1,0,0,0,93625,93625,93625,3654,3654,3654,591,591,591,0.00,0.00,0.00,0.00,0.00,0.00,0.00,0.00,0.00,0.00,0.00,0.00,0.00,0.00,0.00,0.00,0.00,0.00,0.00,0.00,0.00,288303,348958,534673,304029,363106,547778,0,0,0,0,0,0,0,98881,0,123.49,123.55,123.60
2140,2,0,0,0,93620,93620,93620,3659,3659,3659,591,591,591,0.00,0.00,0.00,0.00,0.00,0.00,0.00,0.00,0.00,0.00,0.00,0.00,0.00,0.00,0.00,0.00,0.00,0.00,0.00,0.00,0.00,427208,534665,909465,440317,548294,919949,0,0,0,0,0,0,0,100722,0,125.63,125.71,125.80
2140,3,0,0,0,93661,93661,93661,3618,3618,3618,591,591,591,0.00,0.00,0.00,0.00,0.00,0.00,0.00,0.00,0.00,0.00,0.00,0.00,0.00,0.00,0.00,0.00,0.00,0.00,0.00,0.00,0.00,296168,323949,416733,309273,338103,432459,0,0,0,0,0,0,0,112608,0,139.90,139.99,140.09
2141,0,0,0,0,93656,93656,93656,3623,3623,3623,591,591,591,0.00,0.00,0.00,0.00,0.00,0.00,0.00,0.00,0.00,0.00,0.00,0.00,0.00,0.00,0.00,0.00,0.00,0.00,0.00,0.00,0.00,296166,338100,495358,309271,352253,511083,0,0,0,0,0,0,0,109899,0,137.06,137.10,137.15
2141,1,0,0,0,93625,93625,93625,3654,3654,3654,591,591,591,0.00,0.00,0.00,0.00,0.00,0.00,0.00,0.00,0.00,0.00,0.00,0.00,0.00,0.00,0.00,0.00,0.00,0.00,0.00,0.00,0.00,293544,401318,607886,306648,414942,623675,0,0,0,0,0,0,0,111256,0,123.41,123.43,123.46
2141,2,0,0,0,93620,93620,93620,3659,3659,3659,591,591,591,0.00,0.00,0.00,0.00,0.00,0.00,0.00,0.00,0.00,0.00,0.00,0.00,0.00,0.00,0.00,0.00,0.00,0.00,0.00,0.00,0.00,424593,685083,1256295,437698,698265,1265031,0,0,0,0,0,0,0,100885,0,125.64,125.74,125.81
2141,3,0,0,0,93661,93661,93661,3618,3618,3618,591,591,591,0.00,0.00,0.00,0.00,0.00,0.00,0.00,0.00,0.00,0.00,0.00,0.00,0.00,0.00,0.00,0.00,0.00,0.00,0.00,0.00,0.00,293546,521699,863060,309272,535685,880571,0,0,0,0,0,0,0,126530,0,140.14,140.18,140.23
2142,0,0,0,0,93656,93656,93656,3623,3623,3623,591,591,591,0.00,0.00,0.00,0.00,0.00,0.00,0.00,0.00,0.00,0.00,0.00,0.00,0.00,0.00,0.00,0.00,0.00,0.00,0.00,0.00,0.00,298771,535192,1210868,311875,549345,1223973,0,0,0,0,0,0,0,123748,0,137.04,137.10,137.18
2142,1,0,0,0,93625,93625,93625,3654,3654,3654,591,591,591,0.00,0.00,0.00,0.00,0.00,0.00,0.00,0.00,0.00,0.00,0.00,0.00,0.00,0.00,0.00,0.00,0.00,0.00,0.00,0.00,0.00,293635,369879,568745,306513,383999,581850,0,0,0,0,0,0,0,98928,0,123.45,123.51,123.56
2142,2,0,0,0,93620,93620,93620,3659,3659,3659,591,591,591,0.00,0.00,0.00,0.00,0.00,0.00,0.00,0.00,0.00,0.00,0.00,0.00,0.00,0.00,0.00,0.00,0.00,0.00,0.00,0.00,0.00,427192,547768,998578,440542,561446,1011682,0,0,0,0,0,0,0,100769,0,125.62,125.73,125.78
2142,3,0,0,0,93661,93661,93661,3618,3618,3618,591,591,591,0.00,0.00,0.00,0.00,0.00,0.00,0.00,0.00,0.00,0.00,0.00,0.00,0.00,0.00,0.00,0.00,0.00,0.00,0.00,0.00,0.00,202688,326217,505844,213172,338797,518949,0,0,0,0,0,0,0,112439,0,140.04,140.11,140.19
2143,0,0,0,0,93656,93656,93656,3623,3623,3623,591,591,591,0.00,0.00,0.00,0.00,0.00,0.00,0.00,0.00,0.00,0.00,0.00,0.00,0.00,0.00,0.00,0.00,0.00,0.00,0.00,0.00,0.00,204432,356575,678819,213168,369291,694544,0,0,0,0,0,0,0,82533,0,137.19,137.23,137.26
2143,1,0,0,0,93625,93625,93625,3654,3654,3654,591,591,591,0.00,0.00,0.00,0.00,0.00,0.00,0.00,0.00,0.00,0.00,0.00,0.00,0.00,0.00,0.00,0.00,0.00,0.00,0.00,0.00,0.00,207927,388589,550394,216663,401869,566120,0,0,0,0,0,0,0,74203,0,123.35,123.40,123.44
2143,2,0,0,0,93620,93620,93620,3659,3659,3659,591,591,591,0.00,0.00,0.00,0.00,0.00,0.00,0.00,0.00,0.00,0.00,0.00,0.00,0.00,0.00,0.00,0.00,0.00,0.00,0.00,0.00,0.00,427213,520518,875397,440318,534671,891123,0,0,0,0,0,0,0,100864,0,125.64,125.68,125.74
2143,3,0,0,0,93661,93661,93661,3618,3618,3618,591,591,591,0.00,0.00,0.00,0.00,0.00,0.00,0.00,0.00,0.00,0.00,0.00,0.00,0.00,0.00,0.00,0.00,0.00,0.00,0.00,0.00,0.00,301411,318707,369551,311894,332336,387898,0,0,0,0,0,0,0,84179,0,139.90,140.00,140.09
2144,0,0,0,0,93656,93656,93656,3623,3623,3623,591,591,591,0.00,0.00,0.00,0.00,0.00,0.00,0.00,0.00,0.00,0.00,0.00,0.00,0.00,0.00,0.00,0.00,0.00,0.00,0.00,0.00,0.00,301407,387234,628997,314512,400994,642101,0,0,0,0,0,0,0,109901,0,137.09,137.18,137.25
2144,1,0,0,0,93625,93625,93625,3654,3654,3654,591,591,591,0.00,0.00,0.00,0.00,0.00,0.00,0.00,0.00,0.00,0.00,0.00,0.00,0.00,0.00,0.00,0.00,0.00,0.00,0.00,0.00,0.00,293546,379381,615917,309272,393141,629022,0,0,0,0,0,0,0,98866,0,123.38,123.43,123.48
2144,2,0,0,0,93620,93620,93620,3659,3659,3659,591,591,591,0.00,0.00,0.00,0.00,0.00,0.00,0.00,0.00,0.00,0.00,0.00,0.00,0.00,0.00,0.00,0.00,0.00,0.00,0.00,0.00,0.00,432456,565466,943528,448181,579226,956633,0,0,0,0,0,0,0,88299,0,125.69,125.75,125.80
2144,3,0,0,0,93661,93661,93661,3618,3618,3618,591,591,591,0.00,0.00,0.00,0.00,0.00,0.00,0.00,0.00,0.00,0.00,0.00,0.00,0.00,0.00,0.00,0.00,0.00,0.00,0.00,0.00,0.00,293549,330890,424592,311896,345305,437696,0,0,0,0,0,0,0,112446,0,139.84,139.92,140.00
2145,0,0,0,0,93656,93656,93656,3623,3623,3623,591,591,591,0.00,0.00,0.00,0.00,0.00,0.00,0.00,0.00,0.00,0.00,0.00,0.00,0.00,0.00,0.00,0.00,0.00,0.00,0.00,0.00,0.00,296165,335478,479626,309269,349630,492730,0,0,0,0,0,0,0,109794,0,136.99,137.02,137.07
2145,1,0,0,0,93625,93625,93625,3654,3654,3654,591,591,591,0.00,0.00,0.00,0.00,0.00,0.00,0.00,0.00,0.00,0.00,0.00,0.00,0.00,0.00,0.00,0.00,0.00,0.00,0.00,0.00,0.00,298789,360110,529403,311893,374263,545127,0,0,0,0,0,0,0,111226,0,123.30,123.37,123.44
2145,2,0,0,0,93620,93620,93620,3659,3659,3659,591,591,591,0.00,0.00,0.00,0.00,0.00,0.00,0.00,0.00,0.00,0.00,0.00,0.00,0.00,0.00,0.00,0.00,0.00,0.00,0.00,0.00,0.00,285513,784153,1929011,294165,797368,1942116,0,0,0,0,0,0,0,100859,0,125.71,125.76,125.80
2145,3,0,0,0,93661,93661,93661,3618,3618,3618,591,591,591,0.00,0.00,0.00,0.00,0.00,0.00,0.00,0.00,0.00,0.00,0.00,0.00,0.00,0.00,0.00,0.00,0.00,0.00,0.00,0.00,0.00,290929,530845,875402,306655,544895,885886,0,0,0,0,0,0,0,112267,0,139.88,139.92,139.98
2146,0,0,0,0,93656,93656,93656,3623,3623,3623,591,591,591,0.00,0.00,0.00,0.00,0.00,0.00,0.00,0.00,0.00,0.00,0.00,0.00,0.00,0.00,0.00,0.00,0.00,0.00,0.00,0.00,0.00,290924,531523,1163682,306650,545152,1176787,0,0,0,0,0,0,0,109867,0,136.94,137.00,137.07
2146,1,0,0,0,93625,93625,93625,3654,3654,3654,591,591,591,0.00,0.00,0.00,0.00,0.00,0.00,0.00,0.00,0.00,0.00,0.00,0.00,0.00,0.00,0.00,0.00,0.00,0.00,0.00,0.00,0.00,296167,365729,494589,309272,379286,507336,0,0,0,0,0,0,0,98902,0,123.39,123.43,123.47
2146,2,0,0,0,93620,93620,93620,3659,3659,3659,591,591,591,0.00,0.00,0.00,0.00,0.00,0.00,0.00,0.00,0.00,0.00,0.00,0.00,0.00,0.00,0.00,0.00,0.00,0.00,0.00,0.00,0.00,429929,558281,1056247,443280,571959,1069352,0,0,0,0,0,0,0,100936,0,125.73,125.75,125.78
2146,3,0,0,0,93661,93661,93661,3618,3618,3618,591,591,591,0.00,0.00,0.00,0.00,0.00,0.00,0.00,0.00,0.00,0.00,0.00,0.00,0.00,0.00,0.00,0.00,0.00,0.00,0.00,0.00,0.00,209676,323425,500602,220160,336006,511086,0,0,0,0,0,0,0,112429,0,139.99,140.07,140.11
2147,0,0,0,0,93656,93656,93656,3623,3623,3623,591,591,591,0.00,0.00,0.00,0.00,0.00,0.00,0.00,0.00,0.00,0.00,0.00,0.00,0.00,0.00,0.00,0.00,0.00,0.00,0.00,0.00,0.00,209674,360304,686633,218410,373539,699737,0,0,0,0,0,0,0,109928,0,137.04,137.12,137.16
2147,1,0,0,0,93625,93625,93625,3654,3654,3654,591,591,591,0.00,0.00,0.00,0.00,0.00,0.00,0.00,0.00,0.00,0.00,0.00,0.00,0.00,0.00,0.00,0.00,0.00,0.00,0.00,0.00,0.00,298719,329873,369549,314441,343327,382653,0,0,0,0,0,0,0,99037,0,123.42,123.53,123.60
2147,2,0,0,0,93620,93620,93620,3659,3659,3659,591,591,591,0.00,0.00,0.00,0.00,0.00,0.00,0.00,0.00,0.00,0.00,0.00,0.00,0.00,0.00,0.00,0.00,0.00,0.00,0.00,0.00,0.00,427189,614865,927816,442914,629018,940921,0,0,0,0,0,0,0,100941,0,125.83,125.85,125.88
2147,3,0,0,0,93661,93661,93661,3618,3618,3618,591,591,591,0.00,0.00,0.00,0.00,0.00,0.00,0.00,0.00,0.00,0.00,0.00,0.00,0.00,0.00,0.00,0.00,0.00,0.00,0.00,0.00,0.00,301405,320275,390500,314515,334427,403604,0,0,0,0,0,0,0,112511,0,140.09,140.13,140.17
2148,0,0,0,0,93656,93656,93656,3623,3623,3623,591,591,591,0.00,0.00,0.00,0.00,0.00,0.00,0.00,0.00,0.00,0.00,0.00,0.00,0.00,0.00,0.00,0.00,0.00,0.00,0.00,0.00,0.00,296166,361165,602817,309270,374794,618543,0,0,0,0,0,0,0,109910,0,137.17,137.20,137.22
2148,1,0,0,0,93625,93625,93625,3654,3654,3654,591,591,591,0.00,0.00,0.00,0.00,0.00,0.00,0.00,0.00,0.00,0.00,0.00,0.00,0.00,0.00,0.00,0.00,0.00,0.00,0.00,0.00,0.00,296165,308742,345963,309271,322371,361688,0,0,0,0,0,0,0,98926,0,123.40,123.48,123.58
2148,2,0,0,0,93620,93620,93620,3659,3659,3659,591,591,591,0.00,0.00,0.00,0.00,0.00,0.00,0.00,0.00,0.00,0.00,0.00,0.00,0.00,0.00,0.00,0.00,0.00,0.00,0.00,0.00,0.00,429836,726523,1860871,442941,740677,1876597,0,0,0,0,0,0,0,113588,0,125.75,125.79,125.85
2148,3,0,0,0,93661,93661,93661,3618,3618,3618,591,591,591,0.00,0.00,0.00,0.00,0.00,0.00,0.00,0.00,0.00,0.00,0.00,0.00,0.00,0.00,0.00,0.00,0.00,0.00,0.00,0.00,0.00,298786,323424,416735,311891,337054,429840,0,0,0,0,0,0,0,126554,0,140.10,140.17,140.24
2149,0,0,0,0,93656,93656,93656,3623,3623,3623,591,591,591,0.00,0.00,0.00,0.00,0.00,0.00,0.00,0.00,0.00,0.00,0.00,0.00,0.00,0.00,0.00,0.00,0.00,0.00,0.00,0.00,0.00,296168,529423,1271144,309272,543575,1281628,0,0,0,0,0,0,0,123710,0,137.05,137.09,137.12
2149,1,0,0,0,93625,93625,93625,3654,3654,3654,591,591,591,0.00,0.00,0.00,0.00,0.00,0.00,0.00,0.00,0.00,0.00,0.00,0.00,0.00,0.00,0.00,0.00,0.00,0.00,0.00,0.00,0.00,293539,399954,537297,309264,414107,550401,0,0,0,0,0,0,0,111219,0,123.38,123.43,123.49
2149,2,0,0,0,93620,93620,93620,3659,3659,3659,591,591,591,0.00,0.00,0.00,0.00,0.00,0.00,0.00,0.00,0.00,0.00,0.00,0.00,0.00,0.00,0.00,0.00,0.00,0.00,0.00,0.00,0.00,300566,611137,995482,309203,623881,1009157,0,0,0,0,0,0,0,100753,0,125.66,125.78,125.86
2149,3,0,0,0,93661,93661,93661,3618,3618,3618,591,591,591,0.00,0.00,0.00,0.00,0.00,0.00,0.00,0.00,0.00,0.00,0.00,0.00,0.00,0.00,0.00,0.00,0.00,0.00,0.00,0.00,0.00,301393,505893,993344,317118,519995,1006449,0,0,0,0,0,0,0,112360,0,139.89,139.94,140.05
2150,0,0,0,0,93656,93656,93656,3623,3623,3623,591,591,591,0.00,0.00,0.00,0.00,0.00,0.00,0.00,0.00,0.00,0.00,0.00,0.00,0.00,0.00,0.00,0.00,0.00,0.00,0.00,0.00,0.00,296166,345962,524183,311889,360115,537288,0,0,0,0,0,0,0,82423,0,137.12,137.18,137.21
2150,1,0,0,0,93625,93625,93625,3654,3654,3654,591,591,591,0.00,0.00,0.00,0.00,0.00,0.00,0.00,0.00,0.00,0.00,0.00,0.00,0.00,0.00,0.00,0.00,0.00,0.00,0.00,0.00,0.00,290926,358648,513676,306652,372230,526780,0,0,0,0,0,0,0,74348,0,123.49,123.53,123.58
2150,2,0,0,0,93620,93620,93620,3659,3659,3659,591,591,591,0.00,0.00,0.00,0.00,0.00,0.00,0.00,0.00,0.00,0.00,0.00,0.00,0.00,0.00,0.00,0.00,0.00,0.00,0.00,0.00,0.00,432424,526279,898982,445561,540431,914708,0,0,0,0,0,0,0,100810,0,125.61,125.64,125.70
2150,3,0,0,0,93661,93661,93661,3618,3618,3618,591,591,591,0.00,0.00,0.00,0.00,0.00,0.00,0.00,0.00,0.00,0.00,0.00,0.00,0.00,0.00,0.00,0.00,0.00,0.00,0.00,0.00,0.00,211425,335306,458666,221909,347887,471771,0,0,0,0,0,0,0,84356,0,139.79,139.90,139.96
2151,0,0,0,0,93656,93656,93656,3623,3623,3623,591,591,591,0.00,0.00,0.00,0.00,0.00,0.00,0.00,0.00,0.00,0.00,0.00,0.00,0.00,0.00,0.00,0.00,0.00,0.00,0.00,0.00,0.00,209678,371810,656818,218415,384355,669449,0,0,0,0,0,0,0,110079,0,137.08,137.14,137.25
2151,1,0,0,0,93625,93625,93625,3654,3654,3654,591,591,591,0.00,0.00,0.00,0.00,0.00,0.00,0.00,0.00,0.00,0.00,0.00,0.00,0.00,0.00,0.00,0.00,0.00,0.00,0.00,0.00,0.00,225401,344652,547778,234138,357975,560882,0,0,0,0,0,0,0,98983,0,123.48,123.56,123.60
2151,2,0,0,0,93620,93620,93620,3659,3659,3659,591,591,591,0.00,0.00,0.00,0.00,0.00,0.00,0.00,0.00,0.00,0.00,0.00,0.00,0.00,0.00,0.00,0.00,0.00,0.00,0.00,0.00,0.00,421974,557606,940922,437700,572021,954026,0,0,0,0,0,0,0,75684,0,125.67,125.69,125.71
2151,3,0,0,0,93661,93661,93661,3618,3618,3618,591,591,591,0.00,0.00,0.00,0.00,0.00,0.00,0.00,0.00,0.00,0.00,0.00,0.00,0.00,0.00,0.00,0.00,0.00,0.00,0.00,0.00,0.00,298789,328928,414109,314512,342688,427214,0,0,0,0,0,0,0,112373,0,139.82,139.84,139.86
2152,0,0,0,0,93656,93656,93656,3623,3623,3623,591,591,591,0.00,0.00,0.00,0.00,0.00,0.00,0.00,0.00,0.00,0.00,0.00,0.00,0.00,0.00,0.00,0.00,0.00,0.00,0.00,0.00,0.00,298790,395702,615628,311895,409854,631346,0,0,0,0,0,0,0,109942,0,137.19,137.25,137.31
2152,1,0,0,0,93625,93625,93625,3654,3654,3654,591,591,591,0.00,0.00,0.00,0.00,0.00,0.00,0.00,0.00,0.00,0.00,0.00,0.00,0.00,0.00,0.00,0.00,0.00,0.00,0.00,0.00,0.00,293545,366406,636886,309270,380559,652611,0,0,0,0,0,0,0,98932,0,123.48,123.49,123.52
2152,2,0,0,0,93620,93620,93620,3659,3659,3659,591,591,591,0.00,0.00,0.00,0.00,0.00,0.00,0.00,0.00,0.00,0.00,0.00,0.00,0.00,0.00,0.00,0.00,0.00,0.00,0.00,0.00,0.00,432447,830305,1999785,448173,843934,2012890,0,0,0,0,0,0,0,113487,0,125.69,125.72,125.75
2152,3,0,0,0,93661,93661,93661,3618,3618,3618,591,591,591,0.00,0.00,0.00,0.00,0.00,0.00,0.00,0.00,0.00,0.00,0.00,0.00,0.00,0.00,0.00,0.00,0.00,0.00,0.00,0.00,0.00,301393,499023,964505,317118,513176,977610,0,0,0,0,0,0,0,126404,0,139.86,139.89,139.91
2153,0,0,0,0,93656,93656,93656,3623,3623,3623,591,591,591,0.00,0.00,0.00,0.00,0.00,0.00,0.00,0.00,0.00,0.00,0.00,0.00,0.00,0.00,0.00,0.00,0.00,0.00,0.00,0.00,0.00,298790,493260,1247565,311894,507413,1260670,0,0,0,0,0,0,0,123814,0,137.21,137.25,137.26
2153,1,0,0,0,93625,93625,93625,3654,3654,3654,591,591,591,0.00,0.00,0.00,0.00,0.00,0.00,0.00,0.00,0.00,0.00,0.00,0.00,0.00,0.00,0.00,0.00,0.00,0.00,0.00,0.00,0.00,296166,397326,526774,309271,410955,539878,0,0,0,0,0,0,0,98984,0,123.48,123.54,123.59
2153,2,0,0,0,93620,93620,93620,3659,3659,3659,591,591,591,0.00,0.00,0.00,0.00,0.00,0.00,0.00,0.00,0.00,0.00,0.00,0.00,0.00,0.00,0.00,0.00,0.00,0.00,0.00,0.00,0.00,427217,521061,880713,440325,534593,893331,0,0,0,0,0,0,0,100722,0,125.65,125.73,125.79
2153,3,0,0,0,93661,93661,93661,3618,3618,3618,591,591,591,0.00,0.00,0.00,0.00,0.00,0.00,0.00,0.00,0.00,0.00,0.00,0.00,0.00,0.00,0.00,0.00,0.00,0.00,0.00,0.00,0.00,294743,367172,479637,307671,381290,495363,0,0,0,0,0,0,0,112488,0,139.97,140.02,140.14
2154,0,0,0,0,93656,93656,93656,3623,3623,3623,591,591,591,0.00,0.00,0.00,0.00,0.00,0.00,0.00,0.00,0.00,0.00,0.00,0.00,0.00,0.00,0.00,0.00,0.00,0.00,0.00,0.00,0.00,301407,419349,626407,314511,433502,642133,0,0,0,0,0,0,0,109872,0,137.04,137.09,137.18
2154,1,0,0,0,93625,93625,93625,3654,3654,3654,591,591,591,0.00,0.00,0.00,0.00,0.00,0.00,0.00,0.00,0.00,0.00,0.00,0.00,0.00,0.00,0.00,0.00,0.00,0.00,0.00,0.00,0.00,290920,356660,495355,306646,370756,508460,0,0,0,0,0,0,0,99024,0,123.54,123.55,123.56
2154,2,0,0,0,93620,93620,93620,3659,3659,3659,591,591,591,0.00,0.00,0.00,0.00,0.00,0.00,0.00,0.00,0.00,0.00,0.00,0.00,0.00,0.00,0.00,0.00,0.00,0.00,0.00,0.00,0.00,424592,524710,904222,437697,538863,917327,0,0,0,0,0,0,0,100820,0,125.56,125.60,125.64
2154,3,0,0,0,93661,93661,93661,3618,3618,3618,591,591,591,0.00,0.00,0.00,0.00,0.00,0.00,0.00,0.00,0.00,0.00,0.00,0.00,0.00,0.00,0.00,0.00,0.00,0.00,0.00,0.00,0.00,296152,315033,372168,311877,329186,387893,0,0,0,0,0,0,0,112451,0,140.11,140.16,140.20
2155,0,0,0,0,93656,93656,93656,3623,3623,3623,591,591,591,0.00,0.00,0.00,0.00,0.00,0.00,0.00,0.00,0.00,0.00,0.00,0.00,0.00,0.00,0.00,0.00,0.00,0.00,0.00,0.00,0.00,293547,375003,639504,306652,388604,652608,0,0,0,0,0,0,0,109935,0,136.98,137.00,137.02
2155,1,0,0,0,93625,93625,93625,3654,3654,3654,591,591,591,0.00,0.00,0.00,0.00,0.00,0.00,0.00,0.00,0.00,0.00,0.00,0.00,0.00,0.00,0.00,0.00,0.00,0.00,0.00,0.00,0.00,293529,356443,563496,306633,370071,579221,0,0,0,0,0,0,0,99096,0,123.57,123.58,123.60
2155,2,0,0,0,93620,93620,93620,3659,3659,3659,591,591,591,0.00,0.00,0.00,0.00,0.00,0.00,0.00,0.00,0.00,0.00,0.00,0.00,0.00,0.00,0.00,0.00,0.00,0.00,0.00,0.00,0.00,427215,547763,956572,442939,561392,969676,0,0,0,0,0,0,0,113402,0,125.66,125.71,125.75
2155,3,0,0,0,93661,93661,93661,3618,3618,3618,591,591,591,0.00,0.00,0.00,0.00,0.00,0.00,0.00,0.00,0.00,0.00,0.00,0.00,0.00,0.00,0.00,0.00,0.00,0.00,0.00,0.00,0.00,298788,324473,411491,311893,338102,427217,0,0,0,0,0,0,0,112452,0,139.97,140.01,140.04
2156,0,0,0,0,93656,93656,93656,3623,3623,3623,591,591,591,0.00,0.00,0.00,0.00,0.00,0.00,0.00,0.00,0.00,0.00,0.00,0.00,0.00,0.00,0.00,0.00,0.00,0.00,0.00,0.00,0.00,298786,343866,484868,311891,358019,497973,0,0,0,0,0,0,0,110027,0,137.09,137.18,137.23
2156,1,0,0,0,93625,93625,93625,3654,3654,3654,591,591,591,0.00,0.00,0.00,0.00,0.00,0.00,0.00,0.00,0.00,0.00,0.00,0.00,0.00,0.00,0.00,0.00,0.00,0.00,0.00,0.00,0.00,296164,365358,526813,306647,379511,542538,0,0,0,0,0,0,0,111406,0,123.61,123.64,123.67
2156,2,0,0,0,93620,93620,93620,3659,3659,3659,591,591,591,0.00,0.00,0.00,0.00,0.00,0.00,0.00,0.00,0.00,0.00,0.00,0.00,0.00,0.00,0.00,0.00,0.00,0.00,0.00,0.00,0.00,432458,730712,1368099,442942,744865,1383825,0,0,0,0,0,0,0,100844,0,125.64,125.67,125.71
2156,3,0,0,0,93661,93661,93661,3618,3618,3618,591,591,591,0.00,0.00,0.00,0.00,0.00,0.00,0.00,0.00,0.00,0.00,0.00,0.00,0.00,0.00,0.00,0.00,0.00,0.00,0.00,0.00,0.00,62903,440317,951391,78628,453946,964495,0,0,0,0,0,0,0,126502,0,140.09,140.16,140.20
2157,0,0,0,0,93656,93656,93656,3623,3623,3623,591,591,591,0.00,0.00,0.00,0.00,0.00,0.00,0.00,0.00,0.00,0.00,0.00,0.00,0.00,0.00,0.00,0.00,0.00,0.00,0.00,0.00,0.00,264714,485398,998578,277819,499027,1011683,0,0,0,0,0,0,0,109938,0,137.13,137.19,137.24
2157,1,0,0,0,93625,93625,93625,3654,3654,3654,591,591,591,0.00,0.00,0.00,0.00,0.00,0.00,0.00,0.00,0.00,0.00,0.00,0.00,0.00,0.00,0.00,0.00,0.00,0.00,0.00,0.00,0.00,157254,264132,306463,170359,277758,319560,0,0,0,0,0,0,0,98997,0,123.52,123.57,123.62
2157,2,0,0,0,93620,93620,93620,3659,3659,3659,591,591,591,0.00,0.00,0.00,0.00,0.00,0.00,0.00,0.00,0.00,0.00,0.00,0.00,0.00,0.00,0.00,0.00,0.00,0.00,0.00,0.00,0.00,419334,531229,949920,435059,545342,962827,0,0,0,0,0,0,0,100958,0,125.72,125.79,125.87
2157,3,0,0,0,93661,93661,93661,3618,3618,3618,591,591,591,0.00,0.00,0.00,0.00,0.00,0.00,0.00,0.00,0.00,0.00,0.00,0.00,0.00,0.00,0.00,0.00,0.00,0.00,0.00,0.00,0.00,301392,341769,482253,314496,355922,495358,0,0,0,0,0,0,0,112336,0,140.05,140.10,140.16
2158,0,0,0,0,93656,93656,93656,3623,3623,3623,591,591,591,0.00,0.00,0.00,0.00,0.00,0.00,0.00,0.00,0.00,0.00,0.00,0.00,0.00,0.00,0.00,0.00,0.00,0.00,0.00,0.00,0.00,296164,378978,686694,309269,393087,702420,0,0,0,0,0,0,0,82510,0,137.10,137.12,137.16
2158,1,0,0,0,93625,93625,93625,3654,3654,3654,591,591,591,0.00,0.00,0.00,0.00,0.00,0.00,0.00,0.00,0.00,0.00,0.00,0.00,0.00,0.00,0.00,0.00,0.00,0.00,0.00,0.00,0.00,306652,413053,516323,319757,427206,532049,0,0,0,0,0,0,0,74258,0,123.53,123.55,123.57
2158,2,0,0,0,93620,93620,93620,3659,3659,3659,591,591,591,0.00,0.00,0.00,0.00,0.00,0.00,0.00,0.00,0.00,0.00,0.00,0.00,0.00,0.00,0.00,0.00,0.00,0.00,0.00,0.00,0.00,424593,528380,906835,437698,542009,922560,0,0,0,0,0,0,0,100749,0,125.67,125.79,125.87
2158,3,0,0,0,93661,93661,93661,3618,3618,3618,591,591,591,0.00,0.00,0.00,0.00,0.00,0.00,0.00,0.00,0.00,0.00,0.00,0.00,0.00,0.00,0.00,0.00,0.00,0.00,0.00,0.00,0.00,298788,315037,359071,309272,328666,374797,0,0,0,0,0,0,0,84256,0,139.88,139.92,140.02
2159,0,0,0,0,93656,93656,93656,3623,3623,3623,591,591,591,0.00,0.00,0.00,0.00,0.00,0.00,0.00,0.00,0.00,0.00,0.00,0.00,0.00,0.00,0.00,0.00,0.00,0.00,0.00,0.00,0.00,293544,364833,600194,309270,378462,615919,0,0,0,0,0,0,0,109905,0,137.11,137.15,137.20
2159,1,0,0,0,93625,93625,93625,3654,3654,3654,591,591,591,0.00,0.00,0.00,0.00,0.00,0.00,0.00,0.00,0.00,0.00,0.00,0.00,0.00,0.00,0.00,0.00,0.00,0.00,0.00,0.00,0.00,298787,368503,615921,314510,382656,631647,0,0,0,0,0,0,0,98997,0,123.49,123.51,123.52
2159,2,0,0,0,93620,93620,93620,3659,3659,3659,591,591,591,0.00,0.00,0.00,0.00,0.00,0.00,0.00,0.00,0.00,0.00,0.00,0.00,0.00,0.00,0.00,0.00,0.00,0.00,0.00,0.00,0.00,435071,832937,1850389,448176,847090,1866115,0,0,0,0,0,0,0,88303,0,125.67,125.77,125.86
2159,3,0,0,0,93661,93661,93661,3618,3618,3618,591,591,591,0.00,0.00,0.00,0.00,0.00,0.00,0.00,0.00,0.00,0.00,0.00,0.00,0.00,0.00,0.00,0.00,0.00,0.00,0.00,0.00,0.00,296168,324470,406249,311893,338622,419353,0,0,0,0,0,0,0,126546,0,139.97,140.06,140.13
2160,0,0,0,0,93656,93656,93656,3623,3623,3623,591,591,591,0.00,0.00,0.00,0.00,0.00,0.00,0.00,0.00,0.00,0.00,0.00,0.00,0.00,0.00,0.00,0.00,0.00,0.00,0.00,0.00,0.00,301406,349108,521561,314512,363261,537287,0,0,0,0,0,0,0,123649,0,137.10,137.12,137.14
2160,1,0,0,0,93625,93625,93625,3654,3654,3654,591,591,591,0.00,0.00,0.00,0.00,0.00,0.00,0.00,0.00,0.00,0.00,0.00,0.00,0.00,0.00,0.00,0.00,0.00,0.00,0.00,0.00,0.00,298786,381609,511084,311891,395238,524189,0,0,0,0,0,0,0,111283,0,123.48,123.50,123.52
2160,2,0,0,0,93620,93620,93620,3659,3659,3659,591,591,591,0.00,0.00,0.00,0.00,0.00,0.00,0.00,0.00,0.00,0.00,0.00,0.00,0.00,0.00,0.00,0.00,0.00,0.00,0.00,0.00,0.00,429834,464251,588812,442938,477356,599296,0,0,0,0,0,0,0,100780,0,125.65,125.71,125.82
2160,3,0,0,0,93661,93661,93661,3618,3618,3618,591,591,591,0.00,0.00,0.00,0.00,0.00,0.00,0.00,0.00,0.00,0.00,0.00,0.00,0.00,0.00,0.00,0.00,0.00,0.00,0.00,0.00,0.00,202688,515979,870148,211425,529258,883253,0,0,0,0,0,0,0,112368,0,140.00,140.06,140.11
2161,0,0,0,0,93656,93656,93656,3623,3623,3623,591,591,591,0.00,0.00,0.00,0.00,0.00,0.00,0.00,0.00,0.00,0.00,0.00,0.00,0.00,0.00,0.00,0.00,0.00,0.00,0.00,0.00,0.00,301408,548303,1221369,314512,561932,1234474,0,0,0,0,0,0,0,109904,0,137.11,137.14,137.16
2161,1,0,0,0,93625,93625,93625,3654,3654,3654,591,591,591,0.00,0.00,0.00,0.00,0.00,0.00,0.00,0.00,0.00,0.00,0.00,0.00,0.00,0.00,0.00,0.00,0.00,0.00,0.00,0.00,0.00,298787,341770,469146,311892,355923,482250,0,0,0,0,0,0,0,99014,0,123.48,123.51,123.53
2161,2,0,0,0,93620,93620,93620,3659,3659,3659,591,591,591,0.00,0.00,0.00,0.00,0.00,0.00,0.00,0.00,0.00,0.00,0.00,0.00,0.00,0.00,0.00,0.00,0.00,0.00,0.00,0.00,0.00,420875,637180,980233,436367,650754,990717,0,0,0,0,0,0,0,100899,0,125.70,125.76,125.83
2161,3,0,0,0,93661,93661,93661,3618,3618,3618,591,591,591,0.00,0.00,0.00,0.00,0.00,0.00,0.00,0.00,0.00,0.00,0.00,0.00,0.00,0.00,0.00,0.00,0.00,0.00,0.00,0.00,0.00,296169,342820,497980,311895,356973,511085,0,0,0,0,0,0,0,112406,0,139.96,139.98,140.05
2162,0,0,0,0,93656,93656,93656,3623,3623,3623,591,591,591,0.00,0.00,0.00,0.00,0.00,0.00,0.00,0.00,0.00,0.00,0.00,0.00,0.00,0.00,0.00,0.00,0.00,0.00,0.00,0.00,0.00,205716,362827,684026,216088,375819,699751,0,0,0,0,0,0,0,110014,0,137.04,137.07,137.12
2162,1,0,0,0,93625,93625,93625,3654,3654,3654,591,591,591,0.00,0.00,0.00,0.00,0.00,0.00,0.00,0.00,0.00,0.00,0.00,0.00,0.00,0.00,0.00,0.00,0.00,0.00,0.00,0.00,0.00,296168,327686,387597,311894,340907,400691,0,0,0,0,0,0,0,98938,0,123.41,123.46,123.50
2162,2,0,0,0,93620,93620,93620,3659,3659,3659,591,591,591,0.00,0.00,0.00,0.00,0.00,0.00,0.00,0.00,0.00,0.00,0.00,0.00,0.00,0.00,0.00,0.00,0.00,0.00,0.00,0.00,0.00,424582,529943,912036,440308,544096,922520,0,0,0,0,0,0,0,100920,0,125.66,125.69,125.76
2162,3,0,0,0,93661,93661,93661,3618,3618,3618,591,591,591,0.00,0.00,0.00,0.00,0.00,0.00,0.00,0.00,0.00,0.00,0.00,0.00,0.00,0.00,0.00,0.00,0.00,0.00,0.00,0.00,0.00,301392,335477,424594,317117,349106,437699,0,0,0,0,0,0,0,112464,0,139.93,139.99,140.02
2163,0,0,0,0,93656,93656,93656,3623,3623,3623,591,591,591,0.00,0.00,0.00,0.00,0.00,0.00,0.00,0.00,0.00,0.00,0.00,0.00,0.00,0.00,0.00,0.00,0.00,0.00,0.00,0.00,0.00,301408,397950,603276,314512,411695,619581,0,0,0,0,0,0,0,109844,0,137.04,137.08,137.13
2163,1,0,0,0,93625,93625,93625,3654,3654,3654,591,591,591,0.00,0.00,0.00,0.00,0.00,0.00,0.00,0.00,0.00,0.00,0.00,0.00,0.00,0.00,0.00,0.00,0.00,0.00,0.00,0.00,0.00,296164,360112,597576,309268,373741,610681,0,0,0,0,0,0,0,98982,0,123.44,123.49,123.55
2163,2,0,0,0,93620,93620,93620,3659,3659,3659,591,591,591,0.00,0.00,0.00,0.00,0.00,0.00,0.00,0.00,0.00,0.00,0.00,0.00,0.00,0.00,0.00,0.00,0.00,0.00,0.00,0.00,0.00,429834,820878,1850382,445560,834507,1860866,0,0,0,0,0,0,0,113656,0,125.86,125.93,125.97
2163,3,0,0,0,93661,93661,93661,3618,3618,3618,591,591,591,0.00,0.00,0.00,0.00,0.00,0.00,0.00,0.00,0.00,0.00,0.00,0.00,0.00,0.00,0.00,0.00,0.00,0.00,0.00,0.00,0.00,304030,477014,836089,317134,490642,849194,0,0,0,0,0,0,0,126482,0,140.00,140.04,140.07
2164,0,0,0,0,93656,93656,93656,3623,3623,3623,591,591,591,0.00,0.00,0.00,0.00,0.00,0.00,0.00,0.00,0.00,0.00,0.00,0.00,0.00,0.00,0.00,0.00,0.00,0.00,0.00,0.00,0.00,296165,486958,1226543,309272,501111,1242267,0,0,0,0,0,0,0,123641,0,136.98,137.05,137.09
2164,1,0,0,0,93625,93625,93625,3654,3654,3654,591,591,591,0.00,0.00,0.00,0.00,0.00,0.00,0.00,0.00,0.00,0.00,0.00,0.00,0.00,0.00,0.00,0.00,0.00,0.00,0.00,0.00,0.00,301408,432978,642129,314512,446606,655234,0,0,0,0,0,0,0,98921,0,123.41,123.47,123.53
2164,2,0,0,0,93620,93620,93620,3659,3659,3659,591,591,591,0.00,0.00,0.00,0.00,0.00,0.00,0.00,0.00,0.00,0.00,0.00,0.00,0.00,0.00,0.00,0.00,0.00,0.00,0.00,0.00,0.00,424594,546729,1003829,440319,560358,1016934,0,0,0,0,0,0,0,100928,0,125.85,125.87,125.92
2164,3,0,0,0,93661,93661,93661,3618,3618,3618,591,591,591,0.00,0.00,0.00,0.00,0.00,0.00,0.00,0.00,0.00,0.00,0.00,0.00,0.00,0.00,0.00,0.00,0.00,0.00,0.00,0.00,0.00,301405,402047,618544,314510,416200,634270,0,0,0,0,0,0,0,112443,0,140.07,140.09,140.13
2165,0,0,0,0,93656,93656,93656,3623,3623,3623,591,591,591,0.00,0.00,0.00,0.00,0.00,0.00,0.00,0.00,0.00,0.00,0.00,0.00,0.00,0.00,0.00,0.00,0.00,0.00,0.00,0.00,0.00,298786,429310,686689,311891,443463,699794,0,0,0,0,0,0,0,82474,0,136.99,137.05,137.10
2165,1,0,0,0,93625,93625,93625,3654,3654,3654,591,591,591,0.00,0.00,0.00,0.00,0.00,0.00,0.00,0.00,0.00,0.00,0.00,0.00,0.00,0.00,0.00,0.00,0.00,0.00,0.00,0.00,0.00,301403,366926,518946,317128,381079,534671,0,0,0,0,0,0,0,74262,0,123.53,123.59,123.62
2165,2,0,0,0,93620,93620,93620,3659,3659,3659,591,591,591,0.00,0.00,0.00,0.00,0.00,0.00,0.00,0.00,0.00,0.00,0.00,0.00,0.00,0.00,0.00,0.00,0.00,0.00,0.00,0.00,0.00,293491,495876,875404,303850,508956,891130,0,0,0,0,0,0,0,100983,0,125.83,125.85,125.86
2165,3,0,0,0,93661,93661,93661,3618,3618,3618,591,591,591,0.00,0.00,0.00,0.00,0.00,0.00,0.00,0.00,0.00,0.00,0.00,0.00,0.00,0.00,0.00,0.00,0.00,0.00,0.00,0.00,0.00,199193,317135,466530,206182,330589,479635,0,0,0,0,0,0,0,84313,0,139.99,140.05,140.11
2166,0,0,0,0,93656,93656,93656,3623,3623,3623,591,591,591,0.00,0.00,0.00,0.00,0.00,0.00,0.00,0.00,0.00,0.00,0.00,0.00,0.00,0.00,0.00,0.00,0.00,0.00,0.00,0.00,0.00,309267,382315,588346,322372,395948,603562,0,0,0,0,0,0,0,109918,0,137.05,137.08,137.11
2166,1,0,0,0,93625,93625,93625,3654,3654,3654,591,591,591,0.00,0.00,0.00,0.00,0.00,0.00,0.00,0.00,0.00,0.00,0.00,0.00,0.00,0.00,0.00,0.00,0.00,0.00,0.00,0.00,0.00,298784,355526,517915,311888,369198,530671,0,0,0,0,0,0,0,98947,0,123.57,123.63,123.68
2166,2,0,0,0,93620,93620,93620,3659,3659,3659,591,591,591,0.00,0.00,0.00,0.00,0.00,0.00,0.00,0.00,0.00,0.00,0.00,0.00,0.00,0.00,0.00,0.00,0.00,0.00,0.00,0.00,0.00,429833,561536,930438,442937,575295,943542,0,0,0,0,0,0,0,75737,0,125.78,125.84,125.92
2166,3,0,0,0,93661,93661,93661,3618,3618,3618,591,591,591,0.00,0.00,0.00,0.00,0.00,0.00,0.00,0.00,0.00,0.00,0.00,0.00,0.00,0.00,0.00,0.00,0.00,0.00,0.00,0.00,0.00,301410,335480,424590,314515,349240,440316,0,0,0,0,0,0,0,112298,0,139.81,139.87,139.91
2167,0,0,0,0,93656,93656,93656,3623,3623,3623,591,591,591,0.00,0.00,0.00,0.00,0.00,0.00,0.00,0.00,0.00,0.00,0.00,0.00,0.00,0.00,0.00,0.00,0.00,0.00,0.00,0.00,0.00,193927,313458,463905,204409,326562,477010,0,0,0,0,0,0,0,109896,0,136.99,137.01,137.03
2167,1,0,0,0,93625,93625,93625,3654,3654,3654,591,591,591,0.00,0.00,0.00,0.00,0.00,0.00,0.00,0.00,0.00,0.00,0.00,0.00,0.00,0.00,0.00,0.00,0.00,0.00,0.00,0.00,0.00,301407,368678,529432,314511,381258,542536,0,0,0,0,0,0,0,111244,0,123.42,123.44,123.46
2167,2,0,0,0,93620,93620,93620,3659,3659,3659,591,591,591,0.00,0.00,0.00,0.00,0.00,0.00,0.00,0.00,0.00,0.00,0.00,0.00,0.00,0.00,0.00,0.00,0.00,0.00,0.00,0.00,0.00,429834,820346,1918505,445559,835023,1934230,0,0,0,0,0,0,0,100903,0,125.80,125.86,125.91
2167,3,0,0,0,93661,93661,93661,3618,3618,3618,591,591,591,0.00,0.00,0.00,0.00,0.00,0.00,0.00,0.00,0.00,0.00,0.00,0.00,0.00,0.00,0.00,0.00,0.00,0.00,0.00,0.00,0.00,301410,537286,875387,317136,551439,891112,0,0,0,0,0,0,0,126328,0,139.83,139.93,139.99
2168,0,0,0,0,93656,93656,93656,3623,3623,3623,591,591,591,0.00,0.00,0.00,0.00,0.00,0.00,0.00,0.00,0.00,0.00,0.00,0.00,0.00,0.00,0.00,0.00,0.00,0.00,0.00,0.00,0.00,303480,540851,1205631,317134,554474,1218736,0,0,0,0,0,0,0,123653,0,137.05,137.07,137.09
2168,1,0,0,0,93625,93625,93625,3654,3654,3654,591,591,591,0.00,0.00,0.00,0.00,0.00,0.00,0.00,0.00,0.00,0.00,0.00,0.00,0.00,0.00,0.00,0.00,0.00,0.00,0.00,0.00,0.00,293545,364828,526807,306649,378981,539912,0,0,0,0,0,0,0,98927,0,123.38,123.45,123.51
2168,2,0,0,0,93620,93620,93620,3659,3659,3659,591,591,591,0.00,0.00,0.00,0.00,0.00,0.00,0.00,0.00,0.00,0.00,0.00,0.00,0.00,0.00,0.00,0.00,0.00,0.00,0.00,0.00,0.00,435076,547254,951407,450801,560883,964511,0,0,0,0,0,0,0,100831,0,125.75,125.81,125.86
2168,3,0,0,0,93661,93661,93661,3618,3618,3618,591,591,591,0.00,0.00,0.00,0.00,0.00,0.00,0.00,0.00,0.00,0.00,0.00,0.00,0.00,0.00,0.00,0.00,0.00,0.00,0.00,0.00,0.00,293962,341854,500595,306855,355441,516321,0,0,0,0,0,0,0,112537,0,139.82,139.94,140.05
2169,0,0,0,0,93656,93656,93656,3623,3623,3623,591,591,591,0.00,0.00,0.00,0.00,0.00,0.00,0.00,0.00,0.00,0.00,0.00,0.00,0.00,0.00,0.00,0.00,0.00,0.00,0.00,0.00,0.00,301408,387330,707617,317134,401482,718100,0,0,0,0,0,0,0,109898,0,137.01,137.09,137.14
2169,1,0,0,0,93625,93625,93625,3654,3654,3654,591,591,591,0.00,0.00,0.00,0.00,0.00,0.00,0.00,0.00,0.00,0.00,0.00,0.00,0.00,0.00,0.00,0.00,0.00,0.00,0.00,0.00,0.00,304031,407292,516329,317136,421445,532055,0,0,0,0,0,0,0,98965,0,123.41,123.45,123.48
2169,2,0,0,0,93620,93620,93620,3659,3659,3659,591,591,591,0.00,0.00,0.00,0.00,0.00,0.00,0.00,0.00,0.00,0.00,0.00,0.00,0.00,0.00,0.00,0.00,0.00,0.00,0.00,0.00,0.00,297049,492922,854466,305585,506161,870192,0,0,0,0,0,0,0,100941,0,125.78,125.84,125.90
2169,3,0,0,0,93661,93661,93661,3618,3618,3618,591,591,591,0.00,0.00,0.00,0.00,0.00,0.00,0.00,0.00,0.00,0.00,0.00,0.00,0.00,0.00,0.00,0.00,0.00,0.00,0.00,0.00,0.00,304013,317654,353830,317117,331283,366935,0,0,0,0,0,0,0,112466,0,139.99,140.07,140.15
2170,0,0,0,0,93656,93656,93656,3623,3623,3623,591,591,591,0.00,0.00,0.00,0.00,0.00,0.00,0.00,0.00,0.00,0.00,0.00,0.00,0.00,0.00,0.00,0.00,0.00,0.00,0.00,0.00,0.00,288305,378969,678816,301409,392550,691921,0,0,0,0,0,0,0,109916,0,136.86,136.94,137.03
2170,1,0,0,0,93625,93625,93625,3654,3654,3654,591,591,591,0.00,0.00,0.00,0.00,0.00,0.00,0.00,0.00,0.00,0.00,0.00,0.00,0.00,0.00,0.00,0.00,0.00,0.00,0.00,0.00,0.00,283035,307361,333720,298759,321297,345951,0,0,0,0,0,0,0,98857,0,123.34,123.42,123.49
2170,2,0,0,0,93620,93620,93620,3659,3659,3659,591,591,591,0.00,0.00,0.00,0.00,0.00,0.00,0.00,0.00,0.00,0.00,0.00,0.00,0.00,0.00,0.00,0.00,0.00,0.00,0.00,0.00,0.00,432433,825064,1839899,448158,838692,1853004,0,0,0,0,0,0,0,113675,0,125.84,125.88,125.94
2170,3,0,0,0,93661,93661,93661,3618,3618,3618,591,591,591,0.00,0.00,0.00,0.00,0.00,0.00,0.00,0.00,0.00,0.00,0.00,0.00,0.00,0.00,0.00,0.00,0.00,0.00,0.00,0.00,0.00,296168,326570,419355,311894,341247,429839,0,0,0,0,0,0,0,126562,0,140.12,140.19,140.25
2171,0,0,0,0,93656,93656,93656,3623,3623,3623,591,591,591,0.00,0.00,0.00,0.00,0.00,0.00,0.00,0.00,0.00,0.00,0.00,0.00,0.00,0.00,0.00,0.00,0.00,0.00,0.00,0.00,0.00,301405,338098,484864,314512,352251,497969,0,0,0,0,0,0,0,123497,0,137.03,137.06,137.09
2171,1,0,0,0,93625,93625,93625,3654,3654,3654,591,591,591,0.00,0.00,0.00,0.00,0.00,0.00,0.00,0.00,0.00,0.00,0.00,0.00,0.00,0.00,0.00,0.00,0.00,0.00,0.00,0.00,0.00,296166,384227,553015,311892,397856,566120,0,0,0,0,0,0,0,111178,0,123.32,123.37,123.42
2171,2,0,0,0,93620,93620,93620,3659,3659,3659,591,591,591,0.00,0.00,0.00,0.00,0.00,0.00,0.00,0.00,0.00,0.00,0.00,0.00,0.00,0.00,0.00,0.00,0.00,0.00,0.00,0.00,0.00,424584,522090,891123,437688,535719,909470,0,0,0,0,0,0,0,101014,0,125.98,126.01,126.05
2171,3,0,0,0,93661,93661,93661,3618,3618,3618,591,591,591,0.00,0.00,0.00,0.00,0.00,0.00,0.00,0.00,0.00,0.00,0.00,0.00,0.00,0.00,0.00,0.00,0.00,0.00,0.00,0.00,0.00,89112,472816,817738,102217,485397,830843,0,0,0,0,0,0,0,112339,0,140.11,140.15,140.17
2172,0,0,0,0,93656,93656,93656,3623,3623,3623,591,591,591,0.00,0.00,0.00,0.00,0.00,0.00,0.00,0.00,0.00,0.00,0.00,0.00,0.00,0.00,0.00,0.00,0.00,0.00,0.00,0.00,0.00,233263,479627,993321,246368,492208,1001184,0,0,0,0,0,0,0,109870,0,137.00,137.01,137.02
2172,1,0,0,0,93625,93625,93625,3654,3654,3654,591,591,591,0.00,0.00,0.00,0.00,0.00,0.00,0.00,0.00,0.00,0.00,0.00,0.00,0.00,0.00,0.00,0.00,0.00,0.00,0.00,0.00,0.00,298785,350154,508456,314511,364308,524182,0,0,0,0,0,0,0,74186,0,123.42,123.46,123.53
2172,2,0,0,0,93620,93620,93620,3659,3659,3659,591,591,591,0.00,0.00,0.00,0.00,0.00,0.00,0.00,0.00,0.00,0.00,0.00,0.00,0.00,0.00,0.00,0.00,0.00,0.00,0.00,0.00,0.00,429837,576138,993322,442942,590439,1009048,0,0,0,0,0,0,0,100900,0,125.77,125.82,125.92
2172,3,0,0,0,93661,93661,93661,3618,3618,3618,591,591,591,0.00,0.00,0.00,0.00,0.00,0.00,0.00,0.00,0.00,0.00,0.00,0.00,0.00,0.00,0.00,0.00,0.00,0.00,0.00,0.00,0.00,290619,335943,484871,303365,349500,497976,0,0,0,0,0,0,0,84346,0,140.01,140.04,140.06
2173,0,0,0,0,93656,93656,93656,3623,3623,3623,591,591,591,0.00,0.00,0.00,0.00,0.00,0.00,0.00,0.00,0.00,0.00,0.00,0.00,0.00,0.00,0.00,0.00,0.00,0.00,0.00,0.00,0.00,301403,394449,663096,314508,391566,678822,0,0,0,0,0,0,0,82417,0,137.03,137.09,137.13
2173,1,0,0,0,93625,93625,93625,3654,3654,3654,591,591,591,0.00,0.00,0.00,0.00,0.00,0.00,0.00,0.00,0.00,0.00,0.00,0.00,0.00,0.00,0.00,0.00,0.00,0.00,0.00,0.00,0.00,319756,409515,560882,332860,423274,573987,0,0,0,0,0,0,0,98841,0,123.36,123.41,123.47
2173,2,0,0,0,93620,93620,93620,3659,3659,3659,591,591,591,0.00,0.00,0.00,0.00,0.00,0.00,0.00,0.00,0.00,0.00,0.00,0.00,0.00,0.00,0.00,0.00,0.00,0.00,0.00,0.00,0.00,424704,560885,954029,437696,574646,969755,0,0,0,0,0,0,0,75719,0,125.80,125.84,125.88
2173,3,0,0,0,93661,93661,93661,3618,3618,3618,591,591,591,0.00,0.00,0.00,0.00,0.00,0.00,0.00,0.00,0.00,0.00,0.00,0.00,0.00,0.00,0.00,0.00,0.00,0.00,0.00,0.00,0.00,301410,328928,406246,317130,342687,419350,0,0,0,0,0,0,0,112501,0,140.09,140.12,140.15
2174,0,0,0,0,93656,93656,93656,3623,3623,3623,591,591,591,0.00,0.00,0.00,0.00,0.00,0.00,0.00,0.00,0.00,0.00,0.00,0.00,0.00,0.00,0.00,0.00,0.00,0.00,0.00,0.00,0.00,296616,367018,615914,304029,376955,631640,0,0,0,0,0,0,0,109860,0,137.00,137.08,137.12
2174,1,0,0,0,93625,93625,93625,3654,3654,3654,591,591,591,0.00,0.00,0.00,0.00,0.00,0.00,0.00,0.00,0.00,0.00,0.00,0.00,0.00,0.00,0.00,0.00,0.00,0.00,0.00,0.00,0.00,296675,336804,391392,309574,350042,400129,0,0,0,0,0,0,0,98921,0,123.35,123.40,123.47
2174,2,0,0,0,93620,93620,93620,3659,3659,3659,591,591,591,0.00,0.00,0.00,0.00,0.00,0.00,0.00,0.00,0.00,0.00,0.00,0.00,0.00,0.00,0.00,0.00,0.00,0.00,0.00,0.00,0.00,427214,726001,1884464,442939,740154,1897568,0,0,0,0,0,0,0,113747,0,125.89,125.92,125.98
2174,3,0,0,0,93661,93661,93661,3618,3618,3618,591,591,591,0.00,0.00,0.00,0.00,0.00,0.00,0.00,0.00,0.00,0.00,0.00,0.00,0.00,0.00,0.00,0.00,0.00,0.00,0.00,0.00,0.00,301408,320804,393145,314515,334957,406250,0,0,0,0,0,0,0,126381,0,139.93,140.00,140.07
2175,0,0,0,0,93656,93656,93656,3623,3623,3623,591,591,591,0.00,0.00,0.00,0.00,0.00,0.00,0.00,0.00,0.00,0.00,0.00,0.00,0.00,0.00,0.00,0.00,0.00,0.00,0.00,0.00,0.00,290925,506364,1187285,314513,522090,1197769,0,0,0,0,0,0,0,123686,0,137.07,137.10,137.15
2175,1,0,0,0,93625,93625,93625,3654,3654,3654,591,591,591,0.00,0.00,0.00,0.00,0.00,0.00,0.00,0.00,0.00,0.00,0.00,0.00,0.00,0.00,0.00,0.00,0.00,0.00,0.00,0.00,0.00,311888,428777,608022,324992,442405,621126,0,0,0,0,0,0,0,111195,0,123.48,123.51,123.53
2175,2,0,0,0,93620,93620,93620,3659,3659,3659,591,591,591,0.00,0.00,0.00,0.00,0.00,0.00,0.00,0.00,0.00,0.00,0.00,0.00,0.00,0.00,0.00,0.00,0.00,0.00,0.00,0.00,0.00,421970,634789,956650,437695,648417,969754,0,0,0,0,0,0,0,100991,0,125.93,125.95,125.99
2175,3,0,0,0,93661,93661,93661,3618,3618,3618,591,591,591,0.00,0.00,0.00,0.00,0.00,0.00,0.00,0.00,0.00,0.00,0.00,0.00,0.00,0.00,0.00,0.00,0.00,0.00,0.00,0.00,0.00,298788,525757,901610,311893,539910,917336,0,0,0,0,0,0,0,112383,0,139.99,140.00,140.02
2176,0,0,0,0,93656,93656,93656,3623,3623,3623,591,591,591,0.00,0.00,0.00,0.00,0.00,0.00,0.00,0.00,0.00,0.00,0.00,0.00,0.00,0.00,0.00,0.00,0.00,0.00,0.00,0.00,0.00,298785,360638,584459,311893,374792,597564,0,0,0,0,0,0,0,109888,0,137.04,137.09,137.12
2176,1,0,0,0,93625,93625,93625,3654,3654,3654,591,591,591,0.00,0.00,0.00,0.00,0.00,0.00,0.00,0.00,0.00,0.00,0.00,0.00,0.00,0.00,0.00,0.00,0.00,0.00,0.00,0.00,0.00,298785,365880,503219,311889,380033,516324,0,0,0,0,0,0,0,98997,0,123.47,123.49,123.52
2176,2,0,0,0,93620,93620,93620,3659,3659,3659,591,591,591,0.00,0.00,0.00,0.00,0.00,0.00,0.00,0.00,0.00,0.00,0.00,0.00,0.00,0.00,0.00,0.00,0.00,0.00,0.00,0.00,0.00,285281,494753,893746,293926,508015,909472,0,0,0,0,0,0,0,101020,0,125.95,125.98,126.02
2176,3,0,0,0,93661,93661,93661,3618,3618,3618,591,591,591,0.00,0.00,0.00,0.00,0.00,0.00,0.00,0.00,0.00,0.00,0.00,0.00,0.00,0.00,0.00,0.00,0.00,0.00,0.00,0.00,0.00,311887,384755,508468,324998,398909,521573,0,0,0,0,0,0,0,112398,0,140.01,140.05,140.08
2177,0,0,0,0,93656,93656,93656,3623,3623,3623,591,591,591,0.00,0.00,0.00,0.00,0.00,0.00,0.00,0.00,0.00,0.00,0.00,0.00,0.00,0.00,0.00,0.00,0.00,0.00,0.00,0.00,0.00,308857,445476,691923,324562,459624,705027,0,0,0,0,0,0,0,109979,0,137.07,137.09,137.12
2177,1,0,0,0,93625,93625,93625,3654,3654,3654,591,591,591,0.00,0.00,0.00,0.00,0.00,0.00,0.00,0.00,0.00,0.00,0.00,0.00,0.00,0.00,0.00,0.00,0.00,0.00,0.00,0.00,0.00,291314,348662,534675,301626,362257,545159,0,0,0,0,0,0,0,98919,0,123.44,123.48,123.52
2177,2,0,0,0,93620,93620,93620,3659,3659,3659,591,591,591,0.00,0.00,0.00,0.00,0.00,0.00,0.00,0.00,0.00,0.00,0.00,0.00,0.00,0.00,0.00,0.00,0.00,0.00,0.00,0.00,0.00,427322,537815,927817,443051,551968,940922,0,0,0,0,0,0,0,100914,0,125.84,125.89,125.93
2177,3,0,0,0,93661,93661,93661,3618,3618,3618,591,591,591,0.00,0.00,0.00,0.00,0.00,0.00,0.00,0.00,0.00,0.00,0.00,0.00,0.00,0.00,0.00,0.00,0.00,0.00,0.00,0.00,0.00,204436,311889,432457,213172,324643,445562,0,0,0,0,0,0,0,112452,0,139.98,140.03,140.08
2178,0,0,0,0,93656,93656,93656,3623,3623,3623,591,591,591,0.00,0.00,0.00,0.00,0.00,0.00,0.00,0.00,0.00,0.00,0.00,0.00,0.00,0.00,0.00,0.00,0.00,0.00,0.00,0.00,0.00,197274,308335,450796,205927,321597,463901,0,0,0,0,0,0,0,109932,0,137.11,137.15,137.21
2178,1,0,0,0,93625,93625,93625,3654,3654,3654,591,591,591,0.00,0.00,0.00,0.00,0.00,0.00,0.00,0.00,0.00,0.00,0.00,0.00,0.00,0.00,0.00,0.00,0.00,0.00,0.00,0.00,0.00,214917,334426,553013,225400,347531,566118,0,0,0,0,0,0,0,111318,0,123.44,123.48,123.50
2178,2,0,0,0,93620,93620,93620,3659,3659,3659,591,591,591,0.00,0.00,0.00,0.00,0.00,0.00,0.00,0.00,0.00,0.00,0.00,0.00,0.00,0.00,0.00,0.00,0.00,0.00,0.00,0.00,0.00,432456,825069,1902794,448173,838698,1918519,0,0,0,0,0,0,0,100857,0,125.77,125.79,125.82
2178,3,0,0,0,93661,93661,93661,3618,3618,3618,591,591,591,0.00,0.00,0.00,0.00,0.00,0.00,0.00,0.00,0.00,0.00,0.00,0.00,0.00,0.00,0.00,0.00,0.00,0.00,0.00,0.00,0.00,301406,497980,993344,314510,511609,1006448,0,0,0,0,0,0,0,126694,0,140.01,140.08,140.21
2179,0,0,0,0,93656,93656,93656,3623,3623,3623,591,591,591,0.00,0.00,0.00,0.00,0.00,0.00,0.00,0.00,0.00,0.00,0.00,0.00,0.00,0.00,0.00,0.00,0.00,0.00,0.00,0.00,0.00,301405,542005,1226602,314510,555634,1239707,0,0,0,0,0,0,0,123705,0,137.10,137.14,137.15
2179,1,0,0,0,93625,93625,93625,3654,3654,3654,591,591,591,0.00,0.00,0.00,0.00,0.00,0.00,0.00,0.00,0.00,0.00,0.00,0.00,0.00,0.00,0.00,0.00,0.00,0.00,0.00,0.00,0.00,301406,338623,419351,311889,352251,432456,0,0,0,0,0,0,0,98964,0,123.42,123.44,123.48
2179,2,0,0,0,93620,93620,93620,3659,3659,3659,591,591,591,0.00,0.00,0.00,0.00,0.00,0.00,0.00,0.00,0.00,0.00,0.00,0.00,0.00,0.00,0.00,0.00,0.00,0.00,0.00,0.00,0.00,427215,534147,948787,440319,547776,961891,0,0,0,0,0,0,0,100806,0,125.62,125.67,125.71
2179,3,0,0,0,93661,93661,93661,3618,3618,3618,591,591,591,0.00,0.00,0.00,0.00,0.00,0.00,0.00,0.00,0.00,0.00,0.00,0.00,0.00,0.00,0.00,0.00,0.00,0.00,0.00,0.00,0.00,296656,340821,487500,309554,354932,500604,0,0,0,0,0,0,0,112437,0,140.09,140.18,140.24
2180,0,0,0,0,93656,93656,93656,3623,3623,3623,591,591,591,0.00,0.00,0.00,0.00,0.00,0.00,0.00,0.00,0.00,0.00,0.00,0.00,0.00,0.00,0.00,0.00,0.00,0.00,0.00,0.00,0.00,298781,383179,705032,311891,396808,718137,0,0,0,0,0,0,0,82419,0,137.01,137.05,137.11
2180,1,0,0,0,93625,93625,93625,3654,3654,3654,591,591,591,0.00,0.00,0.00,0.00,0.00,0.00,0.00,0.00,0.00,0.00,0.00,0.00,0.00,0.00,0.00,0.00,0.00,0.00,0.00,0.00,0.00,306651,402045,518945,319752,416198,532050,0,0,0,0,0,0,0,74202,0,123.42,123.47,123.52
2180,2,0,0,0,93620,93620,93620,3659,3659,3659,591,591,591,0.00,0.00,0.00,0.00,0.00,0.00,0.00,0.00,0.00,0.00,0.00,0.00,0.00,0.00,0.00,0.00,0.00,0.00,0.00,0.00,0.00,285545,491896,906798,295929,504373,919902,0,0,0,0,0,0,0,100943,0,125.60,125.67,125.75
2180,3,0,0,0,93661,93661,93661,3618,3618,3618,591,591,591,0.00,0.00,0.00,0.00,0.00,0.00,0.00,0.00,0.00,0.00,0.00,0.00,0.00,0.00,0.00,0.00,0.00,0.00,0.00,0.00,0.00,202689,293721,359072,211425,307000,374798,0,0,0,0,0,0,0,84282,0,140.03,140.04,140.09
2181,0,0,0,0,93656,93656,93656,3623,3623,3623,591,591,591,0.00,0.00,0.00,0.00,0.00,0.00,0.00,0.00,0.00,0.00,0.00,0.00,0.00,0.00,0.00,0.00,0.00,0.00,0.00,0.00,0.00,298788,376103,581848,311892,390518,594953,0,0,0,0,0,0,0,109818,0,136.95,136.97,136.98
2181,1,0,0,0,93625,93625,93625,3654,3654,3654,591,591,591,0.00,0.00,0.00,0.00,0.00,0.00,0.00,0.00,0.00,0.00,0.00,0.00,0.00,0.00,0.00,0.00,0.00,0.00,0.00,0.00,0.00,289235,300330,311888,304730,314687,327613,0,0,0,0,0,0,0,99076,0,123.42,123.47,123.50
2181,2,0,0,0,93620,93620,93620,3659,3659,3659,591,591,591,0.00,0.00,0.00,0.00,0.00,0.00,0.00,0.00,0.00,0.00,0.00,0.00,0.00,0.00,0.00,0.00,0.00,0.00,0.00,0.00,0.00,427213,585031,995586,442939,599618,1011997,0,0,0,0,0,0,0,88121,0,125.60,125.70,125.78
2181,3,0,0,0,93661,93661,93661,3618,3618,3618,591,591,591,0.00,0.00,0.00,0.00,0.00,0.00,0.00,0.00,0.00,0.00,0.00,0.00,0.00,0.00,0.00,0.00,0.00,0.00,0.00,0.00,0.00,301409,334826,427219,314514,348586,442945,0,0,0,0,0,0,0,112546,0,140.04,140.13,140.17
2182,0,0,0,0,93656,93656,93656,3623,3623,3623,591,591,591,0.00,0.00,0.00,0.00,0.00,0.00,0.00,0.00,0.00,0.00,0.00,0.00,0.00,0.00,0.00,0.00,0.00,0.00,0.00,0.00,0.00,200907,326911,484867,209642,340190,500592,0,0,0,0,0,0,0,109834,0,137.03,137.09,137.13
2182,1,0,0,0,93625,93625,93625,3654,3654,3654,591,591,591,0.00,0.00,0.00,0.00,0.00,0.00,0.00,0.00,0.00,0.00,0.00,0.00,0.00,0.00,0.00,0.00,0.00,0.00,0.00,0.00,0.00,230639,349107,511079,239376,361862,524184,0,0,0,0,0,0,0,111273,0,123.47,123.49,123.51
2182,2,0,0,0,93620,93620,93620,3659,3659,3659,591,591,591,0.00,0.00,0.00,0.00,0.00,0.00,0.00,0.00,0.00,0.00,0.00,0.00,0.00,0.00,0.00,0.00,0.00,0.00,0.00,0.00,0.00,429810,816677,1931627,445535,830830,1944732,0,0,0,0,0,0,0,100736,0,125.52,125.54,125.55
2182,3,0,0,0,93661,93661,93661,3618,3618,3618,591,591,591,0.00,0.00,0.00,0.00,0.00,0.00,0.00,0.00,0.00,0.00,0.00,0.00,0.00,0.00,0.00,0.00,0.00,0.00,0.00,0.00,0.00,304028,501114,1024743,314512,515267,1040468,0,0,0,0,0,0,0,126513,0,140.09,140.13,140.19
2183,0,0,0,0,93656,93656,93656,3623,3623,3623,591,591,591,0.00,0.00,0.00,0.00,0.00,0.00,0.00,0.00,0.00,0.00,0.00,0.00,0.00,0.00,0.00,0.00,0.00,0.00,0.00,0.00,0.00,296165,539834,1205244,309269,553462,1218345,0,0,0,0,0,0,0,110020,0,137.00,137.08,137.19
2183,1,0,0,0,93625,93625,93625,3654,3654,3654,591,591,591,0.00,0.00,0.00,0.00,0.00,0.00,0.00,0.00,0.00,0.00,0.00,0.00,0.00,0.00,0.00,0.00,0.00,0.00,0.00,0.00,0.00,301409,387366,516290,314514,401519,529394,0,0,0,0,0,0,0,98956,0,123.36,123.40,123.42
2183,2,0,0,0,93620,93620,93620,3659,3659,3659,591,591,591,0.00,0.00,0.00,0.00,0.00,0.00,0.00,0.00,0.00,0.00,0.00,0.00,0.00,0.00,0.00,0.00,0.00,0.00,0.00,0.00,0.00,427211,538340,964506,440315,551969,980232,0,0,0,0,0,0,0,100820,0,125.55,125.58,125.64
2183,3,0,0,0,93661,93661,93661,3618,3618,3618,591,591,591,0.00,0.00,0.00,0.00,0.00,0.00,0.00,0.00,0.00,0.00,0.00,0.00,0.00,0.00,0.00,0.00,0.00,0.00,0.00,0.00,0.00,298787,340724,500604,311893,354877,511088,0,0,0,0,0,0,0,112558,0,140.09,140.12,140.17
2184,0,0,0,0,93656,93656,93656,3623,3623,3623,591,591,591,0.00,0.00,0.00,0.00,0.00,0.00,0.00,0.00,0.00,0.00,0.00,0.00,0.00,0.00,0.00,0.00,0.00,0.00,0.00,0.00,0.00,298340,380467,681438,314513,394614,691922,0,0,0,0,0,0,0,109978,0,137.17,137.21,137.25
2184,1,0,0,0,93625,93625,93625,3654,3654,3654,591,591,591,0.00,0.00,0.00,0.00,0.00,0.00,0.00,0.00,0.00,0.00,0.00,0.00,0.00,0.00,0.00,0.00,0.00,0.00,0.00,0.00,0.00,306651,376890,568744,319755,390518,581849,0,0,0,0,0,0,0,98969,0,123.36,123.41,123.44
2184,2,0,0,0,93620,93620,93620,3659,3659,3659,591,591,591,0.00,0.00,0.00,0.00,0.00,0.00,0.00,0.00,0.00,0.00,0.00,0.00,0.00,0.00,0.00,0.00,0.00,0.00,0.00,0.00,0.00,282642,598266,929077,291155,611444,944519,0,0,0,0,0,0,0,100906,0,125.71,125.76,125.80
2184,3,0,0,0,93661,93661,93661,3618,3618,3618,591,591,591,0.00,0.00,0.00,0.00,0.00,0.00,0.00,0.00,0.00,0.00,0.00,0.00,0.00,0.00,0.00,0.00,0.00,0.00,0.00,0.00,0.00,202687,293194,359070,213170,305775,372175,0,0,0,0,0,0,0,112577,0,140.18,140.20,140.21
2185,0,0,0,0,93656,93656,93656,3623,3623,3623,591,591,591,0.00,0.00,0.00,0.00,0.00,0.00,0.00,0.00,0.00,0.00,0.00,0.00,0.00,0.00,0.00,0.00,0.00,0.00,0.00,0.00,0.00,296167,367628,603680,311892,381248,619360,0,0,0,0,0,0,0,109904,0,137.10,137.14,137.19
2185,1,0,0,0,93625,93625,93625,3654,3654,3654,591,591,591,0.00,0.00,0.00,0.00,0.00,0.00,0.00,0.00,0.00,0.00,0.00,0.00,0.00,0.00,0.00,0.00,0.00,0.00,0.00,0.00,0.00,199190,336699,595874,207926,349936,608771,0,0,0,0,0,0,0,98875,0,123.44,123.50,123.53
2185,2,0,0,0,93620,93620,93620,3659,3659,3659,591,591,591,0.00,0.00,0.00,0.00,0.00,0.00,0.00,0.00,0.00,0.00,0.00,0.00,0.00,0.00,0.00,0.00,0.00,0.00,0.00,0.00,0.00,421971,720747,1847774,435075,734424,1863499,0,0,0,0,0,0,0,113575,0,125.75,125.77,125.79
2185,3,0,0,0,93661,93661,93661,3618,3618,3618,591,591,591,0.00,0.00,0.00,0.00,0.00,0.00,0.00,0.00,0.00,0.00,0.00,0.00,0.00,0.00,0.00,0.00,0.00,0.00,0.00,0.00,0.00,298788,394190,647374,314509,408343,663100,0,0,0,0,0,0,0,126548,0,140.16,140.19,140.20
2186,0,0,0,0,93656,93656,93656,3623,3623,3623,591,591,591,0.00,0.00,0.00,0.00,0.00,0.00,0.00,0.00,0.00,0.00,0.00,0.00,0.00,0.00,0.00,0.00,0.00,0.00,0.00,0.00,0.00,243748,328489,487489,256853,342633,500593,0,0,0,0,0,0,0,123607,0,137.06,137.09,137.13
2186,1,0,0,0,93625,93625,93625,3654,3654,3654,591,591,591,0.00,0.00,0.00,0.00,0.00,0.00,0.00,0.00,0.00,0.00,0.00,0.00,0.00,0.00,0.00,0.00,0.00,0.00,0.00,0.00,0.00,304026,402573,521567,319751,416726,534671,0,0,0,0,0,0,0,111315,0,123.43,123.51,123.58
2186,2,0,0,0,93620,93620,93620,3659,3659,3659,591,591,591,0.00,0.00,0.00,0.00,0.00,0.00,0.00,0.00,0.00,0.00,0.00,0.00,0.00,0.00,0.00,0.00,0.00,0.00,0.00,0.00,0.00,427216,640032,967132,440320,654185,982858,0,0,0,0,0,0,0,100782,0,125.67,125.76,125.82
2186,3,0,0,0,93661,93661,93661,3618,3618,3618,591,591,591,0.00,0.00,0.00,0.00,0.00,0.00,0.00,0.00,0.00,0.00,0.00,0.00,0.00,0.00,0.00,0.00,0.00,0.00,0.00,0.00,0.00,301405,464955,809876,314509,478584,822981,0,0,0,0,0,0,0,112442,0,140.09,140.12,140.17
2187,0,0,0,0,93656,93656,93656,3623,3623,3623,591,591,591,0.00,0.00,0.00,0.00,0.00,0.00,0.00,0.00,0.00,0.00,0.00,0.00,0.00,0.00,0.00,0.00,0.00,0.00,0.00,0.00,0.00,301409,497791,985472,314514,509840,990713,0,0,0,0,0,0,0,82278,0,137.00,137.02,137.03
2187,1,0,0,0,93625,93625,93625,3654,3654,3654,591,591,591,0.00,0.00,0.00,0.00,0.00,0.00,0.00,0.00,0.00,0.00,0.00,0.00,0.00,0.00,0.00,0.00,0.00,0.00,0.00,0.00,0.00,298787,356969,487493,311892,370597,500597,0,0,0,0,0,0,0,74226,0,123.38,123.46,123.56
2187,2,0,0,0,93620,93620,93620,3659,3659,3659,591,591,591,0.00,0.00,0.00,0.00,0.00,0.00,0.00,0.00,0.00,0.00,0.00,0.00,0.00,0.00,0.00,0.00,0.00,0.00,0.00,0.00,0.00,429836,526797,904172,445551,540426,917276,0,0,0,0,0,0,0,100872,0,125.63,125.67,125.72
2187,3,0,0,0,93661,93661,93661,3618,3618,3618,591,591,591,0.00,0.00,0.00,0.00,0.00,0.00,0.00,0.00,0.00,0.00,0.00,0.00,0.00,0.00,0.00,0.00,0.00,0.00,0.00,0.00,0.00,301392,379510,497982,317117,393139,511087,0,0,0,0,0,0,0,84515,0,140.14,140.24,140.27
2188,0,0,0,0,93656,93656,93656,3623,3623,3623,591,591,591,0.00,0.00,0.00,0.00,0.00,0.00,0.00,0.00,0.00,0.00,0.00,0.00,0.00,0.00,0.00,0.00,0.00,0.00,0.00,0.00,0.00,296165,393958,655886,309270,391688,671565,0,0,0,0,0,0,0,109924,0,137.02,137.05,137.10
2188,1,0,0,0,93625,93625,93625,3654,3654,3654,591,591,591,0.00,0.00,0.00,0.00,0.00,0.00,0.00,0.00,0.00,0.00,0.00,0.00,0.00,0.00,0.00,0.00,0.00,0.00,0.00,0.00,0.00,296166,372824,547777,309271,386583,560881,0,0,0,0,0,0,0,98826,0,123.33,123.38,123.40
2188,2,0,0,0,93620,93620,93620,3659,3659,3659,591,591,591,0.00,0.00,0.00,0.00,0.00,0.00,0.00,0.00,0.00,0.00,0.00,0.00,0.00,0.00,0.00,0.00,0.00,0.00,0.00,0.00,0.00,424337,486645,631132,439767,500304,641507,0,0,0,0,0,0,0,75548,0,125.67,125.70,125.74
2188,3,0,0,0,93661,93661,93661,3618,3618,3618,591,591,591,0.00,0.00,0.00,0.00,0.00,0.00,0.00,0.00,0.00,0.00,0.00,0.00,0.00,0.00,0.00,0.00,0.00,0.00,0.00,0.00,0.00,199194,300098,393144,209678,313858,406249,0,0,0,0,0,0,0,112531,0,140.11,140.19,140.22
2189,0,0,0,0,93656,93656,93656,3623,3623,3623,591,591,591,0.00,0.00,0.00,0.00,0.00,0.00,0.00,0.00,0.00,0.00,0.00,0.00,0.00,0.00,0.00,0.00,0.00,0.00,0.00,0.00,0.00,289908,360250,602817,302736,406714,615922,0,0,0,0,0,0,0,109849,0,137.03,137.04,137.06
2189,1,0,0,0,93625,93625,93625,3654,3654,3654,591,591,591,0.00,0.00,0.00,0.00,0.00,0.00,0.00,0.00,0.00,0.00,0.00,0.00,0.00,0.00,0.00,0.00,0.00,0.00,0.00,0.00,0.00,200938,279267,304031,211422,292854,317136,0,0,0,0,0,0,0,98861,0,123.22,123.28,123.34
2189,2,0,0,0,93620,93620,93620,3659,3659,3659,591,591,591,0.00,0.00,0.00,0.00,0.00,0.00,0.00,0.00,0.00,0.00,0.00,0.00,0.00,0.00,0.00,0.00,0.00,0.00,0.00,0.00,0.00,432456,818388,1952609,445560,832592,1968335,0,0,0,0,0,0,0,113420,0,125.64,125.66,125.73
2189,3,0,0,0,93661,93661,93661,3618,3618,3618,591,591,591,0.00,0.00,0.00,0.00,0.00,0.00,0.00,0.00,0.00,0.00,0.00,0.00,0.00,0.00,0.00,0.00,0.00,0.00,0.00,0.00,0.00,301404,441356,988043,314514,455509,1001147,0,0,0,0,0,0,0,126723,0,140.07,140.13,140.21
2190,0,0,0,0,93656,93656,93656,3623,3623,3623,591,591,591,0.00,0.00,0.00,0.00,0.00,0.00,0.00,0.00,0.00,0.00,0.00,0.00,0.00,0.00,0.00,0.00,0.00,0.00,0.00,0.00,0.00,290689,510955,1176811,306691,492221,1192537,0,0,0,0,0,0,0,123865,0,137.05,137.11,137.15
2190,1,0,0,0,93625,93625,93625,3654,3654,3654,591,591,591,0.00,0.00,0.00,0.00,0.00,0.00,0.00,0.00,0.00,0.00,0.00,0.00,0.00,0.00,0.00,0.00,0.00,0.00,0.00,0.00,0.00,301407,408859,526797,314512,423012,545143,0,0,0,0,0,0,0,98818,0,123.18,123.26,123.37
2190,2,0,0,0,93620,93620,93620,3659,3659,3659,591,591,591,0.00,0.00,0.00,0.00,0.00,0.00,0.00,0.00,0.00,0.00,0.00,0.00,0.00,0.00,0.00,0.00,0.00,0.00,0.00,0.00,0.00,429835,548295,1009064,445561,561924,1019547,0,0,0,0,0,0,0,100765,0,125.67,125.69,125.72
2190,3,0,0,0,93661,93661,93661,3618,3618,3618,591,591,591,0.00,0.00,0.00,0.00,0.00,0.00,0.00,0.00,0.00,0.00,0.00,0.00,0.00,0.00,0.00,0.00,0.00,0.00,0.00,0.00,0.00,304026,393141,605435,317134,406770,618539,0,0,0,0,0,0,0,112494,0,140.10,140.16,140.20
2191,0,0,0,0,93656,93656,93656,3623,3623,3623,591,591,591,0.00,0.00,0.00,0.00,0.00,0.00,0.00,0.00,0.00,0.00,0.00,0.00,0.00,0.00,0.00,0.00,0.00,0.00,0.00,0.00,0.00,301404,367978,618541,314509,450799,670960,0,0,0,0,0,0,0,109947,0,137.07,137.14,137.19
2191,1,0,0,0,93625,93625,93625,3654,3654,3654,591,591,591,0.00,0.00,0.00,0.00,0.00,0.00,0.00,0.00,0.00,0.00,0.00,0.00,0.00,0.00,0.00,0.00,0.00,0.00,0.00,0.00,0.00,304023,370599,513704,319748,384751,526809,0,0,0,0,0,0,0,98951,0,123.40,123.45,123.48
2191,2,0,0,0,93620,93620,93620,3659,3659,3659,591,591,591,0.00,0.00,0.00,0.00,0.00,0.00,0.00,0.00,0.00,0.00,0.00,0.00,0.00,0.00,0.00,0.00,0.00,0.00,0.00,0.00,0.00,429834,532051,933060,445557,546204,946165,0,0,0,0,0,0,0,100892,0,125.65,125.68,125.73
2191,3,0,0,0,93661,93661,93661,3618,3618,3618,591,591,591,0.00,0.00,0.00,0.00,0.00,0.00,0.00,0.00,0.00,0.00,0.00,0.00,0.00,0.00,0.00,0.00,0.00,0.00,0.00,0.00,0.00,301409,326569,414102,314514,340722,429828,0,0,0,0,0,0,0,112519,0,140.10,140.15,140.17
2192,0,0,0,0,93656,93656,93656,3623,3623,3623,591,591,591,0.00,0.00,0.00,0.00,0.00,0.00,0.00,0.00,0.00,0.00,0.00,0.00,0.00,0.00,0.00,0.00,0.00,0.00,0.00,0.00,0.00,309271,443985,657855,311893,385801,623784,0,0,0,0,0,0,0,109932,0,137.02,137.06,137.11
2192,1,0,0,0,93625,93625,93625,3654,3654,3654,591,591,591,0.00,0.00,0.00,0.00,0.00,0.00,0.00,0.00,0.00,0.00,0.00,0.00,0.00,0.00,0.00,0.00,0.00,0.00,0.00,0.00,0.00,290924,409390,600198,306650,423019,610682,0,0,0,0,0,0,0,98883,0,123.42,123.45,123.49
2192,2,0,0,0,93620,93620,93620,3659,3659,3659,591,591,591,0.00,0.00,0.00,0.00,0.00,0.00,0.00,0.00,0.00,0.00,0.00,0.00,0.00,0.00,0.00,0.00,0.00,0.00,0.00,0.00,0.00,281826,500212,904230,292200,512791,917335,0,0,0,0,0,0,0,113378,0,125.68,125.70,125.73
2192,3,0,0,0,93661,93661,93661,3618,3618,3618,591,591,591,0.00,0.00,0.00,0.00,0.00,0.00,0.00,0.00,0.00,0.00,0.00,0.00,0.00,0.00,0.00,0.00,0.00,0.00,0.00,0.00,0.00,200942,303851,416727,209678,317130,429831,0,0,0,0,0,0,0,112581,0,140.16,140.19,140.23
2193,0,0,0,0,93656,93656,93656,3623,3623,3623,591,591,591,0.00,0.00,0.00,0.00,0.00,0.00,0.00,0.00,0.00,0.00,0.00,0.00,0.00,0.00,0.00,0.00,0.00,0.00,0.00,0.00,0.00,197431,314291,477009,204420,327173,492734,0,0,0,0,0,0,0,110034,0,137.15,137.21,137.25
2193,1,0,0,0,93625,93625,93625,3654,3654,3654,591,591,591,0.00,0.00,0.00,0.00,0.00,0.00,0.00,0.00,0.00,0.00,0.00,0.00,0.00,0.00,0.00,0.00,0.00,0.00,0.00,0.00,0.00,199190,337862,529427,209674,350933,539911,0,0,0,0,0,0,0,111160,0,123.33,123.36,123.40
2193,2,0,0,0,93620,93620,93620,3659,3659,3659,591,591,591,0.00,0.00,0.00,0.00,0.00,0.00,0.00,0.00,0.00,0.00,0.00,0.00,0.00,0.00,0.00,0.00,0.00,0.00,0.00,0.00,0.00,429835,819300,1871314,445561,833453,1887039,0,0,0,0,0,0,0,100766,0,125.64,125.67,125.69
2193,3,0,0,0,93661,93661,93661,3618,3618,3618,591,591,591,0.00,0.00,0.00,0.00,0.00,0.00,0.00,0.00,0.00,0.00,0.00,0.00,0.00,0.00,0.00,0.00,0.00,0.00,0.00,0.00,0.00,301409,538865,833447,314514,552494,846552,0,0,0,0,0,0,0,112392,0,140.14,140.17,140.22
2194,0,0,0,0,93656,93656,93656,3623,3623,3623,591,591,591,0.00,0.00,0.00,0.00,0.00,0.00,0.00,0.00,0.00,0.00,0.00,0.00,0.00,0.00,0.00,0.00,0.00,0.00,0.00,0.00,0.00,298786,533614,1195143,311891,547767,1210868,0,0,0,0,0,0,0,109994,0,137.16,137.21,137.25
2194,1,0,0,0,93625,93625,93625,3654,3654,3654,591,591,591,0.00,0.00,0.00,0.00,0.00,0.00,0.00,0.00,0.00,0.00,0.00,0.00,0.00,0.00,0.00,0.00,0.00,0.00,0.00,0.00,0.00,296165,375315,518941,311890,389468,532045,0,0,0,0,0,0,0,98865,0,123.36,123.38,123.40
2194,2,0,0,0,93620,93620,93620,3659,3659,3659,591,591,591,0.00,0.00,0.00,0.00,0.00,0.00,0.00,0.00,0.00,0.00,0.00,0.00,0.00,0.00,0.00,0.00,0.00,0.00,0.00,0.00,0.00,424594,547775,1001201,440320,561404,1014306,0,0,0,0,0,0,0,100833,0,125.63,125.66,125.68
2194,3,0,0,0,93661,93661,93661,3618,3618,3618,591,591,591,0.00,0.00,0.00,0.00,0.00,0.00,0.00,0.00,0.00,0.00,0.00,0.00,0.00,0.00,0.00,0.00,0.00,0.00,0.00,0.00,0.00,293982,343954,492732,306876,358065,505837,0,0,0,0,0,0,0,112531,0,140.18,140.21,140.25
2195,0,0,0,0,93656,93656,93656,3623,3623,3623,591,591,591,0.00,0.00,0.00,0.00,0.00,0.00,0.00,0.00,0.00,0.00,0.00,0.00,0.00,0.00,0.00,0.00,0.00,0.00,0.00,0.00,0.00,301405,387372,689302,314509,401525,702406,0,0,0,0,0,0,0,82512,0,137.18,137.23,137.25
2195,1,0,0,0,93625,93625,93625,3654,3654,3654,591,591,591,0.00,0.00,0.00,0.00,0.00,0.00,0.00,0.00,0.00,0.00,0.00,0.00,0.00,0.00,0.00,0.00,0.00,0.00,0.00,0.00,0.00,306632,367450,529431,322357,381079,542536,0,0,0,0,0,0,0,74094,0,123.29,123.34,123.38
2195,2,0,0,0,93620,93620,93620,3659,3659,3659,591,591,591,0.00,0.00,0.00,0.00,0.00,0.00,0.00,0.00,0.00,0.00,0.00,0.00,0.00,0.00,0.00,0.00,0.00,0.00,0.00,0.00,0.00,432455,629543,954030,442939,643696,969756,0,0,0,0,0,0,0,100983,0,125.72,125.80,125.86
2195,3,0,0,0,93661,93661,93661,3618,3618,3618,591,591,591,0.00,0.00,0.00,0.00,0.00,0.00,0.00,0.00,0.00,0.00,0.00,0.00,0.00,0.00,0.00,0.00,0.00,0.00,0.00,0.00,0.00,199194,312418,366932,209678,325522,380037,0,0,0,0,0,0,0,84397,0,140.12,140.19,140.22
2196,0,0,0,0,93656,93656,93656,3623,3623,3623,591,591,591,0.00,0.00,0.00,0.00,0.00,0.00,0.00,0.00,0.00,0.00,0.00,0.00,0.00,0.00,0.00,0.00,0.00,0.00,0.00,0.00,0.00,298785,373482,587090,311890,387242,600195,0,0,0,0,0,0,0,109955,0,137.12,137.16,137.21
2196,1,0,0,0,93625,93625,93625,3654,3654,3654,591,591,591,0.00,0.00,0.00,0.00,0.00,0.00,0.00,0.00,0.00,0.00,0.00,0.00,0.00,0.00,0.00,0.00,0.00,0.00,0.00,0.00,0.00,293546,298131,306650,306651,311891,319755,0,0,0,0,0,0,0,98992,0,123.35,123.39,123.45
2196,2,0,0,0,93620,93620,93620,3659,3659,3659,591,591,591,0.00,0.00,0.00,0.00,0.00,0.00,0.00,0.00,0.00,0.00,0.00,0.00,0.00,0.00,0.00,0.00,0.00,0.00,0.00,0.00,0.00,295648,771183,1926890,306021,783605,1939998,0,0,0,0,0,0,0,88291,0,125.71,125.76,125.83
2196,3,0,0,0,93661,93661,93661,3618,3618,3618,591,591,591,0.00,0.00,0.00,0.00,0.00,0.00,0.00,0.00,0.00,0.00,0.00,0.00,0.00,0.00,0.00,0.00,0.00,0.00,0.00,0.00,0.00,301407,331550,419354,314513,345310,432458,0,0,0,0,0,0,0,112425,0,140.06,140.11,140.19
2197,0,0,0,0,93656,93656,93656,3623,3623,3623,591,591,591,0.00,0.00,0.00,0.00,0.00,0.00,0.00,0.00,0.00,0.00,0.00,0.00,0.00,0.00,0.00,0.00,0.00,0.00,0.00,0.00,0.00,200907,311922,463880,209642,324640,479605,0,0,0,0,0,0,0,123649,0,137.12,137.15,137.17
2197,1,0,0,0,93625,93625,93625,3654,3654,3654,591,591,591,0.00,0.00,0.00,0.00,0.00,0.00,0.00,0.00,0.00,0.00,0.00,0.00,0.00,0.00,0.00,0.00,0.00,0.00,0.00,0.00,0.00,306644,368676,503219,319754,381781,516323,0,0,0,0,0,0,0,111157,0,123.35,123.41,123.46
2197,2,0,0,0,93620,93620,93620,3659,3659,3659,591,591,591,0.00,0.00,0.00,0.00,0.00,0.00,0.00,0.00,0.00,0.00,0.00,0.00,0.00,0.00,0.00,0.00,0.00,0.00,0.00,0.00,0.00,427188,516319,859661,440318,530472,872766,0,0,0,0,0,0,0,100791,0,125.69,125.71,125.74
2197,3,0,0,0,93661,93661,93661,3618,3618,3618,591,591,591,0.00,0.00,0.00,0.00,0.00,0.00,0.00,0.00,0.00,0.00,0.00,0.00,0.00,0.00,0.00,0.00,0.00,0.00,0.00,0.00,0.00,298788,497974,1009068,311893,511603,1022173,0,0,0,0,0,0,0,112479,0,140.15,140.23,140.28
2198,0,0,0,0,93656,93656,93656,3623,3623,3623,591,591,591,0.00,0.00,0.00,0.00,0.00,0.00,0.00,0.00,0.00,0.00,0.00,0.00,0.00,0.00,0.00,0.00,0.00,0.00,0.00,0.00,0.00,301407,537814,1158453,317133,551967,1171558,0,0,0,0,0,0,0,109948,0,137.14,137.17,137.20
2198,1,0,0,0,93625,93625,93625,3654,3654,3654,591,591,591,0.00,0.00,0.00,0.00,0.00,0.00,0.00,0.00,0.00,0.00,0.00,0.00,0.00,0.00,0.00,0.00,0.00,0.00,0.00,0.00,0.00,309268,352249,492739,322373,366402,508465,0,0,0,0,0,0,0,98883,0,123.30,123.35,123.39
2198,2,0,0,0,93620,93620,93620,3659,3659,3659,591,591,591,0.00,0.00,0.00,0.00,0.00,0.00,0.00,0.00,0.00,0.00,0.00,0.00,0.00,0.00,0.00,0.00,0.00,0.00,0.00,0.00,0.00,429833,637939,995964,442938,651568,1011690,0,0,0,0,0,0,0,100989,0,125.67,125.75,125.84
2198,3,0,0,0,93661,93661,93661,3618,3618,3618,591,591,591,0.00,0.00,0.00,0.00,0.00,0.00,0.00,0.00,0.00,0.00,0.00,0.00,0.00,0.00,0.00,0.00,0.00,0.00,0.00,0.00,0.00,301408,345509,508466,317134,359613,521571,0,0,0,0,0,0,0,112561,0,140.07,140.10,140.17
2199,0,0,0,0,93656,93656,93656,3623,3623,3623,591,591,591,0.00,0.00,0.00,0.00,0.00,0.00,0.00,0.00,0.00,0.00,0.00,0.00,0.00,0.00,0.00,0.00,0.00,0.00,0.00,0.00,0.00,301408,383700,684053,314513,397853,699778,0,0,0,0,0,0,0,109926,0,137.03,137.06,137.09
2199,1,0,0,0,93625,93625,93625,3654,3654,3654,591,591,591,0.00,0.00,0.00,0.00,0.00,0.00,0.00,0.00,0.00,0.00,0.00,0.00,0.00,0.00,0.00,0.00,0.00,0.00,0.00,0.00,0.00,296163,369550,539911,309268,383179,553015,0,0,0,0,0,0,0,98974,0,123.40,123.47,123.50
2199,2,0,0,0,93620,93620,93620,3659,3659,3659,591,591,591,0.00,0.00,0.00,0.00,0.00,0.00,0.00,0.00,0.00,0.00,0.00,0.00,0.00,0.00,0.00,0.00,0.00,0.00,0.00,0.00,0.00,429835,523666,888502,442942,537819,901607,0,0,0,0,0,0,0,100900,0,125.78,125.83,125.86
2199,3,0,0,0,93661,93661,93661,3618,3618,3618,591,591,591,0.00,0.00,0.00,0.00,0.00,0.00,0.00,0.00,0.00,0.00,0.00,0.00,0.00,0.00,0.00,0.00,0.00,0.00,0.00,0.00,0.00,301404,335476,416707,314515,349105,429811,0,0,0,0,0,0,0,112467,0,140.07,140.09,140.10
2200,0,0,0,0,93656,93656,93656,3623,3623,3623,591,591,591,0.00,0.00,0.00,0.00,0.00,0.00,0.00,0.00,0.00,0.00,0.00,0.00,0.00,0.00,0.00,0.00,0.00,0.00,0.00,0.00,0.00,296168,400477,608056,309273,414630,621161,0,0,0,0,0,0,0,109849,0,137.10,137.12,137.15
2200,1,0,0,0,93625,93625,93625,3654,3654,3654,591,591,591,0.00,0.00,0.00,0.00,0.00,0.00,0.00,0.00,0.00,0.00,0.00,0.00,0.00,0.00,0.00,0.00,0.00,0.00,0.00,0.00,0.00,290923,363258,613304,304027,377411,626409,0,0,0,0,0,0,0,98933,0,123.42,123.46,123.49
2200,2,0,0,0,93620,93620,93620,3659,3659,3659,591,591,591,0.00,0.00,0.00,0.00,0.00,0.00,0.00,0.00,0.00,0.00,0.00,0.00,0.00,0.00,0.00,0.00,0.00,0.00,0.00,0.00,0.00,424599,797127,1721156,440325,810570,1733328,0,0,0,0,0,0,0,113438,0,125.71,125.74,125.78
2200,3,0,0,0,93661,93661,93661,3618,3618,3618,591,591,591,0.00,0.00,0.00,0.00,0.00,0.00,0.00,0.00,0.00,0.00,0.00,0.00,0.00,0.00,0.00,0.00,0.00,0.00,0.00,0.00,0.00,78628,308222,545147,94354,322375,555631,0,0,0,0,0,0,0,126692,0,140.06,140.12,140.25
2201,0,0,38,100,93656,93656,93656,3623,3623,3623,591,591,591,0.00,0.00,0.01,0.00,0.00,0.00,0.00,0.00,0.00,0.00,0.00,0.00,0.00,0.00,0.00,0.00,0.00,0.00,0.00,0.00,0.00,254229,436844,1035266,264713,450435,1050992,0,0,0,0,0,0,0,123953,0,137.04,137.12,137.24
2201,1,0,40,100,93625,93625,93625,3654,3654,3654,591,591,591,0.00,0.00,0.01,0.00,0.00,0.00,0.00,0.00,0.00,0.00,0.00,0.00,0.00,0.00,0.00,0.00,0.00,0.00,0.00,0.00,0.00,157255,328139,563493,170360,342292,579219,0,0,0,0,0,0,0,99043,0,123.46,123.53,123.63
2201,2,0,24,100,93620,93620,93620,3659,3659,3659,591,591,591,0.00,0.00,0.01,0.00,0.00,0.00,0.00,0.00,0.00,0.00,0.00,0.00,0.00,0.00,0.00,0.00,0.00,0.00,0.00,0.00,0.00,429834,542010,954027,440318,556163,969753,0,0,0,0,0,0,0,101021,0,125.68,125.77,125.86
2201,3,0,0,0,93661,93661,93661,3618,3618,3618,591,591,591,0.00,0.00,0.00,0.00,0.00,0.00,0.00,0.00,0.00,0.00,0.00,0.00,0.00,0.00,0.00,0.00,0.00,0.00,0.00,0.00,0.00,301410,470723,822984,314515,484352,836089,0,0,0,0,0,0,0,113118,0,140.28,140.82,141.19
2202,0,100,100,100,93656,93656,93656,3623,3623,3623,591,591,591,0.01,0.01,0.01,0.00,0.00,0.00,0.00,0.00,0.00,0.00,0.00,0.00,0.00,0.00,0.00,0.00,0.00,0.00,0.00,0.00,0.00,298785,350678,524181,311890,364307,537286,0,0,0,0,0,0,0,82812,0,137.32,137.49,137.59
2202,1,100,100,100,93625,93625,93625,3654,3654,3654,591,591,591,0.01,0.01,0.01,0.00,0.00,0.00,0.00,0.00,0.00,0.00,0.00,0.00,0.00,0.00,0.00,0.00,0.00,0.00,0.00,0.00,0.00,301406,370074,532048,314511,383703,547773,0,0,0,0,0,0,0,74401,0,123.66,123.70,123.75
2202,2,100,100,100,93620,93620,93620,3659,3659,3659,591,591,591,0.01,0.01,0.01,0.00,0.00,0.00,0.00,0.00,0.00,0.00,0.00,0.00,0.00,0.00,0.00,0.00,0.00,0.00,0.00,0.00,0.00,432434,533619,912090,445538,547772,925195,0,0,0,0,0,0,0,101090,0,125.97,126.03,126.09
2202,3,100,100,100,93661,93661,93661,3618,3618,3618,591,591,591,0.00,0.01,0.01,0.00,0.00,0.00,0.00,0.00,0.00,0.00,0.00,0.00,0.00,0.00,0.00,0.00,0.00,0.00,0.00,0.00,0.00,298789,367456,466531,314514,381609,479636,0,0,0,0,0,0,0,84128,0,139.95,140.47,141.12
2203,0,100,100,100,93656,93656,93656,3623,3623,3623,591,591,591,0.01,0.01,0.01,0.00,0.00,0.00,0.00,0.00,0.00,0.00,0.00,0.00,0.00,0.00,0.00,0.00,0.00,0.00,0.00,0.00,0.00,311893,441366,670965,324998,455519,686691,0,0,0,0,0,0,0,110329,0,137.55,137.58,137.61
2203,1,100,100,100,93625,93625,93625,3654,3654,3654,591,591,591,0.01,0.01,0.01,0.00,0.00,0.00,0.00,0.00,0.00,0.00,0.00,0.00,0.00,0.00,0.00,0.00,0.00,0.00,0.00,0.00,0.00,298786,352250,532052,311890,365878,547777,0,0,0,0,0,0,0,99112,0,123.70,123.74,123.75
2203,2,100,100,100,93620,93620,93620,3659,3659,3659,591,591,591,0.01,0.01,0.01,0.00,0.00,0.00,0.00,0.00,0.00,0.00,0.00,0.00,0.00,0.00,0.00,0.00,0.00,0.00,0.00,0.00,0.00,432454,533097,917316,442940,546726,933041,0,0,0,0,0,0,0,75887,0,125.94,126.03,126.11
2203,3,100,100,100,93661,93661,93661,3618,3618,3618,591,591,591,0.01,0.01,0.01,0.00,0.00,0.00,0.00,0.00,0.00,0.00,0.00,0.00,0.00,0.00,0.00,0.00,0.00,0.00,0.00,0.00,0.00,298787,326045,421969,311891,339674,437695,0,0,0,0,0,0,0,111965,0,139.71,139.76,139.84
2204,0,100,100,100,93656,93656,93656,3623,3623,3623,591,591,591,0.01,0.01,0.01,0.00,0.00,0.00,0.00,0.00,0.00,0.00,0.00,0.00,0.00,0.00,0.00,0.00,0.00,0.00,0.00,0.00,0.00,296165,335998,484849,309270,349626,497953,0,0,0,0,0,0,0,110293,0,137.57,137.58,137.60
2204,1,100,100,100,93625,93625,93625,3654,3654,3654,591,591,591,0.01,0.01,0.01,0.00,0.00,0.00,0.00,0.00,0.00,0.00,0.00,0.00,0.00,0.00,0.00,0.00,0.00,0.00,0.00,0.00,0.00,296165,410436,629019,309270,425114,644745,0,0,0,0,0,0,0,111572,0,123.68,123.72,123.76
2204,2,100,100,100,93620,93620,93620,3659,3659,3659,591,591,591,0.01,0.01,0.01,0.00,0.00,0.00,0.00,0.00,0.00,0.00,0.00,0.00,0.00,0.00,0.00,0.00,0.00,0.00,0.00,0.00,0.00,429876,734352,1422928,445560,748507,1438367,0,0,0,0,0,0,0,101168,0,126.14,126.17,126.23
2204,3,100,100,100,93661,93661,93661,3618,3618,3618,591,591,591,0.01,0.01,0.01,0.00,0.00,0.00,0.00,0.00,0.00,0.00,0.00,0.00,0.00,0.00,0.00,0.00,0.00,0.00,0.00,0.00,0.00,301411,538335,904220,317137,551964,919946,0,0,0,0,0,0,0,125759,0,139.48,139.57,139.63
2205,0,100,100,100,93656,93656,93656,3623,3623,3623,591,591,591,0.01,0.01,0.01,0.00,0.00,0.00,0.00,0.00,0.00,0.00,0.00,0.00,0.00,0.00,0.00,0.00,0.00,0.00,0.00,0.00,0.00,295874,545620,1223976,311584,560294,1234460,0,0,0,0,0,0,0,124208,0,137.53,137.55,137.59
2205,1,100,100,100,93625,93625,93625,3654,3654,3654,591,591,591,0.01,0.01,0.01,0.00,0.00,0.00,0.00,0.00,0.00,0.00,0.00,0.00,0.00,0.00,0.00,0.00,0.00,0.00,0.00,0.00,0.00,296165,360636,497978,311890,374264,511083,0,0,0,0,0,0,0,99184,0,123.78,123.79,123.81
2205,2,100,100,100,93620,93620,93620,3659,3659,3659,591,591,591,0.01,0.01,0.01,0.00,0.00,0.00,0.00,0.00,0.00,0.00,0.00,0.00,0.00,0.00,0.00,0.00,0.00,0.00,0.00,0.00,0.00,429835,536764,951408,442940,550392,967134,0,0,0,0,0,0,0,100995,0,125.86,125.94,126.05
2205,3,100,100,100,93661,93661,93661,3618,3618,3618,591,591,591,0.01,0.01,0.01,0.00,0.00,0.00,0.00,0.00,0.00,0.00,0.00,0.00,0.00,0.00,0.00,0.00,0.00,0.00,0.00,0.00,0.00,301410,354352,513702,314515,368505,526806,0,0,0,0,0,0,0,111931,0,139.59,139.63,139.70
2206,0,100,100,100,93656,93656,93656,3623,3623,3623,591,591,591,0.01,0.01,0.01,0.00,0.00,0.00,0.00,0.00,0.00,0.00,0.00,0.00,0.00,0.00,0.00,0.00,0.00,0.00,0.00,0.00,0.00,296164,373163,649995,306648,386789,660479,0,0,0,0,0,0,0,110421,0,137.62,137.64,137.67
2206,1,100,100,100,93625,93625,93625,3654,3654,3654,591,591,591,0.01,0.01,0.01,0.00,0.00,0.00,0.00,0.00,0.00,0.00,0.00,0.00,0.00,0.00,0.00,0.00,0.00,0.00,0.00,0.00,0.00,309268,403097,513696,322373,416726,526800,0,0,0,0,0,0,0,99250,0,123.74,123.79,123.82
2206,2,100,100,100,93620,93620,93620,3659,3659,3659,591,591,591,0.01,0.01,0.01,0.00,0.00,0.00,0.00,0.00,0.00,0.00,0.00,0.00,0.00,0.00,0.00,0.00,0.00,0.00,0.00,0.00,0.00,421971,525237,909466,437696,539390,925192,0,0,0,0,0,0,0,101067,0,125.90,125.96,126.02
2206,3,100,100,100,93661,93661,93661,3618,3618,3618,591,591,591,0.01,0.01,0.01,0.00,0.00,0.00,0.00,0.00,0.00,0.00,0.00,0.00,0.00,0.00,0.00,0.00,0.00,0.00,0.00,0.00,0.00,283062,299313,304031,291798,312592,319757,0,0,0,0,0,0,0,111865,0,139.52,139.55,139.59
2207,0,100,100,100,93656,93656,93656,3623,3623,3623,591,591,591,0.01,0.01,0.01,0.00,0.00,0.00,0.00,0.00,0.00,0.00,0.00,0.00,0.00,0.00,0.00,0.00,0.00,0.00,0.00,0.00,0.00,293546,364742,610680,309271,378890,626405,0,0,0,0,0,0,0,110281,0,137.51,137.55,137.61
2207,1,100,100,100,93625,93625,93625,3654,3654,3654,591,591,591,0.01,0.01,0.01,0.00,0.00,0.00,0.00,0.00,0.00,0.00,0.00,0.00,0.00,0.00,0.00,0.00,0.00,0.00,0.00,0.00,0.00,296165,362737,581852,306649,376890,597577,0,0,0,0,0,0,0,99192,0,123.77,123.79,123.83
2207,2,100,100,100,93620,93620,93620,3659,3659,3659,591,591,591,0.01,0.01,0.01,0.00,0.00,0.00,0.00,0.00,0.00,0.00,0.00,0.00,0.00,0.00,0.00,0.00,0.00,0.00,0.00,0.00,0.00,432457,760971,1354297,448183,773526,1364655,0,0,0,0,0,0,0,113853,0,125.98,126.07,126.14
2207,3,100,100,100,93661,93661,93661,3618,3618,3618,591,591,591,0.01,0.01,0.01,0.00,0.00,0.00,0.00,0.00,0.00,0.00,0.00,0.00,0.00,0.00,0.00,0.00,0.00,0.00,0.00,0.00,0.00,296163,327613,416708,311889,341766,427191,0,0,0,0,0,0,0,125796,0,139.49,139.59,139.65
2208,0,100,100,100,93656,93656,93656,3623,3623,3623,591,591,591,0.01,0.01,0.01,0.00,0.00,0.00,0.00,0.00,0.00,0.00,0.00,0.00,0.00,0.00,0.00,0.00,0.00,0.00,0.00,0.00,0.00,199192,315790,486022,207928,328534,504313,0,0,0,0,0,0,0,124071,0,137.56,137.61,137.68
2208,1,100,100,100,93625,93625,93625,3654,3654,3654,591,591,591,0.01,0.01,0.01,0.00,0.00,0.00,0.00,0.00,0.00,0.00,0.00,0.00,0.00,0.00,0.00,0.00,0.00,0.00,0.00,0.00,0.00,249863,358860,534576,260347,371401,547679,0,0,0,0,0,0,0,111481,0,123.74,123.79,123.84
2208,2,100,100,100,93620,93620,93620,3659,3659,3659,591,591,591,0.01,0.01,0.01,0.00,0.00,0.00,0.00,0.00,0.00,0.00,0.00,0.00,0.00,0.00,0.00,0.00,0.00,0.00,0.00,0.00,0.00,423733,530235,932697,440317,544880,946333,0,0,0,0,0,0,0,101042,0,126.06,126.17,126.24
2208,3,100,100,100,93661,93661,93661,3618,3618,3618,591,591,591,0.01,0.01,0.01,0.00,0.00,0.00,0.00,0.00,0.00,0.00,0.00,0.00,0.00,0.00,0.00,0.00,0.00,0.00,0.00,0.00,0.00,304030,536770,833460,317135,550399,846565,0,0,0,0,0,0,0,111762,0,139.46,139.49,139.50
2209,0,100,100,100,93656,93656,93656,3623,3623,3623,591,591,591,0.01,0.01,0.01,0.00,0.00,0.00,0.00,0.00,0.00,0.00,0.00,0.00,0.00,0.00,0.00,0.00,0.00,0.00,0.00,0.00,0.00,296151,535240,1228145,309255,548863,1241155,0,0,0,0,0,0,0,110256,0,137.48,137.55,137.61
2209,1,100,100,100,93625,93625,93625,3654,3654,3654,591,591,591,0.01,0.01,0.01,0.00,0.00,0.00,0.00,0.00,0.00,0.00,0.00,0.00,0.00,0.00,0.00,0.00,0.00,0.00,0.00,0.00,0.00,298785,344389,511082,314511,359066,524187,0,0,0,0,0,0,0,99214,0,123.81,123.84,123.88
2209,2,100,100,100,93620,93620,93620,3659,3659,3659,591,591,591,0.01,0.01,0.01,0.00,0.00,0.00,0.00,0.00,0.00,0.00,0.00,0.00,0.00,0.00,0.00,0.00,0.00,0.00,0.00,0.00,0.00,424592,645796,1003799,440318,659425,1016903,0,0,0,0,0,0,0,101107,0,126.04,126.06,126.11
2209,3,100,100,100,93661,93661,93661,3618,3618,3618,591,591,591,0.01,0.01,0.01,0.00,0.00,0.00,0.00,0.00,0.00,0.00,0.00,0.00,0.00,0.00,0.00,0.00,0.00,0.00,0.00,0.00,0.00,298789,339671,477014,314497,353824,490118,0,0,0,0,0,0,0,83805,0,139.50,139.53,139.55
2210,0,100,100,100,93656,93656,93656,3623,3623,3623,591,591,591,0.01,0.01,0.01,0.00,0.00,0.00,0.00,0.00,0.00,0.00,0.00,0.00,0.00,0.00,0.00,0.00,0.00,0.00,0.00,0.00,0.00,299395,399869,684160,315016,414273,699948,0,0,0,0,0,0,0,82686,0,137.42,137.46,137.49
2210,1,100,100,100,93625,93625,93625,3654,3654,3654,591,591,591,0.01,0.01,0.01,0.00,0.00,0.00,0.00,0.00,0.00,0.00,0.00,0.00,0.00,0.00,0.00,0.00,0.00,0.00,0.00,0.00,0.00,311890,395752,576577,324996,409512,589681,0,0,0,0,0,0,0,74419,0,123.81,123.83,123.84
2210,2,100,100,100,93620,93620,93620,3659,3659,3659,591,591,591,0.01,0.01,0.01,0.00,0.00,0.00,0.00,0.00,0.00,0.00,0.00,0.00,0.00,0.00,0.00,0.00,0.00,0.00,0.00,0.00,0.00,432447,561528,938298,448158,575943,954023,0,0,0,0,0,0,0,75817,0,126.04,126.07,126.09
2210,3,100,100,100,93661,93661,93661,3618,3618,3618,591,591,591,0.01,0.01,0.01,0.00,0.00,0.00,0.00,0.00,0.00,0.00,0.00,0.00,0.00,0.00,0.00,0.00,0.00,0.00,0.00,0.00,0.00,296165,324262,353507,309270,337971,366409,0,0,0,0,0,0,0,111856,0,139.44,139.50,139.53
2211,0,100,100,100,93656,93656,93656,3623,3623,3623,591,591,591,0.01,0.01,0.01,0.00,0.00,0.00,0.00,0.00,0.00,0.00,0.00,0.00,0.00,0.00,0.00,0.00,0.00,0.00,0.00,0.00,0.00,298786,370500,632547,311891,384119,648166,0,0,0,0,0,0,0,110439,0,137.53,137.64,137.75
2211,1,100,100,100,93625,93625,93625,3654,3654,3654,591,591,591,0.01,0.01,0.01,0.00,0.00,0.00,0.00,0.00,0.00,0.00,0.00,0.00,0.00,0.00,0.00,0.00,0.00,0.00,0.00,0.00,0.00,290926,304028,338101,306646,317657,351206,0,0,0,0,0,0,0,99331,0,123.81,123.84,123.88
2211,2,100,100,100,93620,93620,93620,3659,3659,3659,591,591,591,0.01,0.01,0.01,0.00,0.00,0.00,0.00,0.00,0.00,0.00,0.00,0.00,0.00,0.00,0.00,0.00,0.00,0.00,0.00,0.00,0.00,281445,696322,1887089,291680,708853,1900194,0,0,0,0,0,0,0,114050,0,126.08,126.17,126.27
2211,3,100,100,100,93661,93661,93661,3618,3618,3618,591,591,591,0.01,0.01,0.01,0.00,0.00,0.00,0.00,0.00,0.00,0.00,0.00,0.00,0.00,0.00,0.00,0.00,0.00,0.00,0.00,0.00,0.00,202688,303156,403627,211425,316436,419353,0,0,0,0,0,0,0,125821,0,139.50,139.53,139.59
2212,0,100,100,100,93656,93656,93656,3623,3623,3623,591,591,591,0.01,0.01,0.01,0.00,0.00,0.00,0.00,0.00,0.00,0.00,0.00,0.00,0.00,0.00,0.00,0.00,0.00,0.00,0.00,0.00,0.00,296167,503454,1139571,311893,517944,1154402,0,0,0,0,0,0,0,124190,0,137.64,137.70,137.75
2212,1,100,100,100,93625,93625,93625,3654,3654,3654,591,591,591,0.01,0.01,0.01,0.00,0.00,0.00,0.00,0.00,0.00,0.00,0.00,0.00,0.00,0.00,0.00,0.00,0.00,0.00,0.00,0.00,0.00,276072,353161,506929,283061,366526,522213,0,0,0,0,0,0,0,111491,0,123.75,123.78,123.84
2212,2,100,100,100,93620,93620,93620,3659,3659,3659,591,591,591,0.01,0.01,0.01,0.00,0.00,0.00,0.00,0.00,0.00,0.00,0.00,0.00,0.00,0.00,0.00,0.00,0.00,0.00,0.00,0.00,0.00,419351,625855,985424,432456,639476,998528,0,0,0,0,0,0,0,101239,0,126.22,126.25,126.31
2212,3,100,100,100,93661,93661,93661,3618,3618,3618,591,591,591,0.01,0.01,0.01,0.00,0.00,0.00,0.00,0.00,0.00,0.00,0.00,0.00,0.00,0.00,0.00,0.00,0.00,0.00,0.00,0.00,0.00,298789,497978,1022179,309273,511607,1035284,0,0,0,0,0,0,0,111952,0,139.55,139.61,139.71
2213,0,100,100,100,93656,93656,93656,3623,3623,3623,591,591,591,0.01,0.01,0.01,0.00,0.00,0.00,0.00,0.00,0.00,0.00,0.00,0.00,0.00,0.00,0.00,0.00,0.00,0.00,0.00,0.00,0.00,202683,342980,610671,211420,355734,626396,0,0,0,0,0,0,0,110499,0,137.59,137.69,137.77
2213,1,100,100,100,93625,93625,93625,3654,3654,3654,591,591,591,0.01,0.01,0.01,0.00,0.00,0.00,0.00,0.00,0.00,0.00,0.00,0.00,0.00,0.00,0.00,0.00,0.00,0.00,0.00,0.00,0.00,301407,365352,497977,317132,378981,511082,0,0,0,0,0,0,0,99111,0,123.68,123.76,123.80
2213,2,100,100,100,93620,93620,93620,3659,3659,3659,591,591,591,0.01,0.01,0.01,0.00,0.00,0.00,0.00,0.00,0.00,0.00,0.00,0.00,0.00,0.00,0.00,0.00,0.00,0.00,0.00,0.00,0.00,424593,529429,922568,440319,544107,935673,0,0,0,0,0,0,0,101181,0,126.16,126.21,126.27
2213,3,100,100,100,93661,93661,93661,3618,3618,3618,591,591,591,0.01,0.01,0.01,0.00,0.00,0.00,0.00,0.00,0.00,0.00,0.00,0.00,0.00,0.00,0.00,0.00,0.00,0.00,0.00,0.00,0.00,298790,350159,495360,311895,364836,511085,0,0,0,0,0,0,0,112070,0,139.72,139.76,139.78
2214,0,100,100,100,93656,93656,93656,3623,3623,3623,591,591,591,0.01,0.01,0.01,0.00,0.00,0.00,0.00,0.00,0.00,0.00,0.00,0.00,0.00,0.00,0.00,0.00,0.00,0.00,0.00,0.00,0.00,306634,443457,647371,322359,457085,657855,0,0,0,0,0,0,0,110324,0,137.60,137.67,137.74
2214,1,100,100,100,93625,93625,93625,3654,3654,3654,591,591,591,0.01,0.01,0.01,0.00,0.00,0.00,0.00,0.00,0.00,0.00,0.00,0.00,0.00,0.00,0.00,0.00,0.00,0.00,0.00,0.00,0.00,296166,358019,563500,309271,372172,576605,0,0,0,0,0,0,0,99141,0,123.58,123.63,123.67
2214,2,100,100,100,93620,93620,93620,3659,3659,3659,591,591,591,0.01,0.01,0.01,0.00,0.00,0.00,0.00,0.00,0.00,0.00,0.00,0.00,0.00,0.00,0.00,0.00,0.00,0.00,0.00,0.00,0.00,429835,535196,885878,442940,548825,898983,0,0,0,0,0,0,0,101204,0,126.18,126.21,126.25
2214,3,100,100,100,93661,93661,93661,3618,3618,3618,591,591,591,0.01,0.01,0.01,0.00,0.00,0.00,0.00,0.00,0.00,0.00,0.00,0.00,0.00,0.00,0.00,0.00,0.00,0.00,0.00,0.00,0.00,296167,326653,419344,309549,340249,435070,0,0,0,0,0,0,0,111989,0,139.61,139.71,139.77
2215,0,100,100,100,93656,93656,93656,3623,3623,3623,591,591,591,0.01,0.01,0.01,0.00,0.00,0.00,0.00,0.00,0.00,0.00,0.00,0.00,0.00,0.00,0.00,0.00,0.00,0.00,0.00,0.00,0.00,298782,344390,524191,311886,358543,534674,0,0,0,0,0,0,0,110340,0,137.58,137.62,137.66
2215,1,100,100,100,93625,93625,93625,3654,3654,3654,591,591,591,0.01,0.01,0.01,0.00,0.00,0.00,0.00,0.00,0.00,0.00,0.00,0.00,0.00,0.00,0.00,0.00,0.00,0.00,0.00,0.00,0.00,296150,405717,618533,311875,419346,634258,0,0,0,0,0,0,0,111489,0,123.70,123.74,123.77
2215,2,100,100,100,93620,93620,93620,3659,3659,3659,591,591,591,0.01,0.01,0.01,0.00,0.00,0.00,0.00,0.00,0.00,0.00,0.00,0.00,0.00,0.00,0.00,0.00,0.00,0.00,0.00,0.00,0.00,420870,811205,1837184,433781,824795,1852909,0,0,0,0,0,0,0,101288,0,126.15,126.21,126.30
2215,3,100,100,100,93661,93661,93661,3618,3618,3618,591,591,591,0.01,0.01,0.01,0.00,0.00,0.00,0.00,0.00,0.00,0.00,0.00,0.00,0.00,0.00,0.00,0.00,0.00,0.00,0.00,0.00,0.00,94352,415159,820360,104836,428788,836085,0,0,0,0,0,0,0,126005,0,139.53,139.60,139.70
2216,0,100,100,100,93656,93656,93656,3623,3623,3623,591,591,591,0.01,0.01,0.01,0.00,0.00,0.00,0.00,0.00,0.00,0.00,0.00,0.00,0.00,0.00,0.00,0.00,0.00,0.00,0.00,0.00,0.00,293542,541556,1247570,309267,555143,1260675,0,0,0,0,0,0,0,124264,0,137.53,137.60,137.69
2216,1,100,100,100,93625,93625,93625,3654,3654,3654,591,591,591,0.01,0.01,0.01,0.00,0.00,0.00,0.00,0.00,0.00,0.00,0.00,0.00,0.00,0.00,0.00,0.00,0.00,0.00,0.00,0.00,0.00,154608,277400,370111,170331,291492,385532,0,0,0,0,0,0,0,99205,0,123.66,123.71,123.80
2216,2,100,100,100,93620,93620,93620,3659,3659,3659,591,591,591,0.01,0.01,0.01,0.00,0.00,0.00,0.00,0.00,0.00,0.00,0.00,0.00,0.00,0.00,0.00,0.00,0.00,0.00,0.00,0.00,0.00,427203,541485,977610,442929,555638,990715,0,0,0,0,0,0,0,101117,0,126.15,126.21,126.31
2216,3,100,100,100,93661,93661,93661,3618,3618,3618,591,591,591,0.01,0.01,0.01,0.00,0.00,0.00,0.00,0.00,0.00,0.00,0.00,0.00,0.00,0.00,0.00,0.00,0.00,0.00,0.00,0.00,0.00,304025,408866,623789,314509,423020,639515,0,0,0,0,0,0,0,112047,0,139.67,139.72,139.78
2217,0,100,100,100,93656,93656,93656,3623,3623,3623,591,591,591,0.01,0.01,0.01,0.00,0.00,0.00,0.00,0.00,0.00,0.00,0.00,0.00,0.00,0.00,0.00,0.00,0.00,0.00,0.00,0.00,0.00,296165,385797,720756,311890,400473,733861,0,0,0,0,0,0,0,82810,0,137.58,137.67,137.73
2217,1,100,100,100,93625,93625,93625,3654,3654,3654,591,591,591,0.01,0.01,0.01,0.00,0.00,0.00,0.00,0.00,0.00,0.00,0.00,0.00,0.00,0.00,0.00,0.00,0.00,0.00,0.00,0.00,0.00,298782,369026,539910,314507,382655,553014,0,0,0,0,0,0,0,74371,0,123.69,123.77,123.80
2217,2,100,100,100,93620,93620,93620,3659,3659,3659,591,591,591,0.01,0.01,0.01,0.00,0.00,0.00,0.00,0.00,0.00,0.00,0.00,0.00,0.00,0.00,0.00,0.00,0.00,0.00,0.00,0.00,0.00,427214,533091,940896,440319,546720,956622,0,0,0,0,0,0,0,101139,0,126.06,126.10,126.12
2217,3,100,100,100,93661,93661,93661,3618,3618,3618,591,591,591,0.01,0.01,0.01,0.00,0.00,0.00,0.00,0.00,0.00,0.00,0.00,0.00,0.00,0.00,0.00,0.00,0.00,0.00,0.00,0.00,0.00,301409,339805,469804,314514,353945,485464,0,0,0,0,0,0,0,83969,0,139.65,139.68,139.71
2218,0,100,100,100,93656,93656,93656,3623,3623,3623,591,591,591,0.01,0.01,0.01,0.00,0.00,0.00,0.00,0.00,0.00,0.00,0.00,0.00,0.00,0.00,0.00,0.00,0.00,0.00,0.00,0.00,0.00,296168,365357,605434,311890,378986,618538,0,0,0,0,0,0,0,110403,0,137.57,137.62,137.66
2218,1,100,100,100,93625,93625,93625,3654,3654,3654,591,591,591,0.01,0.01,0.01,0.00,0.00,0.00,0.00,0.00,0.00,0.00,0.00,0.00,0.00,0.00,0.00,0.00,0.00,0.00,0.00,0.00,0.00,296167,408859,615919,306651,423012,631644,0,0,0,0,0,0,0,99090,0,123.62,123.66,123.68
2218,2,100,100,100,93620,93620,93620,3659,3659,3659,591,591,591,0.01,0.01,0.01,0.00,0.00,0.00,0.00,0.00,0.00,0.00,0.00,0.00,0.00,0.00,0.00,0.00,0.00,0.00,0.00,0.00,0.00,429834,545677,912084,442938,559830,927810,0,0,0,0,0,0,0,88423,0,126.09,126.12,126.14
2218,3,100,100,100,93661,93661,93661,3618,3618,3618,591,591,591,0.01,0.01,0.01,0.00,0.00,0.00,0.00,0.00,0.00,0.00,0.00,0.00,0.00,0.00,0.00,0.00,0.00,0.00,0.00,0.00,0.00,301409,323949,406248,314515,337578,419352,0,0,0,0,0,0,0,111877,0,139.51,139.56,139.64
2219,0,100,100,100,93656,93656,93656,3623,3623,3623,591,591,591,0.01,0.01,0.01,0.00,0.00,0.00,0.00,0.00,0.00,0.00,0.00,0.00,0.00,0.00,0.00,0.00,0.00,0.00,0.00,0.00,0.00,296147,340716,503213,309250,354869,518938,0,0,0,0,0,0,0,110347,0,137.60,137.66,137.72
2219,1,100,100,100,93625,93625,93625,3654,3654,3654,591,591,591,0.01,0.01,0.01,0.00,0.00,0.00,0.00,0.00,0.00,0.00,0.00,0.00,0.00,0.00,0.00,0.00,0.00,0.00,0.00,0.00,0.00,296165,390037,529644,309269,404116,542376,0,0,0,0,0,0,0,111508,0,123.68,123.70,123.74
2219,2,100,100,100,93620,93620,93620,3659,3659,3659,591,591,591,0.01,0.01,0.01,0.00,0.00,0.00,0.00,0.00,0.00,0.00,0.00,0.00,0.00,0.00,0.00,0.00,0.00,0.00,0.00,0.00,0.00,425700,716245,1402207,438600,729832,1415312,0,0,0,0,0,0,0,101107,0,126.04,126.06,126.10
2219,3,100,100,100,93661,93661,93661,3618,3618,3618,591,591,591,0.01,0.01,0.01,0.00,0.00,0.00,0.00,0.00,0.00,0.00,0.00,0.00,0.00,0.00,0.00,0.00,0.00,0.00,0.00,0.00,0.00,301392,535194,862298,314496,548823,878024,0,0,0,0,0,0,0,111791,0,139.54,139.56,139.57
2220,0,100,100,100,93656,93656,93656,3623,3623,3623,591,591,591,0.01,0.01,0.01,0.00,0.00,0.00,0.00,0.00,0.00,0.00,0.00,0.00,0.00,0.00,0.00,0.00,0.00,0.00,0.00,0.00,0.00,272577,485057,969736,283061,498081,985462,0,0,0,0,0,0,0,110288,0,137.45,137.50,137.57
2220,1,100,100,100,93625,93625,93625,3654,3654,3654,591,591,591,0.01,0.01,0.01,0.00,0.00,0.00,0.00,0.00,0.00,0.00,0.00,0.00,0.00,0.00,0.00,0.00,0.00,0.00,0.00,0.00,0.00,293529,338621,385276,306633,352250,398380,0,0,0,0,0,0,0,99159,0,123.71,123.74,123.78
2220,2,100,100,100,93620,93620,93620,3659,3659,3659,591,591,591,0.01,0.01,0.01,0.00,0.00,0.00,0.00,0.00,0.00,0.00,0.00,0.00,0.00,0.00,0.00,0.00,0.00,0.00,0.00,0.00,0.00,424697,542543,980167,440427,556697,995892,0,0,0,0,0,0,0,101140,0,125.95,126.01,126.07
2220,3,100,100,100,93661,93661,93661,3618,3618,3618,591,591,591,0.01,0.01,0.01,0.00,0.00,0.00,0.00,0.00,0.00,0.00,0.00,0.00,0.00,0.00,0.00,0.00,0.00,0.00,0.00,0.00,0.00,296168,336530,461287,311894,350683,474392,0,0,0,0,0,0,0,112164,0,139.56,139.69,139.85
2221,0,100,100,100,93656,93656,93656,3623,3623,3623,591,591,591,0.01,0.01,0.01,0.00,0.00,0.00,0.00,0.00,0.00,0.00,0.00,0.00,0.00,0.00,0.00,0.00,0.00,0.00,0.00,0.00,0.00,301404,387372,665718,317129,402049,681444,0,0,0,0,0,0,0,110386,0,137.50,137.57,137.64
2221,1,100,100,100,93625,93625,93625,3654,3654,3654,591,591,591,0.01,0.01,0.01,0.00,0.00,0.00,0.00,0.00,0.00,0.00,0.00,0.00,0.00,0.00,0.00,0.00,0.00,0.00,0.00,0.00,0.00,309270,369550,508459,322375,383703,521564,0,0,0,0,0,0,0,99232,0,123.80,123.84,123.92
2221,2,100,100,100,93620,93620,93620,3659,3659,3659,591,591,591,0.01,0.01,0.01,0.00,0.00,0.00,0.00,0.00,0.00,0.00,0.00,0.00,0.00,0.00,0.00,0.00,0.00,0.00,0.00,0.00,0.00,429837,629550,946163,442942,643179,959267,0,0,0,0,0,0,0,101205,0,126.10,126.16,126.19
2221,3,100,100,100,93661,93661,93661,3618,3618,3618,591,591,591,0.01,0.01,0.01,0.00,0.00,0.00,0.00,0.00,0.00,0.00,0.00,0.00,0.00,0.00,0.00,0.00,0.00,0.00,0.00,0.00,0.00,202688,316261,453427,211425,329541,466532,0,0,0,0,0,0,0,112017,0,139.86,139.92,139.97
2222,0,100,100,100,93656,93656,93656,3623,3623,3623,591,591,591,0.01,0.01,0.01,0.00,0.00,0.00,0.00,0.00,0.00,0.00,0.00,0.00,0.00,0.00,0.00,0.00,0.00,0.00,0.00,0.00,0.00,298784,384219,702367,311889,397848,718092,0,0,0,0,0,0,0,110366,0,137.55,137.57,137.58
2222,1,100,100,100,93625,93625,93625,3654,3654,3654,591,591,591,0.01,0.01,0.01,0.00,0.00,0.00,0.00,0.00,0.00,0.00,0.00,0.00,0.00,0.00,0.00,0.00,0.00,0.00,0.00,0.00,0.00,296164,330761,458663,306647,344390,471768,0,0,0,0,0,0,0,99225,0,123.78,123.80,123.84
2222,2,100,100,100,93620,93620,93620,3659,3659,3659,591,591,591,0.01,0.01,0.01,0.00,0.00,0.00,0.00,0.00,0.00,0.00,0.00,0.00,0.00,0.00,0.00,0.00,0.00,0.00,0.00,0.00,0.00,424592,721804,1847773,437697,735957,1860877,0,0,0,0,0,0,0,114079,0,126.22,126.32,126.38
2222,3,100,100,100,93661,93661,93661,3618,3618,3618,591,591,591,0.01,0.01,0.01,0.00,0.00,0.00,0.00,0.00,0.00,0.00,0.00,0.00,0.00,0.00,0.00,0.00,0.00,0.00,0.00,0.00,0.00,296150,387896,621165,309254,401525,634270,0,0,0,0,0,0,0,125925,0,139.67,139.70,139.75
2223,0,100,100,100,93656,93656,93656,3623,3623,3623,591,591,591,0.01,0.01,0.01,0.00,0.00,0.00,0.00,0.00,0.00,0.00,0.00,0.00,0.00,0.00,0.00,0.00,0.00,0.00,0.00,0.00,0.00,296161,521039,1210861,311886,535192,1223966,0,0,0,0,0,0,0,124188,0,137.59,137.61,137.62
2223,1,100,100,100,93625,93625,93625,3654,3654,3654,591,591,591,0.01,0.01,0.01,0.00,0.00,0.00,0.00,0.00,0.00,0.00,0.00,0.00,0.00,0.00,0.00,0.00,0.00,0.00,0.00,0.00,0.00,298767,398902,529432,314492,413055,545158,0,0,0,0,0,0,0,111459,0,123.74,123.78,123.82
2223,2,100,100,100,93620,93620,93620,3659,3659,3659,591,591,591,0.01,0.01,0.01,0.00,0.00,0.00,0.00,0.00,0.00,0.00,0.00,0.00,0.00,0.00,0.00,0.00,0.00,0.00,0.00,0.00,0.00,280090,620854,1044132,290464,633946,1057834,0,0,0,0,0,0,0,101364,0,126.33,126.36,126.39
2223,3,100,100,100,93661,93661,93661,3618,3618,3618,591,591,591,0.01,0.01,0.01,0.00,0.00,0.00,0.00,0.00,0.00,0.00,0.00,0.00,0.00,0.00,0.00,0.00,0.00,0.00,0.00,0.00,0.00,298788,468626,817741,311893,482779,833466,0,0,0,0,0,0,0,112030,0,139.75,139.83,139.87
2225,0,100,100,100,93656,93656,93656,3623,3623,3623,591,591,591,0.01,0.01,0.01,0.00,0.00,0.00,0.00,0.00,0.00,0.00,0.00,0.00,0.00,0.00,0.00,0.00,0.00,0.00,0.00,0.00,0.00,293477,350562,555638,303959,363935,571364,0,0,0,0,0,0,0,220780,0,137.59,137.63,137.69
2225,1,100,100,100,93625,93625,93625,3654,3654,3654,591,591,591,0.01,0.01,0.01,0.00,0.00,0.00,0.00,0.00,0.00,0.00,0.00,0.00,0.00,0.00,0.00,0.00,0.00,0.00,0.00,0.00,0.00,197443,356249,547779,206180,369742,560884,0,0,0,0,0,0,0,198409,0,123.70,123.74,123.78
2225,2,100,100,100,93620,93620,93620,3659,3659,3659,591,591,591,0.01,0.01,0.01,0.00,0.00,0.00,0.00,0.00,0.00,0.00,0.00,0.00,0.00,0.00,0.00,0.00,0.00,0.00,0.00,0.00,0.00,432455,541947,909464,448181,555926,922569,0,0,0,0,0,0,0,202580,0,126.20,126.27,126.34
2225,3,100,100,100,93661,93661,93661,3618,3618,3618,591,591,591,0.01,0.01,0.01,0.00,0.00,0.00,0.00,0.00,0.00,0.00,0.00,0.00,0.00,0.00,0.00,0.00,0.00,0.00,0.00,0.00,0.00,291047,341252,492741,303925,355203,505846,0,0,0,0,0,0,0,224100,0,139.72,139.79,139.84
2226,0,100,100,100,93656,93656,93656,3623,3623,3623,591,591,591,0.01,0.01,0.01,0.00,0.00,0.00,0.00,0.00,0.00,0.00,0.00,0.00,0.00,0.00,0.00,0.00,0.00,0.00,0.00,0.00,0.00,298787,395235,613295,309270,409387,626400,0,0,0,0,0,0,0,110352,0,137.67,137.71,137.75
2226,1,100,100,100,93625,93625,93625,3654,3654,3654,591,591,591,0.01,0.01,0.01,0.00,0.00,0.00,0.00,0.00,0.00,0.00,0.00,0.00,0.00,0.00,0.00,0.00,0.00,0.00,0.00,0.00,0.00,296164,366929,623778,311890,381082,636883,0,0,0,0,0,0,0,99209,0,123.74,123.78,123.82
2226,2,100,100,100,93620,93620,93620,3659,3659,3659,591,591,591,0.01,0.01,0.01,0.00,0.00,0.00,0.00,0.00,0.00,0.00,0.00,0.00,0.00,0.00,0.00,0.00,0.00,0.00,0.00,0.00,0.00,435078,818782,1947358,450804,832935,1960463,0,0,0,0,0,0,0,113846,0,126.17,126.22,126.26
2226,3,100,100,100,93661,93661,93661,3618,3618,3618,591,591,591,0.01,0.01,0.01,0.00,0.00,0.00,0.00,0.00,0.00,0.00,0.00,0.00,0.00,0.00,0.00,0.00,0.00,0.00,0.00,0.00,0.00,199194,480683,990728,207931,493438,1001211,0,0,0,0,0,0,0,126045,0,139.65,139.72,139.75
2227,0,100,100,100,93656,93656,93656,3623,3623,3623,591,591,591,0.01,0.01,0.01,0.00,0.00,0.00,0.00,0.00,0.00,0.00,0.00,0.00,0.00,0.00,0.00,0.00,0.00,0.00,0.00,0.00,0.00,296166,479102,1168938,306650,492207,1184664,0,0,0,0,0,0,0,124186,0,137.51,137.54,137.59
2227,1,100,100,100,93625,93625,93625,3654,3654,3654,591,591,591,0.01,0.01,0.01,0.00,0.00,0.00,0.00,0.00,0.00,0.00,0.00,0.00,0.00,0.00,0.00,0.00,0.00,0.00,0.00,0.00,0.00,301405,405720,537295,314510,419348,550399,0,0,0,0,0,0,0,99139,0,123.80,123.81,123.85
2227,2,100,100,100,93620,93620,93620,3659,3659,3659,591,591,591,0.01,0.01,0.01,0.00,0.00,0.00,0.00,0.00,0.00,0.00,0.00,0.00,0.00,0.00,0.00,0.00,0.00,0.00,0.00,0.00,0.00,280930,504548,947417,289443,517260,960290,0,0,0,0,0,0,0,101186,0,126.19,126.21,126.26
2227,3,100,100,100,93661,93661,93661,3618,3618,3618,591,591,591,0.01,0.01,0.01,0.00,0.00,0.00,0.00,0.00,0.00,0.00,0.00,0.00,0.00,0.00,0.00,0.00,0.00,0.00,0.00,0.00,0.00,301410,371123,487496,314515,385800,503222,0,0,0,0,0,0,0,111865,0,139.72,139.80,139.89
2228,0,100,100,100,93656,93656,93656,3623,3623,3623,591,591,591,0.01,0.01,0.01,0.00,0.00,0.00,0.00,0.00,0.00,0.00,0.00,0.00,0.00,0.00,0.00,0.00,0.00,0.00,0.00,0.00,0.00,290893,434702,689302,303996,448809,702407,0,0,0,0,0,0,0,110462,0,137.58,137.61,137.66
2228,1,100,100,100,93625,93625,93625,3654,3654,3654,591,591,591,0.01,0.01,0.01,0.00,0.00,0.00,0.00,0.00,0.00,0.00,0.00,0.00,0.00,0.00,0.00,0.00,0.00,0.00,0.00,0.00,0.00,202677,346659,516324,213160,359764,529428,0,0,0,0,0,0,0,99204,0,123.75,123.77,123.80
2228,2,100,100,100,93620,93620,93620,3659,3659,3659,591,591,591,0.01,0.01,0.01,0.00,0.00,0.00,0.00,0.00,0.00,0.00,0.00,0.00,0.00,0.00,0.00,0.00,0.00,0.00,0.00,0.00,0.00,429837,526808,906847,442941,540437,919951,0,0,0,0,0,0,0,101403,0,126.13,126.26,126.35
2228,3,100,100,100,93661,93661,93661,3618,3618,3618,591,591,591,0.01,0.01,0.01,0.00,0.00,0.00,0.00,0.00,0.00,0.00,0.00,0.00,0.00,0.00,0.00,0.00,0.00,0.00,0.00,0.00,0.00,301409,342819,466526,314515,356448,482251,0,0,0,0,0,0,0,111963,0,139.60,139.64,139.68
2229,0,100,100,100,93656,93656,93656,3623,3623,3623,591,591,591,0.01,0.01,0.01,0.00,0.00,0.00,0.00,0.00,0.00,0.00,0.00,0.00,0.00,0.00,0.00,0.00,0.00,0.00,0.00,0.00,0.00,216663,348927,594924,225399,362206,608028,0,0,0,0,0,0,0,110295,0,137.57,137.61,137.73
2229,1,100,100,100,93625,93625,93625,3654,3654,3654,591,591,591,0.01,0.01,0.01,0.00,0.00,0.00,0.00,0.00,0.00,0.00,0.00,0.00,0.00,0.00,0.00,0.00,0.00,0.00,0.00,0.00,0.00,301409,427735,649988,314513,441363,663093,0,0,0,0,0,0,0,99130,0,123.67,123.72,123.76
2229,2,100,100,100,93620,93620,93620,3659,3659,3659,591,591,591,0.01,0.01,0.01,0.00,0.00,0.00,0.00,0.00,0.00,0.00,0.00,0.00,0.00,0.00,0.00,0.00,0.00,0.00,0.00,0.00,0.00,429837,544633,959266,445563,558785,974992,0,0,0,0,0,0,0,113837,0,126.22,126.30,126.36
2229,3,100,100,100,93661,93661,93661,3618,3618,3618,591,591,591,0.01,0.01,0.01,0.00,0.00,0.00,0.00,0.00,0.00,0.00,0.00,0.00,0.00,0.00,0.00,0.00,0.00,0.00,0.00,0.00,0.00,199187,298785,390521,206176,311714,403626,0,0,0,0,0,0,0,111908,0,139.50,139.56,139.64
2230,0,100,100,100,93656,93656,93656,3623,3623,3623,591,591,591,0.01,0.01,0.01,0.00,0.00,0.00,0.00,0.00,0.00,0.00,0.00,0.00,0.00,0.00,0.00,0.00,0.00,0.00,0.00,0.00,0.00,293545,331285,458662,306650,345438,474388,0,0,0,0,0,0,0,110303,0,137.48,137.52,137.57
2230,1,100,100,100,93625,93625,93625,3654,3654,3654,591,591,591,0.01,0.01,0.01,0.00,0.00,0.00,0.00,0.00,0.00,0.00,0.00,0.00,0.00,0.00,0.00,0.00,0.00,0.00,0.00,0.00,0.00,304028,366400,529400,317133,380553,542504,0,0,0,0,0,0,0,111574,0,123.66,123.73,123.77
2230,2,100,100,100,93620,93620,93620,3659,3659,3659,591,591,591,0.01,0.01,0.01,0.00,0.00,0.00,0.00,0.00,0.00,0.00,0.00,0.00,0.00,0.00,0.00,0.00,0.00,0.00,0.00,0.00,0.00,432457,818778,1842525,448179,832931,1858250,0,0,0,0,0,0,0,101132,0,126.07,126.12,126.22
2230,3,100,100,100,93661,93661,93661,3618,3618,3618,591,591,591,0.01,0.01,0.01,0.00,0.00,0.00,0.00,0.00,0.00,0.00,0.00,0.00,0.00,0.00,0.00,0.00,0.00,0.00,0.00,0.00,0.00,304031,527294,819833,317135,541446,832929,0,0,0,0,0,0,0,112020,0,139.61,139.66,139.74
2231,0,100,100,100,93656,93656,93656,3623,3623,3623,591,591,591,0.01,0.01,0.01,0.00,0.00,0.00,0.00,0.00,0.00,0.00,0.00,0.00,0.00,0.00,0.00,0.00,0.00,0.00,0.00,0.00,0.00,293545,536239,1239681,309270,550392,1252785,0,0,0,0,0,0,0,110341,0,137.50,137.51,137.53
2231,1,100,100,100,93625,93625,93625,3654,3654,3654,591,591,591,0.01,0.01,0.01,0.00,0.00,0.00,0.00,0.00,0.00,0.00,0.00,0.00,0.00,0.00,0.00,0.00,0.00,0.00,0.00,0.00,0.00,200939,380174,560882,211422,393273,573987,0,0,0,0,0,0,0,99199,0,123.82,123.84,123.86
2231,2,100,100,100,93620,93620,93620,3659,3659,3659,591,591,591,0.01,0.01,0.01,0.00,0.00,0.00,0.00,0.00,0.00,0.00,0.00,0.00,0.00,0.00,0.00,0.00,0.00,0.00,0.00,0.00,0.00,422100,466998,620922,432395,479915,633030,0,0,0,0,0,0,0,101236,0,126.08,126.14,126.22
2231,3,100,100,100,93661,93661,93661,3618,3618,3618,591,591,591,0.01,0.01,0.01,0.00,0.00,0.00,0.00,0.00,0.00,0.00,0.00,0.00,0.00,0.00,0.00,0.00,0.00,0.00,0.00,0.00,0.00,298789,332737,441482,311894,346368,451932,0,0,0,0,0,0,0,111963,0,139.67,139.74,139.79
2232,0,100,100,100,93656,93656,93656,3623,3623,3623,591,591,591,0.01,0.01,0.01,0.00,0.00,0.00,0.00,0.00,0.00,0.00,0.00,0.00,0.00,0.00,0.00,0.00,0.00,0.00,0.00,0.00,0.00,206181,357491,670887,216664,370026,681369,0,0,0,0,0,0,0,82718,0,137.56,137.61,137.66
2232,1,100,100,100,93625,93625,93625,3654,3654,3654,591,591,591,0.01,0.01,0.01,0.00,0.00,0.00,0.00,0.00,0.00,0.00,0.00,0.00,0.00,0.00,0.00,0.00,0.00,0.00,0.00,0.00,0.00,308290,375673,558258,323965,389817,571363,0,0,0,0,0,0,0,74411,0,123.84,123.87,123.89
2232,2,100,100,100,93620,93620,93620,3659,3659,3659,591,591,591,0.01,0.01,0.01,0.00,0.00,0.00,0.00,0.00,0.00,0.00,0.00,0.00,0.00,0.00,0.00,0.00,0.00,0.00,0.00,0.00,0.00,429836,631114,954009,440320,645267,969734,0,0,0,0,0,0,0,101308,0,126.22,126.24,126.26
2232,3,100,100,100,93661,93661,93661,3618,3618,3618,591,591,591,0.01,0.01,0.01,0.00,0.00,0.00,0.00,0.00,0.00,0.00,0.00,0.00,0.00,0.00,0.00,0.00,0.00,0.00,0.00,0.00,0.00,294450,313790,359049,307479,327914,372153,0,0,0,0,0,0,0,83928,0,139.65,139.71,139.77
2233,0,100,100,100,93656,93656,93656,3623,3623,3623,591,591,591,0.01,0.01,0.01,0.00,0.00,0.00,0.00,0.00,0.00,0.00,0.00,0.00,0.00,0.00,0.00,0.00,0.00,0.00,0.00,0.00,0.00,293544,381999,629019,306648,395759,647365,0,0,0,0,0,0,0,110350,0,137.47,137.51,137.55
2233,1,100,100,100,93625,93625,93625,3654,3654,3654,591,591,591,0.01,0.01,0.01,0.00,0.00,0.00,0.00,0.00,0.00,0.00,0.00,0.00,0.00,0.00,0.00,0.00,0.00,0.00,0.00,0.00,0.00,296165,382204,615918,309269,395974,629022,0,0,0,0,0,0,0,99140,0,123.78,123.81,123.85
2233,2,100,100,100,93620,93620,93620,3659,3659,3659,591,591,591,0.01,0.01,0.01,0.00,0.00,0.00,0.00,0.00,0.00,0.00,0.00,0.00,0.00,0.00,0.00,0.00,0.00,0.00,0.00,0.00,0.00,424594,810525,1918534,440320,824286,1931639,0,0,0,0,0,0,0,88656,0,126.32,126.34,126.35
2233,3,100,100,100,93661,93661,93661,3618,3618,3618,591,591,591,0.01,0.01,0.01,0.00,0.00,0.00,0.00,0.00,0.00,0.00,0.00,0.00,0.00,0.00,0.00,0.00,0.00,0.00,0.00,0.00,0.00,207929,312768,424603,218413,325873,437708,0,0,0,0,0,0,0,126116,0,139.81,139.86,139.93
2234,0,100,100,100,93656,93656,93656,3623,3623,3623,591,591,591,0.01,0.01,0.01,0.00,0.00,0.00,0.00,0.00,0.00,0.00,0.00,0.00,0.00,0.00,0.00,0.00,0.00,0.00,0.00,0.00,0.00,298771,330233,448176,311875,344386,461280,0,0,0,0,0,0,0,124003,0,137.51,137.58,137.63
2234,1,100,100,100,93625,93625,93625,3654,3654,3654,591,591,591,0.01,0.01,0.01,0.00,0.00,0.00,0.00,0.00,0.00,0.00,0.00,0.00,0.00,0.00,0.00,0.00,0.00,0.00,0.00,0.00,0.00,294454,385187,529436,310089,398808,542541,0,0,0,0,0,0,0,111490,0,123.74,123.76,123.78
2234,2,100,100,100,93620,93620,93620,3659,3659,3659,591,591,591,0.01,0.01,0.01,0.00,0.00,0.00,0.00,0.00,0.00,0.00,0.00,0.00,0.00,0.00,0.00,0.00,0.00,0.00,0.00,0.00,0.00,427212,527854,896348,440317,541483,909452,0,0,0,0,0,0,0,101120,0,126.03,126.14,126.28
2234,3,100,100,100,93661,93661,93661,3618,3618,3618,591,591,591,0.01,0.01,0.01,0.00,0.00,0.00,0.00,0.00,0.00,0.00,0.00,0.00,0.00,0.00,0.00,0.00,0.00,0.00,0.00,0.00,0.00,304015,537292,909476,317120,550921,925202,0,0,0,0,0,0,0,111893,0,139.60,139.67,139.78
2235,0,100,100,100,93656,93656,93656,3623,3623,3623,591,591,591,0.01,0.01,0.01,0.00,0.00,0.00,0.00,0.00,0.00,0.00,0.00,0.00,0.00,0.00,0.00,0.00,0.00,0.00,0.00,0.00,0.00,298786,536242,1208251,311891,550395,1221356,0,0,0,0,0,0,0,110555,0,137.50,137.62,137.76
2235,1,100,100,100,93625,93625,93625,3654,3654,3654,591,591,591,0.01,0.01,0.01,0.00,0.00,0.00,0.00,0.00,0.00,0.00,0.00,0.00,0.00,0.00,0.00,0.00,0.00,0.00,0.00,0.00,0.00,298786,311894,333720,314511,325162,342456,0,0,0,0,0,0,0,99176,0,123.72,123.76,123.78
2235,2,100,100,100,93620,93620,93620,3659,3659,3659,591,591,591,0.01,0.01,0.01,0.00,0.00,0.00,0.00,0.00,0.00,0.00,0.00,0.00,0.00,0.00,0.00,0.00,0.00,0.00,0.00,0.00,0.00,288724,602345,951410,299098,615429,967136,0,0,0,0,0,0,0,101121,0,126.05,126.07,126.09
2235,3,100,100,100,93661,93661,93661,3618,3618,3618,591,591,591,0.01,0.01,0.01,0.00,0.00,0.00,0.00,0.00,0.00,0.00,0.00,0.00,0.00,0.00,0.00,0.00,0.00,0.00,0.00,0.00,0.00,303352,345830,503225,319043,359976,518951,0,0,0,0,0,0,0,112011,0,139.58,139.65,139.69
2236,0,100,100,100,93656,93656,93656,3623,3623,3623,591,591,591,0.01,0.01,0.01,0.00,0.00,0.00,0.00,0.00,0.00,0.00,0.00,0.00,0.00,0.00,0.00,0.00,0.00,0.00,0.00,0.00,0.00,216665,360666,653921,225401,373322,666545,0,0,0,0,0,0,0,110466,0,137.72,137.78,137.82
2236,1,100,100,100,93625,93625,93625,3654,3654,3654,591,591,591,0.01,0.01,0.01,0.00,0.00,0.00,0.00,0.00,0.00,0.00,0.00,0.00,0.00,0.00,0.00,0.00,0.00,0.00,0.00,0.00,0.00,293546,371962,566124,306651,386107,579229,0,0,0,0,0,0,0,99130,0,123.69,123.74,123.77
2236,2,100,100,100,93620,93620,93620,3659,3659,3659,591,591,591,0.01,0.01,0.01,0.00,0.00,0.00,0.00,0.00,0.00,0.00,0.00,0.00,0.00,0.00,0.00,0.00,0.00,0.00,0.00,0.00,0.00,427214,538865,961885,442939,552494,974990,0,0,0,0,0,0,0,101114,0,126.04,126.08,126.12
2236,3,100,100,100,93661,93661,93661,3618,3618,3618,591,591,591,0.01,0.01,0.01,0.00,0.00,0.00,0.00,0.00,0.00,0.00,0.00,0.00,0.00,0.00,0.00,0.00,0.00,0.00,0.00,0.00,0.00,301144,330285,388392,311893,343862,401253,0,0,0,0,0,0,0,112044,0,139.71,139.72,139.75
2237,0,100,100,100,93656,93656,93656,3623,3623,3623,591,591,591,0.01,0.01,0.01,0.00,0.00,0.00,0.00,0.00,0.00,0.00,0.00,0.00,0.00,0.00,0.00,0.00,0.00,0.00,0.00,0.00,0.00,304028,399431,581845,317133,413585,597571,0,0,0,0,0,0,0,110380,0,137.69,137.72,137.78
2237,1,100,100,100,93625,93625,93625,3654,3654,3654,591,591,591,0.01,0.01,0.01,0.00,0.00,0.00,0.00,0.00,0.00,0.00,0.00,0.00,0.00,0.00,0.00,0.00,0.00,0.00,0.00,0.00,0.00,296167,301767,314514,309270,315387,327619,0,0,0,0,0,0,0,99248,0,123.67,123.72,123.77
2237,2,100,100,100,93620,93620,93620,3659,3659,3659,591,591,591,0.01,0.01,0.01,0.00,0.00,0.00,0.00,0.00,0.00,0.00,0.00,0.00,0.00,0.00,0.00,0.00,0.00,0.00,0.00,0.00,0.00,432456,813007,1832044,448182,826636,1845149,0,0,0,0,0,0,0,113807,0,126.00,126.02,126.07
2237,3,100,100,100,93661,93661,93661,3618,3618,3618,591,591,591,0.01,0.01,0.01,0.00,0.00,0.00,0.00,0.00,0.00,0.00,0.00,0.00,0.00,0.00,0.00,0.00,0.00,0.00,0.00,0.00,0.00,202679,418470,995960,211416,431749,1009065,0,0,0,0,0,0,0,126165,0,139.81,139.83,139.87
2238,0,100,100,100,93656,93656,93656,3623,3623,3623,591,591,591,0.01,0.01,0.01,0.00,0.00,0.00,0.00,0.00,0.00,0.00,0.00,0.00,0.00,0.00,0.00,0.00,0.00,0.00,0.00,0.00,0.00,301406,492737,1231846,314512,506890,1244950,0,0,0,0,0,0,0,124283,0,137.60,137.63,137.66
2238,1,100,100,100,93625,93625,93625,3654,3654,3654,591,591,591,0.01,0.01,0.01,0.00,0.00,0.00,0.00,0.00,0.00,0.00,0.00,0.00,0.00,0.00,0.00,0.00,0.00,0.00,0.00,0.00,0.00,296164,385997,522548,311889,400141,538225,0,0,0,0,0,0,0,99096,0,123.79,123.81,123.84
2238,2,100,100,100,93620,93620,93620,3659,3659,3659,591,591,591,0.01,0.01,0.01,0.00,0.00,0.00,0.00,0.00,0.00,0.00,0.00,0.00,0.00,0.00,0.00,0.00,0.00,0.00,0.00,0.00,0.00,424592,541488,985478,437697,556165,998583,0,0,0,0,0,0,0,101196,0,126.07,126.10,126.12
2238,3,100,100,100,93661,93661,93661,3618,3618,3618,591,591,591,0.01,0.01,0.01,0.00,0.00,0.00,0.00,0.00,0.00,0.00,0.00,0.00,0.00,0.00,0.00,0.00,0.00,0.00,0.00,0.00,0.00,296163,393142,589718,311888,407295,602823,0,0,0,0,0,0,0,111979,0,139.79,139.83,139.86
2239,0,100,100,100,93656,93656,93656,3623,3623,3623,591,591,591,0.01,0.01,0.01,0.00,0.00,0.00,0.00,0.00,0.00,0.00,0.00,0.00,0.00,0.00,0.00,0.00,0.00,0.00,0.00,0.00,0.00,298787,432455,715523,314510,446084,728627,0,0,0,0,0,0,0,82953,0,137.68,137.82,137.89
2239,1,100,100,100,93625,93625,93625,3654,3654,3654,591,591,591,0.01,0.01,0.01,0.00,0.00,0.00,0.00,0.00,0.00,0.00,0.00,0.00,0.00,0.00,0.00,0.00,0.00,0.00,0.00,0.00,0.00,303169,338036,416725,318851,351285,429830,0,0,0,0,0,0,0,74372,0,123.75,123.76,123.78
2239,2,100,100,100,93620,93620,93620,3659,3659,3659,591,591,591,0.01,0.01,0.01,0.00,0.00,0.00,0.00,0.00,0.00,0.00,0.00,0.00,0.00,0.00,0.00,0.00,0.00,0.00,0.00,0.00,0.00,288790,512984,935658,297436,525709,949297,0,0,0,0,0,0,0,101213,0,126.14,126.18,126.23
2239,3,100,100,100,93661,93661,93661,3618,3618,3618,591,591,591,0.01,0.01,0.01,0.00,0.00,0.00,0.00,0.00,0.00,0.00,0.00,0.00,0.00,0.00,0.00,0.00,0.00,0.00,0.00,0.00,0.00,301411,333904,442939,314516,347533,458665,0,0,0,0,0,0,0,84118,0,139.80,139.82,139.85
2240,0,100,100,100,93656,93656,93656,3623,3623,3623,591,591,591,0.01,0.01,0.01,0.00,0.00,0.00,0.00,0.00,0.00,0.00,0.00,0.00,0.00,0.00,0.00,0.00,0.00,0.00,0.00,0.00,0.00,303976,329677,398383,317078,342294,407120,0,0,0,0,0,0,0,110398,0,137.66,137.76,137.85
2240,1,100,100,100,93625,93625,93625,3654,3654,3654,591,591,591,0.01,0.01,0.01,0.00,0.00,0.00,0.00,0.00,0.00,0.00,0.00,0.00,0.00,0.00,0.00,0.00,0.00,0.00,0.00,0.00,0.00,290908,356968,531529,301391,370744,547317,0,0,0,0,0,0,0,99282,0,123.73,123.75,123.80
2240,2,100,100,100,93620,93620,93620,3659,3659,3659,591,591,591,0.01,0.01,0.01,0.00,0.00,0.00,0.00,0.00,0.00,0.00,0.00,0.00,0.00,0.00,0.00,0.00,0.00,0.00,0.00,0.00,0.00,424593,554316,909422,437697,568075,922526,0,0,0,0,0,0,0,75986,0,126.16,126.26,126.33
2240,3,100,100,100,93661,93661,93661,3618,3618,3618,591,591,591,0.01,0.01,0.01,0.00,0.00,0.00,0.00,0.00,0.00,0.00,0.00,0.00,0.00,0.00,0.00,0.00,0.00,0.00,0.00,0.00,0.00,301409,338062,421970,314515,351758,432454,0,0,0,0,0,0,0,112170,0,139.82,139.84,139.87
2241,0,100,100,100,93656,93656,93656,3623,3623,3623,591,591,591,0.01,0.01,0.01,0.00,0.00,0.00,0.00,0.00,0.00,0.00,0.00,0.00,0.00,0.00,0.00,0.00,0.00,0.00,0.00,0.00,0.00,296166,335480,477014,309270,349633,490119,0,0,0,0,0,0,0,110265,0,137.55,137.59,137.62
2241,1,100,100,100,93625,93625,93625,3654,3654,3654,591,591,591,0.01,0.01,0.01,0.00,0.00,0.00,0.00,0.00,0.00,0.00,0.00,0.00,0.00,0.00,0.00,0.00,0.00,0.00,0.00,0.00,0.00,294068,349997,537293,307080,364144,550398,0,0,0,0,0,0,0,111544,0,123.77,123.81,123.84
2241,2,100,100,100,93620,93620,93620,3659,3659,3659,591,591,591,0.01,0.01,0.01,0.00,0.00,0.00,0.00,0.00,0.00,0.00,0.00,0.00,0.00,0.00,0.00,0.00,0.00,0.00,0.00,0.00,0.00,429833,813532,1910623,442938,827685,1923728,0,0,0,0,0,0,0,101018,0,125.98,126.15,126.32
2241,3,100,100,100,93661,93661,93661,3618,3618,3618,591,591,591,0.01,0.01,0.01,0.00,0.00,0.00,0.00,0.00,0.00,0.00,0.00,0.00,0.00,0.00,0.00,0.00,0.00,0.00,0.00,0.00,0.00,200942,482596,1011680,209678,495875,1027406,0,0,0,0,0,0,0,126130,0,139.86,139.88,139.91
2242,0,100,100,100,93656,93656,93656,3623,3623,3623,591,591,591,0.01,0.01,0.01,0.00,0.00,0.00,0.00,0.00,0.00,0.00,0.00,0.00,0.00,0.00,0.00,0.00,0.00,0.00,0.00,0.00,0.00,298789,536239,1179420,311894,550392,1192525,0,0,0,0,0,0,0,124041,0,137.48,137.52,137.59
2242,1,100,100,100,93625,93625,93625,3654,3654,3654,591,591,591,0.01,0.01,0.01,0.00,0.00,0.00,0.00,0.00,0.00,0.00,0.00,0.00,0.00,0.00,0.00,0.00,0.00,0.00,0.00,0.00,0.00,298785,360606,500048,314510,374735,515840,0,0,0,0,0,0,0,99080,0,123.60,123.66,123.72
2242,2,100,100,100,93620,93620,93620,3659,3659,3659,591,591,591,0.01,0.01,0.01,0.00,0.00,0.00,0.00,0.00,0.00,0.00,0.00,0.00,0.00,0.00,0.00,0.00,0.00,0.00,0.00,0.00,0.00,429813,547247,1006443,445538,561400,1022169,0,0,0,0,0,0,0,101140,0,125.91,125.96,126.05
2242,3,100,100,100,93661,93661,93661,3618,3618,3618,591,591,591,0.01,0.01,0.01,0.00,0.00,0.00,0.00,0.00,0.00,0.00,0.00,0.00,0.00,0.00,0.00,0.00,0.00,0.00,0.00,0.00,0.00,298772,343865,505838,311876,357494,524185,0,0,0,0,0,0,0,112050,0,139.76,139.80,139.83
2243,0,100,100,100,93656,93656,93656,3623,3623,3623,591,591,591,0.01,0.01,0.01,0.00,0.00,0.00,0.00,0.00,0.00,0.00,0.00,0.00,0.00,0.00,0.00,0.00,0.00,0.00,0.00,0.00,0.00,298786,374795,665720,311891,388948,678825,0,0,0,0,0,0,0,110217,0,137.41,137.44,137.46
2243,1,100,100,100,93625,93625,93625,3654,3654,3654,591,591,591,0.01,0.01,0.01,0.00,0.00,0.00,0.00,0.00,0.00,0.00,0.00,0.00,0.00,0.00,0.00,0.00,0.00,0.00,0.00,0.00,0.00,309271,389640,566121,322375,402395,581846,0,0,0,0,0,0,0,99129,0,123.69,123.71,123.74
2243,2,100,100,100,93620,93620,93620,3659,3659,3659,591,591,591,0.01,0.01,0.01,0.00,0.00,0.00,0.00,0.00,0.00,0.00,0.00,0.00,0.00,0.00,0.00,0.00,0.00,0.00,0.00,0.00,0.00,291665,494855,885343,300193,507561,900785,0,0,0,0,0,0,0,101195,0,126.07,126.13,126.15
2243,3,100,100,100,93661,93661,93661,3618,3618,3618,591,591,591,0.01,0.01,0.01,0.00,0.00,0.00,0.00,0.00,0.00,0.00,0.00,0.00,0.00,0.00,0.00,0.00,0.00,0.00,0.00,0.00,0.00,301409,328667,432457,314514,342820,445562,0,0,0,0,0,0,0,112090,0,139.81,139.84,139.88
2244,0,100,100,100,93656,93656,93656,3623,3623,3623,591,591,591,0.01,0.01,0.01,0.00,0.00,0.00,0.00,0.00,0.00,0.00,0.00,0.00,0.00,0.00,0.00,0.00,0.00,0.00,0.00,0.00,0.00,200932,352838,652613,211415,365385,668339,0,0,0,0,0,0,0,110267,0,137.46,137.49,137.52
2244,1,100,100,100,93625,93625,93625,3654,3654,3654,591,591,591,0.01,0.01,0.01,0.00,0.00,0.00,0.00,0.00,0.00,0.00,0.00,0.00,0.00,0.00,0.00,0.00,0.00,0.00,0.00,0.00,0.00,296167,364306,594948,309272,378459,610673,0,0,0,0,0,0,0,99222,0,123.73,123.82,123.88
2244,2,100,100,100,93620,93620,93620,3659,3659,3659,591,591,591,0.01,0.01,0.01,0.00,0.00,0.00,0.00,0.00,0.00,0.00,0.00,0.00,0.00,0.00,0.00,0.00,0.00,0.00,0.00,0.00,0.00,427216,826123,1876603,442942,840276,1889707,0,0,0,0,0,0,0,113832,0,126.11,126.13,126.17
2244,3,100,100,100,93661,93661,93661,3618,3618,3618,591,591,591,0.01,0.01,0.01,0.00,0.00,0.00,0.00,0.00,0.00,0.00,0.00,0.00,0.00,0.00,0.00,0.00,0.00,0.00,0.00,0.00,0.00,298781,323420,398385,314506,337573,411489,0,0,0,0,0,0,0,126007,0,139.79,139.81,139.84
2245,0,1,59,100,93576,93615,93656,3623,3663,3703,591,591,591,0.00,0.01,0.03,0.00,0.00,0.01,0.00,0.00,0.00,0.00,0.00,0.00,0.00,0.00,0.00,0.00,0.00,0.00,0.00,0.00,0.00,298788,534630,1258017,311893,554023,1289468,0,65775519,328877599,0,65767136,328835683,0,127472,0,137.57,139.04,140.93
2245,1,0,60,100,93545,93584,93625,3654,3694,3734,591,591,591,0.00,0.01,0.03,0.00,0.00,0.01,0.00,0.00,0.00,0.00,0.00,0.00,0.00,0.00,0.00,0.00,0.00,0.00,0.00,0.00,0.00,290926,436969,741675,304031,456351,765262,0,65794721,328973607,0,65826170,329130853,0,115024,0,123.81,125.12,127.15
2245,2,0,78,100,93540,93579,93620,3659,3699,3739,591,591,591,0.00,0.01,0.03,0.00,0.00,0.01,0.00,0.00,0.00,0.00,0.00,0.00,0.00,0.00,0.00,0.00,0.00,0.00,0.00,0.00,0.00,429837,610139,901561,442942,629534,914665,0,65829993,329149965,0,65798017,328990089,0,104219,0,126.15,127.32,129.22
2245,3,1,78,100,93581,93620,93661,3618,3658,3698,591,591,591,0.00,0.01,0.03,0.00,0.00,0.01,0.00,0.00,0.00,0.00,0.00,0.00,0.00,0.00,0.00,0.00,0.00,0.00,0.00,0.00,0.00,324998,545498,828218,348587,564019,841322,0,65797078,328985394,0,65805990,329029951,0,115913,0,139.73,141.43,143.62
2246,0,0,25,100,93576,93576,93576,3703,3703,3703,591,591,591,0.00,0.00,0.01,0.00,0.00,0.00,0.00,0.00,0.00,0.00,0.00,0.00,0.00,0.00,0.00,0.00,0.00,0.00,0.00,0.00,0.00,306651,408867,629025,322378,516325,1103416,0,0,0,0,0,0,0,111012,0,138.29,139.95,141.08
2246,1,0,24,100,93545,93545,93545,3734,3734,3734,591,591,591,0.00,0.00,0.01,0.00,0.00,0.00,0.00,0.00,0.00,0.00,0.00,0.00,0.00,0.00,0.00,0.00,0.00,0.00,0.00,0.00,0.00,296163,399784,513707,311889,480483,796766,0,0,0,0,0,0,0,74730,0,124.18,126.11,127.36
2246,2,0,14,72,93540,93540,93540,3739,3739,3739,591,591,591,0.00,0.00,0.01,0.00,0.00,0.00,0.00,0.00,0.00,0.00,0.00,0.00,0.00,0.00,0.00,0.00,0.00,0.00,0.00,0.00,0.00,427234,509052,818032,440339,588033,1155276,0,0,0,0,0,0,0,101503,0,126.42,128.20,129.33
2246,3,0,20,100,93581,93581,93581,3698,3698,3698,591,591,591,0.00,0.00,0.01,0.00,0.00,0.00,0.00,0.00,0.00,0.00,0.00,0.00,0.00,0.00,0.00,0.00,0.00,0.00,0.00,0.00,0.00,293542,390522,623789,309267,492739,1079836,0,0,0,0,0,0,0,85984,0,142.24,143.81,144.87
2247,0,0,2,3,90378,91838,93328,3951,5438,6901,591,591,591,0.00,0.01,0.04,0.00,0.01,0.02,0.00,0.00,0.00,0.00,0.00,0.00,0.00,0.00,0.00,0.00,0.00,0.00,0.00,0.00,0.01,332800,562612,906766,593593,1061689,1635178,0,0,0,0,0,0,0,85620,0,138.34,139.21,140.66
2247,1,0,2,4,90367,91816,93305,3974,5466,6912,591,591,591,0.00,0.01,0.04,0.00,0.01,0.02,0.00,0.00,0.00,0.00,0.00,0.00,0.00,0.00,0.00,0.00,0.00,0.00,0.00,0.00,0.01,310427,476619,922514,602803,992567,1692950,0,0,0,0,655,2620,0,102372,0,124.11,125.59,126.98
2247,2,0,13,43,90386,91834,93344,3935,5445,6893,591,591,591,0.00,0.01,0.02,0.00,0.01,0.01,0.00,0.00,0.00,0.00,0.00,0.00,0.00,0.00,0.00,0.00,0.00,0.00,0.00,0.00,0.01,432414,639455,932942,673518,1153770,1729612,0,655,2620,0,0,0,0,78830,0,126.64,127.89,129.22
2247,3,0,24,85,90455,91906,93425,3854,5372,6824,591,591,591,0.00,0.01,0.04,0.00,0.01,0.02,0.00,0.00,0.00,0.00,0.00,0.00,0.00,0.00,0.00,0.00,0.00,0.00,0.00,0.00,0.01,306622,526083,995840,400826,1031910,1997183,0,0,0,0,0,0,0,116265,0,141.61,142.47,143.88
2248,0,12,66,100,88188,89651,90378,6901,7627,9091,591,591,591,0.01,0.03,0.07,0.00,0.01,0.04,0.00,0.00,0.00,0.00,0.00,0.00,0.00,0.00,0.00,0.00,0.00,0.00,0.00,0.01,0.05,204433,471747,825533,214916,898926,1842381,0,0,0,0,0,0,0,121186,0,140.56,143.88,148.41
2248,1,12,67,100,88189,89635,90367,6912,7644,9090,591,591,591,0.01,0.03,0.07,0.00,0.01,0.04,0.00,0.00,0.00,0.00,0.00,0.00,0.00,0.00,0.00,0.00,0.00,0.00,0.00,0.01,0.05,296546,405149,626374,312154,813452,1593454,0,0,0,0,0,0,0,108866,0,126.77,129.66,133.94
2248,2,7,59,100,88154,89638,90386,6893,7640,9125,591,591,591,0.01,0.02,0.08,0.00,0.01,0.04,0.00,0.00,0.01,0.00,0.00,0.00,0.00,0.00,0.00,0.00,0.00,0.00,0.00,0.01,0.04,437691,886341,1871170,453417,1222324,2154277,0,0,0,0,0,0,0,124483,0,129.01,132.10,136.69
2248,3,11,66,100,88237,89719,90455,6824,7560,9042,591,591,591,0.01,0.03,0.05,0.00,0.01,0.03,0.00,0.00,0.00,0.00,0.00,0.00,0.00,0.00,0.00,0.00,0.00,0.00,0.00,0.01,0.03,304003,537938,1347021,317106,861137,2240668,0,0,0,0,0,0,0,138327,0,143.43,145.95,150.94
2249,0,33,64,98,88012,88085,88104,9175,9193,9267,591,591,591,0.04,0.08,0.13,0.02,0.04,0.06,0.00,0.01,0.01,0.00,0.00,0.00,0.00,0.00,0.00,0.00,0.00,0.00,0.01,0.03,0.05,338039,624783,1103348,833332,1292545,1742819,0,1048,2620,0,524,2620,0,153487,0,156.85,165.80,171.97
2249,1,31,61,95,87989,88067,88105,9174,9211,9290,591,591,591,0.04,0.08,0.13,0.02,0.04,0.06,0.00,0.01,0.01,0.00,0.00,0.00,0.00,0.00,0.00,0.00,0.00,0.00,0.01,0.03,0.05,338504,618372,998593,877507,1291818,1845169,0,1048,2620,0,1040,2603,0,126959,0,141.03,149.57,156.18
2249,2,19,38,55,87768,87882,88070,9209,9396,9511,591,591,591,0.05,0.08,0.13,0.02,0.04,0.06,0.00,0.01,0.01,0.00,0.00,0.00,0.00,0.00,0.00,0.00,0.00,0.00,0.01,0.03,0.05,508425,746386,1100695,1053505,1428828,1617109,0,0,0,0,524,2620,0,126171,0,144.45,152.83,158.96
2249,3,24,45,59,87979,88067,88153,9126,9211,9300,591,591,591,0.04,0.08,0.13,0.02,0.04,0.06,0.00,0.01,0.01,0.00,0.00,0.00,0.00,0.00,0.00,0.00,0.00,0.00,0.01,0.03,0.05,398180,535543,691900,961395,1245053,1690439,0,0,0,0,0,0,0,141544,0,159.21,167.95,175.00
2250,0,45,59,94,88012,88012,88012,9267,9267,9267,591,591,591,0.05,0.08,0.10,0.02,0.04,0.05,0.00,0.01,0.01,0.00,0.00,0.00,0.00,0.00,0.00,0.00,0.00,0.00,0.01,0.03,0.04,366913,570263,1061356,739017,1045137,1656239,0,524,2620,0,0,0,0,136735,0,167.33,169.47,171.47
2250,1,29,41,51,87989,87989,87989,9290,9290,9290,591,591,591,0.06,0.08,0.13,0.02,0.04,0.07,0.00,0.01,0.01,0.00,0.00,0.00,0.00,0.00,0.00,0.00,0.00,0.00,0.01,0.03,0.05,267312,544027,770427,592279,1099552,1441276,0,524,2620,0,1047,2622,0,124515,0,151.28,154.01,156.51
2250,2,42,46,56,87768,87768,87768,9511,9511,9511,591,591,591,0.06,0.08,0.09,0.03,0.04,0.04,0.01,0.01,0.01,0.00,0.00,0.00,0.00,0.00,0.00,0.00,0.00,0.00,0.01,0.03,0.04,391368,678873,1150521,791357,1255159,1648469,0,2096,5241,0,1583,5345,0,127312,0,157.24,159.50,162.06
2250,3,30,47,63,87769,87903,87979,9300,9375,9510,591,591,591,0.05,0.08,0.10,0.02,0.04,0.05,0.00,0.01,0.01,0.00,0.00,0.00,0.00,0.00,0.00,0.00,0.00,0.00,0.01,0.03,0.04,385237,451012,517457,694476,952329,1127067,0,522,2613,0,1572,7863,0,138472,0,171.76,174.17,176.47
2251,0,26,46,64,88012,88012,88012,9267,9267,9267,591,591,591,0.08,0.09,0.11,0.03,0.05,0.05,0.00,0.01,0.01,0.00,0.00,0.00,0.00,0.00,0.00,0.00,0.00,0.00,0.03,0.04,0.05,291761,485503,707437,746001,1052846,1444050,0,0,0,0,0,0,0,140761,0,169.16,171.19,172.71
2251,1,25,40,51,87989,87989,87989,9290,9290,9290,591,591,591,0.05,0.09,0.10,0.02,0.04,0.05,0.00,0.01,0.01,0.00,0.00,0.00,0.00,0.00,0.00,0.00,0.00,0.00,0.01,0.04,0.05,364274,508378,689043,799306,1062350,1490744,0,0,0,0,0,0,0,132406,0,153.15,158.90,161.74
2251,2,21,48,64,87768,87768,87768,9511,9511,9511,591,591,591,0.09,0.10,0.11,0.04,0.05,0.05,0.01,0.01,0.01,0.00,0.00,0.00,0.00,0.00,0.00,0.00,0.00,0.00,0.03,0.04,0.05,524142,901528,1658929,964422,1438251,2067765,0,0,0,0,0,0,0,147062,0,156.96,160.35,162.25
2251,3,22,47,62,87769,87769,87769,9510,9510,9510,591,591,591,0.08,0.09,0.10,0.04,0.04,0.05,0.00,0.01,0.01,0.00,0.00,0.00,0.00,0.00,0.00,0.00,0.00,0.00,0.02,0.03,0.05,333624,423612,663051,692912,955826,1520039,0,524,2620,0,0,0,0,157109,0,175.36,176.87,179.23
2252,0,32,50,60,88012,88012,88012,9267,9267,9267,591,591,591,0.05,0.09,0.13,0.02,0.04,0.07,0.00,0.01,0.01,0.00,0.00,0.00,0.00,0.00,0.00,0.00,0.00,0.00,0.01,0.03,0.05,456004,543006,788809,967042,1176165,1506861,0,0,0,0,524,2620,0,159716,0,168.28,170.25,172.09
2252,1,32,51,66,87863,87896,87989,9290,9382,9416,591,591,591,0.05,0.09,0.13,0.02,0.04,0.07,0.00,0.01,0.01,0.00,0.00,0.00,0.00,0.00,0.00,0.00,0.00,0.00,0.01,0.03,0.05,552081,628800,707610,1067531,1283819,1425660,0,1048,5241,0,524,2620,0,147888,0,156.50,158.84,160.73
2252,2,28,41,53,87768,87768,87768,9511,9511,9511,591,591,591,0.08,0.09,0.11,0.04,0.04,0.05,0.00,0.01,0.01,0.00,0.00,0.00,0.00,0.00,0.00,0.00,0.00,0.00,0.01,0.04,0.05,479592,739557,1202925,1069254,1384767,1999634,0,524,2620,0,524,2620,0,130673,0,160.18,161.64,164.51
2252,3,31,49,71,87769,87769,87769,9510,9510,9510,591,591,591,0.05,0.09,0.13,0.02,0.04,0.06,0.00,0.01,0.01,0.00,0.00,0.00,0.00,0.00,0.00,0.00,0.00,0.00,0.01,0.04,0.05,220151,633483,1107668,870193,1279023,1785548,0,0,0,0,0,0,0,140839,0,174.01,175.57,176.95
2253,0,24,47,60,87886,87936,88012,9267,9342,9393,591,591,591,0.06,0.09,0.12,0.03,0.04,0.06,0.00,0.01,0.01,0.00,0.00,0.00,0.00,0.00,0.00,0.00,0.00,0.00,0.02,0.04,0.05,356421,699750,1244862,1050917,1377485,1949847,0,524,2620,0,524,2620,0,137670,0,170.78,173.67,176.07
2253,1,24,43,56,87863,87863,87863,9416,9416,9416,591,591,591,0.07,0.09,0.10,0.04,0.04,0.05,0.00,0.01,0.01,0.00,0.00,0.00,0.00,0.00,0.00,0.00,0.00,0.00,0.03,0.04,0.05,366898,589058,718629,1022074,1266517,1510428,0,524,2620,0,524,2620,0,95492,0,157.64,160.94,162.74
2253,2,26,47,62,87768,87768,87768,9511,9511,9511,591,591,591,0.06,0.09,0.13,0.03,0.05,0.07,0.00,0.01,0.01,0.00,0.00,0.00,0.00,0.00,0.00,0.00,0.00,0.00,0.01,0.04,0.05,545118,894208,1478218,1053546,1553064,2175393,0,524,2620,0,0,0,0,129688,0,159.68,162.80,166.31
2253,3,35,50,59,87769,87769,87769,9510,9510,9510,591,591,591,0.06,0.09,0.11,0.03,0.04,0.05,0.00,0.01,0.01,0.00,0.00,0.00,0.00,0.00,0.00,0.00,0.00,0.00,0.02,0.03,0.05,461260,650457,838623,1058802,1308254,1472802,0,0,0,0,524,2620,0,106475,0,172.73,175.08,177.23
2254,0,27,54,71,87886,87886,87886,9393,9393,9393,591,591,591,0.05,0.08,0.11,0.02,0.04,0.05,0.00,0.01,0.01,0.00,0.00,0.00,0.00,0.00,0.00,0.00,0.00,0.00,0.01,0.03,0.05,411459,669497,1189869,909404,1293768,1902743,0,0,0,0,0,0,0,97302,0,171.10,173.68,176.57
2254,1,28,55,71,87863,87863,87863,9416,9416,9416,591,591,591,0.05,0.07,0.09,0.02,0.03,0.04,0.00,0.01,0.01,0.00,0.00,0.00,0.00,0.00,0.00,0.00,0.00,0.00,0.01,0.02,0.05,324972,601242,770515,623737,1166670,1491235,0,0,0,0,0,0,0,123423,0,157.08,160.87,163.59
2254,2,25,48,100,87768,87768,87768,9511,9511,9511,591,591,591,0.05,0.07,0.09,0.02,0.03,0.05,0.00,0.01,0.01,0.00,0.00,0.00,0.00,0.00,0.00,0.00,0.00,0.00,0.01,0.02,0.05,487448,741108,1209476,825517,1377931,2068339,0,0,0,0,432,1731,0,91540,0,155.42,157.96,160.07
2254,3,23,52,71,87769,87769,87769,9510,9510,9510,591,591,591,0.05,0.08,0.13,0.02,0.04,0.07,0.00,0.01,0.01,0.00,0.00,0.00,0.00,0.00,0.00,0.00,0.00,0.00,0.01,0.03,0.05,461252,596894,765293,1003748,1250137,1593488,0,655,2620,0,0,0,0,137220,0,171.21,175.17,179.09
2255,0,36,55,100,87886,87886,87886,9393,9393,9393,591,591,591,0.01,0.07,0.13,0.00,0.03,0.07,0.00,0.01,0.01,0.00,0.00,0.00,0.00,0.00,0.00,0.00,0.00,0.00,0.00,0.03,0.05,260330,570402,778154,594043,1116711,1433490,0,0,0,0,0,0,0,132247,0,164.84,167.74,171.48
2255,1,43,58,100,87863,87863,87863,9416,9416,9416,591,591,591,0.01,0.08,0.13,0.00,0.04,0.07,0.00,0.01,0.01,0.00,0.00,0.00,0.00,0.00,0.00,0.00,0.00,0.00,0.00,0.03,0.05,382627,506320,639493,815039,1073958,1307619,0,0,0,0,524,2620,0,121254,0,153.45,155.40,158.96
2255,2,43,61,100,87768,87768,87768,9511,9511,9511,591,591,591,0.05,0.08,0.09,0.02,0.04,0.05,0.00,0.01,0.01,0.00,0.00,0.00,0.00,0.00,0.00,0.00,0.00,0.00,0.01,0.03,0.05,490083,954974,2070331,930341,1492216,2599706,0,524,2620,0,0,0,0,122921,0,152.64,154.90,157.19
2255,3,45,73,97,87769,87769,87769,9510,9510,9510,591,591,591,0.04,0.07,0.09,0.02,0.03,0.05,0.00,0.01,0.01,0.00,0.00,0.00,0.00,0.00,0.00,0.00,0.00,0.00,0.01,0.03,0.05,319732,462227,715531,492702,973612,1501829,0,0,0,0,0,0,0,154647,0,166.71,169.73,173.29
2256,0,34,45,55,87886,87886,87886,9393,9393,9393,591,591,591,0.05,0.09,0.12,0.02,0.04,0.06,0.00,0.01,0.01,0.00,0.00,0.00,0.00,0.00,0.00,0.00,0.00,0.00,0.01,0.04,0.05,359024,600674,1307741,589638,1089185,1803058,0,0,0,0,524,2620,0,158617,0,163.88,169.90,175.16
2256,1,31,47,61,87863,87863,87863,9416,9416,9416,591,591,591,0.05,0.09,0.12,0.02,0.04,0.06,0.00,0.01,0.01,0.00,0.00,0.00,0.00,0.00,0.00,0.00,0.00,0.00,0.01,0.04,0.05,374769,523639,762693,623707,999057,1493936,0,1048,2620,0,524,2620,0,132123,0,150.09,156.57,162.89
2256,2,30,55,73,87768,87768,87768,9511,9511,9511,591,591,591,0.05,0.09,0.11,0.02,0.04,0.05,0.00,0.01,0.01,0.00,0.00,0.00,0.00,0.00,0.00,0.00,0.00,0.00,0.01,0.04,0.05,479572,638421,880632,715427,1126937,1711467,0,1572,5241,0,524,2620,0,129725,0,151.47,156.33,160.82
2256,3,57,68,94,87769,87769,87769,9510,9510,9510,591,591,591,0.04,0.09,0.13,0.02,0.05,0.07,0.00,0.01,0.01,0.00,0.00,0.00,0.00,0.00,0.00,0.00,0.00,0.00,0.01,0.04,0.05,359031,578663,1014271,762615,1107004,1758594,0,0,0,0,1048,5241,0,146251,0,165.98,171.32,176.10
2257,0,28,50,84,87886,87886,87886,9393,9393,9393,591,591,591,0.05,0.09,0.13,0.02,0.05,0.07,0.00,0.01,0.01,0.00,0.00,0.00,0.00,0.00,0.00,0.00,0.00,0.00,0.01,0.04,0.05,382617,683994,898945,1119024,1337590,1617053,0,0,0,0,0,0,0,139139,0,174.13,176.28,179.92
2257,1,29,48,86,87863,87863,87863,9416,9416,9416,591,591,591,0.04,0.09,0.13,0.02,0.05,0.07,0.00,0.01,0.01,0.00,0.00,0.00,0.00,0.00,0.00,0.00,0.00,0.00,0.01,0.04,0.05,513248,643539,739035,1077128,1288816,1485933,0,0,0,0,0,0,0,129415,0,160.38,163.19,168.55
2257,2,18,44,74,87768,87768,87768,9511,9511,9511,591,591,591,0.07,0.09,0.10,0.03,0.04,0.05,0.01,0.01,0.01,0.00,0.00,0.00,0.00,0.00,0.00,0.00,0.00,0.00,0.01,0.03,0.05,448130,737993,1155704,830744,1404707,1865899,0,0,0,0,524,2620,0,131700,0,159.65,162.90,165.78
2257,3,47,55,67,87769,87769,87769,9510,9510,9510,591,591,591,0.05,0.09,0.13,0.02,0.04,0.06,0.00,0.01,0.01,0.00,0.00,0.00,0.00,0.00,0.00,0.00,0.00,0.00,0.01,0.04,0.05,456032,632570,916919,898960,1317039,1697610,0,523,2619,0,0,0,0,142731,0,176.66,180.10,184.61
2258,0,45,62,94,87886,87886,87886,9393,9393,9393,591,591,591,0.04,0.08,0.11,0.02,0.04,0.05,0.00,0.01,0.01,0.00,0.00,0.00,0.00,0.00,0.00,0.00,0.00,0.00,0.01,0.03,0.04,380013,518611,758602,623746,1025946,1402088,0,524,2620,0,0,0,0,136832,0,171.05,172.80,177.59
2258,1,44,60,92,87863,87863,87863,9416,9416,9416,591,591,591,0.04,0.08,0.12,0.02,0.04,0.06,0.00,0.01,0.01,0.00,0.00,0.00,0.00,0.00,0.00,0.00,0.00,0.00,0.01,0.03,0.04,366864,486408,660423,605326,960241,1334015,0,0,0,0,524,2620,0,127692,0,156.05,158.85,163.74
2258,2,25,41,72,87768,87768,87768,9511,9511,9511,591,591,591,0.08,0.10,0.10,0.04,0.05,0.05,0.01,0.01,0.01,0.00,0.00,0.00,0.00,0.00,0.00,0.00,0.00,0.00,0.04,0.04,0.04,500478,631313,955205,906625,1106570,1308326,0,0,0,0,0,0,0,142429,0,157.53,160.72,165.06
2258,3,55,60,70,87769,87769,87769,9510,9510,9510,591,591,591,0.07,0.08,0.11,0.03,0.04,0.05,0.00,0.01,0.01,0.00,0.00,0.00,0.00,0.00,0.00,0.00,0.00,0.00,0.01,0.03,0.04,2620,326547,885805,175623,684023,1462365,0,0,0,0,0,0,0,155447,0,175.04,176.38,178.35
2259,0,42,50,70,87886,87886,87886,9393,9393,9393,591,591,591,0.06,0.09,0.13,0.03,0.05,0.06,0.00,0.01,0.01,0.00,0.00,0.00,0.00,0.00,0.00,0.00,0.00,0.00,0.01,0.04,0.05,324965,461747,581785,718070,1004727,1197428,0,0,0,0,0,0,0,137077,0,172.05,173.48,176.74
2259,1,41,46,56,87863,87863,87863,9416,9416,9416,591,591,591,0.07,0.09,0.12,0.03,0.05,0.06,0.00,0.01,0.01,0.00,0.00,0.00,0.00,0.00,0.00,0.00,0.00,0.00,0.01,0.04,0.05,358995,448139,636838,809828,992194,1216020,0,524,2620,0,0,0,0,144787,0,155.46,158.48,160.45
2259,2,29,51,63,87768,87768,87768,9511,9511,9511,591,591,591,0.05,0.09,0.12,0.02,0.04,0.06,0.00,0.01,0.01,0.00,0.00,0.00,0.00,0.00,0.00,0.00,0.00,0.00,0.01,0.03,0.05,463881,878968,1467755,922522,1458635,2067962,0,524,2620,0,524,2620,0,130461,0,157.79,161.23,164.18
2259,3,19,45,68,87769,87769,87769,9510,9510,9510,591,591,591,0.07,0.10,0.13,0.03,0.05,0.06,0.00,0.01,0.01,0.00,0.00,0.00,0.00,0.00,0.00,0.00,0.00,0.00,0.04,0.04,0.05,395710,719093,957608,995827,1379324,1621404,0,0,0,0,544,2720,0,141595,0,174.91,177.03,178.81
2260,0,22,54,100,87886,87886,87886,9393,9393,9393,591,591,591,0.05,0.08,0.11,0.02,0.04,0.06,0.00,0.01,0.01,0.00,0.00,0.00,0.00,0.00,0.00,0.00,0.00,0.00,0.01,0.03,0.05,338061,643144,1313068,673502,1293096,2146513,0,0,0,0,524,2620,0,136340,0,169.44,172.24,175.26
2260,1,36,56,100,87863,87863,87863,9416,9416,9416,591,591,591,0.05,0.08,0.11,0.02,0.04,0.06,0.00,0.01,0.01,0.00,0.00,0.00,0.00,0.00,0.00,0.00,0.00,0.00,0.01,0.03,0.05,324981,477505,712856,683959,1091817,1541051,0,524,2620,0,524,2620,0,126415,0,157.74,160.30,163.00
2260,2,29,54,68,87768,87768,87768,9511,9511,9511,591,591,591,0.02,0.09,0.13,0.01,0.04,0.07,0.00,0.01,0.01,0.00,0.00,0.00,0.00,0.00,0.00,0.00,0.00,0.00,0.00,0.04,0.05,508394,817128,1302459,1160921,1490645,2091273,0,524,2620,0,524,2620,0,131392,0,160.24,163.18,166.83
2260,3,21,55,100,87769,87769,87769,9510,9510,9510,591,591,591,0.05,0.08,0.10,0.02,0.04,0.05,0.00,0.01,0.01,0.00,0.00,0.00,0.00,0.00,0.00,0.00,0.00,0.00,0.01,0.03,0.05,445455,634200,917262,833428,1280974,1792593,0,524,2620,0,0,0,0,104973,0,175.86,177.39,178.83
2261,0,41,48,55,87886,87886,87886,9393,9393,9393,591,591,591,0.08,0.10,0.12,0.04,0.05,0.06,0.00,0.01,0.01,0.00,0.00,0.00,0.00,0.00,0.00,0.00,0.00,0.00,0.02,0.04,0.05,359056,591226,1145193,925140,1212337,1766270,0,1048,2620,0,0,0,0,108601,0,167.56,172.92,176.02
2261,1,36,47,58,87863,87863,87863,9416,9416,9416,591,591,591,0.08,0.09,0.12,0.04,0.05,0.06,0.01,0.01,0.01,0.00,0.00,0.00,0.00,0.00,0.00,0.00,0.00,0.00,0.02,0.04,0.05,331636,564064,927765,841754,1166597,1603933,0,0,0,0,1582,2672,0,101367,0,158.64,161.97,164.17
2261,2,26,43,55,87768,87768,87768,9511,9511,9511,591,591,591,0.05,0.09,0.12,0.02,0.05,0.06,0.00,0.01,0.01,0.00,0.00,0.00,0.00,0.00,0.00,0.00,0.00,0.00,0.01,0.04,0.05,678733,822756,1106014,1310020,1457063,1643296,0,1033,5167,0,0,0,0,100265,0,160.00,162.75,163.92
2261,3,36,52,63,87769,87769,87769,9510,9510,9510,591,591,591,0.07,0.10,0.12,0.03,0.05,0.06,0.01,0.01,0.01,0.00,0.00,0.00,0.00,0.00,0.00,0.00,0.00,0.00,0.01,0.04,0.05,372127,515235,665667,809769,1135824,1504302,0,0,0,0,524,2620,0,142696,0,174.07,176.67,179.33
2262,0,23,49,63,87886,87886,87886,9393,9393,9393,591,591,591,0.07,0.09,0.10,0.04,0.04,0.05,0.00,0.01,0.01,0.00,0.00,0.00,0.00,0.00,0.00,0.00,0.00,0.00,0.03,0.04,0.05,311331,587945,888523,802772,1225734,1559448,0,518,2590,0,0,0,0,138811,0,172.02,173.36,176.08
2262,1,12,45,59,87863,87863,87863,9416,9416,9416,591,591,591,0.07,0.09,0.10,0.04,0.04,0.05,0.00,0.01,0.01,0.00,0.00,0.00,0.00,0.00,0.00,0.00,0.00,0.00,0.02,0.04,0.05,387880,601731,718047,830798,1267939,1491286,0,1048,5241,0,524,2620,0,128860,0,159.96,162.48,164.53
2262,2,31,46,66,87768,87768,87768,9511,9511,9511,591,591,591,0.05,0.09,0.13,0.02,0.05,0.07,0.00,0.01,0.01,0.00,0.00,0.00,0.00,0.00,0.00,0.00,0.00,0.00,0.01,0.04,0.05,465353,875412,2114987,889570,1467754,2759704,0,524,2620,0,1572,7861,0,144595,0,160.91,162.99,165.30
2262,3,28,53,72,87769,87769,87769,9510,9510,9510,591,591,591,0.08,0.09,0.10,0.04,0.04,0.05,0.00,0.01,0.01,0.00,0.00,0.00,0.00,0.00,0.00,0.00,0.00,0.00,0.02,0.04,0.05,335428,570249,898920,762527,1192911,1784736,0,524,2620,0,524,2620,0,155676,0,176.66,178.16,180.81
2263,0,31,44,64,87886,87886,87886,9393,9393,9393,591,591,591,0.08,0.09,0.11,0.04,0.05,0.06,0.00,0.01,0.01,0.00,0.00,0.00,0.00,0.00,0.00,0.00,0.00,0.00,0.02,0.03,0.05,484835,679812,1079755,1008979,1355952,1774258,0,0,0,0,524,2620,0,156898,0,172.90,174.79,177.12
2263,1,30,43,62,87863,87863,87863,9416,9416,9416,591,591,591,0.07,0.09,0.11,0.04,0.05,0.06,0.00,0.01,0.01,0.00,0.00,0.00,0.00,0.00,0.00,0.00,0.00,0.00,0.02,0.03,0.05,359034,619556,1061668,914632,1292037,1874302,0,524,2621,0,0,0,0,146245,0,159.71,161.66,164.71
2263,2,23,44,59,87768,87768,87768,9511,9511,9511,591,591,591,0.05,0.08,0.11,0.02,0.04,0.06,0.00,0.01,0.01,0.00,0.00,0.00,0.00,0.00,0.00,0.00,0.00,0.00,0.01,0.03,0.05,563444,878970,1289376,1244818,1549862,1952409,0,0,0,0,524,2620,0,131767,0,162.79,164.98,167.58
2263,3,38,49,73,87769,87769,87769,9510,9510,9510,591,591,591,0.07,0.09,0.11,0.04,0.05,0.05,0.00,0.01,0.01,0.00,0.00,0.00,0.00,0.00,0.00,0.00,0.00,0.00,0.02,0.04,0.05,346897,599627,780279,835222,1268327,1478164,0,524,2620,0,0,0,0,144260,0,175.85,178.45,181.71
2264,0,36,42,51,87886,87886,87886,9393,9393,9393,591,591,591,0.07,0.09,0.12,0.04,0.05,0.06,0.00,0.01,0.01,0.00,0.00,0.00,0.00,0.00,0.00,0.00,0.00,0.00,0.03,0.04,0.05,345924,520469,642059,875339,1165160,1402048,0,0,0,0,0,0,0,142186,0,172.63,175.15,177.00
2264,1,30,41,53,87863,87863,87863,9416,9416,9416,591,591,591,0.07,0.09,0.11,0.04,0.05,0.06,0.00,0.01,0.01,0.00,0.00,0.00,0.00,0.00,0.00,0.00,0.00,0.00,0.03,0.04,0.05,359427,514272,676154,885815,1137122,1465001,0,0,0,0,524,2620,0,131001,0,158.38,162.17,164.54
2264,2,22,49,61,87768,87768,87768,9511,9511,9511,591,591,591,0.08,0.10,0.13,0.04,0.05,0.07,0.01,0.01,0.01,0.00,0.00,0.00,0.00,0.00,0.00,0.00,0.00,0.00,0.04,0.04,0.05,391370,701486,985391,971436,1352131,1538398,0,524,2620,0,0,0,0,136222,0,160.88,165.07,167.22
2264,3,43,49,57,87769,87769,87769,9510,9510,9510,591,591,591,0.05,0.10,0.13,0.03,0.05,0.06,0.00,0.01,0.01,0.00,0.00,0.00,0.00,0.00,0.00,0.00,0.00,0.00,0.01,0.04,0.06,340692,533566,744313,801937,1157279,1627530,0,0,0,0,0,0,0,142874,0,176.87,178.10,179.60
2265,0,23,52,71,87886,87886,87886,9393,9393,9393,591,591,591,0.07,0.09,0.13,0.03,0.04,0.07,0.00,0.01,0.01,0.00,0.00,0.00,0.00,0.00,0.00,0.00,0.00,0.00,0.01,0.04,0.05,254327,635285,927722,676475,1199825,1512232,0,346,1730,0,1048,2620,0,141118,0,170.89,173.28,177.25
2265,1,23,47,67,87863,87863,87863,9416,9416,9416,591,591,591,0.05,0.09,0.13,0.02,0.04,0.06,0.00,0.01,0.01,0.00,0.00,0.00,0.00,0.00,0.00,0.00,0.00,0.00,0.01,0.04,0.05,359011,625797,851739,904079,1250549,1664167,0,1572,5241,0,524,2620,0,129213,0,156.14,159.31,161.14
2265,2,40,52,62,87768,87768,87768,9511,9511,9511,591,591,591,0.05,0.09,0.13,0.02,0.05,0.06,0.00,0.01,0.01,0.00,0.00,0.00,0.00,0.00,0.00,0.00,0.00,0.00,0.01,0.04,0.05,448147,738068,1218509,838638,1335058,1988922,0,538,2694,0,515,2577,0,147709,0,157.84,160.64,163.75
2265,3,26,49,63,87769,87769,87769,9510,9510,9510,591,591,591,0.05,0.09,0.13,0.02,0.05,0.06,0.00,0.01,0.01,0.00,0.00,0.00,0.00,0.00,0.00,0.00,0.00,0.00,0.01,0.04,0.05,361657,486402,736436,820281,1089164,1541012,0,0,0,0,524,2620,0,139638,0,171.22,174.22,177.73
2266,0,32,57,70,87886,87886,87886,9393,9393,9393,591,591,591,0.10,0.10,0.11,0.05,0.05,0.05,0.01,0.01,0.01,0.00,0.00,0.00,0.00,0.00,0.00,0.00,0.00,0.00,0.04,0.04,0.04,355163,458191,642075,810699,1008175,1417806,0,533,2668,0,524,2620,0,142423,0,174.88,176.88,178.90
2266,1,22,43,55,87863,87863,87863,9416,9416,9416,591,591,591,0.10,0.10,0.10,0.05,0.05,0.05,0.01,0.01,0.01,0.00,0.00,0.00,0.00,0.00,0.00,0.00,0.00,0.00,0.04,0.04,0.04,382637,509481,636877,877969,1092868,1412663,0,524,2620,0,1048,5241,0,146701,0,160.62,163.63,165.01
2266,2,41,55,62,87768,87768,87768,9511,9511,9511,591,591,591,0.10,0.10,0.10,0.05,0.05,0.05,0.01,0.01,0.01,0.00,0.00,0.00,0.00,0.00,0.00,0.00,0.00,0.00,0.04,0.04,0.04,552969,886803,1726806,1092835,1421939,2282318,0,524,2620,0,524,2620,0,132976,0,166.22,168.60,170.59
2266,3,33,54,71,87769,87769,87769,9510,9510,9510,591,591,591,0.10,0.10,0.10,0.05,0.05,0.05,0.01,0.01,0.01,0.00,0.00,0.00,0.00,0.00,0.00,0.00,0.00,0.00,0.04,0.04,0.04,411450,667374,938232,938211,1236190,1493833,0,524,2620,0,0,0,0,143539,0,176.29,179.64,181.31
2267,0,21,45,61,87886,87886,87886,9393,9393,9393,591,591,591,0.06,0.09,0.11,0.03,0.04,0.06,0.01,0.01,0.01,0.00,0.00,0.00,0.00,0.00,0.00,0.00,0.00,0.00,0.01,0.03,0.05,351182,702323,1548685,835997,1347009,2250965,0,0,0,0,0,0,0,140452,0,173.19,175.49,177.93
2267,1,19,43,60,87863,87863,87863,9416,9416,9416,591,591,591,0.06,0.09,0.11,0.03,0.04,0.05,0.00,0.01,0.01,0.00,0.00,0.00,0.00,0.00,0.00,0.00,0.00,0.00,0.01,0.03,0.05,419174,603778,830776,1014019,1272545,1504307,0,0,0,0,524,2620,0,130355,0,160.76,162.47,166.33
2267,2,32,42,52,87768,87768,87768,9511,9511,9511,591,591,591,0.05,0.09,0.13,0.02,0.04,0.07,0.00,0.01,0.01,0.00,0.00,0.00,0.00,0.00,0.00,0.00,0.00,0.00,0.01,0.03,0.05,524173,748410,1179356,1173799,1471138,2028493,0,524,2620,0,0,0,0,128196,0,160.82,163.07,166.70
2267,3,25,52,71,87769,87769,87769,9510,9510,9510,591,591,591,0.05,0.09,0.13,0.02,0.04,0.06,0.00,0.01,0.01,0.00,0.00,0.00,0.00,0.00,0.00,0.00,0.00,0.00,0.01,0.03,0.06,319728,509434,676142,870081,1169285,1553958,0,0,0,0,0,0,0,140849,0,174.35,177.39,178.77
2268,0,31,46,68,87886,87886,87886,9393,9393,9393,591,591,591,0.05,0.09,0.13,0.02,0.04,0.07,0.00,0.01,0.01,0.00,0.00,0.00,0.00,0.00,0.00,0.00,0.00,0.00,0.01,0.04,0.05,353779,592798,1137422,815003,1221753,1808344,0,0,0,0,0,0,0,102050,0,171.64,173.88,178.13
2268,1,30,46,68,87863,87863,87863,9416,9416,9416,591,591,591,0.05,0.09,0.13,0.02,0.04,0.07,0.00,0.01,0.01,0.00,0.00,0.00,0.00,0.00,0.00,0.00,0.00,0.00,0.01,0.04,0.05,445516,602770,938229,946146,1237512,1575072,0,524,2620,0,0,0,0,94120,0,160.74,163.47,167.24
2268,2,35,44,50,87768,87768,87768,9511,9511,9511,591,591,591,0.07,0.09,0.11,0.03,0.04,0.05,0.00,0.01,0.01,0.00,0.00,0.00,0.00,0.00,0.00,0.00,0.00,0.00,0.02,0.04,0.04,484843,752679,1163554,1016948,1347594,1852777,0,524,2620,0,1572,5242,0,129684,0,162.41,164.21,166.47
2268,3,33,51,72,87769,87769,87769,9510,9510,9510,591,591,591,0.05,0.10,0.13,0.02,0.05,0.07,0.00,0.01,0.01,0.00,0.00,0.00,0.00,0.00,0.00,0.00,0.00,0.00,0.01,0.04,0.05,372141,565030,1027349,838627,1208679,1834552,0,1048,5241,0,524,2620,0,104099,0,175.37,177.49,180.62
2269,0,22,49,62,87886,87886,87886,9393,9393,9393,591,591,591,0.09,0.10,0.13,0.05,0.05,0.06,0.01,0.01,0.01,0.00,0.00,0.00,0.00,0.00,0.00,0.00,0.00,0.00,0.04,0.04,0.05,356425,572782,985451,822924,1215706,1758611,0,0,0,0,646,2585,0,136978,0,169.23,173.59,177.32
2269,1,20,47,66,87863,87863,87863,9416,9416,9416,591,591,591,0.08,0.10,0.11,0.04,0.05,0.05,0.01,0.01,0.01,0.00,0.00,0.00,0.00,0.00,0.00,0.00,0.00,0.00,0.04,0.04,0.04,382634,515636,652558,959193,1108149,1278965,0,655,2620,0,0,0,0,128495,0,162.66,166.27,169.95
2269,2,40,52,60,87768,87768,87768,9511,9511,9511,591,591,591,0.00,0.08,0.11,0.00,0.04,0.06,0.00,0.01,0.01,0.00,0.00,0.00,0.00,0.00,0.00,0.00,0.00,0.00,0.00,0.04,0.07,399572,955746,1841601,881815,1588788,2329498,0,0,0,0,611,2447,0,115210,0,163.01,164.26,165.36
2269,3,23,50,65,87769,87769,87769,9510,9510,9510,591,591,591,0.05,0.08,0.12,0.02,0.04,0.06,0.00,0.01,0.01,0.00,0.00,0.00,0.00,0.00,0.00,0.00,0.00,0.00,0.01,0.03,0.05,387857,552322,904182,870058,1141987,1682564,0,655,2620,0,0,0,0,158347,0,174.44,178.26,181.10
2270,0,29,47,57,87886,87886,87886,9393,9393,9393,591,591,591,0.05,0.08,0.13,0.02,0.04,0.07,0.00,0.01,0.01,0.00,0.00,0.00,0.00,0.00,0.00,0.00,0.00,0.00,0.01,0.03,0.05,387831,558719,741641,1079640,1270481,1467559,0,524,2620,0,0,0,0,155740,0,171.42,174.19,176.82
2270,1,29,47,63,87863,87863,87863,9416,9416,9416,591,591,591,0.05,0.08,0.13,0.02,0.04,0.07,0.00,0.01,0.01,0.00,0.00,0.00,0.00,0.00,0.00,0.00,0.00,0.00,0.01,0.03,0.05,461231,593832,872687,1045632,1322881,1640546,0,0,0,0,524,2620,0,144234,0,158.01,161.16,164.63
2270,2,15,43,58,87768,87768,87768,9511,9511,9511,591,591,591,0.07,0.09,0.10,0.04,0.04,0.05,0.00,0.01,0.01,0.00,0.00,0.00,0.00,0.00,0.00,0.00,0.00,0.00,0.02,0.03,0.05,479513,764697,1236949,1152928,1504234,2049352,0,0,0,0,0,0,0,127530,0,158.03,159.97,162.60
2270,3,33,50,59,87769,87769,87769,9510,9510,9510,591,591,591,0.05,0.09,0.13,0.02,0.05,0.07,0.00,0.01,0.01,0.00,0.00,0.00,0.00,0.00,0.00,0.00,0.00,0.00,0.01,0.03,0.05,385089,699156,1024621,1129424,1451298,1836980,0,0,0,0,0,0,0,141447,0,174.63,176.94,178.82
2271,0,33,44,52,87886,87886,87886,9393,9393,9393,591,591,591,0.05,0.09,0.13,0.02,0.05,0.07,0.00,0.01,0.01,0.00,0.00,0.00,0.00,0.00,0.00,0.00,0.00,0.00,0.01,0.04,0.05,351167,755296,1478113,1056123,1458173,2256481,0,0,0,0,524,2620,0,140032,0,171.40,174.34,177.42
2271,1,33,40,46,87863,87863,87863,9416,9416,9416,591,591,591,0.05,0.09,0.13,0.02,0.05,0.07,0.00,0.01,0.01,0.00,0.00,0.00,0.00,0.00,0.00,0.00,0.00,0.00,0.01,0.04,0.05,356425,600668,859564,1006365,1351768,1658853,0,1048,2620,0,524,2620,0,128597,0,156.97,160.88,163.74
2271,2,21,39,59,87768,87768,87768,9511,9511,9511,591,591,591,0.06,0.09,0.12,0.03,0.05,0.06,0.01,0.01,0.01,0.00,0.00,0.00,0.00,0.00,0.00,0.00,0.00,0.00,0.01,0.04,0.05,497933,827109,1210790,1037797,1548339,2099228,0,1048,2620,0,524,2620,0,131808,0,160.27,163.23,165.41
2271,3,46,54,67,87769,87769,87769,9510,9510,9510,591,591,591,0.07,0.09,0.12,0.04,0.05,0.06,0.00,0.01,0.01,0.00,0.00,0.00,0.00,0.00,0.00,0.00,0.00,0.00,0.02,0.04,0.06,442037,545989,649946,988014,1225288,1444086,0,0,0,0,349,1747,0,143773,0,172.63,176.85,179.77
2272,0,23,46,57,87886,87886,87886,9393,9393,9393,591,591,591,0.06,0.10,0.12,0.03,0.05,0.06,0.01,0.01,0.01,0.00,0.00,0.00,0.00,0.00,0.00,0.00,0.00,0.00,0.01,0.04,0.05,379989,694498,1087544,835976,1381138,1782248,0,1048,2620,0,0,0,0,141135,0,176.07,177.28,178.29
2272,1,22,44,54,87863,87863,87863,9416,9416,9416,591,591,591,0.05,0.09,0.12,0.03,0.05,0.06,0.00,0.01,0.01,0.00,0.00,0.00,0.00,0.00,0.00,0.00,0.00,0.00,0.01,0.04,0.05,382527,569179,833103,864617,1205297,1423361,0,0,0,0,1572,2621,0,130431,0,160.95,162.61,164.67
2272,2,33,46,59,87768,87768,87768,9511,9511,9511,591,591,591,0.07,0.10,0.13,0.03,0.05,0.07,0.00,0.01,0.01,0.00,0.00,0.00,0.00,0.00,0.00,0.00,0.00,0.00,0.02,0.04,0.05,539862,717555,1145285,1084965,1348102,1837174,0,524,2620,0,524,2620,0,130763,0,163.23,164.15,164.66
2272,3,25,55,80,87769,87769,87769,9510,9510,9510,591,591,591,0.06,0.09,0.13,0.03,0.05,0.06,0.01,0.01,0.01,0.00,0.00,0.00,0.00,0.00,0.00,0.00,0.00,0.00,0.01,0.04,0.05,421925,565542,710225,1066606,1235911,1399484,0,524,2620,0,524,2620,0,143008,0,174.44,176.76,179.23
2273,0,22,48,73,87886,87886,87886,9393,9393,9393,591,591,591,0.08,0.09,0.11,0.04,0.05,0.06,0.01,0.01,0.01,0.00,0.00,0.00,0.00,0.00,0.00,0.00,0.00,0.00,0.02,0.04,0.05,351175,469338,607989,736450,1104100,1399526,0,0,0,0,524,2620,0,140607,0,172.44,175.11,177.46
2273,1,21,40,57,87863,87863,87863,9416,9416,9416,591,591,591,0.07,0.10,0.12,0.03,0.05,0.06,0.01,0.01,0.01,0.00,0.00,0.00,0.00,0.00,0.00,0.00,0.00,0.00,0.01,0.04,0.05,450768,629503,820289,1111196,1311426,1616992,0,1048,5241,0,0,0,0,142257,0,158.11,159.71,163.06
2273,2,41,50,66,87768,87768,87768,9511,9511,9511,591,591,591,0.05,0.08,0.13,0.02,0.04,0.07,0.00,0.01,0.01,0.00,0.00,0.00,0.00,0.00,0.00,0.00,0.00,0.00,0.01,0.03,0.05,752383,986582,1445245,1449223,1703143,2126722,0,524,2620,0,668,3343,0,128142,0,160.16,163.68,167.04
2273,3,23,48,75,87769,87769,87769,9510,9510,9510,591,591,591,0.06,0.10,0.13,0.03,0.05,0.07,0.01,0.01,0.01,0.00,0.00,0.00,0.00,0.00,0.00,0.00,0.00,0.00,0.01,0.04,0.05,395677,707583,1077153,935475,1381616,1784772,0,524,2620,0,0,0,0,157520,0,175.67,178.70,181.01
2274,0,23,46,57,87886,87886,87886,9393,9393,9393,591,591,591,0.06,0.09,0.12,0.03,0.04,0.06,0.00,0.01,0.01,0.00,0.00,0.00,0.00,0.00,0.00,0.00,0.00,0.00,0.01,0.03,0.05,398343,639439,1082270,880548,1280986,1611612,0,524,2620,0,524,2620,0,161424,0,171.49,176.12,179.10
2274,1,22,46,56,87863,87863,87863,9416,9416,9416,591,591,591,0.06,0.09,0.11,0.03,0.04,0.06,0.01,0.01,0.01,0.00,0.00,0.00,0.00,0.00,0.00,0.00,0.00,0.00,0.01,0.03,0.05,359099,675099,1116480,799455,1332888,1879146,0,1047,5239,0,523,2619,0,129513,0,158.64,159.96,161.24
2274,2,33,51,73,87768,87768,87768,9511,9511,9511,591,591,591,0.05,0.09,0.13,0.02,0.05,0.07,0.00,0.01,0.01,0.00,0.00,0.00,0.00,0.00,0.00,0.00,0.00,0.00,0.01,0.03,0.05,476843,754206,1210708,872466,1405167,1915645,0,1048,5240,0,524,2620,0,125676,0,160.36,161.32,162.96
2274,3,26,49,69,87769,87769,87769,9510,9510,9510,591,591,591,0.05,0.09,0.12,0.02,0.04,0.06,0.00,0.01,0.01,0.00,0.00,0.00,0.00,0.00,0.00,0.00,0.00,0.00,0.01,0.03,0.05,411422,557680,676170,974835,1226477,1493864,0,0,0,0,524,2620,0,143798,0,173.28,175.03,177.71
2275,0,24,46,63,87886,87886,87886,9393,9393,9393,591,591,591,0.09,0.10,0.11,0.04,0.05,0.06,0.01,0.01,0.01,0.00,0.00,0.00,0.00,0.00,0.00,0.00,0.00,0.00,0.04,0.04,0.05,379999,617454,1019519,846481,1240147,1653770,0,524,2620,0,0,0,0,104186,0,175.14,176.69,179.35
2275,1,23,48,60,87863,87863,87863,9416,9416,9416,591,591,591,0.08,0.10,0.12,0.04,0.05,0.06,0.01,0.01,0.01,0.00,0.00,0.00,0.00,0.00,0.00,0.00,0.00,0.00,0.04,0.04,0.05,398328,599526,825244,956433,1208590,1525333,0,0,0,0,1572,2620,0,96337,0,160.40,165.15,168.31
2275,2,40,45,52,87768,87768,87768,9511,9511,9511,591,591,591,0.07,0.10,0.12,0.03,0.05,0.06,0.00,0.01,0.01,0.00,0.00,0.00,0.00,0.00,0.00,0.00,0.00,0.00,0.03,0.04,0.05,539868,739575,1276198,1045667,1361226,2028290,0,524,2620,0,524,2620,0,128932,0,161.70,164.28,166.35
2275,3,26,52,68,87769,87769,87769,9510,9510,9510,591,591,591,0.05,0.09,0.12,0.02,0.04,0.06,0.00,0.01,0.01,0.00,0.00,0.00,0.00,0.00,0.00,0.00,0.00,0.00,0.01,0.04,0.05,338947,542665,770483,910266,1135476,1357575,0,524,2620,0,0,0,0,105948,0,177.06,178.86,181.78
2276,0,30,49,65,87886,87886,87886,9393,9393,9393,591,591,591,0.05,0.09,0.13,0.02,0.04,0.06,0.00,0.01,0.01,0.00,0.00,0.00,0.00,0.00,0.00,0.00,0.00,0.00,0.01,0.03,0.05,377456,526735,665700,975096,1206535,1449339,0,0,0,0,523,2619,0,140329,0,172.34,175.20,178.64
2276,1,29,46,62,87863,87863,87863,9416,9416,9416,591,591,591,0.05,0.09,0.12,0.02,0.04,0.06,0.00,0.01,0.01,0.00,0.00,0.00,0.00,0.00,0.00,0.00,0.00,0.00,0.01,0.03,0.05,398352,561303,641696,982777,1245782,1415448,0,524,2620,0,0,0,0,131996,0,158.45,162.11,165.35
2276,2,31,43,50,87768,87768,87768,9511,9511,9511,591,591,591,0.06,0.09,0.12,0.03,0.04,0.06,0.00,0.01,0.01,0.00,0.00,0.00,0.00,0.00,0.00,0.00,0.00,0.00,0.01,0.03,0.05,668261,998483,1852760,1242180,1696120,2484324,0,0,0,0,0,0,0,113677,0,157.90,161.06,163.43
2276,3,31,48,59,87769,87769,87769,9510,9510,9510,591,591,591,0.05,0.10,0.13,0.02,0.05,0.07,0.00,0.01,0.01,0.00,0.00,0.00,0.00,0.00,0.00,0.00,0.00,0.00,0.01,0.04,0.05,345935,512085,655181,891043,1195041,1430916,0,0,0,0,0,0,0,144787,0,174.08,177.90,180.75
2277,0,35,45,54,87886,87886,87886,9393,9393,9393,591,591,591,0.05,0.09,0.13,0.02,0.04,0.07,0.00,0.01,0.01,0.00,0.00,0.00,0.00,0.00,0.00,0.00,0.00,0.00,0.01,0.03,0.05,351168,563856,676078,995850,1279438,1496281,0,0,0,0,0,0,0,136621,0,172.09,172.72,173.91
2277,1,34,46,55,87863,87863,87863,9416,9416,9416,591,591,591,0.05,0.08,0.13,0.02,0.04,0.07,0.00,0.01,0.01,0.00,0.00,0.00,0.00,0.00,0.00,0.00,0.00,0.00,0.01,0.03,0.05,172971,531481,846476,799338,1242746,1658883,0,524,2620,0,524,2620,0,139020,0,159.56,162.19,164.30
2277,2,19,39,57,87768,87768,87768,9511,9511,9511,591,591,591,0.06,0.09,0.13,0.03,0.05,0.07,0.01,0.01,0.01,0.00,0.00,0.00,0.00,0.00,0.00,0.00,0.00,0.00,0.01,0.04,0.05,547684,754356,1121436,1181910,1489483,2030637,0,1048,2620,0,524,2620,0,127792,0,160.73,164.78,166.94
2277,3,30,45,50,87769,87769,87769,9510,9510,9510,591,591,591,0.05,0.08,0.10,0.02,0.04,0.05,0.00,0.01,0.01,0.00,0.00,0.00,0.00,0.00,0.00,0.00,0.00,0.00,0.01,0.03,0.05,369524,728570,1281535,922499,1413637,2031063,0,0,0,0,524,2620,0,139623,0,174.78,177.34,182.28
2278,0,33,51,63,87886,87886,87886,9393,9393,9393,591,591,591,0.07,0.09,0.11,0.03,0.04,0.05,0.00,0.01,0.01,0.00,0.00,0.00,0.00,0.00,0.00,0.00,0.00,0.00,0.01,0.04,0.05,222764,686100,1383687,825538,1388979,2211802,0,0,0,0,0,0,0,137123,0,172.13,174.83,178.67
2278,1,38,48,56,87863,87863,87863,9416,9416,9416,591,591,591,0.07,0.09,0.12,0.03,0.04,0.06,0.00,0.01,0.01,0.00,0.00,0.00,0.00,0.00,0.00,0.00,0.00,0.00,0.01,0.04,0.05,335452,623740,883225,891044,1305661,1619682,0,0,0,0,0,0,0,126165,0,157.19,160.47,164.04
2278,2,29,40,57,87768,87768,87768,9511,9511,9511,591,591,591,0.05,0.08,0.13,0.02,0.04,0.07,0.00,0.01,0.01,0.00,0.00,0.00,0.00,0.00,0.00,0.00,0.00,0.00,0.01,0.03,0.05,644692,853833,1339216,1336557,1567192,1949857,0,0,0,0,524,2620,0,127071,0,158.23,163.08,167.03
2278,3,31,53,77,87769,87769,87769,9510,9510,9510,591,591,591,0.05,0.08,0.10,0.02,0.04,0.05,0.00,0.01,0.01,0.00,0.00,0.00,0.00,0.00,0.00,0.00,0.00,0.00,0.01,0.03,0.05,424540,644705,820322,1022040,1321382,1546295,0,524,2620,0,0,0,0,140296,0,176.40,177.91,178.68
2279,0,26,44,61,87886,87886,87886,9393,9393,9393,591,591,591,0.06,0.09,0.11,0.03,0.05,0.06,0.01,0.01,0.01,0.00,0.00,0.00,0.00,0.00,0.00,0.00,0.00,0.00,0.01,0.04,0.05,382594,608529,1236981,893594,1257417,2010094,0,524,2620,0,524,2620,0,139802,0,171.94,174.13,177.79
2279,1,25,41,60,87863,87863,87863,9416,9416,9416,591,591,591,0.06,0.10,0.11,0.03,0.05,0.06,0.01,0.01,0.01,0.00,0.00,0.00,0.00,0.00,0.00,0.00,0.00,0.00,0.01,0.04,0.05,411157,535309,844706,934449,1179326,1530868,0,524,2620,0,1048,2620,0,129267,0,158.27,160.82,163.60
2279,2,43,50,61,87768,87768,87768,9511,9511,9511,591,591,591,0.05,0.09,0.13,0.02,0.05,0.06,0.00,0.01,0.01,0.00,0.00,0.00,0.00,0.00,0.00,0.00,0.00,0.00,0.01,0.04,0.05,482201,721218,877943,998470,1369056,1519873,0,524,2620,0,0,0,0,129890,0,157.89,162.15,165.80
2279,3,32,44,60,87769,87769,87769,9510,9510,9510,591,591,591,0.05,0.09,0.12,0.02,0.05,0.06,0.00,0.01,0.01,0.00,0.00,0.00,0.00,0.00,0.00,0.00,0.00,0.00,0.01,0.04,0.05,484820,552963,631557,1100672,1224907,1378504,0,0,0,0,0,0,0,141045,0,174.16,176.82,179.26
2280,0,26,47,68,87886,87886,87886,9393,9393,9393,591,591,591,0.05,0.08,0.11,0.02,0.04,0.05,0.00,0.01,0.01,0.00,0.00,0.00,0.00,0.00,0.00,0.00,0.00,0.00,0.01,0.03,0.05,377381,555587,804556,854350,1211285,1420422,0,0,0,0,524,2620,0,140485,0,173.08,176.03,179.11
2280,1,24,42,57,87863,87863,87863,9416,9416,9416,591,591,591,0.05,0.08,0.11,0.02,0.04,0.06,0.00,0.01,0.01,0.00,0.00,0.00,0.00,0.00,0.00,0.00,0.00,0.00,0.01,0.03,0.05,471720,588088,684009,1082336,1269996,1436079,0,1048,2620,0,0,0,0,128537,0,160.54,162.82,165.03
2280,2,35,46,63,87768,87768,87768,9511,9511,9511,591,591,591,0.05,0.10,0.13,0.02,0.05,0.06,0.00,0.01,0.01,0.00,0.00,0.00,0.00,0.00,0.00,0.00,0.00,0.00,0.01,0.04,0.05,455358,808643,1740232,1126947,1479176,2563173,0,0,0,0,508,2543,0,149686,0,163.78,164.95,167.53
2280,3,30,49,66,87769,87769,87769,9510,9510,9510,591,591,591,0.05,0.10,0.13,0.02,0.05,0.07,0.00,0.01,0.01,0.00,0.00,0.00,0.00,0.00,0.00,0.00,0.00,0.00,0.01,0.04,0.05,372147,552451,856997,948714,1201345,1567231,0,0,0,0,0,0,0,163590,0,173.94,177.15,179.28
2281,0,54,59,63,87886,87886,87886,9393,9393,9393,591,591,591,0.07,0.10,0.12,0.03,0.05,0.06,0.00,0.01,0.01,0.00,0.00,0.00,0.00,0.00,0.00,0.00,0.00,0.00,0.04,0.04,0.05,361036,675360,1546268,786543,1216413,2183121,0,0,0,0,0,0,0,157664,0,172.54,176.05,178.88
2281,1,47,61,67,87863,87863,87863,9416,9416,9416,591,591,591,0.07,0.10,0.12,0.03,0.05,0.06,0.00,0.01,0.01,0.00,0.00,0.00,0.00,0.00,0.00,0.00,0.00,0.00,0.04,0.04,0.05,408828,522568,731178,875312,1047233,1218647,0,524,2620,0,0,0,0,147173,0,156.78,160.59,163.81
2281,2,19,46,61,87768,87768,87768,9511,9511,9511,591,591,591,0.06,0.09,0.10,0.03,0.05,0.05,0.00,0.01,0.01,0.00,0.00,0.00,0.00,0.00,0.00,0.00,0.00,0.00,0.02,0.04,0.04,579057,764217,1103332,1034967,1306755,1897417,0,512,2560,0,1048,2620,0,135178,0,162.29,164.62,167.18
2281,3,52,56,62,87769,87769,87769,9510,9510,9510,591,591,591,0.05,0.09,0.12,0.02,0.04,0.06,0.00,0.01,0.01,0.00,0.00,0.00,0.00,0.00,0.00,0.00,0.00,0.00,0.01,0.03,0.06,362855,489224,640595,802913,1003850,1302543,0,533,2669,0,524,2620,0,145084,0,176.55,177.71,178.53
2282,0,28,48,59,87886,87886,87886,9393,9393,9393,591,591,591,0.05,0.09,0.12,0.02,0.05,0.06,0.00,0.01,0.01,0.00,0.00,0.00,0.00,0.00,0.00,0.00,0.00,0.00,0.01,0.04,0.05,393107,568037,694432,1014218,1230426,1394255,0,0,0,0,0,0,0,104019,0,172.81,174.85,176.09
2282,1,26,46,54,87863,87863,87863,9416,9416,9416,591,591,591,0.05,0.09,0.12,0.02,0.05,0.06,0.00,0.01,0.01,0.00,0.00,0.00,0.00,0.00,0.00,0.00,0.00,0.00,0.01,0.04,0.05,474253,552286,618504,1095401,1204804,1291998,0,655,2620,0,0,0,0,97100,0,160.79,162.73,165.66
2282,2,22,44,55,87768,87768,87768,9511,9511,9511,591,591,591,0.07,0.09,0.11,0.03,0.04,0.05,0.01,0.01,0.01,0.00,0.00,0.00,0.00,0.00,0.00,0.00,0.00,0.00,0.01,0.04,0.05,495298,721374,1121888,1040121,1351004,1850591,0,0,0,0,655,2620,0,133651,0,163.79,165.28,167.32
2282,3,31,50,62,87769,87769,87769,9510,9510,9510,591,591,591,0.05,0.09,0.13,0.02,0.05,0.07,0.00,0.01,0.01,0.00,0.00,0.00,0.00,0.00,0.00,0.00,0.00,0.00,0.01,0.04,0.05,380018,570649,817658,870111,1237607,1535731,0,0,0,0,0,0,0,107180,0,175.88,178.39,180.53
2283,0,37,47,57,87886,87886,87886,9393,9393,9393,591,591,591,0.05,0.09,0.13,0.02,0.04,0.07,0.00,0.01,0.01,0.00,0.00,0.00,0.00,0.00,0.00,0.00,0.00,0.00,0.01,0.03,0.05,343258,690280,1171442,990658,1389464,1873784,0,524,2620,0,524,2620,0,140969,0,174.34,175.60,176.71
2283,1,31,48,62,87863,87863,87863,9416,9416,9416,591,591,591,0.05,0.10,0.13,0.02,0.05,0.07,0.00,0.01,0.01,0.00,0.00,0.00,0.00,0.00,0.00,0.00,0.00,0.00,0.01,0.04,0.05,406222,581243,888351,948727,1290799,1622093,0,869,2620,0,1048,2620,0,130670,0,158.23,161.70,164.34
2283,2,25,47,56,87768,87768,87768,9511,9511,9511,591,591,591,0.06,0.09,0.11,0.03,0.04,0.06,0.01,0.01,0.01,0.00,0.00,0.00,0.00,0.00,0.00,0.00,0.00,0.00,0.01,0.03,0.05,621097,759471,1087606,1247466,1482250,1837137,0,524,2620,0,524,2620,0,98591,0,163.03,164.72,166.45
2283,3,33,52,61,87769,87769,87769,9510,9510,9510,591,591,591,0.09,0.10,0.13,0.04,0.05,0.06,0.00,0.01,0.01,0.00,0.00,0.00,0.00,0.00,0.00,0.00,0.00,0.00,0.02,0.04,0.05,345923,585456,814946,883155,1323961,1700930,0,0,0,0,0,0,0,142323,0,173.66,177.73,181.25
2284,0,25,48,62,87886,87886,87886,9393,9393,9393,591,591,591,0.07,0.09,0.12,0.03,0.04,0.06,0.00,0.01,0.01,0.00,0.00,0.00,0.00,0.00,0.00,0.00,0.00,0.00,0.01,0.04,0.05,348558,552441,699735,922500,1162014,1415086,0,1048,2620,0,0,0,0,137938,0,172.90,173.98,175.34
2284,1,27,49,62,87863,87863,87863,9416,9416,9416,591,591,591,0.05,0.08,0.10,0.02,0.04,0.05,0.00,0.01,0.01,0.00,0.00,0.00,0.00,0.00,0.00,0.00,0.00,0.00,0.01,0.03,0.05,387867,565027,694474,898908,1152595,1336520,0,0,0,0,1572,2620,0,146460,0,158.04,161.59,164.26
2284,2,24,45,63,87768,87768,87768,9511,9511,9511,591,591,591,0.07,0.09,0.11,0.03,0.04,0.05,0.00,0.01,0.01,0.00,0.00,0.00,0.00,0.00,0.00,0.00,0.00,0.00,0.02,0.03,0.04,545106,852825,1184553,927729,1470104,1745382,0,1747,5241,0,517,2587,0,125822,0,160.39,162.07,163.93
2284,3,30,54,74,87769,87769,87769,9510,9510,9510,591,591,591,0.05,0.08,0.10,0.02,0.04,0.05,0.00,0.01,0.01,0.00,0.00,0.00,0.00,0.00,0.00,0.00,0.00,0.00,0.01,0.03,0.05,348554,673530,1140042,723316,1241185,1873863,0,524,2620,0,1572,5241,0,159674,0,171.29,176.95,179.60
2285,0,25,45,60,87886,87886,87886,9393,9393,9393,591,591,591,0.05,0.09,0.14,0.03,0.05,0.07,0.01,0.01,0.01,0.00,0.00,0.00,0.00,0.00,0.00,0.00,0.00,0.00,0.01,0.04,0.06,447544,655568,929736,841496,1307331,1800285,0,0,0,0,0,0,0,157228,0,168.93,172.90,176.10
2285,1,25,45,63,87863,87863,87863,9416,9416,9416,591,591,591,0.05,0.09,0.13,0.02,0.05,0.07,0.00,0.01,0.01,0.00,0.00,0.00,0.00,0.00,0.00,0.00,0.00,0.00,0.01,0.04,0.05,610660,684007,780988,1229139,1337090,1465086,0,524,2620,0,0,0,0,130049,0,156.69,160.58,163.42
2285,2,28,45,59,87768,87768,87768,9511,9511,9511,591,591,591,0.05,0.09,0.12,0.03,0.04,0.06,0.00,0.01,0.01,0.00,0.00,0.00,0.00,0.00,0.00,0.00,0.00,0.00,0.01,0.04,0.05,526662,815026,1226461,1021883,1484870,1740108,0,0,0,0,1048,2620,0,130350,0,158.27,161.72,164.85
2285,3,31,48,61,87769,87769,87769,9510,9510,9510,591,591,591,0.05,0.09,0.13,0.02,0.05,0.07,0.00,0.01,0.01,0.00,0.00,0.00,0.00,0.00,0.00,0.00,0.00,0.00,0.01,0.04,0.05,335450,558464,841241,888024,1233741,1504276,0,524,2620,0,0,0,0,142319,0,172.03,175.86,178.66
2286,0,47,51,57,87886,87886,87886,9393,9393,9393,591,591,591,0.05,0.10,0.12,0.02,0.05,0.06,0.00,0.01,0.01,0.00,0.00,0.00,0.00,0.00,0.00,0.00,0.00,0.00,0.01,0.04,0.05,374760,602757,870068,856969,1206564,1407315,0,0,0,0,524,2620,0,143358,0,172.06,176.14,181.37
2286,1,46,52,61,87863,87863,87863,9416,9416,9416,591,591,591,0.06,0.10,0.11,0.03,0.05,0.06,0.01,0.01,0.01,0.00,0.00,0.00,0.00,0.00,0.00,0.00,0.00,0.00,0.01,0.04,0.05,395705,528337,655190,980144,1129526,1244895,0,1048,5241,0,524,2620,0,132983,0,162.33,163.88,166.32
2286,2,28,44,53,87768,87768,87768,9511,9511,9511,591,591,591,0.08,0.11,0.12,0.04,0.05,0.06,0.01,0.01,0.01,0.00,0.00,0.00,0.00,0.00,0.00,0.00,0.00,0.00,0.02,0.04,0.06,490070,691878,1404760,930346,1294647,2251286,0,524,2620,0,524,2620,0,131995,0,162.17,164.28,167.72
2286,3,40,51,61,87769,87769,87769,9510,9510,9510,591,591,591,0.07,0.11,0.13,0.03,0.05,0.07,0.00,0.01,0.01,0.00,0.00,0.00,0.00,0.00,0.00,0.00,0.00,0.00,0.04,0.04,0.05,369517,485355,668291,836000,1082876,1375894,0,0,0,0,0,0,0,146840,0,177.45,180.09,181.88
2287,0,23,48,59,87886,87886,87886,9393,9393,9393,591,591,591,0.05,0.09,0.12,0.02,0.05,0.06,0.00,0.01,0.01,0.00,0.00,0.00,0.00,0.00,0.00,0.00,0.00,0.00,0.01,0.04,0.05,348551,563968,885806,812413,1216515,1734922,0,524,2620,0,0,0,0,139736,0,172.99,175.82,180.09
2287,1,23,42,65,87863,87863,87863,9416,9416,9416,591,591,591,0.08,0.10,0.12,0.04,0.05,0.06,0.01,0.01,0.01,0.00,0.00,0.00,0.00,0.00,0.00,0.00,0.00,0.00,0.04,0.04,0.05,393114,526497,681407,812437,1195750,1480750,0,524,2620,0,515,2577,0,130173,0,159.79,162.62,166.55
2287,2,36,46,52,87768,87768,87768,9511,9511,9511,591,591,591,0.05,0.09,0.11,0.02,0.04,0.05,0.00,0.01,0.01,0.00,0.00,0.00,0.00,0.00,0.00,0.00,0.00,0.00,0.01,0.03,0.05,613230,967032,1703363,1250046,1610157,2287748,0,524,2620,0,0,0,0,145528,0,162.31,163.71,166.75
2287,3,26,40,48,87769,87769,87769,9510,9510,9510,591,591,591,0.05,0.09,0.13,0.02,0.05,0.07,0.00,0.01,0.01,0.00,0.00,0.00,0.00,0.00,0.00,0.00,0.00,0.00,0.01,0.04,0.05,364269,504217,707572,867465,1171441,1567141,0,0,0,0,524,2620,0,157884,0,175.47,177.23,179.39
2288,0,24,44,63,87886,87886,87886,9393,9393,9393,591,591,591,0.06,0.09,0.13,0.03,0.05,0.07,0.00,0.01,0.01,0.00,0.00,0.00,0.00,0.00,0.00,0.00,0.00,0.00,0.01,0.04,0.05,437736,566618,673548,1103259,1268373,1457171,0,0,0,0,524,2620,0,159553,0,169.01,173.74,177.33
2288,1,23,46,57,87863,87863,87863,9416,9416,9416,591,591,591,0.05,0.09,0.12,0.02,0.04,0.06,0.00,0.01,0.01,0.00,0.00,0.00,0.00,0.00,0.00,0.00,0.00,0.00,0.01,0.03,0.05,482205,667227,1006337,1074479,1344415,1661504,0,0,0,0,524,2620,0,148068,0,158.99,160.97,163.98
2288,2,36,46,54,87768,87768,87768,9511,9511,9511,591,591,591,0.05,0.09,0.13,0.02,0.04,0.06,0.00,0.01,0.01,0.00,0.00,0.00,0.00,0.00,0.00,0.00,0.00,0.00,0.01,0.03,0.05,491869,751723,1223982,1066580,1422145,1965710,0,534,2670,0,524,2620,0,129597,0,159.69,162.76,166.12
2288,3,28,51,63,87769,87769,87769,9510,9510,9510,591,591,591,0.05,0.09,0.13,0.02,0.04,0.06,0.00,0.01,0.01,0.00,0.00,0.00,0.00,0.00,0.00,0.00,0.00,0.00,0.01,0.03,0.05,476837,786212,1095506,1032275,1479648,1834579,0,524,2620,0,0,0,0,139482,0,172.79,174.98,177.07
2289,0,29,48,65,87886,87886,87886,9393,9393,9393,591,591,591,0.09,0.09,0.10,0.04,0.05,0.05,0.00,0.01,0.01,0.00,0.00,0.00,0.00,0.00,0.00,0.00,0.00,0.00,0.02,0.04,0.04,374756,613243,1061368,794064,1154157,1546251,0,0,0,0,0,0,0,140805,0,173.90,177.24,179.54
2289,1,32,49,69,87863,87863,87863,9416,9416,9416,591,591,591,0.08,0.09,0.10,0.04,0.05,0.05,0.00,0.01,0.01,0.00,0.00,0.00,0.00,0.00,0.00,0.00,0.00,0.00,0.02,0.04,0.04,343316,486930,697132,791459,1033615,1462405,0,524,2620,0,0,0,0,131843,0,160.76,163.37,166.01
2289,2,26,45,59,87768,87768,87768,9511,9511,9511,591,591,591,0.07,0.10,0.13,0.03,0.05,0.07,0.00,0.01,0.01,0.00,0.00,0.00,0.00,0.00,0.00,0.00,0.00,0.00,0.04,0.04,0.05,476967,824472,1252690,1147866,1391592,1716552,0,0,0,0,524,2620,0,133275,0,163.67,165.94,169.77
2289,3,33,53,73,87769,87769,87769,9510,9510,9510,591,591,591,0.08,0.10,0.11,0.04,0.05,0.05,0.01,0.01,0.01,0.00,0.00,0.00,0.00,0.00,0.00,0.00,0.00,0.00,0.02,0.04,0.05,304000,447618,710252,746023,986262,1509614,0,0,0,0,0,0,0,110092,0,176.34,178.99,180.43
2290,0,39,51,72,87886,87886,87886,9393,9393,9393,591,591,591,0.08,0.10,0.12,0.04,0.05,0.06,0.01,0.01,0.01,0.00,0.00,0.00,0.00,0.00,0.00,0.00,0.00,0.00,0.04,0.04,0.05,361663,589001,927713,877951,1184559,1446604,0,0,0,0,655,2620,0,105272,0,176.09,178.19,180.45
2290,1,37,41,53,87863,87863,87863,9416,9416,9416,591,591,591,0.08,0.10,0.12,0.04,0.05,0.06,0.01,0.01,0.01,0.00,0.00,0.00,0.00,0.00,0.00,0.00,0.00,0.00,0.04,0.04,0.05,437643,612590,733810,1058731,1242868,1415152,0,655,2620,0,655,2620,0,97304,0,161.05,164.67,168.58
2290,2,46,51,55,87768,87768,87768,9511,9511,9511,591,591,591,0.05,0.09,0.12,0.02,0.05,0.06,0.00,0.01,0.01,0.00,0.00,0.00,0.00,0.00,0.00,0.00,0.00,0.00,0.01,0.04,0.05,484850,699068,1087591,1077154,1298551,1719180,0,1965,5241,0,0,0,0,99473,0,163.99,167.62,171.34
2290,3,37,50,64,87769,87769,87769,9510,9510,9510,591,591,591,0.07,0.10,0.11,0.03,0.05,0.05,0.01,0.01,0.01,0.00,0.00,0.00,0.00,0.00,0.00,0.00,0.00,0.00,0.01,0.04,0.05,345813,474975,597550,903829,1070482,1370697,0,0,0,0,1310,5240,0,141880,0,179.11,179.41,179.69
2291,0,40,51,60,87886,87886,87886,9393,9393,9393,591,591,591,0.08,0.10,0.11,0.04,0.05,0.05,0.01,0.01,0.01,0.00,0.00,0.00,0.00,0.00,0.00,0.00,0.00,0.00,0.02,0.04,0.05,348562,595950,731184,951338,1234357,1433501,0,524,2620,0,0,0,0,140382,0,176.16,177.66,178.68
2291,1,27,50,66,87863,87863,87863,9416,9416,9416,591,591,591,0.07,0.10,0.12,0.03,0.05,0.06,0.01,0.01,0.01,0.00,0.00,0.00,0.00,0.00,0.00,0.00,0.00,0.00,0.01,0.04,0.05,356364,482307,881075,872716,1082905,1639921,0,0,0,0,524,2620,0,130530,0,161.36,163.44,164.44
2291,2,25,43,56,87768,87768,87768,9511,9511,9511,591,591,591,0.05,0.09,0.13,0.02,0.05,0.07,0.00,0.01,0.01,0.00,0.00,0.00,0.00,0.00,0.00,0.00,0.00,0.00,0.01,0.04,0.05,542503,966515,1784659,1066660,1576617,2523681,0,0,0,0,524,2620,0,130495,0,164.08,165.28,166.47
2291,3,33,59,69,87769,87769,87769,9510,9510,9510,591,591,591,0.09,0.10,0.10,0.04,0.05,0.05,0.01,0.01,0.01,0.00,0.00,0.00,0.00,0.00,0.00,0.00,0.00,0.00,0.02,0.04,0.05,377380,648362,1027285,880554,1246936,1470200,0,524,2620,0,0,0,0,161246,0,179.41,180.44,182.06
2292,0,30,45,66,87886,87886,87886,9393,9393,9393,591,591,591,0.05,0.09,0.12,0.02,0.04,0.06,0.00,0.01,0.01,0.00,0.00,0.00,0.00,0.00,0.00,0.00,0.00,0.00,0.01,0.03,0.05,414056,634198,1032458,1103414,1286580,1456972,0,0,0,0,0,0,0,155504,0,170.79,173.84,175.19
2292,1,28,45,66,87863,87863,87863,9416,9416,9416,591,591,591,0.05,0.09,0.13,0.02,0.04,0.07,0.00,0.01,0.01,0.00,0.00,0.00,0.00,0.00,0.00,0.00,0.00,0.00,0.01,0.03,0.05,387876,648885,815035,828169,1298819,1459726,0,524,2620,0,0,0,0,124351,0,156.25,162.20,165.32
2292,2,24,40,58,87768,87768,87768,9511,9511,9511,591,591,591,0.05,0.09,0.10,0.02,0.04,0.05,0.00,0.01,0.01,0.00,0.00,0.00,0.00,0.00,0.00,0.00,0.00,0.00,0.01,0.03,0.04,529796,784549,1491949,1067054,1442899,2161804,0,0,0,0,553,2767,0,129284,0,161.00,162.72,164.28
2292,3,30,41,59,87769,87769,87769,9510,9510,9510,591,591,591,0.08,0.09,0.11,0.04,0.05,0.06,0.00,0.01,0.01,0.00,0.00,0.00,0.00,0.00,0.00,0.00,0.00,0.00,0.03,0.04,0.04,340676,601065,788174,857022,1294957,1563511,0,0,0,0,0,0,0,137590,0,174.21,177.54,181.01
2293,0,41,54,74,87886,87886,87886,9393,9393,9393,591,591,591,0.09,0.09,0.10,0.04,0.05,0.05,0.01,0.01,0.01,0.00,0.00,0.00,0.00,0.00,0.00,0.00,0.00,0.00,0.02,0.04,0.05,343318,593851,875312,720697,1170932,1467599,0,0,0,0,524,2620,0,141766,0,171.51,173.65,177.15
2293,1,41,50,56,87863,87863,87863,9416,9416,9416,591,591,591,0.08,0.09,0.10,0.04,0.05,0.05,0.01,0.01,0.01,0.00,0.00,0.00,0.00,0.00,0.00,0.00,0.00,0.00,0.02,0.04,0.05,351181,534621,720693,940849,1098596,1357488,0,524,2620,0,524,2620,0,134103,0,158.95,160.89,165.69
2293,2,41,48,55,87768,87768,87768,9511,9511,9511,591,591,591,0.07,0.11,0.13,0.03,0.05,0.07,0.00,0.01,0.01,0.00,0.00,0.00,0.00,0.00,0.00,0.00,0.00,0.00,0.04,0.04,0.05,497935,699736,1417828,922490,1284683,2143777,0,1048,2620,0,524,2620,0,135045,0,161.08,165.58,170.48
2293,3,26,50,63,87769,87769,87769,9510,9510,9510,591,591,591,0.07,0.10,0.11,0.03,0.05,0.06,0.01,0.01,0.01,0.00,0.00,0.00,0.00,0.00,0.00,0.00,0.00,0.00,0.01,0.04,0.05,307487,453036,629005,735522,1041827,1438850,0,524,2620,0,524,2620,0,146837,0,179.02,180.61,182.37
2294,0,23,45,60,87886,87886,87886,9393,9393,9393,591,591,591,0.05,0.09,0.12,0.02,0.05,0.06,0.00,0.01,0.01,0.00,0.00,0.00,0.00,0.00,0.00,0.00,0.00,0.00,0.01,0.04,0.05,387846,546673,757393,849069,1181401,1412557,0,1048,5241,0,0,0,0,140932,0,171.91,173.46,175.90
2294,1,24,41,57,87863,87863,87863,9416,9416,9416,591,591,591,0.05,0.09,0.12,0.02,0.05,0.06,0.00,0.01,0.01,0.00,0.00,0.00,0.00,0.00,0.00,0.00,0.00,0.00,0.01,0.04,0.05,356093,535619,639443,740571,1155016,1362888,0,0,0,0,1032,5160,0,130370,0,157.92,159.74,162.18
2294,2,27,44,58,87768,87768,87768,9511,9511,9511,591,591,591,0.05,0.08,0.09,0.02,0.04,0.05,0.00,0.01,0.01,0.00,0.00,0.00,0.00,0.00,0.00,0.00,0.00,0.00,0.01,0.03,0.05,516278,958667,1682744,1000788,1574526,2104740,0,1048,5242,0,0,0,0,149447,0,159.73,163.06,164.04
2294,3,36,52,59,87769,87769,87769,9510,9510,9510,591,591,591,0.05,0.09,0.13,0.02,0.04,0.07,0.00,0.01,0.01,0.00,0.00,0.00,0.00,0.00,0.00,0.00,0.00,0.00,0.01,0.03,0.05,361658,478018,697142,794075,1091266,1504359,0,0,0,0,524,2620,0,162064,0,177.64,178.50,180.32
2295,0,41,49,60,87886,87886,87886,9393,9393,9393,591,591,591,0.05,0.09,0.13,0.02,0.04,0.06,0.00,0.01,0.01,0.00,0.00,0.00,0.00,0.00,0.00,0.00,0.00,0.00,0.01,0.03,0.05,351184,551931,660414,1011622,1245910,1430898,0,524,2620,0,0,0,0,153371,0,172.85,174.36,176.32
2295,1,39,51,79,87863,87863,87863,9416,9416,9416,591,591,591,0.05,0.09,0.13,0.02,0.04,0.07,0.00,0.01,0.01,0.00,0.00,0.00,0.00,0.00,0.00,0.00,0.00,0.00,0.01,0.04,0.05,393105,580735,749535,1000959,1236938,1527741,0,1048,5240,0,873,2620,0,141274,0,158.87,160.97,162.99
2295,2,19,50,62,87768,87768,87768,9511,9511,9511,591,591,591,0.06,0.09,0.11,0.03,0.05,0.06,0.01,0.01,0.01,0.00,0.00,0.00,0.00,0.00,0.00,0.00,0.00,0.00,0.01,0.04,0.05,531976,762497,1226562,1132088,1459968,2015441,0,0,0,0,1571,5241,0,128403,0,161.55,163.41,165.39
2295,3,40,55,75,87769,87769,87769,9510,9510,9510,591,591,591,0.08,0.09,0.10,0.04,0.04,0.05,0.00,0.01,0.01,0.00,0.00,0.00,0.00,0.00,0.00,0.00,0.00,0.00,0.02,0.04,0.05,411466,757933,1171514,846519,1436192,1968248,0,524,2620,0,0,0,0,137619,0,174.09,176.21,178.38
2296,0,45,60,83,87886,87886,87886,9393,9393,9393,591,591,591,0.01,0.07,0.10,0.00,0.03,0.05,0.00,0.01,0.01,0.00,0.00,0.00,0.00,0.00,0.00,0.00,0.00,0.00,0.00,0.03,0.04,104829,528351,1040465,225383,941387,1501729,0,0,0,0,0,0,0,130227,0,166.03,168.64,171.49
2296,1,45,57,75,87863,87863,87863,9416,9416,9416,591,591,591,0.04,0.07,0.10,0.02,0.03,0.05,0.00,0.01,0.01,0.00,0.00,0.00,0.00,0.00,0.00,0.00,0.00,0.00,0.01,0.03,0.05,335422,456538,608074,568645,887923,1255463,0,0,0,0,0,0,0,119304,0,151.54,155.05,160.66
2296,2,19,49,79,87768,87768,87768,9511,9511,9511,591,591,591,0.02,0.07,0.12,0.01,0.03,0.06,0.00,0.01,0.01,0.00,0.00,0.00,0.00,0.00,0.00,0.00,0.00,0.00,0.00,0.03,0.05,560833,724362,1084896,702364,1186141,1643291,0,524,2620,0,0,0,0,121168,0,151.69,154.79,157.70
2296,3,46,59,77,87769,87769,87769,9510,9510,9510,591,591,591,0.04,0.07,0.10,0.02,0.03,0.05,0.00,0.01,0.01,0.00,0.00,0.00,0.00,0.00,0.00,0.00,0.00,0.00,0.01,0.03,0.05,322336,483784,830826,490057,919344,1499157,0,0,0,0,524,2620,0,97555,0,166.92,170.89,174.91
2297,0,32,65,100,87886,87886,87886,9393,9393,9393,591,591,591,0.01,0.06,0.10,0.00,0.03,0.05,0.00,0.00,0.01,0.00,0.00,0.00,0.00,0.00,0.00,0.00,0.00,0.00,0.00,0.03,0.05,317110,576040,1084972,330213,997459,1653665,0,0,0,0,524,2620,0,94458,0,159.71,164.91,167.63
2297,1,32,59,100,87863,87863,87863,9416,9416,9416,591,591,591,0.01,0.06,0.13,0.00,0.03,0.07,0.00,0.00,0.01,0.00,0.00,0.00,0.00,0.00,0.00,0.00,0.00,0.00,0.00,0.02,0.05,353780,560826,953970,597490,1029393,1674689,0,524,2620,0,0,0,0,86201,0,147.32,150.44,153.79
2297,2,26,67,97,87768,87768,87768,9511,9511,9511,591,591,591,0.02,0.05,0.09,0.01,0.02,0.04,0.00,0.00,0.01,0.00,0.00,0.00,0.00,0.00,0.00,0.00,0.00,0.00,0.00,0.02,0.04,448121,684036,1210879,555565,1124335,1800594,0,0,0,0,524,2620,0,119132,0,148.29,152.99,156.29
2297,3,37,64,100,87769,87769,87769,9510,9510,9510,591,591,591,0.01,0.06,0.13,0.00,0.03,0.07,0.00,0.00,0.01,0.00,0.00,0.00,0.00,0.00,0.00,0.00,0.00,0.00,0.00,0.02,0.05,322349,505808,736485,568697,951853,1396836,0,524,2620,0,0,0,0,133640,0,164.57,167.12,170.26
2298,0,35,65,100,87886,87886,87886,9393,9393,9393,591,591,591,0.01,0.06,0.08,0.00,0.03,0.04,0.00,0.00,0.01,0.00,0.00,0.00,0.00,0.00,0.00,0.00,0.00,0.00,0.00,0.02,0.04,306630,448677,663063,351184,835505,1344470,0,0,0,0,0,0,0,128414,0,159.84,161.46,165.37
2298,1,24,67,100,87863,87863,87863,9416,9416,9416,591,591,591,0.03,0.07,0.09,0.01,0.03,0.05,0.00,0.01,0.01,0.00,0.00,0.00,0.00,0.00,0.00,0.00,0.00,0.00,0.00,0.03,0.05,330178,532370,678742,458591,942787,1435519,0,0,0,0,515,2577,0,117312,0,145.68,146.55,148.05
2298,2,23,58,100,87768,87768,87768,9511,9511,9511,591,591,591,0.01,0.06,0.12,0.00,0.03,0.06,0.00,0.00,0.01,0.00,0.00,0.00,0.00,0.00,0.00,0.00,0.00,0.00,0.00,0.02,0.05,445521,745879,1601336,605395,1192463,2209372,0,524,2620,0,0,0,0,101588,0,148.23,151.20,155.24
2298,3,26,62,90,87769,87769,87769,9510,9510,9510,591,591,591,0.02,0.06,0.09,0.01,0.03,0.05,0.00,0.01,0.01,0.00,0.00,0.00,0.00,0.00,0.00,0.00,0.00,0.00,0.00,0.02,0.05,324978,536204,838679,385256,972814,1690463,0,0,0,0,0,0,0,149461,0,161.59,165.26,168.89
2299,0,39,59,100,87886,87886,87886,9393,9393,9393,591,591,591,0.00,0.07,0.13,0.00,0.03,0.07,0.00,0.01,0.01,0.00,0.00,0.00,0.00,0.00,0.00,0.00,0.00,0.00,0.00,0.03,0.05,309260,670408,1391668,345952,1179890,1852936,0,0,0,0,524,2620,0,142874,0,157.20,160.60,164.62
2299,1,38,57,100,87863,87863,87863,9416,9416,9416,591,591,591,0.01,0.05,0.12,0.00,0.02,0.06,0.00,0.00,0.01,0.00,0.00,0.00,0.00,0.00,0.00,0.00,0.00,0.00,0.00,0.02,0.05,162421,599131,1176808,324969,1035228,1853015,0,524,2620,0,0,0,0,118787,0,142.73,146.50,149.78
2299,2,23,64,100,87768,87768,87768,9511,9511,9511,591,591,591,0.01,0.06,0.10,0.00,0.03,0.05,0.00,0.00,0.01,0.00,0.00,0.00,0.00,0.00,0.00,0.00,0.00,0.00,0.00,0.03,0.05,448156,812601,1243149,702374,1256497,1866013,0,0,0,0,0,0,0,120534,0,145.38,148.49,151.93
2299,3,34,68,100,87769,87769,87769,9510,9510,9510,591,591,591,0.01,0.06,0.11,0.00,0.03,0.06,0.00,0.00,0.01,0.00,0.00,0.00,0.00,0.00,0.00,0.00,0.00,0.00,0.00,0.02,0.05,322339,504926,718138,391022,936790,1496515,0,0,0,0,0,0,0,133219,0,160.52,163.01,166.85
2300,0,51,82,100,87886,87886,87886,9393,9393,9393,591,591,591,0.01,0.05,0.09,0.00,0.03,0.05,0.00,0.00,0.01,0.00,0.00,0.00,0.00,0.00,0.00,0.00,0.00,0.00,0.00,0.02,0.05,301387,499524,898970,314491,910477,1651170,0,0,0,0,524,2620,0,128445,0,157.99,161.55,164.00
2300,1,52,81,100,87863,87863,87863,9416,9416,9416,591,591,591,0.04,0.06,0.10,0.02,0.03,0.05,0.00,0.01,0.01,0.00,0.00,0.00,0.00,0.00,0.00,0.00,0.00,0.00,0.01,0.02,0.03,324969,462823,647333,681363,943468,1111212,0,1048,5241,0,524,2620,0,118762,0,147.32,149.28,151.41
2300,2,53,68,83,87768,87768,87768,9511,9511,9511,591,591,591,0.03,0.06,0.08,0.01,0.03,0.04,0.00,0.00,0.01,0.00,0.00,0.00,0.00,0.00,0.00,0.00,0.00,0.00,0.00,0.02,0.04,456441,710847,974869,602782,1159243,1504415,0,524,2620,0,533,2669,0,120665,0,148.80,151.27,153.20
2300,3,53,75,100,87769,87769,87769,9510,9510,9510,591,591,591,0.04,0.06,0.09,0.02,0.03,0.05,0.00,0.01,0.01,0.00,0.00,0.00,0.00,0.00,0.00,0.00,0.00,0.00,0.01,0.02,0.03,327589,534077,917332,663041,1024692,1446764,0,0,0,0,524,2620,0,130849,0,162.44,166.37,169.53
2301,0,25,56,93,87886,87886,87886,9393,9393,9393,591,591,591,0.05,0.07,0.10,0.02,0.04,0.05,0.00,0.01,0.01,0.00,0.00,0.00,0.00,0.00,0.00,0.00,0.00,0.00,0.01,0.03,0.04,324963,649932,966846,566064,1160978,1671675,0,1048,2621,0,0,0,0,127952,0,159.66,163.00,165.69
2301,1,24,59,89,87863,87863,87863,9416,9416,9416,591,591,591,0.01,0.07,0.12,0.00,0.03,0.06,0.00,0.01,0.01,0.00,0.00,0.00,0.00,0.00,0.00,0.00,0.00,0.00,0.00,0.03,0.05,327607,559289,843950,343332,981239,1297242,0,0,0,0,1048,5241,0,117779,0,146.56,149.67,153.64
2301,2,38,63,100,87768,87768,87768,9511,9511,9511,591,591,591,0.01,0.07,0.11,0.00,0.03,0.06,0.00,0.01,0.01,0.00,0.00,0.00,0.00,0.00,0.00,0.00,0.00,0.00,0.00,0.03,0.05,529380,740094,938423,914703,1233294,1536078,0,523,2619,0,0,0,0,132858,0,149.33,152.23,153.83
2301,3,30,69,100,87769,87769,87769,9510,9510,9510,591,591,591,0.01,0.07,0.10,0.00,0.03,0.05,0.00,0.01,0.01,0.00,0.00,0.00,0.00,0.00,0.00,0.00,0.00,0.00,0.00,0.03,0.05,304005,458625,647222,319729,877411,1373055,0,0,0,0,0,0,0,132233,0,161.57,166.22,171.17
2302,0,57,91,100,87886,87886,87886,9393,9393,9393,591,591,591,0.01,0.02,0.08,0.00,0.01,0.04,0.00,0.00,0.01,0.00,0.00,0.00,0.00,0.00,0.00,0.00,0.00,0.00,0.00,0.01,0.03,304015,376182,503222,317129,512986,1071010,0,0,0,0,349,1747,0,118015,0,148.26,156.36,166.73
2302,1,48,81,100,87863,87863,87863,9416,9416,9416,591,591,591,0.01,0.03,0.08,0.00,0.01,0.04,0.00,0.00,0.01,0.00,0.00,0.00,0.00,0.00,0.00,0.00,0.00,0.00,0.00,0.01,0.04,316972,446078,710413,374795,646322,1433934,0,524,2621,0,0,0,0,120214,0,134.84,142.71,150.04
2302,2,16,78,100,87768,87768,87768,9511,9511,9511,591,591,591,0.01,0.03,0.11,0.00,0.01,0.05,0.00,0.00,0.01,0.00,0.00,0.00,0.00,0.00,0.00,0.00,0.00,0.00,0.00,0.01,0.05,437673,776118,1617029,450777,979672,1711377,0,0,0,0,349,1747,0,107366,0,137.01,144.44,154.30
2302,3,43,80,100,87769,87769,87769,9510,9510,9510,591,591,591,0.01,0.03,0.08,0.00,0.01,0.04,0.00,0.00,0.01,0.00,0.00,0.00,0.00,0.00,0.00,0.00,0.00,0.00,0.00,0.01,0.04,304029,594418,1352406,317134,803565,2122963,0,524,2620,0,0,0,0,115326,0,152.10,159.99,169.71
2303,0,0,54,100,87886,87886,87886,9393,9393,9393,591,591,591,0.01,0.05,0.10,0.00,0.02,0.05,0.00,0.00,0.01,0.00,0.00,0.00,0.00,0.00,0.00,0.00,0.00,0.00,0.00,0.02,0.04,324958,581294,1024747,466496,908369,1378560,0,0,0,0,0,0,0,123577,0,145.15,151.77,156.73
2303,1,20,67,100,87863,87863,87863,9416,9416,9416,591,591,591,0.01,0.05,0.10,0.00,0.02,0.05,0.00,0.00,0.01,0.00,0.00,0.00,0.00,0.00,0.00,0.00,0.00,0.00,0.00,0.02,0.05,306624,457061,542524,319728,778892,1226576,0,0,0,0,0,0,0,113150,0,133.87,138.28,142.80
2303,2,41,71,100,87768,87768,87768,9511,9511,9511,591,591,591,0.01,0.05,0.09,0.00,0.02,0.05,0.00,0.00,0.01,0.00,0.00,0.00,0.00,0.00,0.00,0.00,0.00,0.00,0.00,0.02,0.05,450650,788580,1370139,618335,1104250,1759384,0,0,0,0,0,0,0,116778,0,133.62,139.73,144.59
2303,3,25,68,100,87769,87769,87769,9510,9510,9510,591,591,591,0.01,0.05,0.10,0.00,0.02,0.05,0.00,0.00,0.01,0.00,0.00,0.00,0.00,0.00,0.00,0.00,0.00,0.00,0.00,0.02,0.05,319739,508628,752201,505787,842295,1260657,0,0,0,0,0,0,0,100158,0,151.79,155.83,160.86
2304,0,49,64,91,87886,87886,87886,9393,9393,9393,591,591,591,0.04,0.05,0.05,0.02,0.02,0.03,0.00,0.00,0.00,0.00,0.00,0.00,0.00,0.00,0.00,0.00,0.00,0.00,0.01,0.02,0.04,311856,562151,1257989,587024,984087,1866018,0,0,0,0,0,0,0,100618,0,153.78,156.19,158.81
2304,1,44,68,100,87863,87863,87863,9416,9416,9416,591,591,591,0.05,0.05,0.05,0.02,0.02,0.02,0.00,0.00,0.01,0.00,0.00,0.00,0.00,0.00,0.00,0.00,0.00,0.00,0.01,0.02,0.03,330207,480924,870162,626346,877977,1376010,0,0,0,0,0,0,0,93799,0,140.49,142.16,144.36
2304,2,43,56,83,87768,87768,87768,9511,9511,9511,591,591,591,0.01,0.06,0.10,0.00,0.03,0.05,0.00,0.01,0.01,0.00,0.00,0.00,0.00,0.00,0.00,0.00,0.00,0.00,0.00,0.02,0.05,482246,676812,914630,830827,1161653,1590776,0,0,0,0,0,0,0,122964,0,143.15,144.93,147.81
2304,3,47,68,100,87769,87769,87769,9510,9510,9510,591,591,591,0.01,0.06,0.13,0.00,0.03,0.07,0.00,0.00,0.01,0.00,0.00,0.00,0.00,0.00,0.00,0.00,0.00,0.00,0.00,0.02,0.05,319730,423035,516282,351178,854809,1299889,0,0,0,0,0,0,0,134567,0,159.93,161.33,163.39
2305,0,23,50,64,87886,87886,87886,9393,9393,9393,591,591,591,0.04,0.09,0.12,0.01,0.04,0.06,0.00,0.01,0.01,0.00,0.00,0.00,0.00,0.00,0.00,0.00,0.00,0.00,0.01,0.04,0.05,427212,550359,647307,626314,1144235,1402208,0,0,0,0,0,0,0,134750,0,162.22,165.76,169.31
2305,1,25,51,68,87863,87863,87863,9416,9416,9416,591,591,591,0.04,0.09,0.12,0.02,0.04,0.06,0.00,0.01,0.01,0.00,0.00,0.00,0.00,0.00,0.00,0.00,0.00,0.00,0.01,0.04,0.05,327578,489039,621120,487437,1051466,1281585,0,524,2620,0,524,2620,0,124619,0,148.35,153.31,157.57
2305,2,20,45,91,87768,87768,87768,9511,9511,9511,591,591,591,0.05,0.08,0.10,0.02,0.04,0.05,0.00,0.01,0.01,0.00,0.00,0.00,0.00,0.00,0.00,0.00,0.00,0.00,0.01,0.03,0.04,440242,944520,2240727,718014,1520567,3066258,0,524,2620,0,1572,5241,0,108225,0,151.36,154.75,157.97
2305,3,29,55,69,87769,87769,87769,9510,9510,9510,591,591,591,0.05,0.07,0.10,0.02,0.04,0.05,0.00,0.01,0.01,0.00,0.00,0.00,0.00,0.00,0.00,0.00,0.00,0.00,0.01,0.03,0.04,340689,578135,927810,694560,1097036,1614494,0,1048,5241,0,0,0,0,152790,0,169.43,171.11,175.04
2306,0,45,78,100,87886,87886,87886,9393,9393,9393,591,591,591,0.01,0.05,0.08,0.00,0.02,0.04,0.00,0.00,0.01,0.00,0.00,0.00,0.00,0.00,0.00,0.00,0.00,0.00,0.00,0.02,0.04,322344,653899,1340558,555585,1075329,1911903,0,0,0,0,0,0,0,143181,0,157.80,162.42,165.15
2306,1,47,74,100,87863,87863,87863,9416,9416,9416,591,591,591,0.01,0.05,0.13,0.00,0.02,0.06,0.00,0.00,0.01,0.00,0.00,0.00,0.00,0.00,0.00,0.00,0.00,0.00,0.00,0.02,0.05,413049,505786,626387,583431,894545,1226565,0,0,0,0,0,0,0,131851,0,147.70,151.01,155.27
2306,2,31,62,100,87768,87768,87768,9511,9511,9511,591,591,591,0.01,0.06,0.13,0.00,0.03,0.07,0.00,0.00,0.01,0.00,0.00,0.00,0.00,0.00,0.00,0.00,0.00,0.00,0.00,0.02,0.05,466491,753760,1244983,867453,1153702,1703661,0,524,2620,0,0,0,0,119154,0,147.25,152.69,155.69
2306,3,0,61,100,87769,87769,87769,9510,9510,9510,591,591,591,0.01,0.05,0.10,0.00,0.03,0.05,0.00,0.00,0.01,0.00,0.00,0.00,0.00,0.00,0.00,0.00,0.00,0.00,0.00,0.02,0.05,335466,658349,1014249,440279,1090263,1829343,0,0,0,0,524,2620,0,129400,0,162.54,165.62,170.48
2307,0,57,76,100,87886,87886,87886,9393,9393,9393,591,591,591,0.01,0.05,0.08,0.00,0.02,0.04,0.00,0.00,0.01,0.00,0.00,0.00,0.00,0.00,0.00,0.00,0.00,0.00,0.00,0.02,0.04,256819,427188,702394,545038,733117,1121733,0,0,0,0,0,0,0,122073,0,156.54,158.77,162.60
2307,1,29,74,100,87863,87863,87863,9416,9416,9416,591,591,591,0.01,0.05,0.09,0.00,0.02,0.04,0.00,0.00,0.01,0.00,0.00,0.00,0.00,0.00,0.00,0.00,0.00,0.00,0.00,0.02,0.04,317117,425095,613306,330221,702382,1223992,0,0,0,0,0,0,0,111618,0,144.61,148.57,152.95
2307,2,47,76,100,87768,87768,87768,9511,9511,9511,591,591,591,0.01,0.04,0.06,0.00,0.02,0.03,0.00,0.00,0.01,0.00,0.00,0.00,0.00,0.00,0.00,0.00,0.00,0.00,0.00,0.02,0.03,296773,570426,1226612,497921,833860,1766531,0,0,0,0,0,0,0,114283,0,144.43,147.21,151.40
2307,3,39,76,100,87769,87769,87769,9510,9510,9510,591,591,591,0.01,0.05,0.09,0.00,0.02,0.04,0.00,0.00,0.01,0.00,0.00,0.00,0.00,0.00,0.00,0.00,0.00,0.00,0.00,0.02,0.04,311848,444488,589706,408862,721774,1171550,0,0,0,0,0,0,0,126053,0,159.23,161.58,163.41
2308,0,32,60,100,87886,87886,87886,9393,9393,9393,591,591,591,0.04,0.07,0.10,0.02,0.03,0.05,0.00,0.01,0.01,0.00,0.00,0.00,0.00,0.00,0.00,0.00,0.00,0.00,0.01,0.03,0.04,327602,630038,1257996,560855,1061421,2012794,0,0,0,0,524,2620,0,130945,0,157.01,160.08,165.23
2308,1,0,40,59,87863,87863,87863,9416,9416,9416,591,591,591,0.01,0.07,0.13,0.00,0.04,0.06,0.00,0.01,0.01,0.00,0.00,0.00,0.00,0.00,0.00,0.00,0.00,0.00,0.00,0.03,0.05,335467,511022,641986,453382,902023,1173917,0,524,2620,0,0,0,0,120768,0,144.04,147.47,152.77
2308,2,19,56,82,87768,87768,87768,9511,9511,9511,591,591,591,0.01,0.07,0.12,0.00,0.04,0.06,0.00,0.01,0.01,0.00,0.00,0.00,0.00,0.00,0.00,0.00,0.00,0.00,0.00,0.03,0.05,450770,653421,993303,579187,1066937,1556786,0,0,0,0,524,2620,0,134441,0,147.59,149.23,153.71
2308,3,48,66,91,87769,87769,87769,9510,9510,9510,591,591,591,0.01,0.07,0.13,0.00,0.03,0.06,0.00,0.01,0.01,0.00,0.00,0.00,0.00,0.00,0.00,0.00,0.00,0.00,0.00,0.03,0.05,324950,399231,618545,492667,804752,1032656,0,524,2620,0,0,0,0,133452,0,160.83,165.04,169.39
2309,0,35,54,100,87886,87886,87886,9393,9393,9393,591,591,591,0.04,0.07,0.13,0.02,0.04,0.07,0.00,0.01,0.01,0.00,0.00,0.00,0.00,0.00,0.00,0.00,0.00,0.00,0.01,0.03,0.05,306623,543545,1027359,474348,1078700,1721874,0,524,2620,0,524,2620,0,133048,0,162.76,164.95,169.41
2309,1,36,59,100,87863,87863,87863,9416,9416,9416,591,591,591,0.01,0.07,0.10,0.00,0.03,0.05,0.00,0.01,0.01,0.00,0.00,0.00,0.00,0.00,0.00,0.00,0.00,0.00,0.00,0.03,0.05,306633,528426,891287,319737,1027318,1634876,0,524,2621,0,524,2620,0,141447,0,149.66,151.40,153.57
2309,2,21,55,87,87768,87768,87768,9511,9511,9511,591,591,591,0.01,0.08,0.11,0.00,0.04,0.06,0.00,0.01,0.01,0.00,0.00,0.00,0.00,0.00,0.00,0.00,0.00,0.00,0.00,0.03,0.05,723362,949137,1590256,1226571,1467528,1603355,0,0,0,0,0,0,0,127801,0,150.98,153.37,157.45
2309,3,48,63,100,87769,87769,87769,9510,9510,9510,591,591,591,0.04,0.07,0.10,0.02,0.03,0.05,0.00,0.01,0.01,0.00,0.00,0.00,0.00,0.00,0.00,0.00,0.00,0.00,0.01,0.03,0.04,356452,661989,1142643,670969,1145769,1831899,0,0,0,0,0,0,0,143173,0,165.03,168.10,172.39
2310,0,25,47,64,87886,87886,87886,9393,9393,9393,591,591,591,0.08,0.10,0.13,0.04,0.05,0.06,0.01,0.01,0.01,0.00,0.00,0.00,0.00,0.00,0.00,0.00,0.00,0.00,0.04,0.04,0.05,368270,694756,1145277,826677,1318438,1894819,0,524,2620,0,0,0,0,145138,0,167.41,176.12,180.65
2310,1,25,41,53,87863,87863,87863,9416,9416,9416,591,591,591,0.09,0.10,0.12,0.04,0.05,0.06,0.01,0.01,0.01,0.00,0.00,0.00,0.00,0.00,0.00,0.00,0.00,0.00,0.04,0.04,0.05,369491,502304,920754,830700,1094584,1596905,0,349,1747,0,873,2620,0,132740,0,154.35,162.19,166.42
2310,2,33,42,56,87768,87768,87768,9511,9511,9511,591,591,591,0.08,0.10,0.11,0.04,0.05,0.06,0.01,0.01,0.01,0.00,0.00,0.00,0.00,0.00,0.00,0.00,0.00,0.00,0.03,0.04,0.05,423682,772035,1312913,889210,1455222,1876339,0,1048,5241,0,523,2615,0,131289,0,154.82,162.06,165.47
2310,3,35,47,66,87769,87769,87769,9510,9510,9510,591,591,591,0.08,0.11,0.13,0.04,0.05,0.07,0.01,0.01,0.01,0.00,0.00,0.00,0.00,0.00,0.00,0.00,0.00,0.00,0.04,0.04,0.05,393102,517334,597532,993271,1104379,1299896,0,0,0,0,524,2620,0,145712,0,170.97,176.27,178.90
2311,0,34,51,100,87886,87886,87886,9393,9393,9393,591,591,591,0.01,0.07,0.13,0.00,0.04,0.06,0.00,0.01,0.01,0.00,0.00,0.00,0.00,0.00,0.00,0.00,0.00,0.00,0.00,0.03,0.05,327590,606630,1192494,668285,1190538,1955166,0,349,1747,0,0,0,0,94414,0,164.96,169.76,176.95
2311,1,43,62,100,87863,87863,87863,9416,9416,9416,591,591,591,0.01,0.06,0.10,0.00,0.03,0.05,0.00,0.01,0.01,0.00,0.00,0.00,0.00,0.00,0.00,0.00,0.00,0.00,0.00,0.02,0.05,324967,600153,702340,338071,1173057,1483485,0,0,0,0,1048,2620,0,86400,0,154.14,158.73,168.66
2311,2,27,59,100,87768,87768,87768,9511,9511,9511,591,591,591,0.03,0.07,0.11,0.01,0.03,0.05,0.00,0.01,0.01,0.00,0.00,0.00,0.00,0.00,0.00,0.00,0.00,0.00,0.00,0.02,0.05,442911,610211,757041,594916,1132669,1315600,0,1048,2620,0,524,2620,0,120986,0,153.11,157.31,165.55
2311,3,52,64,100,87769,87769,87769,9510,9510,9510,591,591,591,0.01,0.06,0.10,0.00,0.03,0.05,0.00,0.01,0.01,0.00,0.00,0.00,0.00,0.00,0.00,0.00,0.00,0.00,0.00,0.02,0.05,304002,530232,749423,314484,1100562,1572217,0,524,2620,0,524,2620,0,97429,0,166.35,171.01,175.63
2312,0,48,58,65,87886,87886,87886,9393,9393,9393,591,591,591,0.05,0.09,0.12,0.02,0.05,0.06,0.00,0.01,0.01,0.00,0.00,0.00,0.00,0.00,0.00,0.00,0.00,0.00,0.01,0.04,0.05,398349,542478,773074,922492,1118373,1357466,0,0,0,0,655,2620,0,138929,0,162.94,172.96,179.00
2312,1,32,41,53,87863,87863,87863,9416,9416,9416,591,591,591,0.08,0.11,0.13,0.04,0.05,0.07,0.01,0.01,0.01,0.00,0.00,0.00,0.00,0.00,0.00,0.00,0.00,0.00,0.04,0.04,0.05,359035,508422,676146,849118,1111845,1326109,0,1310,5241,0,0,0,0,129914,0,154.03,160.78,166.08
2312,2,18,36,48,87768,87768,87768,9511,9511,9511,591,591,591,0.09,0.10,0.10,0.05,0.05,0.05,0.01,0.01,0.01,0.00,0.00,0.00,0.00,0.00,0.00,0.00,0.00,0.00,0.04,0.04,0.05,529396,766737,1237817,1011619,1360618,1988326,0,0,0,0,1309,2632,0,116636,0,150.58,159.81,165.22
2312,3,40,46,54,87769,87769,87769,9510,9510,9510,591,591,591,0.08,0.10,0.12,0.04,0.05,0.05,0.01,0.01,0.01,0.00,0.00,0.00,0.00,0.00,0.00,0.00,0.00,0.00,0.04,0.04,0.04,265556,576773,854358,798415,1152234,1493812,0,436,1747,0,0,0,0,162465,0,170.13,177.48,181.76
2313,0,27,49,65,87886,87886,87886,9393,9393,9393,591,591,591,0.07,0.10,0.12,0.04,0.05,0.06,0.01,0.01,0.01,0.00,0.00,0.00,0.00,0.00,0.00,0.00,0.00,0.00,0.04,0.04,0.05,364277,508422,644709,901521,1108570,1347076,0,524,2620,0,524,2620,0,156398,0,175.81,177.80,179.94
2313,1,22,39,53,87863,87863,87863,9416,9416,9416,591,591,591,0.05,0.09,0.10,0.02,0.04,0.05,0.00,0.01,0.01,0.00,0.00,0.00,0.00,0.00,0.00,0.00,0.00,0.00,0.01,0.03,0.04,345890,501281,697117,948588,1093474,1223887,0,1048,2620,0,1039,2620,0,146679,0,165.29,166.65,167.68
2313,2,35,41,49,87768,87768,87768,9511,9511,9511,591,591,591,0.08,0.10,0.12,0.04,0.05,0.06,0.01,0.01,0.01,0.00,0.00,0.00,0.00,0.00,0.00,0.00,0.00,0.00,0.03,0.04,0.04,482212,881358,1711266,1163600,1487479,2211805,0,1050,2633,0,520,2600,0,131347,0,164.08,166.54,168.83
2313,3,25,42,56,87769,87769,87769,9510,9510,9510,591,591,591,0.07,0.10,0.13,0.03,0.05,0.07,0.00,0.01,0.01,0.00,0.00,0.00,0.00,0.00,0.00,0.00,0.00,0.00,0.04,0.04,0.05,390404,628974,1050927,882994,1233836,1593426,0,0,0,0,524,2620,0,139342,0,181.12,183.08,185.62
2314,0,29,47,61,87886,87886,87886,9393,9393,9393,591,591,591,0.05,0.09,0.12,0.02,0.04,0.06,0.00,0.01,0.01,0.00,0.00,0.00,0.00,0.00,0.00,0.00,0.00,0.00,0.01,0.03,0.05,532001,800003,1504315,1116400,1509105,2335096,0,509,2545,0,0,0,0,138927,0,171.57,173.76,175.16
2314,1,21,44,68,87863,87863,87863,9416,9416,9416,591,591,591,0.06,0.09,0.12,0.03,0.05,0.06,0.01,0.01,0.01,0.00,0.00,0.00,0.00,0.00,0.00,0.00,0.00,0.00,0.01,0.04,0.05,437660,687447,1034308,940839,1387821,1708705,0,0,0,0,1048,2620,0,128128,0,155.21,159.47,162.16
2314,2,23,38,50,87768,87768,87768,9511,9511,9511,591,591,591,0.07,0.09,0.10,0.04,0.04,0.05,0.00,0.01,0.01,0.00,0.00,0.00,0.00,0.00,0.00,0.00,0.00,0.00,0.02,0.03,0.04,492477,783454,1268301,1156137,1482280,2045396,0,524,2620,0,524,2620,0,129561,0,160.53,162.19,163.68
2314,3,25,47,69,87769,87769,87769,9510,9510,9510,591,591,591,0.05,0.09,0.13,0.02,0.04,0.07,0.00,0.01,0.01,0.00,0.00,0.00,0.00,0.00,0.00,0.00,0.00,0.00,0.01,0.03,0.05,445530,698239,885777,1192469,1382978,1593414,0,524,2620,0,0,0,0,141377,0,175.85,177.36,178.29
2315,0,26,48,65,87886,87886,87886,9393,9393,9393,591,591,591,0.07,0.10,0.13,0.03,0.05,0.07,0.00,0.01,0.01,0.00,0.00,0.00,0.00,0.00,0.00,0.00,0.00,0.00,0.03,0.04,0.05,340690,570091,969666,807174,1181065,1480707,0,0,0,0,349,1747,0,141191,0,176.10,177.93,179.87
2315,1,36,48,64,87863,87863,87863,9416,9416,9416,591,591,591,0.05,0.09,0.13,0.02,0.05,0.06,0.00,0.01,0.01,0.00,0.00,0.00,0.00,0.00,0.00,0.00,0.00,0.00,0.01,0.04,0.05,395780,531490,639470,893781,1122212,1268450,0,524,2620,0,0,0,0,131135,0,161.11,163.95,168.36
2315,2,24,48,62,87768,87768,87768,9511,9511,9511,591,591,591,0.09,0.10,0.11,0.05,0.05,0.05,0.01,0.01,0.01,0.00,0.00,0.00,0.00,0.00,0.00,0.00,0.00,0.00,0.02,0.04,0.04,545066,767137,891060,1022000,1392669,1611763,0,0,0,0,0,0,0,131070,0,163.59,165.47,166.97
2315,3,41,58,72,87769,87769,87769,9510,9510,9510,591,591,591,0.05,0.09,0.13,0.02,0.05,0.06,0.00,0.01,0.01,0.00,0.00,0.00,0.00,0.00,0.00,0.00,0.00,0.00,0.01,0.04,0.05,361595,539851,746921,843723,1108524,1305108,0,0,0,0,0,0,0,142784,0,179.18,180.81,183.00
2316,0,23,44,58,87886,87886,87886,9393,9393,9393,591,591,591,0.05,0.08,0.12,0.02,0.04,0.06,0.00,0.01,0.01,0.00,0.00,0.00,0.00,0.00,0.00,0.00,0.00,0.00,0.01,0.03,0.05,482210,721742,1145232,1082358,1433527,2044122,0,0,0,0,0,0,0,137790,0,170.43,173.88,175.88
2316,1,26,43,58,87863,87863,87863,9416,9416,9416,591,591,591,0.05,0.10,0.13,0.03,0.05,0.07,0.00,0.01,0.01,0.00,0.00,0.00,0.00,0.00,0.00,0.00,0.00,0.00,0.01,0.04,0.05,385275,566088,697104,1056166,1293097,1483312,0,524,2620,0,524,2620,0,129052,0,158.08,162.59,165.30
2316,2,24,47,62,87768,87768,87768,9511,9511,9511,591,591,591,0.07,0.09,0.11,0.04,0.04,0.05,0.00,0.01,0.01,0.00,0.00,0.00,0.00,0.00,0.00,0.00,0.00,0.00,0.03,0.04,0.05,552979,988530,1996952,1242238,1720760,2846050,0,1048,2620,0,524,2620,0,143190,0,158.50,161.56,164.77
2316,3,30,47,69,87769,87769,87769,9510,9510,9510,591,591,591,0.05,0.09,0.13,0.02,0.04,0.07,0.00,0.01,0.01,0.00,0.00,0.00,0.00,0.00,0.00,0.00,0.00,0.00,0.01,0.04,0.05,445534,800857,1226461,1112963,1538120,1865898,0,0,0,0,524,2620,0,158449,0,174.88,178.11,181.50
2317,0,24,49,62,87886,87886,87886,9393,9393,9393,591,591,591,0.07,0.09,0.10,0.03,0.04,0.05,0.00,0.01,0.01,0.00,0.00,0.00,0.00,0.00,0.00,0.00,0.00,0.00,0.01,0.03,0.05,340696,706509,1721646,938141,1392595,2536611,0,524,2620,0,524,2620,0,158394,0,170.12,173.57,175.84
2317,1,45,53,61,87863,87863,87863,9416,9416,9416,591,591,591,0.05,0.08,0.10,0.02,0.04,0.05,0.00,0.01,0.01,0.00,0.00,0.00,0.00,0.00,0.00,0.00,0.00,0.00,0.01,0.03,0.05,340689,662679,1059742,901517,1396390,2149692,0,524,2620,0,1048,2620,0,129535,0,158.41,160.58,163.05
2317,2,32,46,53,87768,87768,87768,9511,9511,9511,591,591,591,0.05,0.08,0.13,0.02,0.04,0.07,0.00,0.01,0.01,0.00,0.00,0.00,0.00,0.00,0.00,0.00,0.00,0.00,0.01,0.03,0.05,500540,855897,1509392,959150,1491146,2277190,0,524,2620,0,524,2620,0,131298,0,158.58,162.10,163.82
2317,3,35,47,56,87769,87769,87769,9510,9510,9510,591,591,591,0.06,0.09,0.11,0.03,0.04,0.05,0.01,0.01,0.01,0.00,0.00,0.00,0.00,0.00,0.00,0.00,0.00,0.00,0.01,0.03,0.05,340697,487983,673560,904157,1124302,1522717,0,524,2620,0,0,0,0,141809,0,174.45,177.36,180.75
2318,0,23,53,66,87886,87886,87886,9393,9393,9393,591,591,591,0.07,0.09,0.11,0.03,0.05,0.06,0.01,0.01,0.01,0.00,0.00,0.00,0.00,0.00,0.00,0.00,0.00,0.00,0.03,0.04,0.05,361558,575491,851756,827916,1159537,1517436,0,0,0,0,349,1747,0,108557,0,172.65,173.64,174.81
2318,1,20,51,66,87863,87863,87863,9416,9416,9416,591,591,591,0.07,0.09,0.12,0.03,0.05,0.06,0.00,0.01,0.01,0.00,0.00,0.00,0.00,0.00,0.00,0.00,0.00,0.00,0.03,0.04,0.05,411450,590185,951343,912005,1162545,1596055,0,524,2620,0,0,0,0,100747,0,157.55,161.71,165.77
2318,2,41,51,66,87768,87768,87768,9511,9511,9511,591,591,591,0.08,0.10,0.11,0.04,0.05,0.05,0.01,0.01,0.01,0.00,0.00,0.00,0.00,0.00,0.00,0.00,0.00,0.00,0.02,0.04,0.05,524139,663273,761869,1076729,1285440,1501679,0,0,0,0,0,0,0,133925,0,161.10,162.99,165.00
2318,3,31,46,77,87769,87769,87769,9510,9510,9510,591,591,591,0.09,0.10,0.12,0.04,0.05,0.06,0.01,0.01,0.01,0.00,0.00,0.00,0.00,0.00,0.00,0.00,0.00,0.00,0.04,0.04,0.05,382626,510532,754802,838633,1092838,1465051,0,0,0,0,0,0,0,110555,0,174.19,175.72,177.47
2319,0,26,46,57,87886,87886,87886,9393,9393,9393,591,591,591,0.05,0.10,0.12,0.02,0.05,0.06,0.00,0.01,0.01,0.00,0.00,0.00,0.00,0.00,0.00,0.00,0.00,0.00,0.01,0.04,0.05,495283,594890,812419,966981,1212057,1381113,0,0,0,0,0,0,0,142844,0,172.85,175.41,177.97
2319,1,24,46,60,87863,87863,87863,9416,9416,9416,591,591,591,0.05,0.10,0.12,0.02,0.05,0.06,0.00,0.01,0.01,0.00,0.00,0.00,0.00,0.00,0.00,0.00,0.00,0.00,0.01,0.04,0.05,353816,453381,524122,828191,1043694,1257893,0,655,2620,0,0,0,0,131939,0,160.38,162.86,167.21
2319,2,24,45,58,87768,87768,87768,9511,9511,9511,591,591,591,0.05,0.10,0.13,0.02,0.05,0.06,0.00,0.01,0.01,0.00,0.00,0.00,0.00,0.00,0.00,0.00,0.00,0.00,0.01,0.04,0.05,497956,711508,1226422,1001154,1314918,2096447,0,655,2620,0,655,2620,0,114511,0,162.46,164.90,168.20
2319,3,35,44,49,87769,87769,87769,9510,9510,9510,591,591,591,0.05,0.09,0.13,0.02,0.04,0.06,0.00,0.01,0.01,0.00,0.00,0.00,0.00,0.00,0.00,0.00,0.00,0.00,0.01,0.03,0.05,262067,550970,835873,697098,1172056,1517415,0,0,0,0,436,1747,0,145908,0,178.03,178.58,178.99
2320,0,34,51,71,87886,87886,87886,9393,9393,9393,591,591,591,0.05,0.09,0.13,0.02,0.05,0.07,0.00,0.01,0.01,0.00,0.00,0.00,0.00,0.00,0.00,0.00,0.00,0.00,0.01,0.04,0.05,380006,535149,686609,1008996,1194523,1302526,0,0,0,0,0,0,0,140457,0,173.39,176.38,180.15
2320,1,35,50,68,87863,87863,87863,9416,9416,9416,591,591,591,0.05,0.09,0.13,0.02,0.05,0.07,0.00,0.01,0.01,0.00,0.00,0.00,0.00,0.00,0.00,0.00,0.00,0.00,0.01,0.04,0.05,390474,532014,749551,988008,1185103,1399511,0,1048,2620,0,0,0,0,148669,0,159.10,161.35,165.28
2320,2,22,45,56,87768,87768,87768,9511,9511,9511,591,591,591,0.08,0.09,0.11,0.04,0.04,0.05,0.01,0.01,0.01,0.00,0.00,0.00,0.00,0.00,0.00,0.00,0.00,0.00,0.02,0.04,0.05,542442,968086,1651073,1058680,1604389,2253845,0,0,0,0,1572,2620,0,130729,0,163.34,164.88,169.43
2320,3,26,47,64,87769,87769,87769,9510,9510,9510,591,591,591,0.05,0.09,0.13,0.02,0.05,0.07,0.00,0.01,0.01,0.00,0.00,0.00,0.00,0.00,0.00,0.00,0.00,0.00,0.01,0.04,0.05,435043,697624,917268,1040426,1351222,1682422,0,524,2620,0,0,0,0,144793,0,176.27,177.67,179.65
2321,0,38,55,62,87886,87886,87886,9393,9393,9393,591,591,591,0.08,0.09,0.11,0.04,0.04,0.05,0.01,0.01,0.01,0.00,0.00,0.00,0.00,0.00,0.00,0.00,0.00,0.00,0.01,0.03,0.04,340592,681386,1323484,877952,1212849,1774255,0,524,2620,0,0,0,0,142085,0,173.66,175.29,176.54
2321,1,30,54,72,87863,87863,87863,9416,9416,9416,591,591,591,0.08,0.09,0.10,0.04,0.05,0.05,0.01,0.01,0.01,0.00,0.00,0.00,0.00,0.00,0.00,0.00,0.00,0.00,0.04,0.04,0.04,361657,520987,668320,807176,1088966,1362608,0,0,0,0,1048,2620,0,131384,0,161.76,163.03,165.28
2321,2,45,49,55,87768,87768,87768,9511,9511,9511,591,591,591,0.05,0.09,0.10,0.02,0.04,0.05,0.00,0.01,0.01,0.00,0.00,0.00,0.00,0.00,0.00,0.00,0.00,0.00,0.01,0.03,0.04,495331,699209,1142617,927764,1217067,1609099,0,524,2620,0,0,0,0,134223,0,162.82,164.02,165.83
2321,3,40,49,56,87769,87769,87769,9510,9510,9510,591,591,591,0.07,0.09,0.11,0.03,0.04,0.05,0.01,0.01,0.01,0.00,0.00,0.00,0.00,0.00,0.00,0.00,0.00,0.00,0.01,0.03,0.04,348566,495322,835996,788871,1058787,1703440,0,0,0,0,0,0,0,143987,0,178.02,179.09,180.16
2322,0,29,54,64,87886,87886,87886,9393,9393,9393,591,591,591,0.05,0.09,0.12,0.02,0.05,0.06,0.00,0.01,0.01,0.00,0.00,0.00,0.00,0.00,0.00,0.00,0.00,0.00,0.01,0.04,0.05,364174,605529,1166116,880306,1263133,1805515,0,873,2620,0,517,2588,0,140070,0,168.26,171.37,172.82
2322,1,28,49,63,87863,87863,87863,9416,9416,9416,591,591,591,0.05,0.09,0.13,0.02,0.04,0.07,0.00,0.01,0.01,0.00,0.00,0.00,0.00,0.00,0.00,0.00,0.00,0.00,0.01,0.03,0.05,393096,560828,762633,911983,1201846,1464971,0,1048,5241,0,1572,5241,0,130959,0,157.48,159.30,162.01
2322,2,29,42,59,87768,87768,87768,9511,9511,9511,591,591,591,0.08,0.09,0.12,0.04,0.05,0.06,0.01,0.01,0.01,0.00,0.00,0.00,0.00,0.00,0.00,0.00,0.00,0.00,0.01,0.04,0.05,488879,806996,1333965,1062669,1487205,2162125,0,2116,5340,0,345,1728,0,131438,0,157.82,160.98,163.13
2322,3,26,48,69,87769,87769,87769,9510,9510,9510,591,591,591,0.05,0.09,0.13,0.02,0.05,0.06,0.00,0.01,0.01,0.00,0.00,0.00,0.00,0.00,0.00,0.00,0.00,0.00,0.01,0.04,0.05,429730,575464,652415,1014058,1259941,1425357,0,0,0,0,1572,5240,0,143548,0,173.60,174.71,176.45
2323,0,30,45,60,87886,87886,87886,9393,9393,9393,591,591,591,0.05,0.09,0.13,0.02,0.05,0.07,0.00,0.01,0.01,0.00,0.00,0.00,0.00,0.00,0.00,0.00,0.00,0.00,0.01,0.04,0.05,369525,577097,665649,1092852,1245915,1415160,0,0,0,0,0,0,0,139120,0,175.22,177.55,180.67
2323,1,31,40,51,87863,87863,87863,9416,9416,9416,591,591,591,0.05,0.09,0.13,0.02,0.05,0.07,0.00,0.01,0.01,0.00,0.00,0.00,0.00,0.00,0.00,0.00,0.00,0.00,0.01,0.04,0.05,345931,603294,888509,940529,1287292,1520164,0,524,2620,0,0,0,0,128923,0,163.66,165.29,169.36
2323,2,21,43,59,87768,87768,87768,9511,9511,9511,591,591,591,0.07,0.09,0.10,0.03,0.05,0.05,0.01,0.01,0.01,0.00,0.00,0.00,0.00,0.00,0.00,0.00,0.00,0.00,0.01,0.04,0.05,552961,959188,1658950,1087577,1660494,2235520,0,0,0,0,1572,5241,0,144939,0,162.15,165.05,168.57
2323,3,39,49,63,87769,87769,87769,9510,9510,9510,591,591,591,0.05,0.09,0.13,0.02,0.05,0.07,0.00,0.01,0.01,0.00,0.00,0.00,0.00,0.00,0.00,0.00,0.00,0.00,0.01,0.04,0.05,429796,696061,1286780,990656,1396490,1994378,0,873,2620,0,0,0,0,163906,0,176.96,178.76,182.72
2324,0,36,49,68,87886,87886,87886,9393,9393,9393,591,591,591,0.05,0.09,0.13,0.02,0.05,0.06,0.00,0.01,0.01,0.00,0.00,0.00,0.00,0.00,0.00,0.00,0.00,0.00,0.01,0.04,0.05,364277,650961,1310255,828142,1252661,2025654,0,0,0,0,0,0,0,159478,0,174.54,175.45,177.13
2324,1,34,49,63,87863,87863,87863,9416,9416,9416,591,591,591,0.05,0.09,0.13,0.02,0.05,0.06,0.00,0.01,0.01,0.00,0.00,0.00,0.00,0.00,0.00,0.00,0.00,0.00,0.01,0.04,0.05,377296,733740,953669,859397,1363571,1632844,0,0,0,0,0,0,0,131610,0,163.07,164.26,165.54
2324,2,21,50,69,87768,87768,87768,9511,9511,9511,591,591,591,0.08,0.10,0.10,0.04,0.05,0.05,0.01,0.01,0.01,0.00,0.00,0.00,0.00,0.00,0.00,0.00,0.00,0.00,0.02,0.04,0.05,526783,832854,1496392,953976,1434042,2253760,0,0,0,0,0,0,0,129963,0,162.30,163.35,165.19
2324,3,38,50,68,87769,87769,87769,9510,9510,9510,591,591,591,0.05,0.09,0.13,0.02,0.05,0.06,0.00,0.01,0.01,0.00,0.00,0.00,0.00,0.00,0.00,0.00,0.00,0.00,0.01,0.04,0.05,364279,538275,888314,817663,1145215,1687535,0,0,0,0,0,0,0,141716,0,178.15,179.66,181.83
2325,0,23,43,56,87886,87886,87886,9393,9393,9393,591,591,591,0.07,0.09,0.10,0.04,0.04,0.05,0.00,0.01,0.01,0.00,0.00,0.00,0.00,0.00,0.00,0.00,0.00,0.00,0.01,0.03,0.05,353931,581321,710242,958455,1338036,1577735,0,516,2583,0,524,2620,0,140272,0,168.98,171.88,174.91
2325,1,29,45,59,87863,87863,87863,9416,9416,9416,591,591,591,0.08,0.09,0.09,0.04,0.05,0.05,0.01,0.01,0.01,0.00,0.00,0.00,0.00,0.00,0.00,0.00,0.00,0.00,0.02,0.04,0.05,455985,537072,639422,1061345,1233485,1365458,0,698,3494,0,1048,2620,0,96218,0,156.61,159.41,161.91
2325,2,17,41,56,87768,87768,87768,9511,9511,9511,591,591,591,0.05,0.09,0.13,0.02,0.05,0.06,0.00,0.01,0.01,0.00,0.00,0.00,0.00,0.00,0.00,0.00,0.00,0.00,0.01,0.04,0.05,501753,743995,1310361,1124249,1469751,2086096,0,1048,2620,0,524,2620,0,131767,0,160.01,162.05,165.61
2325,3,26,47,58,87769,87769,87769,9510,9510,9510,591,591,591,0.06,0.08,0.09,0.03,0.04,0.05,0.01,0.01,0.01,0.00,0.00,0.00,0.00,0.00,0.00,0.00,0.00,0.00,0.01,0.03,0.05,343329,588106,836039,906753,1295195,1632806,0,0,0,0,524,2620,0,104790,0,174.71,177.53,180.68
2326,0,22,42,56,87886,87886,87886,9393,9393,9393,591,591,591,0.08,0.10,0.11,0.04,0.05,0.05,0.01,0.01,0.01,0.00,0.00,0.00,0.00,0.00,0.00,0.00,0.00,0.00,0.02,0.04,0.05,411448,620189,733802,1111172,1248678,1365187,0,0,0,0,655,2620,0,104528,0,175.39,176.56,178.30
2326,1,20,45,59,87863,87863,87863,9416,9416,9416,591,591,591,0.09,0.10,0.10,0.05,0.05,0.05,0.01,0.01,0.01,0.00,0.00,0.00,0.00,0.00,0.00,0.00,0.00,0.00,0.02,0.04,0.05,411457,529376,665614,946089,1147861,1383772,0,655,2620,0,0,0,0,130802,0,161.83,164.38,167.13
2326,2,42,50,63,87768,87768,87768,9511,9511,9511,591,591,591,0.05,0.09,0.12,0.02,0.05,0.06,0.00,0.01,0.01,0.00,0.00,0.00,0.00,0.00,0.00,0.00,0.00,0.00,0.01,0.04,0.05,524029,683437,919247,1046587,1270226,1496346,0,0,0,0,655,2620,0,98991,0,164.15,165.36,168.20
2326,3,53,58,64,87769,87769,87769,9510,9510,9510,591,591,591,0.09,0.10,0.11,0.05,0.05,0.06,0.01,0.01,0.01,0.00,0.00,0.00,0.00,0.00,0.00,0.00,0.00,0.00,0.04,0.04,0.05,361654,486152,791505,854350,1086959,1548939,0,655,2620,0,0,0,0,142186,0,178.47,178.88,179.42
2327,0,22,48,65,87886,87886,87886,9393,9393,9393,591,591,591,0.05,0.09,0.12,0.02,0.05,0.06,0.00,0.01,0.01,0.00,0.00,0.00,0.00,0.00,0.00,0.00,0.00,0.00,0.01,0.04,0.05,356335,501566,618583,783413,1105322,1469714,0,0,0,0,0,0,0,139605,0,172.26,175.31,178.00
2327,1,19,46,60,87863,87863,87863,9416,9416,9416,591,591,591,0.05,0.09,0.12,0.02,0.04,0.06,0.00,0.01,0.01,0.00,0.00,0.00,0.00,0.00,0.00,0.00,0.00,0.00,0.01,0.04,0.05,424554,578658,663031,904143,1205016,1459759,0,0,0,0,524,2620,0,146454,0,161.56,163.72,165.06
2327,2,34,44,57,87768,87768,87768,9511,9511,9511,591,591,591,0.05,0.09,0.13,0.02,0.04,0.07,0.00,0.01,0.01,0.00,0.00,0.00,0.00,0.00,0.00,0.00,0.00,0.00,0.01,0.04,0.05,511074,984882,2146443,1001182,1591848,2806888,0,524,2620,0,0,0,0,126511,0,160.17,162.91,166.25
2327,3,23,52,79,87769,87769,87769,9510,9510,9510,591,591,591,0.05,0.09,0.12,0.02,0.05,0.06,0.00,0.01,0.01,0.00,0.00,0.00,0.00,0.00,0.00,0.00,0.00,0.00,0.01,0.04,0.05,262072,677188,1032506,735549,1313324,1666748,0,0,0,0,0,0,0,161296,0,173.21,177.39,182.89
2328,0,43,47,54,87886,87886,87886,9393,9393,9393,591,591,591,0.07,0.09,0.13,0.03,0.05,0.07,0.00,0.01,0.01,0.00,0.00,0.00,0.00,0.00,0.00,0.00,0.00,0.00,0.01,0.04,0.05,343315,610628,1100712,893664,1154690,1546238,0,0,0,0,524,2620,0,158365,0,173.62,177.97,181.51
2328,1,41,45,49,87863,87863,87863,9416,9416,9416,591,591,591,0.07,0.09,0.13,0.03,0.04,0.07,0.00,0.01,0.01,0.00,0.00,0.00,0.00,0.00,0.00,0.00,0.00,0.00,0.01,0.04,0.05,353735,476536,678829,770357,1027331,1334070,0,1037,2620,0,349,1747,0,132463,0,162.22,163.66,165.85
2328,2,41,51,67,87768,87768,87768,9511,9511,9511,591,591,591,0.06,0.10,0.11,0.03,0.05,0.05,0.01,0.01,0.01,0.00,0.00,0.00,0.00,0.00,0.00,0.00,0.00,0.00,0.01,0.04,0.05,487450,682943,1090175,922487,1216512,1480646,0,1572,5241,0,524,2620,0,135599,0,159.27,164.23,167.76
2328,3,50,58,65,87769,87769,87769,9510,9510,9510,591,591,591,0.08,0.09,0.10,0.04,0.04,0.05,0.00,0.01,0.01,0.00,0.00,0.00,0.00,0.00,0.00,0.00,0.00,0.00,0.02,0.04,0.04,343321,494279,652574,841277,1045692,1396877,0,0,0,0,1048,5241,0,144208,0,173.06,178.59,182.55
2329,0,26,49,67,87886,87886,87886,9393,9393,9393,591,591,591,0.05,0.09,0.10,0.02,0.04,0.05,0.00,0.01,0.01,0.00,0.00,0.00,0.00,0.00,0.00,0.00,0.00,0.00,0.01,0.03,0.05,393006,596415,958561,820073,1195251,1527706,0,514,2571,0,0,0,0,138891,0,170.15,174.88,179.49
2329,1,26,49,66,87863,87863,87863,9416,9416,9416,591,591,591,0.06,0.09,0.12,0.03,0.05,0.06,0.01,0.01,0.01,0.00,0.00,0.00,0.00,0.00,0.00,0.00,0.00,0.00,0.01,0.04,0.05,419310,631593,964438,982745,1296205,1787355,0,0,0,0,524,2620,0,129621,0,161.34,162.87,166.63
2329,2,36,48,68,87768,87768,87768,9511,9511,9511,591,591,591,0.07,0.09,0.13,0.03,0.05,0.07,0.00,0.01,0.01,0.00,0.00,0.00,0.00,0.00,0.00,0.00,0.00,0.00,0.02,0.04,0.05,497923,738816,1034908,1128795,1348864,1501000,0,0,0,0,342,1710,0,126890,0,158.83,163.29,167.70
2329,3,24,52,71,87769,87769,87769,9510,9510,9510,591,591,591,0.05,0.09,0.12,0.02,0.04,0.06,0.00,0.01,0.01,0.00,0.00,0.00,0.00,0.00,0.00,0.00,0.00,0.00,0.01,0.04,0.05,395742,495226,647352,930330,1112562,1404781,0,524,2620,0,0,0,0,142526,0,175.20,177.87,181.76
2330,0,29,47,64,87886,87886,87886,9393,9393,9393,591,591,591,0.08,0.09,0.12,0.04,0.05,0.06,0.00,0.01,0.01,0.00,0.00,0.00,0.00,0.00,0.00,0.00,0.00,0.00,0.02,0.04,0.05,353808,549999,697106,977475,1256193,1535730,0,0,0,0,0,0,0,135096,0,170.29,172.31,175.84
2330,1,29,44,59,87863,87863,87863,9416,9416,9416,591,591,591,0.05,0.08,0.10,0.02,0.04,0.05,0.00,0.01,0.01,0.00,0.00,0.00,0.00,0.00,0.00,0.00,0.00,0.00,0.01,0.03,0.05,361530,563977,906821,875341,1220187,1685220,0,0,0,0,0,0,0,124623,0,159.63,161.41,163.31
2330,2,25,47,55,87768,87768,87768,9511,9511,9511,591,591,591,0.05,0.08,0.11,0.02,0.04,0.05,0.00,0.01,0.01,0.00,0.00,0.00,0.00,0.00,0.00,0.00,0.00,0.00,0.01,0.04,0.05,561252,959245,1776814,1103796,1642199,2413637,0,0,0,0,0,0,0,141257,0,157.93,161.46,164.32
2330,3,31,45,61,87769,87769,87769,9510,9510,9510,591,591,591,0.07,0.09,0.12,0.03,0.05,0.06,0.00,0.01,0.01,0.00,0.00,0.00,0.00,0.00,0.00,0.00,0.00,0.00,0.01,0.04,0.05,350973,577211,906771,927198,1287349,1713955,0,0,0,0,0,0,0,154315,0,173.81,176.84,180.01
2331,0,23,50,62,87886,87886,87886,9393,9393,9393,591,591,591,0.06,0.09,0.11,0.03,0.04,0.06,0.01,0.01,0.01,0.00,0.00,0.00,0.00,0.00,0.00,0.00,0.00,0.00,0.01,0.04,0.05,385153,693982,1509740,880628,1320316,2254126,0,0,0,0,0,0,0,156346,0,171.94,175.03,177.26
2331,1,23,51,65,87863,87863,87863,9416,9416,9416,591,591,591,0.06,0.09,0.12,0.03,0.04,0.06,0.01,0.01,0.01,0.00,0.00,0.00,0.00,0.00,0.00,0.00,0.00,0.00,0.01,0.04,0.05,437665,587049,715488,938228,1222847,1562019,0,524,2620,0,0,0,0,142678,0,159.47,161.67,165.27
2331,2,32,38,45,87768,87768,87768,9511,9511,9511,591,591,591,0.05,0.09,0.13,0.02,0.05,0.07,0.00,0.01,0.01,0.00,0.00,0.00,0.00,0.00,0.00,0.00,0.00,0.00,0.01,0.04,0.05,537240,802960,1161000,1113790,1464932,1871228,0,524,2620,0,524,2620,0,129886,0,156.46,159.69,162.50
2331,3,25,51,61,87769,87769,87769,9510,9510,9510,591,591,591,0.05,0.09,0.12,0.02,0.04,0.06,0.00,0.01,0.01,0.00,0.00,0.00,0.00,0.00,0.00,0.00,0.00,0.00,0.01,0.04,0.05,385173,639358,1134829,885156,1264032,2002332,0,0,0,0,523,2618,0,142333,0,172.29,175.75,178.01
2332,0,34,49,63,87886,87886,87886,9393,9393,9393,591,591,591,0.05,0.09,0.13,0.02,0.05,0.06,0.00,0.01,0.01,0.00,0.00,0.00,0.00,0.00,0.00,0.00,0.00,0.00,0.01,0.04,0.05,382613,533574,642090,959153,1171449,1409977,0,0,0,0,524,2620,0,140841,0,174.05,175.19,177.28
2332,1,47,56,63,87863,87863,87863,9416,9416,9416,591,591,591,0.05,0.09,0.12,0.02,0.05,0.06,0.00,0.01,0.01,0.00,0.00,0.00,0.00,0.00,0.00,0.00,0.00,0.00,0.01,0.04,0.05,384933,502764,767868,888389,1104560,1459737,0,516,2583,0,524,2620,0,94733,0,160.71,163.84,168.25
2332,2,23,43,53,87768,87768,87768,9511,9511,9511,591,591,591,0.08,0.09,0.10,0.04,0.04,0.05,0.00,0.01,0.01,0.00,0.00,0.00,0.00,0.00,0.00,0.00,0.00,0.00,0.02,0.03,0.05,469122,675615,1095480,872678,1304060,1876468,0,524,2620,0,524,2620,0,129543,0,161.21,162.87,166.14
2332,3,43,47,51,87769,87769,87769,9510,9510,9510,591,591,591,0.05,0.10,0.13,0.02,0.05,0.06,0.00,0.01,0.01,0.00,0.00,0.00,0.00,0.00,0.00,0.00,0.00,0.00,0.01,0.04,0.05,445525,547420,634161,943479,1185442,1362661,0,524,2620,0,0,0,0,105160,0,174.19,176.20,178.60
2333,0,36,51,64,87886,87886,87886,9393,9393,9393,591,591,591,0.05,0.08,0.10,0.02,0.04,0.05,0.00,0.01,0.01,0.00,0.00,0.00,0.00,0.00,0.00,0.00,0.00,0.00,0.01,0.03,0.05,526761,701204,988037,1111177,1358589,1569853,0,1300,2620,0,0,0,0,105480,0,170.15,173.53,175.29
2333,1,34,42,52,87863,87863,87863,9416,9416,9416,591,591,591,0.05,0.08,0.13,0.02,0.04,0.07,0.00,0.01,0.01,0.00,0.00,0.00,0.00,0.00,0.00,0.00,0.00,0.00,0.01,0.04,0.05,353803,604712,974812,883178,1289366,1692819,0,0,0,0,1965,2620,0,128013,0,159.63,163.67,166.22
2333,2,21,42,57,87768,87768,87768,9511,9511,9511,591,591,591,0.08,0.09,0.11,0.04,0.05,0.05,0.01,0.01,0.01,0.00,0.00,0.00,0.00,0.00,0.00,0.00,0.00,0.00,0.03,0.04,0.05,544841,690359,841221,1082372,1377425,1650995,0,1285,5140,0,0,0,0,97708,0,157.27,161.15,163.84
2333,3,33,45,60,87769,87769,87769,9510,9510,9510,591,591,591,0.05,0.08,0.10,0.02,0.04,0.05,0.00,0.01,0.01,0.00,0.00,0.00,0.00,0.00,0.00,0.00,0.00,0.00,0.01,0.03,0.05,355199,527756,754764,825445,1200730,1635324,0,0,0,0,652,2611,0,139778,0,174.47,176.95,178.55
2334,0,42,51,59,87886,87886,87886,9393,9393,9393,591,591,591,0.05,0.09,0.12,0.02,0.05,0.06,0.00,0.01,0.01,0.00,0.00,0.00,0.00,0.00,0.00,0.00,0.00,0.00,0.01,0.04,0.05,419316,534628,773142,927757,1128308,1373216,0,349,1747,0,0,0,0,139691,0,170.27,175.23,177.08
2334,1,25,44,63,87863,87863,87863,9416,9416,9416,591,591,591,0.05,0.09,0.13,0.02,0.05,0.06,0.00,0.01,0.01,0.00,0.00,0.00,0.00,0.00,0.00,0.00,0.00,0.00,0.01,0.04,0.05,379993,614836,904201,925088,1242775,1682600,0,1048,5241,0,524,2620,0,144815,0,159.08,162.98,166.15
2334,2,21,47,59,87768,87768,87768,9511,9511,9511,591,591,591,0.06,0.09,0.11,0.03,0.05,0.06,0.01,0.01,0.01,0.00,0.00,0.00,0.00,0.00,0.00,0.00,0.00,0.00,0.01,0.04,0.05,563449,1005109,2253723,1216270,1633779,2990114,0,524,2620,0,1572,5241,0,144185,0,158.18,161.86,164.93
2334,3,38,48,68,87769,87769,87769,9510,9510,9510,591,591,591,0.05,0.09,0.11,0.03,0.05,0.06,0.00,0.01,0.01,0.00,0.00,0.00,0.00,0.00,0.00,0.00,0.00,0.00,0.01,0.04,0.05,421935,692008,1069173,919871,1299629,1719151,0,524,2620,0,526,2632,0,158847,0,172.98,177.27,179.83
2335,0,20,43,60,87886,87886,87886,9393,9393,9393,591,591,591,0.09,0.09,0.10,0.04,0.04,0.05,0.01,0.01,0.01,0.00,0.00,0.00,0.00,0.00,0.00,0.00,0.00,0.00,0.02,0.04,0.05,398362,700802,1024725,875350,1389027,1656333,0,0,0,0,524,2620,0,154525,0,174.32,177.33,181.56
2335,1,18,41,56,87863,87863,87863,9416,9416,9416,591,591,591,0.07,0.09,0.10,0.04,0.05,0.05,0.00,0.01,0.01,0.00,0.00,0.00,0.00,0.00,0.00,0.00,0.00,0.00,0.02,0.04,0.05,450754,698859,1061469,951300,1391862,1860847,0,524,2620,0,0,0,0,127057,0,161.33,164.30,167.64
2335,2,30,44,58,87768,87768,87768,9511,9511,9511,591,591,591,0.05,0.09,0.13,0.02,0.05,0.07,0.00,0.01,0.01,0.00,0.00,0.00,0.00,0.00,0.00,0.00,0.00,0.00,0.01,0.04,0.05,492694,717029,1218659,930354,1380597,2052064,0,0,0,0,524,2620,0,128460,0,159.45,162.58,166.61
2335,3,32,44,59,87769,87769,87769,9510,9510,9510,591,591,591,0.08,0.09,0.11,0.04,0.05,0.06,0.01,0.01,0.01,0.00,0.00,0.00,0.00,0.00,0.00,0.00,0.00,0.00,0.01,0.04,0.05,340699,594425,767504,925130,1287781,1619020,0,520,2601,0,0,0,0,140641,0,175.68,179.06,183.92
2336,0,22,45,58,87886,87886,87886,9393,9393,9393,591,591,591,0.06,0.08,0.11,0.03,0.04,0.06,0.01,0.01,0.01,0.00,0.00,0.00,0.00,0.00,0.00,0.00,0.00,0.00,0.01,0.03,0.05,387860,653618,930351,849101,1301474,1546218,0,0,0,0,0,0,0,139959,0,170.38,172.98,174.72
2336,1,22,44,54,87863,87863,87863,9416,9416,9416,591,591,591,0.06,0.09,0.11,0.03,0.05,0.05,0.01,0.01,0.01,0.00,0.00,0.00,0.00,0.00,0.00,0.00,0.00,0.00,0.01,0.04,0.05,400709,588045,788823,1008321,1256782,1567165,0,0,0,0,524,2620,0,129078,0,158.40,160.95,162.53
2336,2,38,51,57,87768,87768,87768,9511,9511,9511,591,591,591,0.05,0.08,0.13,0.02,0.04,0.06,0.00,0.01,0.01,0.00,0.00,0.00,0.00,0.00,0.00,0.00,0.00,0.00,0.01,0.03,0.05,526794,746345,1155748,1074556,1405687,1926248,0,524,2620,0,0,0,0,128175,0,160.74,161.43,162.18
2336,3,32,53,70,87769,87769,87769,9510,9510,9510,591,591,591,0.05,0.08,0.12,0.02,0.04,0.06,0.00,0.01,0.01,0.00,0.00,0.00,0.00,0.00,0.00,0.00,0.00,0.00,0.01,0.03,0.05,403542,543607,828275,906660,1189703,1512389,0,0,0,0,0,0,0,141500,0,175.02,178.11,180.54
2337,0,33,49,65,87886,87886,87886,9393,9393,9393,591,591,591,0.05,0.09,0.13,0.02,0.04,0.07,0.00,0.01,0.01,0.00,0.00,0.00,0.00,0.00,0.00,0.00,0.00,0.00,0.01,0.04,0.05,283037,574170,873895,822906,1269265,1542615,0,0,0,0,1048,2620,0,139883,0,172.19,173.67,175.21
2337,1,29,44,60,87863,87863,87863,9416,9416,9416,591,591,591,0.05,0.08,0.10,0.02,0.04,0.05,0.00,0.01,0.01,0.00,0.00,0.00,0.00,0.00,0.00,0.00,0.00,0.00,0.01,0.03,0.05,340692,565028,935629,843849,1224924,1740217,0,1572,5241,0,0,0,0,130043,0,156.39,158.14,161.55
2337,2,24,44,57,87768,87768,87768,9511,9511,9511,591,591,591,0.07,0.09,0.11,0.04,0.05,0.06,0.00,0.01,0.01,0.00,0.00,0.00,0.00,0.00,0.00,0.00,0.00,0.00,0.02,0.04,0.05,538515,727127,867477,1204756,1431617,1584336,0,0,0,0,345,1726,0,144893,0,157.14,159.43,162.19
2337,3,29,49,65,87769,87769,87769,9510,9510,9510,591,591,591,0.05,0.09,0.13,0.02,0.05,0.07,0.00,0.01,0.01,0.00,0.00,0.00,0.00,0.00,0.00,0.00,0.00,0.00,0.01,0.04,0.05,285709,562947,702298,818565,1282486,1530381,0,0,0,0,0,0,0,157800,0,173.22,175.62,177.41
2338,0,39,47,69,87886,87886,87886,9393,9393,9393,591,591,591,0.05,0.09,0.12,0.02,0.04,0.06,0.00,0.01,0.01,0.00,0.00,0.00,0.00,0.00,0.00,0.00,0.00,0.00,0.01,0.04,0.05,366894,546160,752127,922491,1133206,1331357,0,1048,2620,0,524,2620,0,155587,0,171.86,173.14,175.56
2338,1,35,46,60,87863,87863,87863,9416,9416,9416,591,591,591,0.05,0.09,0.12,0.02,0.04,0.06,0.00,0.01,0.01,0.00,0.00,0.00,0.00,0.00,0.00,0.00,0.00,0.00,0.01,0.04,0.05,440298,591244,872752,938255,1169905,1546317,0,524,2620,0,1572,2620,0,144569,0,159.46,161.14,162.91
2338,2,20,45,58,87768,87768,87768,9511,9511,9511,591,591,591,0.05,0.09,0.10,0.02,0.04,0.05,0.00,0.01,0.01,0.00,0.00,0.00,0.00,0.00,0.00,0.00,0.00,0.00,0.01,0.04,0.05,652542,973754,1627029,1139984,1552373,2033132,0,1048,2620,0,0,0,0,129089,0,159.92,162.24,163.91
2338,3,26,51,69,87769,87769,87769,9510,9510,9510,591,591,591,0.05,0.09,0.12,0.02,0.04,0.06,0.00,0.01,0.01,0.00,0.00,0.00,0.00,0.00,0.00,0.00,0.00,0.00,0.01,0.04,0.05,365721,694255,1050863,799362,1285738,1658844,0,524,2620,0,524,2620,0,142879,0,171.51,174.84,177.56
2339,0,31,50,64,87886,87886,87886,9393,9393,9393,591,591,591,0.08,0.10,0.13,0.04,0.05,0.06,0.00,0.01,0.01,0.00,0.00,0.00,0.00,0.00,0.00,0.00,0.00,0.00,0.02,0.04,0.05,382608,701823,1210783,867421,1315589,1826658,0,0,0,0,0,0,0,139848,0,174.26,175.78,177.20
2339,1,19,43,60,87863,87863,87863,9416,9416,9416,591,591,591,0.08,0.10,0.13,0.04,0.05,0.06,0.00,0.01,0.01,0.00,0.00,0.00,0.00,0.00,0.00,0.00,0.00,0.00,0.02,0.04,0.05,365013,579333,694496,921593,1219520,1446766,0,0,0,0,0,0,0,129021,0,162.26,163.44,166.01
2339,2,21,44,55,87768,87768,87768,9511,9511,9511,591,591,591,0.05,0.09,0.12,0.02,0.04,0.06,0.00,0.01,0.01,0.00,0.00,0.00,0.00,0.00,0.00,0.00,0.00,0.00,0.01,0.03,0.05,505806,672480,1016814,995888,1289927,1763701,0,0,0,0,524,2620,0,131431,0,163.44,165.59,167.12
2339,3,45,53,63,87769,87769,87769,9510,9510,9510,591,591,591,0.08,0.10,0.13,0.04,0.05,0.06,0.01,0.01,0.01,0.00,0.00,0.00,0.00,0.00,0.00,0.00,0.00,0.00,0.02,0.04,0.05,334251,528092,888396,840851,1149886,1671968,0,0,0,0,0,0,0,140470,0,176.68,178.04,180.58
2340,0,23,49,60,87886,87886,87886,9393,9393,9393,591,591,591,0.06,0.09,0.11,0.03,0.05,0.05,0.01,0.01,0.01,0.00,0.00,0.00,0.00,0.00,0.00,0.00,0.00,0.00,0.01,0.04,0.04,400989,636841,1145233,891088,1272114,1899987,0,0,0,0,0,0,0,105467,0,175.19,176.78,179.24
2340,1,49,57,64,87863,87863,87863,9416,9416,9416,591,591,591,0.06,0.08,0.10,0.03,0.04,0.05,0.00,0.01,0.01,0.00,0.00,0.00,0.00,0.00,0.00,0.00,0.00,0.00,0.01,0.03,0.04,414048,568165,681414,893611,1162362,1368069,0,349,1747,0,524,2620,0,96749,0,162.07,164.07,165.88
2340,2,32,49,60,87768,87768,87768,9511,9511,9511,591,591,591,0.07,0.10,0.13,0.03,0.05,0.06,0.01,0.01,0.01,0.00,0.00,0.00,0.00,0.00,0.00,0.00,0.00,0.00,0.04,0.04,0.05,497957,782496,1205148,1035294,1375796,1996355,0,1048,2620,0,1572,7862,0,130295,0,163.13,165.62,168.33
2340,3,23,44,59,87769,87769,87769,9510,9510,9510,591,591,591,0.05,0.09,0.11,0.03,0.05,0.06,0.00,0.01,0.01,0.00,0.00,0.00,0.00,0.00,0.00,0.00,0.00,0.00,0.01,0.04,0.05,390485,623761,1035198,872695,1278055,1800458,0,1043,2620,0,513,2567,0,105246,0,177.07,180.28,183.50
2341,0,30,54,75,87886,87886,87886,9393,9393,9393,591,591,591,0.05,0.09,0.11,0.02,0.04,0.05,0.00,0.01,0.01,0.00,0.00,0.00,0.00,0.00,0.00,0.00,0.00,0.00,0.01,0.03,0.05,270787,470342,829709,809594,1045956,1609688,0,0,0,0,0,0,0,140641,0,169.34,170.48,172.32
2341,1,30,45,60,87863,87863,87863,9416,9416,9416,591,591,591,0.05,0.10,0.12,0.02,0.05,0.06,0.00,0.01,0.01,0.00,0.00,0.00,0.00,0.00,0.00,0.00,0.00,0.00,0.01,0.04,0.05,421921,469105,555589,927719,1098072,1202904,0,0,0,0,0,0,0,130667,0,157.15,160.81,162.44
2341,2,19,41,58,87768,87768,87768,9511,9511,9511,591,591,591,0.05,0.09,0.12,0.02,0.04,0.06,0.00,0.01,0.01,0.00,0.00,0.00,0.00,0.00,0.00,0.00,0.00,0.00,0.01,0.03,0.05,561017,953994,1685518,1302730,1557580,1959839,0,0,0,0,0,0,0,113641,0,159.00,161.95,163.97
2341,3,43,55,70,87769,87769,87769,9510,9510,9510,591,591,591,0.05,0.09,0.13,0.02,0.04,0.07,0.00,0.01,0.01,0.00,0.00,0.00,0.00,0.00,0.00,0.00,0.00,0.00,0.01,0.03,0.05,424547,515170,644708,972126,1139097,1444041,0,0,0,0,0,0,0,161486,0,173.56,176.04,178.94
2342,0,22,46,64,87886,87886,87886,9393,9393,9393,591,591,591,0.07,0.09,0.10,0.03,0.04,0.05,0.00,0.01,0.01,0.00,0.00,0.00,0.00,0.00,0.00,0.00,0.00,0.00,0.02,0.04,0.05,340682,568177,817672,778360,1254287,1546192,0,524,2620,0,524,2620,0,153503,0,174.29,175.76,178.98
2342,1,16,42,62,87863,87863,87863,9416,9416,9416,591,591,591,0.07,0.09,0.10,0.03,0.04,0.05,0.00,0.01,0.01,0.00,0.00,0.00,0.00,0.00,0.00,0.00,0.00,0.00,0.02,0.04,0.05,348561,632099,943324,788849,1298800,1679641,0,524,2620,0,524,2620,0,141293,0,161.22,163.14,167.70
2342,2,28,49,69,87768,87768,87768,9511,9511,9511,591,591,591,0.05,0.09,0.13,0.02,0.05,0.06,0.00,0.01,0.01,0.00,0.00,0.00,0.00,0.00,0.00,0.00,0.00,0.00,0.01,0.04,0.05,532001,691345,1016820,993243,1341810,1747988,0,0,0,0,524,2620,0,128074,0,158.82,161.39,164.85
2342,3,25,50,64,87769,87769,87769,9510,9510,9510,591,591,591,0.08,0.09,0.10,0.04,0.04,0.05,0.01,0.01,0.01,0.00,0.00,0.00,0.00,0.00,0.00,0.00,0.00,0.00,0.02,0.04,0.05,487427,704445,1071845,1077058,1412564,1630043,0,524,2620,0,0,0,0,138249,0,174.53,177.88,180.98
2344,0,21,50,67,87886,87886,87886,9393,9393,9393,591,591,591,0.05,0.09,0.11,0.03,0.04,0.06,0.00,0.01,0.01,0.00,0.00,0.00,0.00,0.00,0.00,0.00,0.00,0.00,0.01,0.03,0.05,390493,654925,1153121,862229,1289149,1865960,0,262,2620,0,262,2620,0,312265,0,172.36,175.54,179.27
2344,1,21,50,78,87863,87863,87863,9416,9416,9416,591,591,591,0.05,0.09,0.11,0.02,0.04,0.06,0.00,0.01,0.01,0.00,0.00,0.00,0.00,0.00,0.00,0.00,0.00,0.00,0.01,0.03,0.05,393080,566389,953958,961829,1193549,1617012,0,524,2620,0,524,2620,0,287563,0,157.91,160.23,165.60
2344,2,25,49,66,87768,87768,87768,9511,9511,9511,591,591,591,0.05,0.09,0.13,0.02,0.04,0.07,0.00,0.01,0.01,0.00,0.00,0.00,0.00,0.00,0.00,0.00,0.00,0.00,0.01,0.03,0.05,513665,845441,1446485,972295,1512677,2227377,0,524,5241,0,262,2620,0,306255,0,156.78,161.80,166.39
2344,3,30,50,65,87769,87769,87769,9510,9510,9510,591,591,591,0.05,0.09,0.12,0.02,0.04,0.06,0.00,0.01,0.01,0.00,0.00,0.00,0.00,0.00,0.00,0.00,0.00,0.00,0.01,0.03,0.05,353800,551084,741684,799327,1169107,1430953,0,0,0,0,262,2620,0,316389,0,173.03,176.85,180.67
2345,0,34,47,53,87886,87886,87886,9393,9393,9393,591,591,591,0.08,0.11,0.13,0.04,0.05,0.07,0.01,0.01,0.01,0.00,0.00,0.00,0.00,0.00,0.00,0.00,0.00,0.00,0.02,0.04,0.05,393118,484832,639455,864859,1036232,1210772,0,524,2620,0,524,2620,0,139223,0,171.34,174.70,176.30
2345,1,35,45,50,87863,87863,87863,9416,9416,9416,591,591,591,0.09,0.10,0.13,0.04,0.05,0.07,0.01,0.01,0.01,0.00,0.00,0.00,0.00,0.00,0.00,0.00,0.00,0.00,0.03,0.04,0.05,380003,497402,684002,830765,1023109,1352281,0,1048,5241,0,1048,2620,0,146128,0,158.82,162.58,166.07
2345,2,42,45,50,87768,87768,87768,9511,9511,9511,591,591,591,0.07,0.10,0.11,0.03,0.05,0.06,0.01,0.01,0.01,0.00,0.00,0.00,0.00,0.00,0.00,0.00,0.00,0.00,0.01,0.04,0.08,537033,842982,1636366,1029938,1388905,2295834,0,984,4921,0,1540,5241,0,132814,0,158.25,163.18,166.50
2345,3,52,61,71,87769,87769,87769,9510,9510,9510,591,591,591,0.07,0.10,0.13,0.03,0.05,0.07,0.01,0.01,0.01,0.00,0.00,0.00,0.00,0.00,0.00,0.00,0.00,0.00,0.01,0.04,0.05,377345,470153,712848,815073,969651,1174103,0,1048,2620,0,524,2620,0,160841,0,174.73,179.62,183.19
2346,0,23,46,65,87886,87886,87886,9393,9393,9393,591,591,591,0.07,0.09,0.10,0.03,0.04,0.05,0.01,0.01,0.01,0.00,0.00,0.00,0.00,0.00,0.00,0.00,0.00,0.00,0.02,0.04,0.05,372144,567652,1069240,833392,1155749,1648412,0,524,2620,0,524,2620,0,155013,0,174.78,176.74,178.51
2346,1,25,46,60,87863,87863,87863,9416,9416,9416,591,591,591,0.08,0.09,0.11,0.04,0.05,0.05,0.01,0.01,0.01,0.00,0.00,0.00,0.00,0.00,0.00,0.00,0.00,0.00,0.04,0.04,0.05,183448,504751,993312,668275,1079730,1753366,0,1048,2620,0,524,2620,0,126335,0,160.91,162.73,165.60
2346,2,34,50,58,87768,87768,87768,9511,9511,9511,591,591,591,0.05,0.09,0.12,0.02,0.04,0.06,0.00,0.01,0.01,0.00,0.00,0.00,0.00,0.00,0.00,0.00,0.00,0.00,0.01,0.04,0.05,500553,749007,1373232,1027331,1331338,2015296,0,0,0,0,524,2620,0,130500,0,161.10,163.23,165.03
2346,3,24,51,63,87769,87769,87769,9510,9510,9510,591,591,591,0.08,0.10,0.10,0.04,0.05,0.05,0.00,0.01,0.01,0.00,0.00,0.00,0.00,0.00,0.00,0.00,0.00,0.00,0.03,0.04,0.05,406214,576035,794065,985390,1179326,1577647,0,0,0,0,0,0,0,140355,0,175.25,178.63,182.60
2347,0,21,48,63,87886,87886,87886,9393,9393,9393,591,591,591,0.07,0.09,0.10,0.03,0.04,0.05,0.01,0.01,0.01,0.00,0.00,0.00,0.00,0.00,0.00,0.00,0.00,0.00,0.01,0.03,0.05,332842,652554,977540,909420,1266321,1483269,0,0,0,0,0,0,0,105180,0,172.29,175.23,176.76
2347,1,26,49,63,87863,87863,87863,9416,9416,9416,591,591,591,0.06,0.09,0.11,0.03,0.04,0.06,0.01,0.01,0.01,0.00,0.00,0.00,0.00,0.00,0.00,0.00,0.00,0.00,0.01,0.03,0.04,355639,578093,789357,932976,1168078,1529703,0,0,0,0,1058,2673,0,95307,0,158.75,159.65,160.77
2347,2,26,49,60,87768,87768,87768,9511,9511,9511,591,591,591,0.05,0.10,0.13,0.02,0.05,0.07,0.00,0.01,0.01,0.00,0.00,0.00,0.00,0.00,0.00,0.00,0.00,0.00,0.01,0.04,0.05,487459,626870,775717,930365,1228058,1472815,0,1572,5241,0,0,0,0,132787,0,159.66,162.98,165.33
2347,3,30,54,74,87769,87769,87769,9510,9510,9510,591,591,591,0.05,0.09,0.11,0.03,0.04,0.06,0.01,0.01,0.01,0.00,0.00,0.00,0.00,0.00,0.00,0.00,0.00,0.00,0.01,0.03,0.05,348574,584410,1045608,880609,1199226,1918259,0,0,0,0,524,2620,0,106133,0,172.87,177.06,180.16
2348,0,45,48,55,87886,87886,87886,9393,9393,9393,591,591,591,0.10,0.10,0.11,0.05,0.05,0.05,0.01,0.01,0.01,0.00,0.00,0.00,0.00,0.00,0.00,0.00,0.00,0.00,0.04,0.04,0.04,361664,486783,786609,786227,985726,1311016,0,524,2620,0,514,2572,0,142252,0,174.73,177.27,179.81
2348,1,42,47,54,87863,87863,87863,9416,9416,9416,591,591,591,0.10,0.10,0.10,0.05,0.05,0.05,0.01,0.01,0.01,0.00,0.00,0.00,0.00,0.00,0.00,0.00,0.00,0.00,0.04,0.04,0.04,351149,399927,550355,783594,859609,1053537,0,524,2620,0,524,2621,0,132769,0,159.95,162.66,164.72
2348,2,54,59,63,87768,87768,87768,9511,9511,9511,591,591,591,0.07,0.10,0.10,0.03,0.05,0.05,0.01,0.01,0.01,0.00,0.00,0.00,0.00,0.00,0.00,0.00,0.00,0.00,0.01,0.04,0.04,186055,571295,959121,621059,1023091,1404615,0,0,0,0,524,2620,0,113826,0,163.57,166.71,168.34
2348,3,43,53,60,87769,87769,87769,9510,9510,9510,591,591,591,0.10,0.10,0.10,0.05,0.05,0.05,0.01,0.01,0.01,0.00,0.00,0.00,0.00,0.00,0.00,0.00,0.00,0.00,0.04,0.04,0.04,335463,417826,558598,770516,909050,1096315,0,524,2620,0,0,0,0,166040,0,179.76,182.48,184.20
2349,0,23,39,56,87886,87886,87886,9393,9393,9393,591,591,591,0.05,0.09,0.13,0.02,0.05,0.07,0.00,0.01,0.01,0.00,0.00,0.00,0.00,0.00,0.00,0.00,0.00,0.00,0.01,0.04,0.05,495308,652036,812369,995858,1381648,1590671,0,0,0,0,0,0,0,155594,0,170.31,171.13,172.70
2349,1,24,46,61,87863,87863,87863,9416,9416,9416,591,591,591,0.04,0.09,0.13,0.02,0.05,0.07,0.00,0.01,0.01,0.00,0.00,0.00,0.00,0.00,0.00,0.00,0.00,0.00,0.01,0.04,0.05,398336,635260,841255,1108528,1322409,1522646,0,524,2620,0,524,2620,0,143549,0,159.59,161.48,163.59
2349,2,33,46,62,87768,87768,87768,9511,9511,9511,591,591,591,0.07,0.08,0.10,0.04,0.04,0.05,0.00,0.01,0.01,0.00,0.00,0.00,0.00,0.00,0.00,0.00,0.00,0.00,0.02,0.04,0.04,725960,979444,1819763,1266057,1660651,2583139,0,1065,2705,0,541,2705,0,131263,0,160.58,163.37,166.07
2349,3,31,49,68,87769,87769,87769,9510,9510,9510,591,591,591,0.05,0.09,0.13,0.02,0.05,0.07,0.00,0.01,0.01,0.00,0.00,0.00,0.00,0.00,0.00,0.00,0.00,0.00,0.01,0.04,0.05,513668,752166,956615,1218653,1418373,1719286,0,0,0,0,0,0,0,140501,0,172.54,175.50,179.16
2350,0,43,49,57,87886,87886,87886,9393,9393,9393,591,591,591,0.05,0.09,0.13,0.02,0.05,0.07,0.00,0.01,0.01,0.00,0.00,0.00,0.00,0.00,0.00,0.00,0.00,0.00,0.01,0.04,0.05,395737,727468,1509217,896305,1350679,2017530,0,524,2620,0,0,0,0,137470,0,172.27,174.21,176.81
2350,1,41,50,62,87863,87863,87863,9416,9416,9416,591,591,591,0.05,0.09,0.13,0.02,0.05,0.07,0.00,0.01,0.01,0.00,0.00,0.00,0.00,0.00,0.00,0.00,0.00,0.00,0.01,0.04,0.07,338075,479591,655178,780955,1086026,1451875,0,0,0,0,524,2620,0,126933,0,158.52,160.01,161.54
2350,2,29,46,63,87768,87768,87768,9511,9511,9511,591,591,591,0.09,0.09,0.10,0.04,0.05,0.05,0.00,0.01,0.01,0.00,0.00,0.00,0.00,0.00,0.00,0.00,0.00,0.00,0.02,0.04,0.05,482045,703910,1203115,1077071,1343845,1897723,0,0,0,0,524,2620,0,132654,0,161.15,162.96,164.58
2350,3,33,52,65,87769,87769,87769,9510,9510,9510,591,591,591,0.05,0.09,0.11,0.02,0.04,0.05,0.00,0.01,0.01,0.00,0.00,0.00,0.00,0.00,0.00,0.00,0.00,0.00,0.01,0.03,0.05,390481,502631,715543,883169,1103273,1475643,0,524,2620,0,523,2619,0,142594,0,173.97,176.03,177.82
2351,0,21,51,65,87886,87886,87886,9393,9393,9393,591,591,591,0.05,0.08,0.12,0.02,0.04,0.06,0.00,0.01,0.01,0.00,0.00,0.00,0.00,0.00,0.00,0.00,0.00,0.00,0.01,0.03,0.05,403587,595437,901568,859589,1197161,1449228,0,0,0,0,524,2620,0,144051,0,172.95,174.70,175.92
2351,1,19,46,58,87863,87863,87863,9416,9416,9416,591,591,591,0.06,0.09,0.11,0.03,0.05,0.05,0.00,0.01,0.01,0.00,0.00,0.00,0.00,0.00,0.00,0.00,0.00,0.00,0.02,0.04,0.05,369510,520160,694531,904163,1132153,1457204,0,346,1730,0,346,1730,0,133153,0,159.79,162.14,165.57
2351,2,33,48,64,87768,87768,87768,9511,9511,9511,591,591,591,0.05,0.09,0.12,0.02,0.04,0.06,0.00,0.01,0.01,0.00,0.00,0.00,0.00,0.00,0.00,0.00,0.00,0.00,0.01,0.03,0.05,461227,747915,1001101,1142586,1340179,1506893,0,524,2620,0,0,0,0,130152,0,159.82,161.73,163.06
2351,3,31,51,69,87769,87769,87769,9510,9510,9510,591,591,591,0.05,0.09,0.12,0.02,0.04,0.06,0.00,0.01,0.01,0.00,0.00,0.00,0.00,0.00,0.00,0.00,0.00,0.00,0.01,0.04,0.05,387875,516811,741644,951343,1135834,1449221,0,0,0,0,0,0,0,146596,0,175.90,176.68,177.85
2352,0,51,53,56,87886,87886,87886,9393,9393,9393,591,591,591,0.05,0.08,0.10,0.02,0.04,0.05,0.00,0.01,0.01,0.00,0.00,0.00,0.00,0.00,0.00,0.00,0.00,0.00,0.01,0.03,0.05,348564,595446,812301,1029967,1251894,1478111,0,0,0,0,524,2620,0,138105,0,169.40,173.02,176.43
2352,1,44,53,65,87863,87863,87863,9416,9416,9416,591,591,591,0.05,0.08,0.13,0.02,0.04,0.06,0.00,0.01,0.01,0.00,0.00,0.00,0.00,0.00,0.00,0.00,0.00,0.00,0.01,0.03,0.05,361661,537753,668261,885808,1182953,1433485,0,1048,2620,0,0,0,0,128644,0,156.74,159.30,163.22
2352,2,21,47,65,87768,87768,87768,9511,9511,9511,591,591,591,0.05,0.09,0.12,0.02,0.04,0.06,0.00,0.01,0.01,0.00,0.00,0.00,0.00,0.00,0.00,0.00,0.00,0.00,0.01,0.03,0.05,463884,826020,1436128,1163201,1447819,1897366,0,0,0,0,524,2620,0,145982,0,157.13,160.60,162.61
2352,3,38,55,80,87769,87769,87769,9510,9510,9510,591,591,591,0.06,0.08,0.10,0.03,0.04,0.05,0.00,0.01,0.01,0.00,0.00,0.00,0.00,0.00,0.00,0.00,0.00,0.00,0.02,0.03,0.05,356350,634673,1386313,767868,1256712,2133193,0,0,0,0,0,0,0,158510,0,171.82,175.43,176.81
2353,0,32,50,67,87886,87886,87886,9393,9393,9393,591,591,591,0.05,0.08,0.13,0.02,0.04,0.07,0.00,0.01,0.01,0.00,0.00,0.00,0.00,0.00,0.00,0.00,0.00,0.00,0.01,0.03,0.05,400975,701839,1436181,757397,1309331,2135926,0,0,0,0,0,0,0,154541,0,169.72,172.50,174.59
2353,1,33,51,65,87863,87863,87863,9416,9416,9416,591,591,591,0.05,0.08,0.13,0.02,0.04,0.07,0.00,0.01,0.01,0.00,0.00,0.00,0.00,0.00,0.00,0.00,0.00,0.00,0.01,0.03,0.05,351060,559721,967480,773407,1152412,1748805,0,523,2619,0,0,0,0,128754,0,154.37,158.92,161.75
2353,2,34,48,60,87768,87768,87768,9511,9511,9511,591,591,591,0.07,0.09,0.10,0.03,0.04,0.05,0.00,0.01,0.01,0.00,0.00,0.00,0.00,0.00,0.00,0.00,0.00,0.00,0.02,0.04,0.05,453631,870894,1271016,1054025,1505277,1930374,0,514,2573,0,524,2620,0,129091,0,158.76,160.64,162.33
2353,3,26,53,66,87769,87769,87769,9510,9510,9510,591,591,591,0.05,0.08,0.11,0.02,0.04,0.05,0.00,0.01,0.01,0.00,0.00,0.00,0.00,0.00,0.00,0.00,0.00,0.00,0.01,0.03,0.05,340638,551907,783639,867454,1156740,1428372,0,0,0,0,524,2620,0,143054,0,173.56,176.18,178.21
2354,0,24,41,62,87886,87886,87886,9393,9393,9393,591,591,591,0.06,0.09,0.10,0.03,0.04,0.05,0.01,0.01,0.01,0.00,0.00,0.00,0.00,0.00,0.00,0.00,0.00,0.00,0.01,0.04,0.05,369509,636829,838595,938188,1346385,1596035,0,0,0,0,0,0,0,100173,0,169.78,172.05,174.46
2354,1,18,47,62,87863,87863,87863,9416,9416,9416,591,591,591,0.06,0.08,0.09,0.03,0.04,0.05,0.01,0.01,0.01,0.00,0.00,0.00,0.00,0.00,0.00,0.00,0.00,0.00,0.01,0.03,0.04,374631,593330,857036,914310,1259492,1677379,0,655,2620,0,0,0,0,93360,0,157.69,159.80,161.70
2354,2,38,48,58,87768,87768,87768,9511,9511,9511,591,591,591,0.05,0.08,0.13,0.02,0.04,0.07,0.00,0.01,0.01,0.00,0.00,0.00,0.00,0.00,0.00,0.00,0.00,0.00,0.01,0.03,0.05,670896,839289,1043035,1244827,1535096,1755863,0,0,0,0,1310,2620,0,130058,0,157.68,159.03,161.56
2354,3,34,52,62,87769,87769,87769,9510,9510,9510,591,591,591,0.05,0.08,0.10,0.02,0.04,0.05,0.00,0.01,0.01,0.00,0.00,0.00,0.00,0.00,0.00,0.00,0.00,0.00,0.01,0.03,0.05,343320,608649,788826,765262,1297229,1522618,0,655,2620,0,0,0,0,103070,0,171.20,172.85,175.47
2355,0,59,63,68,87886,87886,87886,9393,9393,9393,591,591,591,0.10,0.10,0.11,0.05,0.05,0.06,0.01,0.01,0.01,0.00,0.00,0.00,0.00,0.00,0.00,0.00,0.00,0.00,0.04,0.04,0.05,359036,561289,995564,783589,1063895,1663639,0,524,2620,0,524,2620,0,141196,0,170.90,175.00,177.86
2355,1,29,49,60,87863,87863,87863,9416,9416,9416,591,591,591,0.07,0.10,0.12,0.04,0.05,0.06,0.01,0.01,0.01,0.00,0.00,0.00,0.00,0.00,0.00,0.00,0.00,0.00,0.04,0.04,0.05,377383,552440,891001,843870,1099117,1616905,0,1048,2620,0,1572,2620,0,129382,0,157.00,160.61,164.36
2355,2,21,47,63,87768,87768,87768,9511,9511,9511,591,591,591,0.09,0.10,0.11,0.04,0.05,0.05,0.01,0.01,0.01,0.00,0.00,0.00,0.00,0.00,0.00,0.00,0.00,0.00,0.04,0.04,0.05,513667,659857,938191,1008990,1220655,1485906,0,524,2620,0,524,2620,0,113257,0,159.41,162.37,164.61
2355,3,34,48,55,87769,87769,87769,9510,9510,9510,591,591,591,0.08,0.10,0.13,0.04,0.05,0.06,0.01,0.01,0.01,0.00,0.00,0.00,0.00,0.00,0.00,0.00,0.00,0.00,0.02,0.04,0.06,366896,448203,579186,815033,1003525,1124303,0,0,0,0,0,0,0,141913,0,171.97,176.45,180.01
2356,0,33,45,55,87886,87886,87886,9393,9393,9393,591,591,591,0.05,0.09,0.13,0.02,0.05,0.06,0.00,0.01,0.01,0.00,0.00,0.00,0.00,0.00,0.00,0.00,0.00,0.00,0.01,0.04,0.05,332831,543364,727964,841251,1189076,1402061,0,867,2620,0,0,0,0,140804,0,172.37,173.46,175.29
2356,1,24,45,57,87863,87863,87863,9416,9416,9416,591,591,591,0.08,0.10,0.12,0.04,0.05,0.06,0.00,0.01,0.01,0.00,0.00,0.00,0.00,0.00,0.00,0.00,0.00,0.00,0.02,0.04,0.05,343324,514191,799334,864861,1162042,1538391,0,0,0,0,1048,2620,0,145136,0,159.81,162.20,164.98
2356,2,28,47,62,87768,87768,87768,9511,9511,9511,591,591,591,0.05,0.09,0.12,0.02,0.05,0.06,0.00,0.01,0.01,0.00,0.00,0.00,0.00,0.00,0.00,0.00,0.00,0.00,0.01,0.04,0.05,518899,869471,1320857,1092834,1509353,2017976,0,1397,6988,0,514,2572,0,133447,0,159.47,162.04,165.51
2356,3,27,50,62,87769,87769,87769,9510,9510,9510,591,591,591,0.07,0.09,0.10,0.04,0.04,0.05,0.00,0.01,0.01,0.00,0.00,0.00,0.00,0.00,0.00,0.00,0.00,0.00,0.02,0.03,0.05,385240,696265,927739,932963,1363000,1674618,0,524,2620,0,1222,3493,0,142780,0,175.10,177.66,180.61
2357,0,57,60,63,87886,87886,87886,9393,9393,9393,591,591,591,0.05,0.09,0.12,0.02,0.05,0.06,0.00,0.01,0.01,0.00,0.00,0.00,0.00,0.00,0.00,0.00,0.00,0.00,0.01,0.04,0.05,398294,658792,975141,896162,1184965,1549217,0,0,0,0,0,0,0,142923,0,175.11,178.65,180.87
2357,1,51,56,62,87863,87863,87863,9416,9416,9416,591,591,591,0.05,0.09,0.12,0.02,0.05,0.06,0.00,0.01,0.01,0.00,0.00,0.00,0.00,0.00,0.00,0.00,0.00,0.00,0.01,0.04,0.05,343320,581276,933005,770506,1091270,1480752,0,524,2620,0,0,0,0,129901,0,156.73,159.60,160.86
2357,2,43,50,56,87768,87768,87768,9511,9511,9511,591,591,591,0.07,0.10,0.10,0.03,0.05,0.05,0.01,0.01,0.01,0.00,0.00,0.00,0.00,0.00,0.00,0.00,0.00,0.00,0.01,0.04,0.04,511047,632122,948697,969680,1142071,1446632,0,0,0,0,1068,5340,0,137118,0,165.01,167.07,168.84
2357,3,38,47,54,87769,87769,87769,9510,9510,9510,591,591,591,0.08,0.10,0.12,0.04,0.05,0.06,0.00,0.01,0.01,0.00,0.00,0.00,0.00,0.00,0.00,0.00,0.00,0.00,0.04,0.04,0.05,387864,477717,642060,850085,1010984,1310326,0,524,2620,0,0,0,0,144376,0,179.49,181.31,183.50
2358,0,39,55,71,87886,87886,87886,9393,9393,9393,591,591,591,0.07,0.09,0.11,0.03,0.04,0.05,0.00,0.01,0.01,0.00,0.00,0.00,0.00,0.00,0.00,0.00,0.00,0.00,0.02,0.04,0.05,340702,592813,935588,841122,1205022,1538348,0,0,0,0,524,2620,0,138353,0,171.38,173.28,176.77
2358,1,37,47,70,87863,87863,87863,9416,9416,9416,591,591,591,0.06,0.08,0.12,0.03,0.04,0.06,0.00,0.01,0.01,0.00,0.00,0.00,0.00,0.00,0.00,0.00,0.00,0.00,0.02,0.03,0.05,348553,569225,754776,967040,1186848,1430929,0,1048,5241,0,524,2620,0,126767,0,155.13,158.28,162.47
2358,2,23,51,70,87768,87768,87768,9511,9511,9511,591,591,591,0.05,0.09,0.11,0.02,0.04,0.06,0.00,0.01,0.01,0.00,0.00,0.00,0.00,0.00,0.00,0.00,0.00,0.00,0.01,0.04,0.05,589674,765750,993271,1129554,1453401,1708741,0,524,2620,0,524,2620,0,130848,0,160.16,163.49,167.67
2358,3,21,50,66,87769,87769,87769,9510,9510,9510,591,591,591,0.07,0.09,0.13,0.03,0.04,0.07,0.00,0.01,0.01,0.00,0.00,0.00,0.00,0.00,0.00,0.00,0.00,0.00,0.01,0.04,0.05,325107,508375,836011,718383,1119958,1512158,0,0,0,0,0,0,0,139558,0,177.52,179.08,182.01
2359,0,50,55,64,87886,87886,87886,9393,9393,9393,591,591,591,0.05,0.08,0.12,0.02,0.04,0.06,0.00,0.01,0.01,0.00,0.00,0.00,0.00,0.00,0.00,0.00,0.00,0.00,0.01,0.03,0.05,340690,539865,707592,932946,1128475,1307780,0,524,2620,0,524,2620,0,137371,0,174.51,175.46,176.07
2359,1,45,53,66,87863,87863,87863,9416,9416,9416,591,591,591,0.05,0.09,0.12,0.02,0.05,0.06,0.00,0.01,0.01,0.00,0.00,0.00,0.00,0.00,0.00,0.00,0.00,0.00,0.01,0.04,0.05,395738,478543,767851,867480,1026276,1391567,0,524,2620,0,524,2620,0,127321,0,160.64,162.05,163.80
2359,2,28,51,63,87768,87768,87768,9511,9511,9511,591,591,591,0.08,0.09,0.10,0.04,0.05,0.05,0.01,0.01,0.01,0.00,0.00,0.00,0.00,0.00,0.00,0.00,0.00,0.00,0.02,0.04,0.05,508417,933496,1661520,969662,1501143,2159452,0,524,2620,0,0,0,0,148311,0,161.44,162.88,163.89
2359,3,41,49,62,87769,87769,87769,9510,9510,9510,591,591,591,0.05,0.08,0.12,0.02,0.04,0.06,0.00,0.01,0.01,0.00,0.00,0.00,0.00,0.00,0.00,0.00,0.00,0.00,0.01,0.03,0.05,349792,510775,644694,885802,1080099,1310412,0,0,0,0,524,2620,0,157056,0,175.87,177.52,178.70
2360,0,42,45,49,87886,87886,87886,9393,9393,9393,591,591,591,0.10,0.10,0.10,0.05,0.05,0.05,0.01,0.01,0.01,0.00,0.00,0.00,0.00,0.00,0.00,0.00,0.00,0.00,0.04,0.04,0.05,369520,457960,592277,830765,973263,1221245,0,0,0,0,0,0,0,158801,0,173.84,176.03,177.34
2360,1,35,46,54,87863,87863,87863,9416,9416,9416,591,591,591,0.10,0.10,0.10,0.05,0.05,0.05,0.01,0.01,0.01,0.00,0.00,0.00,0.00,0.00,0.00,0.00,0.00,0.00,0.04,0.04,0.04,395720,624222,898916,859578,1145196,1551483,0,0,0,0,524,2620,0,145091,0,160.69,163.08,166.11
2360,2,29,53,67,87768,87768,87768,9511,9511,9511,591,591,591,0.08,0.09,0.10,0.04,0.05,0.05,0.01,0.01,0.01,0.00,0.00,0.00,0.00,0.00,0.00,0.00,0.00,0.00,0.03,0.04,0.04,372145,617814,961819,822913,1128485,1564764,0,517,2587,0,349,1747,0,129942,0,162.94,164.79,167.78
2360,3,27,46,62,87769,87769,87769,9510,9510,9510,591,591,591,0.10,0.10,0.11,0.05,0.05,0.05,0.01,0.01,0.01,0.00,0.00,0.00,0.00,0.00,0.00,0.00,0.00,0.00,0.04,0.04,0.05,170275,508227,1086702,610372,1025694,1640536,0,523,2619,0,0,0,0,143856,0,176.16,178.27,181.02
2361,0,31,44,56,87886,87886,87886,9393,9393,9393,591,591,591,0.05,0.08,0.12,0.02,0.04,0.06,0.00,0.01,0.01,0.00,0.00,0.00,0.00,0.00,0.00,0.00,0.00,0.00,0.01,0.03,0.05,437686,700783,1184567,1069317,1342862,1734919,0,0,0,0,524,2620,0,136935,0,173.64,176.24,179.17
2361,1,28,50,58,87863,87863,87863,9416,9416,9416,591,591,591,0.05,0.08,0.12,0.02,0.04,0.06,0.00,0.01,0.01,0.00,0.00,0.00,0.00,0.00,0.00,0.00,0.00,0.00,0.01,0.03,0.05,340698,519951,618496,883195,1124292,1255338,0,1048,2620,0,0,0,0,126248,0,156.78,160.90,162.66
2361,2,25,48,66,87768,87768,87768,9511,9511,9511,591,591,591,0.06,0.08,0.10,0.03,0.04,0.05,0.01,0.01,0.01,0.00,0.00,0.00,0.00,0.00,0.00,0.00,0.00,0.00,0.01,0.03,0.04,495291,878997,1305103,995824,1495918,2099338,0,1048,5241,0,524,2620,0,127245,0,159.03,161.00,163.25
2361,3,33,52,62,87769,87769,87769,9510,9510,9510,591,591,591,0.05,0.08,0.13,0.02,0.04,0.06,0.00,0.01,0.01,0.00,0.00,0.00,0.00,0.00,0.00,0.00,0.00,0.00,0.01,0.03,0.05,411450,618423,979787,1014283,1248399,1710698,0,0,0,0,1047,5239,0,104003,0,174.09,176.91,179.95
2362,0,18,43,63,87886,87886,87886,9393,9393,9393,591,591,591,0.08,0.09,0.10,0.04,0.05,0.05,0.01,0.01,0.01,0.00,0.00,0.00,0.00,0.00,0.00,0.00,0.00,0.00,0.02,0.04,0.05,521524,681380,875302,1163601,1382418,1485972,0,0,0,0,0,0,0,103244,0,170.19,171.98,173.59
2362,1,17,39,55,87863,87863,87863,9416,9416,9416,591,591,591,0.08,0.09,0.11,0.04,0.05,0.05,0.01,0.01,0.01,0.00,0.00,0.00,0.00,0.00,0.00,0.00,0.00,0.00,0.02,0.04,0.05,484734,653989,775731,1155502,1364781,1585532,0,0,0,0,655,2620,0,95614,0,157.49,158.55,159.57
2362,2,30,47,62,87768,87768,87768,9511,9511,9511,591,591,591,0.05,0.09,0.13,0.02,0.05,0.06,0.00,0.01,0.01,0.00,0.00,0.00,0.00,0.00,0.00,0.00,0.00,0.00,0.01,0.04,0.05,534636,742319,1108557,1098100,1402740,1708698,0,655,2620,0,0,0,0,98720,0,159.16,160.81,162.38
2362,3,40,57,76,87769,87769,87769,9510,9510,9510,591,591,591,0.07,0.09,0.12,0.03,0.04,0.06,0.01,0.01,0.01,0.00,0.00,0.00,0.00,0.00,0.00,0.00,0.00,0.00,0.01,0.04,0.05,324976,517618,647269,872718,1225898,1603760,0,0,0,0,0,0,0,140404,0,172.91,174.08,175.31
2363,0,33,49,60,87886,87886,87886,9393,9393,9393,591,591,591,0.05,0.09,0.12,0.02,0.05,0.06,0.00,0.01,0.01,0.00,0.00,0.00,0.00,0.00,0.00,0.00,0.00,0.00,0.01,0.04,0.05,477007,594916,746911,1069335,1223379,1365435,0,524,2620,0,0,0,0,137932,0,174.31,175.92,177.41
2363,1,33,45,54,87863,87863,87863,9416,9416,9416,591,591,591,0.05,0.09,0.13,0.02,0.04,0.07,0.00,0.01,0.01,0.00,0.00,0.00,0.00,0.00,0.00,0.00,0.00,0.00,0.01,0.03,0.05,356390,503699,676180,820223,1149092,1488644,0,0,0,0,524,2620,0,127317,0,160.00,160.79,161.34
2363,2,27,44,56,87768,87768,87768,9511,9511,9511,591,591,591,0.08,0.09,0.10,0.04,0.04,0.05,0.01,0.01,0.01,0.00,0.00,0.00,0.00,0.00,0.00,0.00,0.00,0.00,0.02,0.04,0.05,555562,1026288,1776822,1035128,1691441,2379579,0,0,0,0,524,2620,0,128928,0,162.07,163.89,165.74
2363,3,31,49,65,87769,87769,87769,9510,9510,9510,591,591,591,0.04,0.09,0.13,0.02,0.04,0.07,0.00,0.01,0.01,0.00,0.00,0.00,0.00,0.00,0.00,0.00,0.00,0.00,0.01,0.04,0.05,343313,713576,1235376,825545,1382403,1987561,0,524,2620,0,0,0,0,158405,0,176.98,177.67,178.28
2364,0,40,51,66,87886,87886,87886,9393,9393,9393,591,591,591,0.05,0.09,0.13,0.02,0.05,0.06,0.00,0.01,0.01,0.00,0.00,0.00,0.00,0.00,0.00,0.00,0.00,0.00,0.01,0.04,0.05,395699,636971,1008858,896219,1269186,1611735,0,0,0,0,0,0,0,156258,0,169.30,172.65,175.51
2364,1,33,42,62,87863,87863,87863,9416,9416,9416,591,591,591,0.05,0.10,0.13,0.02,0.05,0.06,0.00,0.01,0.01,0.00,0.00,0.00,0.00,0.00,0.00,0.00,0.00,0.00,0.01,0.04,0.05,398330,628971,1077145,901484,1271044,1881728,0,524,2620,0,0,0,0,130917,0,157.75,160.54,163.34
2364,2,22,44,55,87768,87768,87768,9511,9511,9511,591,591,591,0.07,0.09,0.11,0.04,0.05,0.06,0.00,0.01,0.01,0.00,0.00,0.00,0.00,0.00,0.00,0.00,0.00,0.00,0.02,0.04,0.05,479594,741274,1305100,1042891,1363493,1967266,0,0,0,0,524,2620,0,128716,0,158.68,160.72,162.19
2364,3,33,49,58,87769,87769,87769,9510,9510,9510,591,591,591,0.05,0.10,0.13,0.02,0.05,0.07,0.00,0.01,0.01,0.00,0.00,0.00,0.00,0.00,0.00,0.00,0.00,0.00,0.01,0.04,0.05,284776,525522,710212,794927,1175784,1522633,0,0,0,0,0,0,0,143890,0,173.59,176.55,178.57
2365,0,32,47,60,87886,87886,87886,9393,9393,9393,591,591,591,0.05,0.08,0.13,0.02,0.04,0.06,0.00,0.01,0.01,0.00,0.00,0.00,0.00,0.00,0.00,0.00,0.00,0.00,0.01,0.03,0.05,345896,673500,1200280,869981,1297199,1920972,0,0,0,0,524,2620,0,137723,0,170.30,173.33,174.76
2365,1,30,42,62,87863,87863,87863,9416,9416,9416,591,591,591,0.05,0.08,0.13,0.02,0.04,0.06,0.00,0.01,0.01,0.00,0.00,0.00,0.00,0.00,0.00,0.00,0.00,0.00,0.01,0.03,0.05,395736,657782,930278,898923,1332340,1716429,0,524,2620,0,0,0,0,126156,0,156.42,160.55,162.19
2365,2,23,48,67,87768,87768,87768,9511,9511,9511,591,591,591,0.05,0.08,0.10,0.02,0.04,0.05,0.00,0.01,0.01,0.00,0.00,0.00,0.00,0.00,0.00,0.00,0.00,0.00,0.01,0.03,0.05,526739,770444,1105606,1008927,1430849,1695088,0,523,2619,0,0,0,0,125890,0,159.78,161.11,162.03
2365,3,46,49,55,87769,87769,87769,9510,9510,9510,591,591,591,0.06,0.08,0.11,0.03,0.04,0.06,0.00,0.01,0.01,0.00,0.00,0.00,0.00,0.00,0.00,0.00,0.00,0.00,0.02,0.03,0.04,351160,585473,927727,951278,1260046,1729661,0,0,0,0,524,2620,0,138750,0,174.38,176.81,177.70
2366,0,41,54,62,87886,87886,87886,9393,9393,9393,591,591,591,0.08,0.09,0.11,0.04,0.05,0.05,0.00,0.01,0.01,0.00,0.00,0.00,0.00,0.00,0.00,0.00,0.00,0.00,0.02,0.04,0.05,345933,516280,657802,838625,1075016,1328652,0,524,2620,0,0,0,0,140656,0,169.92,173.50,176.19
2366,1,34,49,58,87863,87863,87863,9416,9416,9416,591,591,591,0.09,0.09,0.10,0.04,0.05,0.05,0.01,0.01,0.01,0.00,0.00,0.00,0.00,0.00,0.00,0.00,0.00,0.00,0.02,0.03,0.05,319688,467827,695370,809703,1018297,1373268,0,0,0,0,1048,2620,0,128734,0,156.36,159.92,161.97
2366,2,29,49,60,87768,87768,87768,9511,9511,9511,591,591,591,0.05,0.09,0.13,0.02,0.05,0.06,0.00,0.01,0.01,0.00,0.00,0.00,0.00,0.00,0.00,0.00,0.00,0.00,0.01,0.04,0.05,545111,968085,2065072,1045650,1541494,2618029,0,524,2620,0,524,2620,0,151178,0,159.96,162.68,164.79
2366,3,33,52,63,87769,87769,87769,9510,9510,9510,591,591,591,0.08,0.09,0.11,0.04,0.05,0.06,0.01,0.01,0.01,0.00,0.00,0.00,0.00,0.00,0.00,0.00,0.00,0.00,0.02,0.04,0.04,345832,486895,613254,796463,1056599,1328717,0,524,2620,0,0,0,0,161267,0,175.73,178.74,180.62
2367,0,42,54,71,87886,87886,87886,9393,9393,9393,591,591,591,0.07,0.08,0.13,0.03,0.04,0.07,0.00,0.01,0.01,0.00,0.00,0.00,0.00,0.00,0.00,0.00,0.00,0.00,0.01,0.04,0.05,376969,505875,655169,953742,1128401,1347028,0,873,2620,0,0,0,0,154209,0,171.77,174.25,177.52
2367,1,21,48,73,87863,87863,87863,9416,9416,9416,591,591,591,0.05,0.08,0.11,0.02,0.04,0.06,0.00,0.01,0.01,0.00,0.00,0.00,0.00,0.00,0.00,0.00,0.00,0.00,0.01,0.04,0.05,424581,664092,1040409,972345,1324522,1782061,0,0,0,0,1572,2620,0,141309,0,155.28,157.94,160.39
2367,2,28,52,61,87768,87768,87768,9511,9511,9511,591,591,591,0.05,0.09,0.13,0.02,0.04,0.07,0.00,0.01,0.01,0.00,0.00,0.00,0.00,0.00,0.00,0.00,0.00,0.00,0.01,0.04,0.05,505098,705898,935627,1040462,1347329,1638003,0,1048,5241,0,680,3401,0,128653,0,158.14,161.36,164.47
2367,3,38,54,75,87769,87769,87769,9510,9510,9510,591,591,591,0.05,0.08,0.10,0.02,0.04,0.05,0.00,0.01,0.01,0.00,0.00,0.00,0.00,0.00,0.00,0.00,0.00,0.00,0.01,0.04,0.05,343200,755243,1079754,764997,1400604,1873845,0,0,0,0,524,2620,0,141503,0,172.06,175.80,179.95
2368,0,43,54,64,87886,87886,87886,9393,9393,9393,591,591,591,0.05,0.09,0.13,0.02,0.04,0.06,0.00,0.01,0.01,0.00,0.00,0.00,0.00,0.00,0.00,0.00,0.00,0.00,0.01,0.03,0.05,338075,660904,1019364,841258,1274117,1661563,0,0,0,0,0,0,0,141598,0,173.18,175.04,176.45
2368,1,42,52,60,87863,87863,87863,9416,9416,9416,591,591,591,0.05,0.09,0.13,0.02,0.04,0.06,0.00,0.01,0.01,0.00,0.00,0.00,0.00,0.00,0.00,0.00,0.00,0.00,0.01,0.03,0.05,332843,508940,652480,841282,1111181,1470380,0,1048,5241,0,0,0,0,128704,0,157.71,161.38,163.63
2368,2,40,56,76,87768,87768,87768,9511,9511,9511,591,591,591,0.05,0.09,0.13,0.02,0.04,0.06,0.00,0.01,0.01,0.00,0.00,0.00,0.00,0.00,0.00,0.00,0.00,0.00,0.01,0.03,0.05,500569,844167,1387278,932999,1462288,2155420,0,534,2673,0,513,2569,0,125445,0,158.09,162.00,163.53
2368,3,32,58,73,87769,87769,87769,9510,9510,9510,591,591,591,0.06,0.09,0.13,0.03,0.05,0.06,0.00,0.01,0.01,0.00,0.00,0.00,0.00,0.00,0.00,0.00,0.00,0.00,0.01,0.04,0.05,327582,465791,647338,833370,1067335,1299919,0,524,2620,0,349,1747,0,106006,0,174.19,177.88,180.46
2369,0,26,48,63,87886,87886,87886,9393,9393,9393,591,591,591,0.05,0.08,0.13,0.02,0.04,0.06,0.00,0.01,0.01,0.00,0.00,0.00,0.00,0.00,0.00,0.00,0.00,0.00,0.01,0.03,0.05,576540,712197,990673,1213354,1400806,1638018,0,0,0,0,655,2620,0,103254,0,167.90,170.98,173.72
2369,1,26,43,51,87863,87863,87863,9416,9416,9416,591,591,591,0.05,0.08,0.12,0.02,0.04,0.06,0.00,0.01,0.01,0.00,0.00,0.00,0.00,0.00,0.00,0.00,0.00,0.00,0.01,0.03,0.05,620287,691661,773115,1331334,1389276,1425676,0,655,2620,0,0,0,0,95412,0,157.66,159.22,162.28
2369,2,24,46,61,87768,87768,87768,9511,9511,9511,591,591,591,0.05,0.07,0.09,0.02,0.04,0.04,0.00,0.01,0.01,0.00,0.00,0.00,0.00,0.00,0.00,0.00,0.00,0.00,0.01,0.03,0.05,744319,821606,891017,1352250,1487282,1653682,0,0,0,0,655,2620,0,94283,0,158.47,160.07,161.56
2369,3,54,60,65,87769,87769,87769,9510,9510,9510,591,591,591,0.05,0.08,0.09,0.02,0.04,0.04,0.00,0.01,0.01,0.00,0.00,0.00,0.00,0.00,0.00,0.00,0.00,0.00,0.01,0.03,0.04,340552,611938,830884,969264,1274294,1591000,0,654,2619,0,0,0,0,135644,0,171.78,173.71,175.47
2370,0,24,51,70,87886,87886,87886,9393,9393,9393,591,591,591,0.04,0.08,0.13,0.02,0.04,0.07,0.00,0.01,0.01,0.00,0.00,0.00,0.00,0.00,0.00,0.00,0.00,0.00,0.01,0.03,0.05,361660,558203,794083,736423,1150469,1441405,0,0,0,0,0,0,0,141169,0,170.90,173.12,176.40
2370,1,23,43,65,87863,87863,87863,9416,9416,9416,591,591,591,0.05,0.09,0.13,0.02,0.04,0.06,0.00,0.01,0.01,0.00,0.00,0.00,0.00,0.00,0.00,0.00,0.00,0.00,0.01,0.03,0.05,332841,473818,576530,872725,1069760,1247401,0,0,0,0,349,1747,0,127530,0,156.51,158.19,160.92
2370,2,23,40,52,87768,87768,87768,9511,9511,9511,591,591,591,0.06,0.09,0.13,0.03,0.04,0.07,0.00,0.01,0.01,0.00,0.00,0.00,0.00,0.00,0.00,0.00,0.00,0.00,0.01,0.03,0.05,524152,959187,2080846,1124299,1576109,2804163,0,524,2620,0,0,0,0,127724,0,157.22,159.10,161.40
2370,3,26,45,63,87769,87769,87769,9510,9510,9510,591,591,591,0.05,0.09,0.13,0.02,0.05,0.06,0.00,0.01,0.01,0.00,0.00,0.00,0.00,0.00,0.00,0.00,0.00,0.00,0.01,0.04,0.05,406173,673520,1022115,1011596,1304582,1821462,0,0,0,0,0,0,0,155723,0,171.22,173.51,176.91
2371,0,24,45,66,87886,87886,87886,9393,9393,9393,591,591,591,0.06,0.09,0.13,0.03,0.05,0.06,0.01,0.01,0.01,0.00,0.00,0.00,0.00,0.00,0.00,0.00,0.00,0.00,0.01,0.04,0.05,398358,616742,1202860,959781,1234478,1952355,0,524,2620,0,870,2620,0,158870,0,171.47,173.77,176.29
2371,1,24,48,55,87863,87863,87863,9416,9416,9416,591,591,591,0.05,0.08,0.12,0.02,0.04,0.06,0.00,0.01,0.01,0.00,0.00,0.00,0.00,0.00,0.00,0.00,0.00,0.00,0.01,0.03,0.05,474407,676126,1050950,1016961,1279408,1693053,0,1572,5241,0,524,2620,0,128553,0,159.78,161.01,162.39
2371,2,30,48,57,87768,87768,87768,9511,9511,9511,591,591,591,0.08,0.10,0.13,0.04,0.05,0.06,0.01,0.01,0.01,0.00,0.00,0.00,0.00,0.00,0.00,0.00,0.00,0.00,0.03,0.04,0.05,511062,729044,1024400,967087,1358972,1622110,0,514,2570,0,524,2620,0,131968,0,157.53,161.29,165.90
2371,3,29,55,66,87769,87769,87769,9510,9510,9510,591,591,591,0.05,0.08,0.13,0.02,0.04,0.06,0.00,0.01,0.01,0.00,0.00,0.00,0.00,0.00,0.00,0.00,0.00,0.00,0.01,0.03,0.05,434330,553321,702344,1016809,1146022,1257675,0,0,0,0,524,2620,0,141795,0,173.48,176.26,179.07
2372,0,49,54,61,87886,87886,87886,9393,9393,9393,591,591,591,0.09,0.10,0.11,0.04,0.05,0.05,0.01,0.01,0.01,0.00,0.00,0.00,0.00,0.00,0.00,0.00,0.00,0.00,0.04,0.04,0.05,377374,555056,906756,731162,1040924,1370616,0,524,2620,0,524,2620,0,142893,0,175.35,177.10,179.35
2372,1,42,50,60,87863,87863,87863,9416,9416,9416,591,591,591,0.09,0.10,0.11,0.05,0.05,0.05,0.01,0.01,0.01,0.00,0.00,0.00,0.00,0.00,0.00,0.00,0.00,0.00,0.04,0.04,0.04,398351,515183,683808,880561,987924,1181599,0,524,2620,0,1048,5241,0,131629,0,163.23,164.84,165.67
2372,2,48,57,67,87768,87768,87768,9511,9511,9511,591,591,591,0.08,0.10,0.10,0.04,0.05,0.05,0.01,0.01,0.01,0.00,0.00,0.00,0.00,0.00,0.00,0.00,0.00,0.00,0.02,0.04,0.04,469107,612097,1043060,896283,1080964,1506934,0,524,2620,0,524,2620,0,130956,0,163.11,166.43,169.39
2372,3,47,63,68,87769,87769,87769,9510,9510,9510,591,591,591,0.10,0.11,0.12,0.05,0.05,0.06,0.01,0.01,0.01,0.00,0.00,0.00,0.00,0.00,0.00,0.00,0.00,0.00,0.04,0.04,0.05,373888,398691,448152,838575,898366,953940,0,524,2620,0,0,0,0,145295,0,174.81,178.83,181.41
2373,0,40,49,59,87886,87886,87886,9393,9393,9393,591,591,591,0.07,0.09,0.13,0.03,0.04,0.07,0.00,0.01,0.01,0.00,0.00,0.00,0.00,0.00,0.00,0.00,0.00,0.00,0.02,0.04,0.05,338076,473290,649964,723325,989568,1360208,0,0,0,0,0,0,0,141761,0,171.51,173.47,174.66
2373,1,42,49,58,87863,87863,87863,9416,9416,9416,591,591,591,0.07,0.09,0.13,0.03,0.05,0.07,0.00,0.01,0.01,0.00,0.00,0.00,0.00,0.00,0.00,0.00,0.00,0.00,0.02,0.04,0.05,314834,515835,744217,689022,1124263,1394444,0,0,0,0,349,1747,0,131716,0,160.21,162.24,163.66
2373,2,22,51,66,87768,87768,87768,9511,9511,9511,591,591,591,0.08,0.10,0.10,0.04,0.05,0.05,0.00,0.01,0.01,0.00,0.00,0.00,0.00,0.00,0.00,0.00,0.00,0.00,0.03,0.04,0.05,539857,938723,1645814,1043025,1500593,2109682,0,524,2620,0,0,0,0,145984,0,161.00,163.40,166.16
2373,3,42,48,56,87769,87769,87769,9510,9510,9510,591,591,591,0.05,0.09,0.11,0.02,0.04,0.06,0.00,0.01,0.01,0.00,0.00,0.00,0.00,0.00,0.00,0.00,0.00,0.00,0.01,0.04,0.05,348499,505266,613238,759887,1065044,1368060,0,0,0,0,0,0,0,158430,0,174.62,176.57,178.84
2374,0,34,53,66,87886,87886,87886,9393,9393,9393,591,591,591,0.05,0.08,0.10,0.02,0.04,0.05,0.00,0.01,0.01,0.00,0.00,0.00,0.00,0.00,0.00,0.00,0.00,0.00,0.01,0.03,0.05,380029,508770,607989,857032,1102627,1289357,0,0,0,0,0,0,0,160851,0,174.20,175.27,177.70
2374,1,31,54,68,87863,87863,87863,9416,9416,9416,591,591,591,0.05,0.08,0.12,0.02,0.04,0.06,0.00,0.01,0.01,0.00,0.00,0.00,0.00,0.00,0.00,0.00,0.00,0.00,0.01,0.03,0.05,361636,560286,838659,807130,1109559,1472896,0,524,2620,0,0,0,0,148682,0,160.02,161.62,164.30
2374,2,42,51,59,87768,87768,87768,9511,9511,9511,591,591,591,0.05,0.08,0.11,0.02,0.04,0.06,0.00,0.01,0.01,0.00,0.00,0.00,0.00,0.00,0.00,0.00,0.00,0.00,0.01,0.03,0.05,497930,740627,988081,1008965,1351260,1551575,0,524,2620,0,1572,5241,0,129051,0,160.06,161.26,164.44
2374,3,37,56,72,87769,87769,87769,9510,9510,9510,591,591,591,0.05,0.08,0.13,0.02,0.04,0.06,0.00,0.01,0.01,0.00,0.00,0.00,0.00,0.00,0.00,0.00,0.00,0.00,0.01,0.03,0.05,419312,700756,930397,1035177,1274769,1580365,0,1048,5241,0,524,2620,0,141989,0,173.34,175.49,177.56
2375,0,35,46,57,87886,87886,87886,9393,9393,9393,591,591,591,0.07,0.09,0.12,0.03,0.05,0.06,0.00,0.01,0.01,0.00,0.00,0.00,0.00,0.00,0.00,0.00,0.00,0.00,0.03,0.04,0.05,364289,696583,1281508,817685,1293583,1831849,0,0,0,0,524,2620,0,138319,0,171.73,173.60,175.23
2375,1,33,43,52,87863,87863,87863,9416,9416,9416,591,591,591,0.07,0.09,0.12,0.03,0.05,0.06,0.00,0.01,0.01,0.00,0.00,0.00,0.00,0.00,0.00,0.00,0.00,0.00,0.03,0.04,0.05,337999,517330,660406,904139,1113788,1310329,0,524,2621,0,0,0,0,129102,0,158.10,158.98,159.75
2375,2,45,55,64,87768,87768,87768,9511,9511,9511,591,591,591,0.07,0.09,0.10,0.03,0.04,0.05,0.01,0.01,0.01,0.00,0.00,0.00,0.00,0.00,0.00,0.00,0.00,0.00,0.01,0.03,0.05,500978,715903,972324,1073892,1285899,1504250,0,0,0,0,513,2569,0,129781,0,161.04,163.59,165.69
2375,3,45,48,53,87769,87769,87769,9510,9510,9510,591,591,591,0.07,0.10,0.13,0.03,0.05,0.06,0.00,0.01,0.01,0.00,0.00,0.00,0.00,0.00,0.00,0.00,0.00,0.00,0.03,0.04,0.05,364269,518379,875359,901500,1137741,1643264,0,524,2620,0,0,0,0,142773,0,176.24,178.20,179.52
2376,0,20,43,56,87886,87886,87886,9393,9393,9393,591,591,591,0.08,0.09,0.13,0.04,0.05,0.06,0.00,0.01,0.01,0.00,0.00,0.00,0.00,0.00,0.00,0.00,0.00,0.00,0.02,0.04,0.05,576566,710200,888438,1189638,1382143,1559354,0,524,2620,0,524,2620,0,104629,0,171.00,172.30,173.98
2376,1,32,43,53,87863,87863,87863,9416,9416,9416,591,591,591,0.08,0.09,0.13,0.04,0.05,0.06,0.00,0.01,0.01,0.00,0.00,0.00,0.00,0.00,0.00,0.00,0.00,0.00,0.02,0.04,0.05,332832,613773,825522,843875,1273672,1622216,0,524,2620,0,524,2620,0,95568,0,158.21,160.25,163.04
2376,2,23,49,73,87768,87768,87768,9511,9511,9511,591,591,591,0.05,0.09,0.11,0.02,0.05,0.06,0.00,0.01,0.01,0.00,0.00,0.00,0.00,0.00,0.00,0.00,0.00,0.00,0.01,0.04,0.05,641878,775710,1106115,1197349,1460726,1716838,0,0,0,0,0,0,0,130561,0,157.38,160.90,163.62
2376,3,27,47,61,87769,87769,87769,9510,9510,9510,591,591,591,0.05,0.08,0.09,0.02,0.04,0.05,0.00,0.01,0.01,0.00,0.00,0.00,0.00,0.00,0.00,0.00,0.00,0.00,0.01,0.03,0.05,335445,612722,746932,778338,1292007,1457189,0,0,0,0,0,0,0,105524,0,173.13,175.74,178.19
2377,0,26,45,57,87886,87886,87886,9393,9393,9393,591,591,591,0.05,0.08,0.10,0.02,0.04,0.05,0.00,0.01,0.01,0.00,0.00,0.00,0.00,0.00,0.00,0.00,0.00,0.00,0.01,0.03,0.05,338078,641400,980123,830782,1318834,1682458,0,0,0,0,0,0,0,136033,0,170.00,172.00,174.40
2377,1,33,52,67,87863,87863,87863,9416,9416,9416,591,591,591,0.05,0.07,0.10,0.02,0.04,0.05,0.00,0.01,0.01,0.00,0.00,0.00,0.00,0.00,0.00,0.00,0.00,0.00,0.01,0.03,0.05,356420,586558,922372,875326,1273599,1702451,0,655,2620,0,436,1747,0,126192,0,157.27,160.81,163.11
2377,2,28,46,63,87768,87768,87768,9511,9511,9511,591,591,591,0.05,0.08,0.12,0.02,0.04,0.06,0.00,0.01,0.01,0.00,0.00,0.00,0.00,0.00,0.00,0.00,0.00,0.00,0.01,0.03,0.05,589642,1008320,1813535,1063977,1634672,2479197,0,1310,5241,0,655,2620,0,95308,0,159.86,160.72,161.46
2377,3,36,57,65,87769,87769,87769,9510,9510,9510,591,591,591,0.05,0.08,0.10,0.02,0.04,0.05,0.00,0.01,0.01,0.00,0.00,0.00,0.00,0.00,0.00,0.00,0.00,0.00,0.01,0.03,0.05,345831,710201,995839,932698,1333253,1580278,0,0,0,0,655,2620,0,160013,0,174.84,175.79,176.38
2378,0,20,50,77,87886,87886,87886,9393,9393,9393,591,591,591,0.05,0.08,0.10,0.02,0.04,0.05,0.00,0.01,0.01,0.00,0.00,0.00,0.00,0.00,0.00,0.00,0.00,0.00,0.01,0.04,0.05,340568,631056,1276317,770513,1287579,2057308,0,871,2620,0,0,0,0,153867,0,167.54,171.12,175.13
2378,1,15,44,73,87863,87863,87863,9416,9416,9416,591,591,591,0.05,0.09,0.13,0.02,0.04,0.07,0.00,0.01,0.01,0.00,0.00,0.00,0.00,0.00,0.00,0.00,0.00,0.00,0.01,0.04,0.05,458530,799315,1166228,1150257,1459197,1666789,0,0,0,0,1048,2620,0,125901,0,154.34,156.54,158.74
2378,2,30,48,65,87768,87768,87768,9511,9511,9511,591,591,591,0.08,0.09,0.11,0.04,0.05,0.05,0.00,0.01,0.01,0.00,0.00,0.00,0.00,0.00,0.00,0.00,0.00,0.00,0.02,0.04,0.05,476940,846980,1210674,1090150,1514190,1970641,0,0,0,0,0,0,0,127606,0,157.49,159.75,161.54
2378,3,25,48,80,87769,87769,87769,9510,9510,9510,591,591,591,0.05,0.09,0.13,0.02,0.05,0.07,0.00,0.01,0.01,0.00,0.00,0.00,0.00,0.00,0.00,0.00,0.00,0.00,0.01,0.04,0.05,338072,576019,849153,770490,1254770,1619681,0,0,0,0,0,0,0,139611,0,173.27,175.11,177.97
2379,0,34,54,66,87886,87886,87886,9393,9393,9393,591,591,591,0.05,0.08,0.13,0.02,0.04,0.07,0.00,0.01,0.01,0.00,0.00,0.00,0.00,0.00,0.00,0.00,0.00,0.00,0.01,0.03,0.05,340699,509441,859616,825525,1090161,1606539,0,0,0,0,524,2620,0,137200,0,168.58,172.42,174.60
2379,1,35,54,64,87863,87863,87863,9416,9416,9416,591,591,591,0.04,0.08,0.13,0.02,0.04,0.07,0.00,0.01,0.01,0.00,0.00,0.00,0.00,0.00,0.00,0.00,0.00,0.00,0.01,0.03,0.05,364287,566596,830781,791474,1186133,1596044,0,1048,5241,0,524,2620,0,124147,0,156.65,158.60,161.82
2379,2,30,51,69,87768,87768,87768,9511,9511,9511,591,591,591,0.06,0.08,0.10,0.03,0.04,0.05,0.00,0.01,0.01,0.00,0.00,0.00,0.00,0.00,0.00,0.00,0.00,0.00,0.01,0.03,0.05,505750,613323,799990,938128,1223081,1594611,0,859,2559,0,1396,5240,0,128026,0,156.19,160.13,162.93
2379,3,47,59,67,87769,87769,87769,9510,9510,9510,591,591,591,0.05,0.08,0.11,0.02,0.04,0.06,0.00,0.01,0.01,0.00,0.00,0.00,0.00,0.00,0.00,0.00,0.00,0.00,0.01,0.03,0.05,387854,467709,673521,801914,1040076,1522630,0,1048,2620,0,524,2620,0,138033,0,170.18,174.06,177.27
2380,0,27,46,64,87886,87886,87886,9393,9393,9393,591,591,591,0.06,0.08,0.13,0.02,0.04,0.07,0.01,0.01,0.01,0.00,0.00,0.00,0.00,0.00,0.00,0.00,0.00,0.00,0.01,0.03,0.05,340694,616954,1176889,843873,1237042,1973714,0,0,0,0,0,0,0,138456,0,168.72,171.73,174.49
2380,1,22,45,62,87863,87863,87863,9416,9416,9416,591,591,591,0.06,0.08,0.13,0.03,0.04,0.07,0.01,0.01,0.01,0.00,0.00,0.00,0.00,0.00,0.00,0.00,0.00,0.00,0.01,0.03,0.05,345943,515239,830781,835970,1143695,1630114,0,0,0,0,0,0,0,127064,0,158.21,161.50,163.20
2380,2,24,46,65,87768,87768,87768,9511,9511,9511,591,591,591,0.05,0.09,0.13,0.02,0.04,0.07,0.00,0.01,0.01,0.00,0.00,0.00,0.00,0.00,0.00,0.00,0.00,0.00,0.01,0.04,0.05,476980,717526,1229039,1042945,1341240,1905141,0,0,0,0,0,0,0,145720,0,157.88,159.18,161.82
2380,3,27,53,76,87769,87769,87769,9510,9510,9510,591,591,591,0.05,0.09,0.10,0.02,0.04,0.05,0.00,0.01,0.01,0.00,0.00,0.00,0.00,0.00,0.00,0.00,0.00,0.00,0.01,0.04,0.05,351170,497394,641974,752134,1079179,1346837,0,0,0,0,0,0,0,141580,0,171.51,173.35,176.87
2381,0,25,48,59,87886,87886,87886,9393,9393,9393,591,591,591,0.06,0.09,0.10,0.03,0.04,0.05,0.01,0.01,0.01,0.00,0.00,0.00,0.00,0.00,0.00,0.00,0.00,0.00,0.01,0.04,0.05,327596,490078,628959,749541,1077650,1315573,0,524,2620,0,524,2620,0,138929,0,168.39,173.44,175.83
2381,1,26,47,61,87863,87863,87863,9416,9416,9416,591,591,591,0.07,0.09,0.12,0.04,0.05,0.06,0.01,0.01,0.01,0.00,0.00,0.00,0.00,0.00,0.00,0.00,0.00,0.00,0.03,0.04,0.05,369460,519566,778327,830797,1129191,1540930,0,1048,5241,0,1397,2620,0,143383,0,156.36,160.75,163.82
2381,2,44,53,62,87768,87768,87768,9511,9511,9511,591,591,591,0.05,0.09,0.13,0.02,0.05,0.06,0.00,0.01,0.01,0.00,0.00,0.00,0.00,0.00,0.00,0.00,0.00,0.00,0.01,0.04,0.05,492650,954981,1852875,1029849,1554065,2494960,0,1572,2620,0,524,2620,0,130609,0,157.66,161.32,162.62
2381,3,29,48,63,87769,87769,87769,9510,9510,9510,591,591,591,0.05,0.09,0.13,0.02,0.05,0.06,0.00,0.01,0.01,0.00,0.00,0.00,0.00,0.00,0.00,0.00,0.00,0.00,0.01,0.04,0.05,542476,754766,1056168,1242206,1377969,1577700,0,0,0,0,524,2620,0,156671,0,172.10,175.76,178.44
2382,0,28,49,66,87886,87886,87886,9393,9393,9393,591,591,591,0.05,0.08,0.10,0.02,0.04,0.05,0.00,0.01,0.01,0.00,0.00,0.00,0.00,0.00,0.00,0.00,0.00,0.00,0.01,0.04,0.05,414066,707588,1181910,1027329,1378837,1894725,0,349,1747,0,0,0,0,153392,0,172.07,174.37,177.01
2382,1,14,44,62,87863,87863,87863,9416,9416,9416,591,591,591,0.05,0.08,0.10,0.02,0.04,0.05,0.00,0.01,0.01,0.00,0.00,0.00,0.00,0.00,0.00,0.00,0.00,0.00,0.01,0.03,0.05,456024,611146,985385,1003777,1283098,1716562,0,0,0,0,524,2620,0,124309,0,154.95,158.88,162.12
2382,2,30,45,58,87768,87768,87768,9511,9511,9511,591,591,591,0.05,0.08,0.13,0.02,0.04,0.07,0.00,0.01,0.01,0.00,0.00,0.00,0.00,0.00,0.00,0.00,0.00,0.00,0.01,0.03,0.05,488634,812126,1192314,1104961,1501992,1886738,0,0,0,0,524,2620,0,124446,0,159.23,162.42,164.46
2382,3,22,45,65,87769,87769,87769,9510,9510,9510,591,591,591,0.05,0.08,0.11,0.02,0.04,0.06,0.00,0.01,0.01,0.00,0.00,0.00,0.00,0.00,0.00,0.00,0.00,0.00,0.01,0.03,0.05,427103,598543,731175,956398,1281395,1501757,0,519,2599,0,0,0,0,137098,0,174.07,177.82,180.76
2383,0,25,44,59,87886,87886,87886,9393,9393,9393,591,591,591,0.06,0.08,0.10,0.03,0.04,0.05,0.00,0.01,0.01,0.00,0.00,0.00,0.00,0.00,0.00,0.00,0.00,0.00,0.01,0.03,0.04,348561,625819,864820,1043064,1279421,1394195,0,0,0,0,524,2620,0,104047,0,168.60,171.23,172.56
2383,1,24,42,57,87863,87863,87863,9416,9416,9416,591,591,591,0.06,0.08,0.10,0.03,0.04,0.05,0.00,0.01,0.01,0.00,0.00,0.00,0.00,0.00,0.00,0.00,0.00,0.00,0.01,0.03,0.04,495331,635780,736441,1168780,1297770,1465019,0,524,2620,0,0,0,0,96057,0,157.33,158.70,160.48
2383,2,39,54,64,87768,87768,87768,9511,9511,9511,591,591,591,0.05,0.08,0.11,0.02,0.04,0.06,0.00,0.01,0.01,0.00,0.00,0.00,0.00,0.00,0.00,0.00,0.00,0.00,0.01,0.03,0.05,469111,848490,1268383,1014347,1520244,2062433,0,0,0,0,0,0,0,124924,0,157.16,160.28,163.27
2383,3,29,53,68,87769,87769,87769,9510,9510,9510,591,591,591,0.05,0.08,0.11,0.02,0.04,0.05,0.00,0.01,0.01,0.00,0.00,0.00,0.00,0.00,0.00,0.00,0.00,0.00,0.01,0.03,0.05,327581,497589,757413,754746,1133552,1459790,0,0,0,0,0,0,0,105376,0,172.51,174.86,178.00
2384,0,41,51,62,87886,87886,87886,9393,9393,9393,591,591,591,0.05,0.10,0.13,0.02,0.05,0.07,0.00,0.01,0.01,0.00,0.00,0.00,0.00,0.00,0.00,0.00,0.00,0.00,0.01,0.04,0.05,393105,545114,922504,859590,1130852,1485966,0,0,0,0,0,0,0,142510,0,169.22,172.18,173.87
2384,1,44,49,59,87863,87863,87863,9416,9416,9416,591,591,591,0.04,0.10,0.13,0.02,0.05,0.07,0.00,0.01,0.01,0.00,0.00,0.00,0.00,0.00,0.00,0.00,0.00,0.00,0.01,0.04,0.05,382627,518883,644688,841256,1093448,1294619,0,655,2620,0,655,2620,0,129466,0,155.94,159.45,162.71
2384,2,22,41,58,87768,87768,87768,9511,9511,9511,591,591,591,0.07,0.09,0.10,0.03,0.04,0.05,0.01,0.01,0.01,0.00,0.00,0.00,0.00,0.00,0.00,0.00,0.00,0.00,0.01,0.04,0.05,511043,928383,1768937,940844,1457774,2272101,0,1310,2620,0,655,2620,0,115627,0,156.59,160.56,162.81
2384,3,40,55,70,87769,87769,87769,9510,9510,9510,591,591,591,0.08,0.10,0.13,0.04,0.05,0.06,0.01,0.01,0.01,0.00,0.00,0.00,0.00,0.00,0.00,0.00,0.00,0.00,0.03,0.04,0.05,348542,484185,752184,864840,1049611,1486022,0,0,0,0,655,2620,0,162770,0,172.57,175.34,177.42
2385,0,48,57,67,87886,87886,87886,9393,9393,9393,591,591,591,0.07,0.10,0.13,0.03,0.05,0.06,0.01,0.01,0.01,0.00,0.00,0.00,0.00,0.00,0.00,0.00,0.00,0.00,0.01,0.04,0.05,338079,459143,610628,704987,979087,1349672,0,524,2620,0,524,2620,0,158964,0,173.84,175.22,176.63
2385,1,42,53,63,87863,87863,87863,9416,9416,9416,591,591,591,0.08,0.09,0.11,0.04,0.05,0.05,0.01,0.01,0.01,0.00,0.00,0.00,0.00,0.00,0.00,0.00,0.00,0.00,0.03,0.04,0.05,406205,553639,875274,904135,1124437,1517316,0,524,2620,0,1048,2620,0,145904,0,161.97,162.94,164.04
2385,2,25,52,62,87768,87768,87768,9511,9511,9511,591,591,591,0.08,0.10,0.11,0.04,0.05,0.06,0.01,0.01,0.01,0.00,0.00,0.00,0.00,0.00,0.00,0.00,0.00,0.00,0.04,0.04,0.05,542476,702878,1014215,1029920,1287299,1603875,0,524,2620,0,524,2620,0,127405,0,160.39,163.22,166.13
2385,3,31,47,57,87769,87769,87769,9510,9510,9510,591,591,591,0.09,0.09,0.10,0.04,0.05,0.05,0.01,0.01,0.01,0.00,0.00,0.00,0.00,0.00,0.00,0.00,0.00,0.00,0.04,0.04,0.04,400989,691870,1048226,838387,1257431,1575254,0,524,2620,0,0,0,0,143427,0,177.84,179.59,180.60
2386,0,27,52,65,87886,87886,87886,9393,9393,9393,591,591,591,0.05,0.08,0.11,0.02,0.04,0.05,0.00,0.01,0.01,0.00,0.00,0.00,0.00,0.00,0.00,0.00,0.00,0.00,0.01,0.03,0.07,503186,702355,1179349,1077134,1434516,2016785,0,0,0,0,524,2620,0,136347,0,171.31,174.62,178.95
2386,1,19,47,68,87863,87863,87863,9416,9416,9416,591,591,591,0.05,0.08,0.13,0.02,0.04,0.06,0.00,0.01,0.01,0.00,0.00,0.00,0.00,0.00,0.00,0.00,0.00,0.00,0.01,0.03,0.05,335456,548782,639475,841262,1195056,1433577,0,0,0,0,0,0,0,124101,0,157.24,159.37,161.55
2386,2,29,44,55,87768,87768,87768,9511,9511,9511,591,591,591,0.06,0.08,0.11,0.03,0.04,0.06,0.00,0.01,0.01,0.00,0.00,0.00,0.00,0.00,0.00,0.00,0.00,0.00,0.01,0.03,0.05,597445,842633,1231688,1325910,1520740,1737467,0,0,0,0,0,0,0,125599,0,157.02,160.28,164.27
2386,3,20,52,71,87769,87769,87769,9510,9510,9510,591,591,591,0.05,0.08,0.10,0.02,0.04,0.05,0.00,0.01,0.01,0.00,0.00,0.00,0.00,0.00,0.00,0.00,0.00,0.00,0.01,0.03,0.05,336474,554883,820201,832058,1207107,1611531,0,0,0,0,0,0,0,139211,0,172.52,176.37,180.72
2387,0,18,42,67,87886,87886,87886,9393,9393,9393,591,591,591,0.05,0.09,0.13,0.02,0.05,0.06,0.00,0.01,0.01,0.00,0.00,0.00,0.00,0.00,0.00,0.00,0.00,0.00,0.01,0.04,0.05,400912,713870,969691,885676,1401010,1769031,0,0,0,0,0,0,0,140493,0,169.99,171.89,174.22
2387,1,34,46,63,87863,87863,87863,9416,9416,9416,591,591,591,0.05,0.09,0.13,0.02,0.04,0.07,0.00,0.01,0.01,0.00,0.00,0.00,0.00,0.00,0.00,0.00,0.00,0.00,0.01,0.03,0.05,338080,555071,930333,780976,1177763,1533084,0,1048,2620,0,0,0,0,128960,0,155.95,158.57,161.71
2387,2,21,54,65,87768,87768,87768,9511,9511,9511,591,591,591,0.07,0.09,0.10,0.03,0.05,0.05,0.01,0.01,0.01,0.00,0.00,0.00,0.00,0.00,0.00,0.00,0.00,0.00,0.01,0.04,0.05,469106,683227,1116416,877936,1287466,1784693,0,524,2620,0,524,2620,0,145029,0,159.09,161.51,165.62
2387,3,42,52,64,87769,87769,87769,9510,9510,9510,591,591,591,0.05,0.09,0.13,0.02,0.05,0.06,0.00,0.01,0.01,0.00,0.00,0.00,0.00,0.00,0.00,0.00,0.00,0.00,0.01,0.04,0.05,338067,551920,765247,859582,1200807,1559323,0,0,0,0,524,2620,0,142836,0,173.34,175.58,178.99
2388,0,28,50,79,87886,87886,87886,9393,9393,9393,591,591,591,0.05,0.08,0.12,0.02,0.04,0.06,0.00,0.01,0.01,0.00,0.00,0.00,0.00,0.00,0.00,0.00,0.00,0.00,0.01,0.03,0.05,377376,560848,733801,909372,1225478,1527977,0,0,0,0,0,0,0,137836,0,167.23,170.07,174.21
2388,1,30,49,64,87863,87863,87863,9416,9416,9416,591,591,591,0.05,0.08,0.10,0.02,0.04,0.05,0.00,0.01,0.01,0.00,0.00,0.00,0.00,0.00,0.00,0.00,0.00,0.00,0.01,0.03,0.05,463872,619886,964435,1014210,1291312,1700866,0,524,2620,0,0,0,0,143547,0,157.09,158.01,160.63
2388,2,22,51,68,87768,87768,87768,9511,9511,9511,591,591,591,0.05,0.08,0.10,0.02,0.04,0.05,0.00,0.01,0.01,0.00,0.00,0.00,0.00,0.00,0.00,0.00,0.00,0.00,0.01,0.03,0.05,461244,1040441,1981425,883179,1709775,2746738,0,0,0,0,524,2620,0,126082,0,157.39,159.85,163.12
2388,3,33,53,65,87769,87769,87769,9510,9510,9510,591,591,591,0.05,0.08,0.13,0.02,0.04,0.06,0.00,0.01,0.01,0.00,0.00,0.00,0.00,0.00,0.00,0.00,0.00,0.00,0.01,0.03,0.05,463861,778361,1124321,967032,1457657,1894782,0,0,0,0,0,0,0,155685,0,170.06,172.17,175.60
2389,0,32,48,64,87886,87886,87886,9393,9393,9393,591,591,591,0.05,0.08,0.13,0.02,0.04,0.07,0.00,0.01,0.01,0.00,0.00,0.00,0.00,0.00,0.00,0.00,0.00,0.00,0.01,0.03,0.05,353782,686124,1541039,778356,1293122,2311559,0,0,0,0,0,0,0,155457,0,166.98,170.33,174.03
2389,1,23,43,57,87863,87863,87863,9416,9416,9416,591,591,591,0.05,0.08,0.13,0.02,0.04,0.06,0.00,0.01,0.01,0.00,0.00,0.00,0.00,0.00,0.00,0.00,0.00,0.00,0.01,0.03,0.05,400974,600665,891007,938228,1254800,1438727,0,524,2620,0,524,2620,0,123298,0,156.86,158.86,161.54
2389,2,15,39,56,87768,87768,87768,9511,9511,9511,591,591,591,0.05,0.08,0.12,0.02,0.04,0.06,0.00,0.01,0.01,0.00,0.00,0.00,0.00,0.00,0.00,0.00,0.00,0.00,0.01,0.03,0.05,458625,738519,1142643,1084977,1399989,1816174,0,0,0,0,1048,2620,0,124097,0,159.28,161.04,164.57
2389,3,26,52,63,87769,87769,87769,9510,9510,9510,591,591,591,0.05,0.08,0.13,0.02,0.04,0.07,0.00,0.01,0.01,0.00,0.00,0.00,0.00,0.00,0.00,0.00,0.00,0.00,0.01,0.03,0.05,387877,536890,809827,864862,1148688,1520064,0,524,2620,0,0,0,0,136172,0,171.37,173.99,177.31
2390,0,17,47,65,87886,87886,87886,9393,9393,9393,591,591,591,0.05,0.09,0.11,0.02,0.04,0.06,0.00,0.01,0.01,0.00,0.00,0.00,0.00,0.00,0.00,0.00,0.00,0.00,0.01,0.04,0.05,442842,575319,938197,956434,1204974,1554052,0,1048,2620,0,524,2620,0,103863,0,170.25,171.61,173.43
2390,1,25,54,73,87863,87863,87863,9416,9416,9416,591,591,591,0.06,0.09,0.13,0.03,0.04,0.07,0.00,0.01,0.01,0.00,0.00,0.00,0.00,0.00,0.00,0.00,0.00,0.00,0.01,0.03,0.05,351187,578651,799341,749550,1188227,1517413,0,1048,5241,0,524,2620,0,95556,0,153.38,156.36,160.73
2390,2,32,47,62,87768,87768,87768,9511,9511,9511,591,591,591,0.05,0.09,0.11,0.02,0.04,0.06,0.00,0.01,0.01,0.00,0.00,0.00,0.00,0.00,0.00,0.00,0.00,0.00,0.01,0.04,0.05,512507,671246,1189781,1095401,1317676,1939291,0,524,2620,0,534,2671,0,131124,0,157.82,160.48,164.03
2390,3,32,57,74,87769,87769,87769,9510,9510,9510,591,591,591,0.05,0.08,0.10,0.02,0.04,0.05,0.00,0.01,0.01,0.00,0.00,0.00,0.00,0.00,0.00,0.00,0.00,0.00,0.01,0.03,0.05,309248,489547,741664,791435,1112403,1593398,0,0,0,0,0,0,0,107773,0,172.12,175.31,177.35
2391,0,28,48,72,87886,87886,87886,9393,9393,9393,591,591,591,0.05,0.08,0.10,0.02,0.04,0.05,0.00,0.01,0.01,0.00,0.00,0.00,0.00,0.00,0.00,0.00,0.00,0.00,0.01,0.03,0.05,335440,581133,927737,736319,1202229,1674644,0,655,2620,0,0,0,0,137607,0,174.09,175.12,176.27
2391,1,22,50,63,87863,87863,87863,9416,9416,9416,591,591,591,0.09,0.09,0.11,0.04,0.05,0.06,0.01,0.01,0.01,0.00,0.00,0.00,0.00,0.00,0.00,0.00,0.00,0.00,0.04,0.04,0.05,351189,540538,948718,778382,1121048,1679913,0,0,0,0,1965,5241,0,126208,0,157.80,159.25,162.12
2391,2,30,39,46,87768,87768,87768,9511,9511,9511,591,591,591,0.05,0.09,0.10,0.02,0.04,0.05,0.00,0.01,0.01,0.00,0.00,0.00,0.00,0.00,0.00,0.00,0.00,0.00,0.01,0.03,0.05,513655,811753,995854,977517,1426955,1795159,0,2620,10482,0,0,0,0,109831,0,159.95,160.81,161.67
2391,3,24,50,60,87769,87769,87769,9510,9510,9510,591,591,591,0.05,0.09,0.10,0.02,0.04,0.05,0.00,0.01,0.01,0.00,0.00,0.00,0.00,0.00,0.00,0.00,0.00,0.00,0.01,0.03,0.05,466474,541835,649959,1006327,1192432,1446684,0,0,0,0,1965,5241,0,158204,0,175.84,177.37,178.41
2392,0,33,50,65,87886,87886,87886,9393,9393,9393,591,591,591,0.05,0.10,0.13,0.02,0.05,0.07,0.00,0.01,0.01,0.00,0.00,0.00,0.00,0.00,0.00,0.00,0.00,0.00,0.01,0.04,0.05,340696,504749,681391,904149,1108563,1368024,0,0,0,0,0,0,0,141987,0,172.85,175.54,178.15
2392,1,34,46,60,87863,87863,87863,9416,9416,9416,591,591,591,0.05,0.09,0.13,0.02,0.05,0.06,0.00,0.01,0.01,0.00,0.00,0.00,0.00,0.00,0.00,0.00,0.00,0.00,0.01,0.04,0.05,366823,477661,571313,945880,1092471,1268533,0,520,2604,0,0,0,0,143938,0,156.90,158.01,160.88
2392,2,17,50,62,87768,87768,87768,9511,9511,9511,591,591,591,0.07,0.09,0.11,0.03,0.05,0.06,0.01,0.01,0.01,0.00,0.00,0.00,0.00,0.00,0.00,0.00,0.00,0.00,0.01,0.03,0.05,579186,969144,1666810,1210787,1601784,2219792,0,0,0,0,1572,2620,0,130029,0,157.02,160.48,164.39
2392,3,37,51,63,87769,87769,87769,9510,9510,9510,591,591,591,0.05,0.10,0.13,0.02,0.05,0.07,0.00,0.01,0.01,0.00,0.00,0.00,0.00,0.00,0.00,0.00,0.00,0.00,0.01,0.04,0.05,403576,685584,1166241,1008940,1301453,1740189,0,1048,2620,0,0,0,0,144268,0,173.97,176.79,179.41
2393,0,49,56,62,87886,87886,87886,9393,9393,9393,591,591,591,0.05,0.08,0.10,0.02,0.04,0.05,0.00,0.01,0.01,0.00,0.00,0.00,0.00,0.00,0.00,0.00,0.00,0.00,0.01,0.03,0.04,324914,651248,1077139,783590,1242343,1633343,0,0,0,0,0,0,0,138256,0,169.74,173.98,178.01
2393,1,16,44,64,87863,87863,87863,9416,9416,9416,591,591,591,0.05,0.08,0.10,0.02,0.04,0.05,0.00,0.01,0.01,0.00,0.00,0.00,0.00,0.00,0.00,0.00,0.00,0.00,0.01,0.03,0.05,387847,547197,655213,867415,1155196,1488644,0,0,0,0,0,0,0,126701,0,157.63,159.57,161.59
2393,2,14,39,52,87768,87768,87768,9511,9511,9511,591,591,591,0.05,0.08,0.11,0.02,0.04,0.06,0.00,0.01,0.01,0.00,0.00,0.00,0.00,0.00,0.00,0.00,0.00,0.00,0.01,0.03,0.05,487421,759996,1108530,783543,1338650,1564522,0,0,0,0,0,0,0,128778,0,156.12,160.80,164.82
2393,3,29,52,68,87769,87769,87769,9510,9510,9510,591,591,591,0.05,0.08,0.10,0.02,0.04,0.05,0.00,0.01,0.01,0.00,0.00,0.00,0.00,0.00,0.00,0.00,0.00,0.00,0.01,0.03,0.05,338078,568652,817613,736435,1152204,1589236,0,0,0,0,0,0,0,140379,0,175.09,179.14,183.95
2394,0,21,52,69,87886,87886,87886,9393,9393,9393,591,591,591,0.05,0.09,0.11,0.02,0.04,0.05,0.00,0.01,0.01,0.00,0.00,0.00,0.00,0.00,0.00,0.00,0.00,0.00,0.01,0.03,0.05,356385,539513,870048,822893,1106984,1462457,0,524,2620,0,524,2620,0,133129,0,168.71,170.56,172.64
2394,1,50,55,60,87863,87863,87863,9416,9416,9416,591,591,591,0.07,0.09,0.11,0.03,0.04,0.06,0.00,0.01,0.01,0.00,0.00,0.00,0.00,0.00,0.00,0.00,0.00,0.00,0.03,0.04,0.05,421946,578658,728572,883205,1189289,1404730,0,1048,5241,0,1048,2620,0,122621,0,153.48,158.26,161.04
2394,2,14,49,63,87768,87768,87768,9511,9511,9511,591,591,591,0.05,0.09,0.10,0.02,0.04,0.05,0.00,0.01,0.01,0.00,0.00,0.00,0.00,0.00,0.00,0.00,0.00,0.00,0.01,0.03,0.05,382141,686394,1182458,959676,1314079,1885394,0,869,2620,0,524,2620,0,127525,0,157.83,159.13,162.01
2394,3,46,58,71,87769,87769,87769,9510,9510,9510,591,591,591,0.05,0.09,0.12,0.02,0.04,0.06,0.00,0.01,0.01,0.00,0.00,0.00,0.00,0.00,0.00,0.00,0.00,0.00,0.01,0.03,0.05,348571,497240,681378,794058,1084463,1420411,0,0,0,0,524,2620,0,135386,0,168.50,172.28,174.15
2395,0,24,43,52,87886,87886,87886,9393,9393,9393,591,591,591,0.06,0.10,0.12,0.03,0.05,0.06,0.01,0.01,0.01,0.00,0.00,0.00,0.00,0.00,0.00,0.00,0.00,0.00,0.01,0.04,0.05,393096,616392,1095469,838606,1203955,1865967,0,0,0,0,524,2620,0,141671,0,169.61,174.58,178.31
2395,1,27,51,68,87863,87863,87863,9416,9416,9416,591,591,591,0.05,0.09,0.12,0.02,0.05,0.06,0.00,0.01,0.01,0.00,0.00,0.00,0.00,0.00,0.00,0.00,0.00,0.00,0.01,0.04,0.05,364287,495328,660413,822923,1058800,1252785,0,524,2620,0,0,0,0,130396,0,156.90,160.15,162.47
2395,2,39,48,56,87768,87768,87768,9511,9511,9511,591,591,591,0.06,0.10,0.12,0.03,0.05,0.06,0.00,0.01,0.01,0.00,0.00,0.00,0.00,0.00,0.00,0.00,0.00,0.00,0.02,0.04,0.05,476958,872673,1844926,982744,1457602,2450292,0,0,0,0,524,2620,0,149087,0,157.98,161.29,163.70
2395,3,32,54,75,87769,87769,87769,9510,9510,9510,591,591,591,0.05,0.10,0.13,0.02,0.05,0.06,0.00,0.01,0.01,0.00,0.00,0.00,0.00,0.00,0.00,0.00,0.00,0.00,0.01,0.04,0.05,372147,611664,901497,953954,1169345,1396797,0,524,2620,0,0,0,0,162274,0,172.61,176.23,178.71
2396,0,19,53,71,87886,87886,87886,9393,9393,9393,591,591,591,0.05,0.09,0.12,0.02,0.04,0.06,0.00,0.01,0.01,0.00,0.00,0.00,0.00,0.00,0.00,0.00,0.00,0.00,0.01,0.04,0.05,403597,670927,1289489,880542,1289432,1926370,0,0,0,0,0,0,0,158259,0,170.01,173.51,175.31
2396,1,22,44,54,87863,87863,87863,9416,9416,9416,591,591,591,0.06,0.08,0.10,0.03,0.04,0.05,0.00,0.01,0.01,0.00,0.00,0.00,0.00,0.00,0.00,0.00,0.00,0.00,0.01,0.03,0.04,508417,668481,880547,1092616,1280297,1402935,0,0,0,0,524,2620,0,127685,0,155.16,157.84,160.72
2396,2,46,51,60,87768,87768,87768,9511,9511,9511,591,591,591,0.05,0.09,0.13,0.02,0.04,0.06,0.00,0.01,0.01,0.00,0.00,0.00,0.00,0.00,0.00,0.00,0.00,0.00,0.01,0.04,0.05,497942,878461,1430977,932986,1470731,2096670,0,524,2620,0,0,0,0,127566,0,159.84,162.25,164.11
2396,3,25,49,74,87769,87769,87769,9510,9510,9510,591,591,591,0.05,0.09,0.12,0.02,0.04,0.06,0.00,0.01,0.01,0.00,0.00,0.00,0.00,0.00,0.00,0.00,0.00,0.00,0.01,0.04,0.05,366925,621140,909436,833372,1258006,1585617,0,0,0,0,0,0,0,139679,0,172.33,174.88,177.66
2397,0,27,47,59,87886,87886,87886,9393,9393,9393,591,591,591,0.08,0.09,0.11,0.03,0.05,0.06,0.01,0.01,0.01,0.00,0.00,0.00,0.00,0.00,0.00,0.00,0.00,0.00,0.03,0.04,0.05,330208,480605,628974,836003,1074249,1322658,0,0,0,0,523,2619,0,137318,0,173.56,175.25,176.68
2397,1,16,55,73,87863,87863,87863,9416,9416,9416,591,591,591,0.05,0.08,0.11,0.02,0.04,0.05,0.00,0.01,0.01,0.00,0.00,0.00,0.00,0.00,0.00,0.00,0.00,0.00,0.01,0.03,0.05,322345,529370,773095,825519,1113781,1509501,0,1048,2620,0,524,2620,0,93115,0,153.47,156.57,159.20
2397,2,19,45,68,87768,87768,87768,9511,9511,9511,591,591,591,0.06,0.08,0.11,0.03,0.04,0.05,0.00,0.01,0.01,0.00,0.00,0.00,0.00,0.00,0.00,0.00,0.00,0.00,0.01,0.03,0.04,482214,734850,1257978,998477,1334469,1978694,0,1572,2620,0,524,2620,0,123883,0,158.41,162.38,164.47
2397,3,35,62,78,87769,87769,87769,9510,9510,9510,591,591,591,0.05,0.08,0.11,0.02,0.04,0.05,0.00,0.01,0.01,0.00,0.00,0.00,0.00,0.00,0.00,0.00,0.00,0.00,0.01,0.03,0.05,361949,538856,681392,762680,1101192,1388991,0,0,0,0,1048,2620,0,104436,0,172.86,175.80,177.43
2398,0,20,56,85,87886,87886,87886,9393,9393,9393,591,591,591,0.05,0.07,0.12,0.02,0.03,0.06,0.00,0.01,0.01,0.00,0.00,0.00,0.00,0.00,0.00,0.00,0.00,0.00,0.01,0.03,0.05,387864,619799,877931,1058764,1204220,1312970,0,0,0,0,0,0,0,102897,0,170.37,171.64,173.38
2398,1,33,45,61,87863,87863,87863,9416,9416,9416,591,591,591,0.05,0.08,0.10,0.02,0.04,0.05,0.00,0.01,0.01,0.00,0.00,0.00,0.00,0.00,0.00,0.00,0.00,0.00,0.01,0.04,0.05,445529,574599,720731,948716,1179990,1391635,0,0,0,0,0,0,0,124710,0,151.43,154.50,157.12
2398,2,58,63,75,87768,87768,87768,9511,9511,9511,591,591,591,0.07,0.08,0.09,0.03,0.04,0.04,0.00,0.01,0.01,0.00,0.00,0.00,0.00,0.00,0.00,0.00,0.00,0.00,0.02,0.03,0.04,320434,715650,1277703,775520,1324357,1971827,0,0,0,0,655,2620,0,108012,0,158.26,159.18,160.89
2398,3,35,53,83,87769,87769,87769,9510,9510,9510,591,591,591,0.05,0.08,0.13,0.02,0.04,0.07,0.00,0.01,0.01,0.00,0.00,0.00,0.00,0.00,0.00,0.00,0.00,0.00,0.01,0.03,0.05,255088,479167,610640,711101,1081291,1221310,0,655,2620,0,0,0,0,138031,0,172.08,173.49,175.19
2399,0,34,50,71,87886,87886,87886,9393,9393,9393,591,591,591,0.05,0.09,0.11,0.02,0.04,0.06,0.00,0.01,0.01,0.00,0.00,0.00,0.00,0.00,0.00,0.00,0.00,0.00,0.01,0.04,0.05,369518,504749,597518,833382,1058769,1305137,0,524,2620,0,0,0,0,137977,0,169.43,171.73,175.97
2399,1,20,51,70,87863,87863,87863,9416,9416,9416,591,591,591,0.06,0.09,0.13,0.03,0.04,0.07,0.00,0.01,0.01,0.00,0.00,0.00,0.00,0.00,0.00,0.00,0.00,0.00,0.02,0.03,0.05,343317,448141,634201,807202,1007403,1268402,0,0,0,0,524,2620,0,143350,0,158.75,159.48,160.58
2399,2,38,51,72,87768,87768,87768,9511,9511,9511,591,591,591,0.05,0.09,0.12,0.02,0.04,0.06,0.00,0.01,0.01,0.00,0.00,0.00,0.00,0.00,0.00,0.00,0.00,0.00,0.01,0.04,0.05,542500,904661,1666747,1035206,1460247,2072951,0,0,0,0,0,0,0,129163,0,157.64,159.76,164.10
2399,3,25,57,82,87769,87769,87769,9510,9510,9510,591,591,591,0.05,0.09,0.11,0.02,0.04,0.05,0.00,0.01,0.01,0.00,0.00,0.00,0.00,0.00,0.00,0.00,0.00,0.00,0.01,0.04,0.05,408827,684524,1011645,951310,1223330,1470293,0,0,0,0,0,0,0,158888,0,170.95,174.06,179.89
2400,0,33,50,69,87886,87886,87886,9393,9393,9393,591,591,591,0.05,0.09,0.13,0.02,0.04,0.06,0.00,0.01,0.01,0.00,0.00,0.00,0.00,0.00,0.00,0.00,0.00,0.00,0.01,0.04,0.05,395706,672988,1069218,794032,1274173,1522587,0,0,0,0,0,0,0,152883,0,171.76,172.95,173.82
2400,1,19,44,70,87863,87863,87863,9416,9416,9416,591,591,591,0.05,0.09,0.12,0.02,0.04,0.06,0.00,0.01,0.01,0.00,0.00,0.00,0.00,0.00,0.00,0.00,0.00,0.00,0.01,0.04,0.05,432409,539401,709187,946067,1128613,1357572,0,524,2620,0,0,0,0,125997,0,159.63,160.39,161.28
2400,2,36,45,59,87768,87768,87768,9511,9511,9511,591,591,591,0.05,0.09,0.10,0.02,0.04,0.05,0.00,0.01,0.01,0.00,0.00,0.00,0.00,0.00,0.00,0.00,0.00,0.00,0.01,0.03,0.05,458637,731672,1501629,914653,1295625,2264237,0,0,0,0,524,2620,0,127141,0,158.54,160.86,162.63
2400,3,23,51,75,87769,87769,87769,9510,9510,9510,591,591,591,0.05,0.09,0.13,0.02,0.05,0.06,0.00,0.01,0.01,0.00,0.00,0.00,0.00,0.00,0.00,0.00,0.00,0.00,0.01,0.04,0.05,450733,578127,762629,930293,1211816,1538362,0,0,0,0,0,0,0,140062,0,174.01,175.69,177.35
2401,0,18,46,63,87886,87886,87886,9393,9393,9393,591,591,591,0.05,0.07,0.10,0.02,0.04,0.05,0.00,0.01,0.01,0.00,0.00,0.00,0.00,0.00,0.00,0.00,0.00,0.00,0.01,0.03,0.04,368920,546201,831654,797178,1128027,1509556,0,0,0,0,524,2620,0,134536,0,169.97,172.18,174.62
2401,1,24,52,73,87863,87863,87863,9416,9416,9416,591,591,591,0.05,0.08,0.10,0.02,0.04,0.05,0.00,0.01,0.01,0.00,0.00,0.00,0.00,0.00,0.00,0.00,0.00,0.00,0.01,0.03,0.05,382628,663042,822913,828154,1273670,1548858,0,524,2620,0,0,0,0,126346,0,155.68,159.01,161.71
2401,2,40,53,59,87768,87768,87768,9511,9511,9511,591,591,591,0.05,0.08,0.10,0.02,0.04,0.05,0.00,0.01,0.01,0.00,0.00,0.00,0.00,0.00,0.00,0.00,0.00,0.00,0.01,0.03,0.05,516313,769472,1339154,967104,1364925,2038868,0,870,2620,0,346,1734,0,129184,0,156.45,159.20,163.36
2401,3,24,58,87,87769,87769,87769,9510,9510,9510,591,591,591,0.05,0.08,0.10,0.02,0.04,0.05,0.00,0.01,0.01,0.00,0.00,0.00,0.00,0.00,0.00,0.00,0.00,0.00,0.01,0.03,0.05,369443,471749,617880,812251,1054766,1319541,0,349,1747,0,523,2618,0,137894,0,172.19,174.04,176.76
2402,0,29,50,72,87886,87886,87886,9393,9393,9393,591,591,591,0.06,0.09,0.13,0.03,0.05,0.06,0.01,0.01,0.01,0.00,0.00,0.00,0.00,0.00,0.00,0.00,0.00,0.00,0.01,0.04,0.05,335414,562416,982833,843776,1162564,1742890,0,1048,2620,0,0,0,0,137090,0,168.89,174.43,177.59
2402,1,16,43,59,87863,87863,87863,9416,9416,9416,591,591,591,0.06,0.09,0.11,0.03,0.04,0.05,0.01,0.01,0.01,0.00,0.00,0.00,0.00,0.00,0.00,0.00,0.00,0.00,0.01,0.04,0.05,322345,536154,961514,668276,1121070,1692474,0,0,0,0,1048,2620,0,128269,0,156.67,159.18,160.08
2402,2,26,56,70,87768,87768,87768,9511,9511,9511,591,591,591,0.06,0.09,0.11,0.03,0.04,0.05,0.00,0.01,0.01,0.00,0.00,0.00,0.00,0.00,0.00,0.00,0.00,0.00,0.01,0.04,0.04,554895,867212,1624825,1050704,1402255,2004824,0,0,0,0,0,0,0,142252,0,157.94,160.66,162.15
2402,3,23,50,73,87769,87769,87769,9510,9510,9510,591,591,591,0.08,0.09,0.10,0.04,0.04,0.05,0.01,0.01,0.01,0.00,0.00,0.00,0.00,0.00,0.00,0.00,0.00,0.00,0.02,0.04,0.05,340705,585498,935623,728586,1168895,1698274,0,0,0,0,0,0,0,157199,0,171.40,175.14,176.97
2403,0,14,43,64,87886,87886,87886,9393,9393,9393,591,591,591,0.05,0.08,0.10,0.02,0.04,0.05,0.00,0.01,0.01,0.00,0.00,0.00,0.00,0.00,0.00,0.00,0.00,0.00,0.01,0.03,0.05,429799,686628,1113775,972290,1314557,1554044,0,524,2620,0,0,0,0,155352,0,169.53,172.71,176.02
2403,1,50,61,69,87863,87863,87863,9416,9416,9416,591,591,591,0.05,0.08,0.10,0.02,0.04,0.05,0.00,0.01,0.01,0.00,0.00,0.00,0.00,0.00,0.00,0.00,0.00,0.00,0.01,0.03,0.05,369514,591754,927735,817648,1244333,2020685,0,1048,5241,0,1556,5241,0,141966,0,156.25,158.71,161.16
2403,2,26,54,68,87768,87768,87768,9511,9511,9511,591,591,591,0.05,0.08,0.13,0.02,0.04,0.07,0.00,0.01,0.01,0.00,0.00,0.00,0.00,0.00,0.00,0.00,0.00,0.00,0.01,0.03,0.05,568712,845901,1386292,1064042,1477450,2004751,0,1047,5239,0,1572,7861,0,125338,0,156.43,159.34,163.13
2403,3,58,64,80,87769,87769,87769,9510,9510,9510,591,591,591,0.05,0.08,0.10,0.02,0.04,0.05,0.00,0.01,0.01,0.00,0.00,0.00,0.00,0.00,0.00,0.00,0.00,0.00,0.01,0.03,0.05,351157,638902,911838,712796,1233264,1540692,0,524,2620,0,524,2620,0,138671,0,172.47,174.67,177.27
2404,0,31,53,71,87886,87886,87886,9393,9393,9393,591,591,591,0.08,0.09,0.12,0.04,0.05,0.06,0.00,0.01,0.01,0.00,0.00,0.00,0.00,0.00,0.00,0.00,0.00,0.00,0.02,0.04,0.05,330210,517904,720746,786216,1066210,1496531,0,0,0,0,0,0,0,138787,0,169.12,171.59,173.48
2404,1,13,46,59,87863,87863,87863,9416,9416,9416,591,591,591,0.05,0.09,0.13,0.02,0.05,0.06,0.00,0.01,0.01,0.00,0.00,0.00,0.00,0.00,0.00,0.00,0.00,0.00,0.01,0.04,0.06,232369,482564,736437,716325,1058950,1478118,0,524,2620,0,0,0,0,94804,0,157.84,160.36,162.23
2404,2,27,47,66,87768,87768,87768,9511,9511,9511,591,591,591,0.05,0.09,0.10,0.02,0.04,0.05,0.00,0.01,0.01,0.00,0.00,0.00,0.00,0.00,0.00,0.00,0.00,0.00,0.01,0.04,0.05,500566,723857,1095510,940855,1266880,1598711,0,524,2620,0,0,0,0,129517,0,158.75,161.41,164.22
2404,3,28,47,71,87769,87769,87769,9510,9510,9510,591,591,591,0.08,0.09,0.11,0.04,0.05,0.06,0.01,0.01,0.01,0.00,0.00,0.00,0.00,0.00,0.00,0.00,0.00,0.00,0.01,0.04,0.05,328065,552037,807208,751708,1110611,1485997,0,0,0,0,524,2620,0,106176,0,172.06,173.98,175.64
2405,0,35,49,61,87886,87886,87886,9393,9393,9393,591,591,591,0.09,0.10,0.10,0.04,0.05,0.05,0.01,0.01,0.01,0.00,0.00,0.00,0.00,0.00,0.00,0.00,0.00,0.00,0.03,0.04,0.05,403583,574553,738900,904131,1130325,1439370,0,0,0,0,436,1746,0,107223,0,170.83,173.11,174.53
2405,1,37,54,78,87863,87863,87863,9416,9416,9416,591,591,591,0.06,0.09,0.10,0.03,0.04,0.05,0.00,0.01,0.01,0.00,0.00,0.00,0.00,0.00,0.00,0.00,0.00,0.00,0.02,0.04,0.05,348559,529381,974922,788844,1082346,1727080,0,0,0,0,655,2620,0,130496,0,160.82,161.97,163.33
2405,2,33,47,56,87768,87768,87768,9511,9511,9511,591,591,591,0.05,0.09,0.12,0.02,0.05,0.06,0.00,0.01,0.01,0.00,0.00,0.00,0.00,0.00,0.00,0.00,0.00,0.00,0.01,0.03,0.05,359477,656302,1092837,924617,1247877,1674636,0,638,2552,0,655,2620,0,113498,0,157.30,159.52,160.83
2405,3,43,52,58,87769,87769,87769,9510,9510,9510,591,591,591,0.07,0.09,0.11,0.03,0.05,0.06,0.01,0.01,0.01,0.00,0.00,0.00,0.00,0.00,0.00,0.00,0.00,0.00,0.01,0.04,0.05,335452,439402,634200,798449,1007437,1417779,0,655,2620,0,0,0,0,145472,0,174.50,177.09,178.82
2406,0,51,57,65,87886,87886,87886,9393,9393,9393,591,591,591,0.05,0.08,0.10,0.02,0.04,0.05,0.00,0.01,0.01,0.00,0.00,0.00,0.00,0.00,0.00,0.00,0.00,0.00,0.01,0.03,0.05,382622,496884,678748,822903,1050900,1339152,0,0,0,0,1048,2620,0,134452,0,168.51,171.75,173.44
2406,1,24,42,60,87863,87863,87863,9416,9416,9416,591,591,591,0.05,0.08,0.10,0.02,0.04,0.05,0.00,0.01,0.01,0.00,0.00,0.00,0.00,0.00,0.00,0.00,0.00,0.00,0.01,0.03,0.05,440273,578661,710224,969650,1161516,1271066,0,1572,5241,0,0,0,0,140985,0,155.30,159.28,162.89
2406,2,45,54,63,87768,87768,87768,9511,9511,9511,591,591,591,0.07,0.08,0.10,0.03,0.04,0.05,0.00,0.01,0.01,0.00,0.00,0.00,0.00,0.00,0.00,0.00,0.00,0.00,0.02,0.03,0.05,513664,937394,1928792,977249,1500545,2665192,0,0,0,0,0,0,0,125446,0,157.82,160.44,161.70
2406,3,26,50,67,87769,87769,87769,9510,9510,9510,591,591,591,0.05,0.08,0.10,0.02,0.04,0.05,0.00,0.01,0.01,0.00,0.00,0.00,0.00,0.00,0.00,0.00,0.00,0.00,0.01,0.03,0.05,340694,683437,993068,752148,1244766,1614063,0,0,0,0,0,0,0,156905,0,171.55,176.01,177.73
2407,0,23,46,62,87886,87886,87886,9393,9393,9393,591,591,591,0.07,0.09,0.13,0.03,0.05,0.06,0.00,0.01,0.01,0.00,0.00,0.00,0.00,0.00,0.00,0.00,0.00,0.00,0.01,0.04,0.05,351183,667751,990577,880579,1292005,1572345,0,524,2620,0,0,0,0,153990,0,169.27,171.97,176.47
2407,1,34,54,79,87863,87863,87863,9416,9416,9416,591,591,591,0.07,0.09,0.12,0.03,0.04,0.06,0.00,0.01,0.01,0.00,0.00,0.00,0.00,0.00,0.00,0.00,0.00,0.00,0.02,0.04,0.05,343294,536743,857050,917254,1184601,1583054,0,0,0,0,524,2620,0,124034,0,156.08,157.36,159.66
2407,2,21,51,70,87768,87768,87768,9511,9511,9511,591,591,591,0.05,0.08,0.10,0.02,0.04,0.05,0.00,0.01,0.01,0.00,0.00,0.00,0.00,0.00,0.00,0.00,0.00,0.00,0.01,0.03,0.05,476982,749527,1145264,1003746,1352294,1590818,0,524,2620,0,524,2620,0,128651,0,157.95,160.23,163.15
2407,3,37,54,76,87769,87769,87769,9510,9510,9510,591,591,591,0.06,0.09,0.13,0.03,0.05,0.07,0.01,0.01,0.01,0.00,0.00,0.00,0.00,0.00,0.00,0.00,0.00,0.00,0.01,0.04,0.05,338071,545106,846477,851729,1187179,1504267,0,0,0,0,524,2620,0,137275,0,172.17,174.40,177.75
2408,0,42,60,72,87886,87886,87886,9393,9393,9393,591,591,591,0.05,0.08,0.10,0.02,0.04,0.05,0.00,0.01,0.01,0.00,0.00,0.00,0.00,0.00,0.00,0.00,0.00,0.00,0.01,0.03,0.05,419296,608229,1007514,964383,1218779,1562777,0,524,2620,0,502,2512,0,138304,0,166.62,169.58,171.81
2408,1,27,50,78,87863,87863,87863,9416,9416,9416,591,591,591,0.05,0.08,0.13,0.02,0.04,0.07,0.00,0.01,0.01,0.00,0.00,0.00,0.00,0.00,0.00,0.00,0.00,0.00,0.01,0.03,0.05,432392,627920,856957,767824,1250603,1540951,0,524,2620,0,1048,5241,0,128007,0,152.84,157.60,162.92
2408,2,25,47,81,87768,87768,87768,9511,9511,9511,591,591,591,0.07,0.09,0.13,0.03,0.04,0.07,0.00,0.01,0.01,0.00,0.00,0.00,0.00,0.00,0.00,0.00,0.00,0.00,0.01,0.04,0.05,484829,825513,1326027,864831,1443997,1907802,0,524,2620,0,524,2620,0,127334,0,155.54,157.98,160.33
2408,3,29,47,65,87769,87769,87769,9510,9510,9510,591,591,591,0.04,0.08,0.10,0.02,0.04,0.05,0.00,0.01,0.01,0.00,0.00,0.00,0.00,0.00,0.00,0.00,0.00,0.00,0.01,0.03,0.05,353737,582765,694120,796564,1219430,1538374,0,524,2620,0,0,0,0,142808,0,170.64,171.93,173.48
2409,0,45,53,67,87886,87886,87886,9393,9393,9393,591,591,591,0.07,0.08,0.10,0.03,0.04,0.05,0.00,0.01,0.01,0.00,0.00,0.00,0.00,0.00,0.00,0.00,0.00,0.00,0.01,0.03,0.05,345945,461255,780989,846509,1062111,1543632,0,0,0,0,0,0,0,136768,0,170.32,172.55,175.99
2409,1,30,50,68,87863,87863,87863,9416,9416,9416,591,591,591,0.05,0.08,0.10,0.02,0.04,0.05,0.00,0.01,0.01,0.00,0.00,0.00,0.00,0.00,0.00,0.00,0.00,0.00,0.01,0.03,0.05,356414,533063,943534,817622,1126923,1659048,0,0,0,0,0,0,0,124512,0,157.79,159.42,163.59
2409,2,46,56,65,87768,87768,87768,9511,9511,9511,591,591,591,0.05,0.08,0.11,0.02,0.04,0.06,0.00,0.01,0.01,0.00,0.00,0.00,0.00,0.00,0.00,0.00,0.00,0.00,0.01,0.03,0.05,542144,853348,1488435,1029972,1454948,2052338,0,0,0,0,0,0,0,144591,0,157.96,159.66,162.84
2409,3,33,59,79,87769,87769,87769,9510,9510,9510,591,591,591,0.06,0.08,0.09,0.03,0.04,0.05,0.00,0.01,0.01,0.00,0.00,0.00,0.00,0.00,0.00,0.00,0.00,0.00,0.01,0.03,0.05,340704,493741,644708,912000,1089697,1470249,0,0,0,0,0,0,0,156039,0,172.04,174.23,176.78
2410,0,40,53,67,87886,87886,87886,9393,9393,9393,591,591,591,0.06,0.09,0.13,0.03,0.04,0.07,0.00,0.01,0.01,0.00,0.00,0.00,0.00,0.00,0.00,0.00,0.00,0.00,0.01,0.04,0.05,330218,696087,1517482,660437,1283144,2185803,0,0,0,0,0,0,0,152293,0,172.76,174.55,177.09
2410,1,20,47,76,87863,87863,87863,9416,9416,9416,591,591,591,0.06,0.09,0.13,0.02,0.04,0.07,0.00,0.01,0.01,0.00,0.00,0.00,0.00,0.00,0.00,0.00,0.00,0.00,0.01,0.04,0.05,353798,576554,864829,801944,1155718,1540969,0,524,2620,0,524,2620,0,139974,0,157.45,158.38,160.35
2410,2,26,44,74,87768,87768,87768,9511,9511,9511,591,591,591,0.07,0.08,0.10,0.03,0.04,0.05,0.00,0.01,0.01,0.00,0.00,0.00,0.00,0.00,0.00,0.00,0.00,0.00,0.02,0.03,0.04,476946,789360,1187222,841219,1362247,1879113,0,1048,2620,0,1572,7861,0,123676,0,156.00,160.77,164.22
2410,3,23,47,75,87769,87769,87769,9510,9510,9510,591,591,591,0.05,0.09,0.13,0.02,0.04,0.07,0.00,0.01,0.01,0.00,0.00,0.00,0.00,0.00,0.00,0.00,0.00,0.00,0.01,0.03,0.05,345938,646268,925139,812440,1234362,1567233,0,1048,5241,0,524,2620,0,137117,0,172.07,175.09,176.87
2411,0,25,53,79,87886,87886,87886,9393,9393,9393,591,591,591,0.05,0.08,0.10,0.02,0.04,0.05,0.00,0.01,0.01,0.00,0.00,0.00,0.00,0.00,0.00,0.00,0.00,0.00,0.01,0.03,0.05,343319,518896,681369,851775,1144193,1415271,0,0,0,0,0,0,0,139187,0,167.88,170.26,172.80
2411,1,35,52,70,87863,87863,87863,9416,9416,9416,591,591,591,0.06,0.08,0.09,0.02,0.04,0.05,0.01,0.01,0.01,0.00,0.00,0.00,0.00,0.00,0.00,0.00,0.00,0.00,0.01,0.04,0.05,328458,528508,699766,915489,1151189,1470296,0,0,0,0,0,0,0,95427,0,155.86,158.26,160.56
2411,2,31,52,64,87768,87768,87768,9511,9511,9511,591,591,591,0.05,0.08,0.11,0.02,0.04,0.06,0.00,0.01,0.01,0.00,0.00,0.00,0.00,0.00,0.00,0.00,0.00,0.00,0.01,0.03,0.05,484749,717546,1045758,1061389,1351740,1601399,0,0,0,0,0,0,0,130204,0,155.76,157.89,162.02
2411,3,45,58,79,87769,87769,87769,9510,9510,9510,591,591,591,0.05,0.08,0.11,0.02,0.04,0.06,0.00,0.01,0.01,0.00,0.00,0.00,0.00,0.00,0.00,0.00,0.00,0.00,0.01,0.03,0.05,418323,543349,644724,909853,1168435,1465043,0,522,2614,0,0,0,0,104924,0,172.97,174.05,176.08
2412,0,28,54,66,87886,87886,87886,9393,9393,9393,591,591,591,0.06,0.09,0.12,0.03,0.04,0.06,0.00,0.01,0.01,0.00,0.00,0.00,0.00,0.00,0.00,0.00,0.00,0.00,0.01,0.04,0.05,495206,740512,985352,1207884,1349327,1472787,0,655,2620,0,655,2620,0,102172,0,170.79,172.47,173.65
2412,1,27,55,72,87863,87863,87863,9416,9416,9416,591,591,591,0.05,0.09,0.12,0.02,0.04,0.06,0.00,0.01,0.01,0.00,0.00,0.00,0.00,0.00,0.00,0.00,0.00,0.00,0.01,0.03,0.05,487457,602769,749547,993217,1199642,1349694,0,655,2620,0,655,2620,0,128595,0,157.08,159.20,161.32
2412,2,33,44,57,87768,87768,87768,9511,9511,9511,591,591,591,0.08,0.09,0.11,0.04,0.05,0.06,0.00,0.01,0.01,0.00,0.00,0.00,0.00,0.00,0.00,0.00,0.00,0.00,0.02,0.04,0.05,511027,711466,785974,1022055,1316146,1522662,0,0,0,0,655,2620,0,99066,0,159.46,161.57,163.97
2412,3,37,52,73,87769,87769,87769,9510,9510,9510,591,591,591,0.05,0.09,0.13,0.02,0.04,0.06,0.00,0.01,0.01,0.00,0.00,0.00,0.00,0.00,0.00,0.00,0.00,0.00,0.01,0.04,0.05,393157,502478,581797,904263,1046240,1181906,0,0,0,0,0,0,0,141677,0,173.43,175.58,176.44
2413,0,26,47,70,87886,87886,87886,9393,9393,9393,591,591,591,0.07,0.09,0.11,0.03,0.04,0.06,0.01,0.01,0.01,0.00,0.00,0.00,0.00,0.00,0.00,0.00,0.00,0.00,0.01,0.04,0.05,353807,562769,933025,930383,1242771,1598723,0,0,0,0,524,2620,0,139376,0,168.34,170.03,173.57
2413,1,25,48,64,87863,87863,87863,9416,9416,9416,591,591,591,0.05,0.08,0.10,0.02,0.04,0.05,0.00,0.01,0.01,0.00,0.00,0.00,0.00,0.00,0.00,0.00,0.00,0.00,0.01,0.03,0.05,343280,638936,799315,932883,1319277,1556795,0,524,2620,0,0,0,0,143669,0,155.41,156.72,157.76
2413,2,46,54,73,87768,87768,87768,9511,9511,9511,591,591,591,0.05,0.09,0.12,0.02,0.04,0.06,0.00,0.01,0.01,0.00,0.00,0.00,0.00,0.00,0.00,0.00,0.00,0.00,0.01,0.04,0.05,710999,930997,1552313,1344212,1610951,2202537,0,0,0,0,524,2620,0,130249,0,157.90,160.20,162.39
2413,3,37,55,77,87769,87769,87769,9510,9510,9510,591,591,591,0.07,0.09,0.11,0.03,0.04,0.06,0.01,0.01,0.01,0.00,0.00,0.00,0.00,0.00,0.00,0.00,0.00,0.00,0.01,0.04,0.05,412371,700976,948743,1088590,1390248,1506981,0,0,0,0,0,0,0,158168,0,172.66,174.98,178.58
2414,0,19,41,53,87886,87886,87886,9393,9393,9393,591,591,591,0.05,0.08,0.10,0.02,0.04,0.05,0.00,0.01,0.01,0.00,0.00,0.00,0.00,0.00,0.00,0.00,0.00,0.00,0.01,0.03,0.05,424557,673013,1019498,964427,1334494,1601319,0,0,0,0,0,0,0,150744,0,169.56,171.42,173.60
2414,1,19,32,50,87863,87863,87863,9416,9416,9416,591,591,591,0.05,0.08,0.10,0.02,0.04,0.05,0.00,0.01,0.01,0.00,0.00,0.00,0.00,0.00,0.00,0.00,0.00,0.00,0.01,0.03,0.05,440207,652533,875176,1019289,1328909,1665159,0,524,2620,0,524,2620,0,125085,0,157.39,159.41,160.97
2414,2,24,49,72,87768,87768,87768,9511,9511,9511,591,591,591,0.05,0.08,0.12,0.02,0.04,0.06,0.00,0.01,0.01,0.00,0.00,0.00,0.00,0.00,0.00,0.00,0.00,0.00,0.01,0.03,0.05,476945,799317,1189805,1032509,1476509,1910502,0,1048,2620,0,0,0,0,126527,0,159.66,162.00,165.83
2414,3,34,48,63,87769,87769,87769,9510,9510,9510,591,591,591,0.05,0.08,0.10,0.02,0.04,0.05,0.00,0.01,0.01,0.00,0.00,0.00,0.00,0.00,0.00,0.00,0.00,0.00,0.01,0.03,0.05,393109,627410,841283,885805,1279978,1622288,0,0,0,0,524,2620,0,136438,0,170.69,174.54,178.91
2415,0,37,52,62,87886,87886,87886,9393,9393,9393,591,591,591,0.05,0.09,0.12,0.02,0.04,0.06,0.00,0.01,0.01,0.00,0.00,0.00,0.00,0.00,0.00,0.00,0.00,0.00,0.01,0.04,0.05,364295,607990,990662,791491,1229087,1782143,0,1048,2620,0,0,0,0,139306,0,168.48,170.45,171.94
2415,1,34,50,62,87863,87863,87863,9416,9416,9416,591,591,591,0.07,0.09,0.13,0.03,0.04,0.07,0.01,0.01,0.01,0.00,0.00,0.00,0.00,0.00,0.00,0.00,0.00,0.00,0.02,0.03,0.05,364280,507017,600140,812423,1107855,1281522,0,0,0,0,1397,2620,0,129366,0,156.46,158.51,159.97
2415,2,45,52,57,87768,87768,87768,9511,9511,9511,591,591,591,0.07,0.09,0.10,0.03,0.04,0.05,0.00,0.01,0.01,0.00,0.00,0.00,0.00,0.00,0.00,0.00,0.00,0.00,0.01,0.04,0.05,503160,631073,746957,935563,1226507,1501777,0,1048,2620,0,1048,2620,0,129441,0,159.84,161.05,162.96
2415,3,26,49,66,87769,87769,87769,9510,9510,9510,591,591,591,0.05,0.09,0.11,0.02,0.04,0.06,0.00,0.01,0.01,0.00,0.00,0.00,0.00,0.00,0.00,0.00,0.00,0.00,0.01,0.04,0.05,411296,518318,649944,885068,1150284,1459753,0,520,2603,0,520,2603,0,142636,0,172.20,174.02,176.19
2416,0,22,51,66,87886,87886,87886,9393,9393,9393,591,591,591,0.07,0.09,0.12,0.03,0.04,0.06,0.01,0.01,0.01,0.00,0.00,0.00,0.00,0.00,0.00,0.00,0.00,0.00,0.01,0.04,0.05,345949,518160,794056,805032,1119985,1525216,0,0,0,0,524,2620,0,137338,0,171.45,173.41,176.52
2416,1,22,48,65,87863,87863,87863,9416,9416,9416,591,591,591,0.05,0.09,0.12,0.02,0.04,0.06,0.00,0.01,0.01,0.00,0.00,0.00,0.00,0.00,0.00,0.00,0.00,0.00,0.01,0.04,0.05,461251,556121,757433,1024692,1173566,1430998,0,1048,5241,0,0,0,0,126150,0,159.47,160.80,161.40
2416,2,23,45,76,87768,87768,87768,9511,9511,9511,591,591,591,0.05,0.09,0.13,0.02,0.05,0.07,0.00,0.01,0.01,0.00,0.00,0.00,0.00,0.00,0.00,0.00,0.00,0.00,0.01,0.04,0.05,487448,713337,898895,924981,1312941,1619649,0,0,0,0,524,2620,0,142506,0,161.17,163.01,166.04
2416,3,34,58,77,87769,87769,87769,9510,9510,9510,591,591,591,0.07,0.09,0.11,0.03,0.04,0.05,0.01,0.01,0.01,0.00,0.00,0.00,0.00,0.00,0.00,0.00,0.00,0.00,0.01,0.03,0.05,340694,510170,781014,773109,1100533,1459816,0,524,2620,0,0,0,0,140105,0,175.12,177.76,182.84
2417,0,30,51,70,87886,87886,87886,9393,9393,9393,591,591,591,0.05,0.08,0.10,0.02,0.04,0.05,0.00,0.01,0.01,0.00,0.00,0.00,0.00,0.00,0.00,0.00,0.00,0.00,0.01,0.03,0.05,332846,508912,762613,896301,1135234,1470192,0,524,2620,0,524,2620,0,137157,0,171.08,172.39,173.93
2417,1,30,48,56,87863,87863,87863,9416,9416,9416,591,591,591,0.05,0.08,0.11,0.02,0.04,0.06,0.00,0.01,0.01,0.00,0.00,0.00,0.00,0.00,0.00,0.00,0.00,0.00,0.01,0.03,0.05,335337,530424,665657,859717,1154128,1365451,0,1048,5242,0,1048,2621,0,146094,0,158.10,159.89,162.64
2417,2,51,58,61,87768,87768,87768,9511,9511,9511,591,591,591,0.05,0.09,0.13,0.02,0.05,0.06,0.00,0.01,0.01,0.00,0.00,0.00,0.00,0.00,0.00,0.00,0.00,0.00,0.01,0.04,0.05,463850,804563,1150901,969630,1409306,1846351,0,1069,2727,0,504,2522,0,128392,0,157.90,161.19,164.23
2417,3,23,51,63,87769,87769,87769,9510,9510,9510,591,591,591,0.05,0.08,0.13,0.02,0.04,0.07,0.00,0.01,0.01,0.00,0.00,0.00,0.00,0.00,0.00,0.00,0.00,0.00,0.01,0.03,0.05,345950,694998,1252623,906808,1308766,1766252,0,0,0,0,524,2620,0,142057,0,175.65,176.25,177.56
2418,0,22,51,72,87886,87886,87886,9393,9393,9393,591,591,591,0.07,0.09,0.12,0.03,0.05,0.06,0.01,0.01,0.01,0.00,0.00,0.00,0.00,0.00,0.00,0.00,0.00,0.00,0.01,0.04,0.05,353846,732795,1480801,809916,1348701,2141264,0,524,2620,0,0,0,0,133113,0,171.35,172.63,175.01
2418,1,22,46,61,87863,87863,87863,9416,9416,9416,591,591,591,0.07,0.09,0.11,0.03,0.04,0.06,0.00,0.01,0.01,0.00,0.00,0.00,0.00,0.00,0.00,0.00,0.00,0.00,0.01,0.03,0.05,429789,585949,744301,982749,1210674,1396389,0,0,0,0,1048,2620,0,123886,0,156.34,161.18,164.30
2418,2,38,51,60,87768,87768,87768,9511,9511,9511,591,591,591,0.05,0.08,0.13,0.02,0.04,0.06,0.00,0.01,0.01,0.00,0.00,0.00,0.00,0.00,0.00,0.00,0.00,0.00,0.01,0.03,0.05,471701,746383,1187221,911957,1353866,1790004,0,524,2620,0,524,2620,0,127626,0,159.31,162.48,165.84
2418,3,24,44,67,87769,87769,87769,9510,9510,9510,591,591,591,0.06,0.09,0.12,0.03,0.05,0.06,0.01,0.01,0.01,0.00,0.00,0.00,0.00,0.00,0.00,0.00,0.00,0.00,0.01,0.04,0.05,395730,582681,647356,943462,1224664,1392451,0,523,2615,0,0,0,0,137300,0,174.92,177.04,179.53
2419,0,39,51,65,87886,87886,87886,9393,9393,9393,591,591,591,0.05,0.09,0.10,0.02,0.04,0.05,0.00,0.01,0.01,0.00,0.00,0.00,0.00,0.00,0.00,0.00,0.00,0.00,0.01,0.04,0.05,369522,574246,836011,830769,1125883,1300003,0,0,0,0,524,2620,0,105090,0,170.24,172.48,174.30
2419,1,33,43,61,87863,87863,87863,9416,9416,9416,591,591,591,0.05,0.09,0.13,0.02,0.05,0.06,0.00,0.01,0.01,0.00,0.00,0.00,0.00,0.00,0.00,0.00,0.00,0.00,0.01,0.04,0.05,343299,594391,959250,851697,1184062,1617097,0,524,2620,0,0,0,0,95971,0,157.09,159.56,160.47
2419,2,24,47,71,87768,87768,87768,9511,9511,9511,591,591,591,0.06,0.09,0.10,0.03,0.04,0.05,0.01,0.01,0.01,0.00,0.00,0.00,0.00,0.00,0.00,0.00,0.00,0.00,0.01,0.04,0.05,495299,752645,1213415,896256,1310319,1934126,0,0,0,0,0,0,0,127766,0,158.22,161.73,164.33
2419,3,38,59,68,87769,87769,87769,9510,9510,9510,591,591,591,0.07,0.09,0.11,0.03,0.04,0.06,0.00,0.01,0.01,0.00,0.00,0.00,0.00,0.00,0.00,0.00,0.00,0.00,0.02,0.04,0.05,335452,530847,788692,752147,1110904,1477484,0,0,0,0,0,0,0,106252,0,172.04,176.07,178.03
2420,0,31,42,54,87886,87886,87886,9393,9393,9393,591,591,591,0.07,0.09,0.13,0.03,0.05,0.06,0.01,0.01,0.01,0.00,0.00,0.00,0.00,0.00,0.00,0.00,0.00,0.00,0.01,0.03,0.05,351185,502286,778277,870075,1072281,1386225,0,0,0,0,0,0,0,136180,0,173.51,174.15,174.67
2420,1,37,46,53,87863,87863,87863,9416,9416,9416,591,591,591,0.07,0.09,0.12,0.04,0.04,0.06,0.01,0.01,0.01,0.00,0.00,0.00,0.00,0.00,0.00,0.00,0.00,0.00,0.02,0.03,0.05,343277,496623,676182,935619,1066623,1417885,0,655,2620,0,655,2620,0,127573,0,160.27,160.88,161.62
2420,2,49,56,69,87768,87768,87768,9511,9511,9511,591,591,591,0.05,0.09,0.10,0.02,0.04,0.05,0.00,0.01,0.01,0.00,0.00,0.00,0.00,0.00,0.00,0.00,0.00,0.00,0.01,0.03,0.04,513664,902155,1716549,995880,1417107,2154204,0,1310,2620,0,655,2620,0,117172,0,161.08,161.84,162.35
2420,3,37,55,64,87769,87769,87769,9510,9510,9510,591,591,591,0.06,0.09,0.13,0.03,0.04,0.06,0.01,0.01,0.01,0.00,0.00,0.00,0.00,0.00,0.00,0.00,0.00,0.00,0.01,0.03,0.05,458617,663867,1018437,951304,1213640,1534201,0,0,0,0,436,1747,0,161795,0,176.03,176.97,177.62
2421,0,20,45,60,87886,87886,87886,9393,9393,9393,591,591,591,0.05,0.09,0.11,0.02,0.05,0.05,0.00,0.01,0.01,0.00,0.00,0.00,0.00,0.00,0.00,0.00,0.00,0.00,0.01,0.04,0.05,400952,610116,919917,898942,1271072,1690445,0,524,2620,0,524,2620,0,156314,0,170.16,172.73,174.43
2421,1,17,43,65,87863,87863,87863,9416,9416,9416,591,591,591,0.05,0.09,0.11,0.02,0.04,0.06,0.00,0.01,0.01,0.00,0.00,0.00,0.00,0.00,0.00,0.00,0.00,0.00,0.01,0.04,0.05,374771,622167,1108591,883161,1256391,1952483,0,524,2620,0,524,2620,0,144263,0,156.21,159.70,160.89
2421,2,26,45,60,87768,87768,87768,9511,9511,9511,591,591,591,0.08,0.09,0.10,0.04,0.05,0.05,0.01,0.01,0.01,0.00,0.00,0.00,0.00,0.00,0.00,0.00,0.00,0.00,0.02,0.04,0.05,466475,669340,902277,919847,1294701,1478150,0,524,2620,0,524,2620,0,131395,0,159.50,163.01,164.99
2421,3,34,51,68,87769,87769,87769,9510,9510,9510,591,591,591,0.05,0.09,0.13,0.02,0.04,0.07,0.00,0.01,0.01,0.00,0.00,0.00,0.00,0.00,0.00,0.00,0.00,0.00,0.01,0.04,0.05,408831,657286,964450,927734,1306306,1704123,0,524,2620,0,0,0,0,141498,0,173.93,175.38,176.90
2422,0,35,54,74,87886,87886,87886,9393,9393,9393,591,591,591,0.05,0.09,0.12,0.02,0.04,0.06,0.00,0.01,0.01,0.00,0.00,0.00,0.00,0.00,0.00,0.00,0.00,0.00,0.01,0.03,0.05,343330,641557,1195104,893627,1253237,1926319,0,0,0,0,0,0,0,138255,0,169.13,171.44,173.35
2422,1,34,50,65,87863,87863,87863,9416,9416,9416,591,591,591,0.05,0.08,0.12,0.02,0.04,0.06,0.00,0.01,0.01,0.00,0.00,0.00,0.00,0.00,0.00,0.00,0.00,0.00,0.01,0.03,0.05,277789,497146,822920,868310,1114116,1617013,0,0,0,0,517,2587,0,129440,0,155.18,157.97,161.25
2422,2,38,50,60,87768,87768,87768,9511,9511,9511,591,591,591,0.07,0.09,0.11,0.03,0.05,0.06,0.01,0.01,0.01,0.00,0.00,0.00,0.00,0.00,0.00,0.00,0.00,0.00,0.01,0.04,0.05,505782,876907,1554168,1058736,1520559,2272283,0,0,0,0,0,0,0,128613,0,160.41,161.74,164.71
2422,3,24,43,64,87769,87769,87769,9510,9510,9510,591,591,591,0.05,0.09,0.12,0.02,0.04,0.06,0.00,0.01,0.01,0.00,0.00,0.00,0.00,0.00,0.00,0.00,0.00,0.00,0.01,0.03,0.05,334560,562749,828116,878220,1217638,1648370,0,0,0,0,0,0,0,142018,0,174.11,175.36,177.33
2423,0,23,53,68,87886,87886,87886,9393,9393,9393,591,591,591,0.05,0.09,0.11,0.02,0.04,0.05,0.00,0.01,0.01,0.00,0.00,0.00,0.00,0.00,0.00,0.00,0.00,0.00,0.01,0.04,0.04,361504,589654,919902,720426,1147868,1428338,0,0,0,0,524,2620,0,138908,0,166.83,171.54,176.69
2423,1,28,50,60,87863,87863,87863,9416,9416,9416,591,591,591,0.07,0.09,0.11,0.03,0.05,0.05,0.01,0.01,0.01,0.00,0.00,0.00,0.00,0.00,0.00,0.00,0.00,0.00,0.01,0.04,0.05,332825,553486,951269,710201,1145237,1721719,0,1048,2620,0,0,0,0,129058,0,158.80,160.98,162.54
2423,2,30,47,60,87768,87768,87768,9511,9511,9511,591,591,591,0.05,0.09,0.10,0.02,0.04,0.05,0.00,0.01,0.01,0.00,0.00,0.00,0.00,0.00,0.00,0.00,0.00,0.00,0.01,0.03,0.04,505782,677709,1090163,1006277,1249546,1632625,0,524,2620,0,524,2620,0,127976,0,160.92,163.14,165.02
2423,3,24,52,78,87769,87769,87769,9510,9510,9510,591,591,591,0.05,0.09,0.11,0.02,0.04,0.05,0.00,0.01,0.01,0.00,0.00,0.00,0.00,0.00,0.00,0.00,0.00,0.00,0.01,0.04,0.05,350516,482042,623760,832477,1052744,1386426,0,0,0,0,0,0,0,140000,0,172.72,175.53,179.47
2424,0,43,51,61,87886,87886,87886,9393,9393,9393,591,591,591,0.07,0.09,0.13,0.03,0.05,0.06,0.00,0.01,0.01,0.00,0.00,0.00,0.00,0.00,0.00,0.00,0.00,0.00,0.02,0.04,0.06,370344,503328,607982,909380,1068150,1270959,0,0,0,0,0,0,0,136690,0,168.27,171.06,173.32
2424,1,25,42,58,87863,87863,87863,9416,9416,9416,591,591,591,0.06,0.09,0.11,0.03,0.04,0.05,0.00,0.01,0.01,0.00,0.00,0.00,0.00,0.00,0.00,0.00,0.00,0.00,0.02,0.03,0.05,340694,557700,893716,757389,1151565,1685218,0,1048,2620,0,0,0,0,143306,0,159.91,161.31,162.91
2424,2,25,51,70,87768,87768,87768,9511,9511,9511,591,591,591,0.08,0.09,0.10,0.04,0.04,0.05,0.00,0.01,0.01,0.00,0.00,0.00,0.00,0.00,0.00,0.00,0.00,0.00,0.03,0.04,0.04,495311,908587,1915762,856967,1436364,2377012,0,0,0,0,1383,2620,0,127902,0,158.85,162.31,164.72
2424,3,38,51,68,87769,87769,87769,9510,9510,9510,591,591,591,0.07,0.09,0.11,0.04,0.05,0.05,0.00,0.01,0.01,0.00,0.00,0.00,0.00,0.00,0.00,0.00,0.00,0.00,0.03,0.04,0.04,283076,745337,1019464,861460,1364714,1831892,0,524,2620,0,349,1747,0,159336,0,171.93,175.28,176.97
2425,0,30,51,66,87886,87886,87886,9393,9393,9393,591,591,591,0.07,0.10,0.11,0.04,0.05,0.05,0.01,0.01,0.01,0.00,0.00,0.00,0.00,0.00,0.00,0.00,0.00,0.00,0.01,0.04,0.05,348569,663578,1250098,935634,1256400,1682522,0,524,2620,0,0,0,0,155841,0,171.51,172.87,176.21
2425,1,27,46,57,87863,87863,87863,9416,9416,9416,591,591,591,0.07,0.09,0.11,0.03,0.05,0.05,0.01,0.01,0.01,0.00,0.00,0.00,0.00,0.00,0.00,0.00,0.00,0.00,0.01,0.04,0.05,345930,483393,634941,901539,1078077,1383449,0,0,0,0,1048,2620,0,126257,0,158.87,160.82,163.30
2425,2,43,55,66,87768,87768,87768,9511,9511,9511,591,591,591,0.05,0.09,0.12,0.02,0.05,0.06,0.00,0.01,0.01,0.00,0.00,0.00,0.00,0.00,0.00,0.00,0.00,0.00,0.01,0.04,0.05,482209,702162,940764,909383,1332131,1596123,0,524,2620,0,0,0,0,130248,0,163.22,165.02,167.78
2425,3,25,50,63,87769,87769,87769,9510,9510,9510,591,591,591,0.07,0.10,0.12,0.03,0.05,0.06,0.01,0.01,0.01,0.00,0.00,0.00,0.00,0.00,0.00,0.00,0.00,0.00,0.01,0.04,0.05,343312,504229,760070,883141,1100181,1520141,0,0,0,0,0,0,0,139816,0,177.17,178.34,182.23
2426,0,45,56,70,87886,87886,87886,9393,9393,9393,591,591,591,0.05,0.08,0.11,0.02,0.04,0.05,0.00,0.01,0.01,0.00,0.00,0.00,0.00,0.00,0.00,0.00,0.00,0.00,0.01,0.03,0.05,335464,616929,943474,909424,1246442,1438851,0,1048,2620,0,524,2620,0,102623,0,167.43,169.34,171.46
2426,1,34,50,62,87863,87863,87863,9416,9416,9416,591,591,591,0.05,0.08,0.10,0.02,0.04,0.05,0.00,0.01,0.01,0.00,0.00,0.00,0.00,0.00,0.00,0.00,0.00,0.00,0.01,0.03,0.05,503198,609053,812424,1061357,1259167,1485950,0,873,2620,0,1572,5241,0,94943,0,156.80,157.93,159.79
2426,2,21,48,62,87768,87768,87768,9511,9511,9511,591,591,591,0.05,0.08,0.12,0.02,0.04,0.06,0.00,0.01,0.01,0.00,0.00,0.00,0.00,0.00,0.00,0.00,0.00,0.00,0.01,0.03,0.05,482184,681379,1132165,1006339,1315059,1850251,0,1572,7862,0,524,2620,0,130971,0,160.23,161.64,164.74
2426,3,25,44,65,87769,87769,87769,9510,9510,9510,591,591,591,0.05,0.08,0.11,0.02,0.04,0.05,0.00,0.01,0.01,0.00,0.00,0.00,0.00,0.00,0.00,0.00,0.00,0.00,0.01,0.03,0.05,382615,555443,689225,835989,1225931,1483275,0,0,0,0,1034,5174,0,105492,0,173.12,175.18,178.06
2427,0,30,44,61,87886,87886,87886,9393,9393,9393,591,591,591,0.05,0.08,0.11,0.02,0.04,0.06,0.00,0.01,0.01,0.00,0.00,0.00,0.00,0.00,0.00,0.00,0.00,0.00,0.01,0.03,0.05,447222,605311,907555,1051670,1301175,1619161,0,0,0,0,0,0,0,138858,0,167.90,170.33,172.33
2427,1,28,44,60,87863,87863,87863,9416,9416,9416,591,591,591,0.05,0.09,0.13,0.02,0.05,0.07,0.00,0.01,0.01,0.00,0.00,0.00,0.00,0.00,0.00,0.00,0.00,0.00,0.01,0.04,0.05,345927,661071,783597,1056126,1364071,1632689,0,655,2620,0,0,0,0,127660,0,154.05,157.35,160.94
2427,2,23,45,56,87768,87768,87768,9511,9511,9511,591,591,591,0.07,0.09,0.11,0.03,0.04,0.05,0.01,0.01,0.01,0.00,0.00,0.00,0.00,0.00,0.00,0.00,0.00,0.00,0.01,0.04,0.05,479562,871419,1279000,1019398,1588206,2154382,0,655,2620,0,1310,5241,0,111469,0,157.56,160.00,162.03
2427,3,47,54,59,87769,87769,87769,9510,9510,9510,591,591,591,0.05,0.09,0.13,0.02,0.04,0.07,0.00,0.01,0.01,0.00,0.00,0.00,0.00,0.00,0.00,0.00,0.00,0.00,0.01,0.03,0.05,508348,598147,644705,1228945,1295654,1386284,0,436,1747,0,655,2620,0,159772,0,174.61,176.37,178.95
2428,0,34,49,65,87886,87886,87886,9393,9393,9393,591,591,591,0.05,0.09,0.12,0.02,0.05,0.06,0.00,0.01,0.01,0.00,0.00,0.00,0.00,0.00,0.00,0.00,0.00,0.00,0.01,0.03,0.05,345939,543007,752117,969681,1190846,1519946,0,0,0,0,0,0,0,152186,0,170.08,173.05,175.71
2428,1,34,48,58,87863,87863,87863,9416,9416,9416,591,591,591,0.05,0.09,0.11,0.02,0.04,0.06,0.00,0.01,0.01,0.00,0.00,0.00,0.00,0.00,0.00,0.00,0.00,0.00,0.01,0.03,0.05,340697,619486,1006268,1027333,1264676,1802898,0,0,0,0,0,0,0,141987,0,158.09,161.71,165.05
2428,2,13,51,66,87768,87768,87768,9511,9511,9511,591,591,591,0.06,0.09,0.11,0.03,0.05,0.06,0.00,0.01,0.01,0.00,0.00,0.00,0.00,0.00,0.00,0.00,0.00,0.00,0.02,0.04,0.05,370356,922474,1651006,915508,1574981,2156790,0,0,0,0,524,2620,0,130468,0,158.31,160.31,162.92
2428,3,30,47,62,87769,87769,87769,9510,9510,9510,591,591,591,0.05,0.09,0.13,0.02,0.04,0.06,0.00,0.01,0.01,0.00,0.00,0.00,0.00,0.00,0.00,0.00,0.00,0.00,0.01,0.03,0.05,343323,664095,1150545,739059,1291502,1852928,0,524,2620,0,0,0,0,142522,0,172.43,174.79,177.02
2429,0,24,51,74,87886,87886,87886,9393,9393,9393,591,591,591,0.07,0.08,0.10,0.03,0.04,0.05,0.00,0.01,0.01,0.00,0.00,0.00,0.00,0.00,0.00,0.00,0.00,0.00,0.01,0.03,0.05,400958,758445,1362789,854329,1380612,2146393,0,0,0,0,0,0,0,138191,0,170.60,173.90,176.79
2429,1,22,50,70,87863,87863,87863,9416,9416,9416,591,591,591,0.06,0.08,0.10,0.03,0.04,0.05,0.00,0.01,0.01,0.00,0.00,0.00,0.00,0.00,0.00,0.00,0.00,0.00,0.01,0.03,0.05,366775,627457,1056350,746650,1236419,1853199,0,524,2620,0,524,2620,0,128391,0,155.70,157.98,160.94
2429,2,42,52,64,87768,87768,87768,9511,9511,9511,591,591,591,0.05,0.08,0.13,0.02,0.04,0.06,0.00,0.01,0.01,0.00,0.00,0.00,0.00,0.00,0.00,0.00,0.00,0.00,0.01,0.03,0.05,461246,877524,1454608,875319,1480871,2191085,0,524,2620,0,524,2620,0,130015,0,158.37,161.59,163.94
2429,3,28,56,72,87769,87769,87769,9510,9510,9510,591,591,591,0.05,0.08,0.11,0.02,0.04,0.05,0.00,0.01,0.01,0.00,0.00,0.00,0.00,0.00,0.00,0.00,0.00,0.00,0.01,0.04,0.05,351175,655182,959184,749524,1265813,1748022,0,0,0,0,0,0,0,143045,0,172.79,175.96,179.72
2430,0,21,48,60,87886,87886,87886,9393,9393,9393,591,591,591,0.05,0.08,0.13,0.02,0.04,0.07,0.00,0.01,0.01,0.00,0.00,0.00,0.00,0.00,0.00,0.00,0.00,0.00,0.01,0.03,0.05,348567,582848,917249,914660,1232259,1603876,0,524,2620,0,524,2620,0,134372,0,168.69,171.66,174.65
2430,1,22,49,63,87863,87863,87863,9416,9416,9416,591,591,591,0.05,0.08,0.10,0.02,0.04,0.05,0.00,0.01,0.01,0.00,0.00,0.00,0.00,0.00,0.00,0.00,0.00,0.00,0.01,0.03,0.05,340682,514012,702360,843844,1138622,1478174,0,349,1747,0,524,2620,0,124263,0,154.32,156.21,159.12
2430,2,22,40,53,87768,87768,87768,9511,9511,9511,591,591,591,0.05,0.08,0.13,0.02,0.04,0.07,0.00,0.01,0.01,0.00,0.00,0.00,0.00,0.00,0.00,0.00,0.00,0.00,0.01,0.03,0.05,508408,742688,946028,896265,1406231,1593311,0,524,2620,0,0,0,0,126881,0,157.48,159.70,162.84
2430,3,31,58,76,87769,87769,87769,9510,9510,9510,591,591,591,0.06,0.08,0.10,0.03,0.04,0.05,0.00,0.01,0.01,0.00,0.00,0.00,0.00,0.00,0.00,0.00,0.00,0.00,0.01,0.03,0.04,359026,593858,670916,1037770,1244376,1446663,0,0,0,0,524,2620,0,136833,0,170.58,173.27,177.59
2431,0,39,49,63,87886,87886,87886,9393,9393,9393,591,591,591,0.06,0.10,0.13,0.03,0.05,0.07,0.01,0.01,0.01,0.00,0.00,0.00,0.00,0.00,0.00,0.00,0.00,0.00,0.01,0.04,0.05,359037,469239,666304,825523,1034565,1351795,0,0,0,0,348,1744,0,140773,0,169.55,173.13,177.53
2431,1,45,50,58,87863,87863,87863,9416,9416,9416,591,591,591,0.08,0.10,0.11,0.04,0.05,0.05,0.01,0.01,0.01,0.00,0.00,0.00,0.00,0.00,0.00,0.00,0.00,0.00,0.02,0.04,0.05,345817,436569,649974,812194,1023019,1457200,0,523,2619,0,0,0,0,130494,0,153.89,156.79,161.64
2431,2,19,54,67,87768,87768,87768,9511,9511,9511,591,591,591,0.05,0.09,0.12,0.02,0.05,0.06,0.00,0.01,0.01,0.00,0.00,0.00,0.00,0.00,0.00,0.00,0.00,0.00,0.01,0.04,0.05,487473,930904,1732362,919910,1489133,2329909,0,0,0,0,524,2620,0,135864,0,158.34,159.72,162.41
2431,3,41,56,67,87769,87769,87769,9510,9510,9510,591,591,591,0.05,0.10,0.13,0.02,0.05,0.07,0.00,0.01,0.01,0.00,0.00,0.00,0.00,0.00,0.00,0.00,0.00,0.00,0.01,0.04,0.05,351180,572541,988042,851713,1154864,1501636,0,349,1747,0,0,0,0,160363,0,172.96,176.38,180.25
2432,0,27,51,61,87886,87886,87886,9393,9393,9393,591,591,591,0.06,0.08,0.10,0.03,0.04,0.05,0.01,0.01,0.01,0.00,0.00,0.00,0.00,0.00,0.00,0.00,0.00,0.00,0.01,0.04,0.04,385253,682960,1035163,854372,1331329,1561917,0,0,0,0,0,0,0,153202,0,170.09,174.09,178.79
2432,1,19,47,63,87863,87863,87863,9416,9416,9416,591,591,591,0.07,0.09,0.10,0.03,0.04,0.05,0.01,0.01,0.01,0.00,0.00,0.00,0.00,0.00,0.00,0.00,0.00,0.00,0.01,0.04,0.04,385240,656754,869921,977514,1324513,1632412,0,0,0,0,524,2621,0,124228,0,156.60,160.65,162.62
2432,2,28,47,61,87768,87768,87768,9511,9511,9511,591,591,591,0.05,0.09,0.13,0.02,0.04,0.07,0.00,0.01,0.01,0.00,0.00,0.00,0.00,0.00,0.00,0.00,0.00,0.00,0.01,0.03,0.06,542506,785686,1279096,1066666,1461121,2019481,0,524,2620,0,0,0,0,126536,0,158.13,162.89,165.18
2432,3,23,46,63,87769,87769,87769,9510,9510,9510,591,591,591,0.06,0.09,0.10,0.03,0.04,0.05,0.01,0.01,0.01,0.00,0.00,0.00,0.00,0.00,0.00,0.00,0.00,0.00,0.01,0.04,0.04,372161,590700,780978,906815,1244298,1491197,0,0,0,0,0,0,0,138349,0,173.98,175.99,179.29
2433,0,22,43,60,87886,87886,87886,9393,9393,9393,591,591,591,0.05,0.09,0.13,0.02,0.04,0.07,0.00,0.01,0.01,0.00,0.00,0.00,0.00,0.00,0.00,0.00,0.00,0.00,0.01,0.03,0.05,398352,622162,870077,943466,1265293,1441472,0,0,0,0,524,2620,0,104087,0,167.95,169.70,172.71
2433,1,17,39,56,87863,87863,87863,9416,9416,9416,591,591,591,0.05,0.09,0.12,0.02,0.05,0.06,0.00,0.01,0.01,0.00,0.00,0.00,0.00,0.00,0.00,0.00,0.00,0.00,0.01,0.04,0.05,365826,548887,762491,940834,1177415,1467338,0,873,2620,0,349,1747,0,94738,0,154.95,157.29,160.97
2433,2,26,52,66,87768,87768,87768,9511,9511,9511,591,591,591,0.05,0.09,0.13,0.02,0.05,0.07,0.00,0.01,0.01,0.00,0.00,0.00,0.00,0.00,0.00,0.00,0.00,0.00,0.01,0.04,0.05,466483,728028,1077076,1014186,1385826,1648491,0,1572,5241,0,524,2620,0,128783,0,157.34,159.90,162.57
2433,3,44,58,67,87769,87769,87769,9510,9510,9510,591,591,591,0.05,0.08,0.13,0.02,0.04,0.07,0.00,0.01,0.01,0.00,0.00,0.00,0.00,0.00,0.00,0.00,0.00,0.00,0.01,0.03,0.05,335454,524131,725940,786221,1152564,1483328,0,0,0,0,1048,2620,0,104664,0,171.00,174.34,176.19
2434,0,48,58,67,87886,87886,87886,9393,9393,9393,591,591,591,0.07,0.10,0.12,0.03,0.04,0.05,0.00,0.01,0.01,0.00,0.00,0.00,0.00,0.00,0.00,0.00,0.00,0.00,0.03,0.04,0.05,453378,611270,702368,935061,1186023,1396874,0,0,0,0,0,0,0,136721,0,169.52,171.44,173.42
2434,1,41,52,64,87863,87863,87863,9416,9416,9416,591,591,591,0.05,0.09,0.12,0.02,0.05,0.06,0.00,0.01,0.01,0.00,0.00,0.00,0.00,0.00,0.00,0.00,0.00,0.00,0.01,0.03,0.05,406222,575250,691906,885827,1213400,1525339,0,0,0,0,0,0,0,126512,0,159.17,160.75,162.66
2434,2,21,56,71,87768,87768,87768,9511,9511,9511,591,591,591,0.06,0.07,0.09,0.03,0.04,0.05,0.01,0.01,0.01,0.00,0.00,0.00,0.00,0.00,0.00,0.00,0.00,0.00,0.01,0.03,0.05,665647,784903,980139,1174077,1373909,1538401,0,0,0,0,655,2620,0,113998,0,159.66,161.32,162.48
2434,3,39,48,60,87769,87769,87769,9510,9510,9510,591,591,591,0.07,0.10,0.12,0.03,0.05,0.06,0.00,0.01,0.01,0.00,0.00,0.00,0.00,0.00,0.00,0.00,0.00,0.00,0.02,0.04,0.05,341272,492179,665770,796501,1079010,1315813,0,655,2620,0,0,0,0,137492,0,173.74,174.16,175.06
2435,0,32,51,63,87886,87886,87886,9393,9393,9393,591,591,591,0.05,0.08,0.12,0.03,0.05,0.06,0.00,0.01,0.01,0.00,0.00,0.00,0.00,0.00,0.00,0.00,0.00,0.00,0.01,0.04,0.05,403359,514666,618489,1019435,1188757,1305172,0,524,2620,0,0,0,0,134920,0,169.83,172.04,173.56
2435,1,31,42,63,87863,87863,87863,9416,9416,9416,591,591,591,0.05,0.08,0.11,0.02,0.04,0.07,0.00,0.01,0.01,0.00,0.00,0.00,0.00,0.00,0.00,0.00,0.00,0.00,0.01,0.03,0.05,419314,606952,723318,917249,1280469,1472767,0,0,0,0,524,2620,0,139743,0,154.91,156.33,159.47
2435,2,23,49,63,87768,87768,87768,9511,9511,9511,591,591,591,0.05,0.09,0.13,0.02,0.04,0.07,0.00,0.01,0.01,0.00,0.00,0.00,0.00,0.00,0.00,0.00,0.00,0.00,0.01,0.03,0.05,694437,984345,1666764,1349566,1672552,2133249,0,0,0,0,0,0,0,126166,0,156.25,159.43,162.61
2435,3,28,51,62,87769,87769,87769,9510,9510,9510,591,591,591,0.05,0.08,0.13,0.02,0.05,0.07,0.00,0.01,0.01,0.00,0.00,0.00,0.00,0.00,0.00,0.00,0.00,0.00,0.01,0.04,0.05,136278,634724,1140071,605391,1279404,1871289,0,0,0,0,0,0,0,137839,0,174.53,176.34,179.76
2436,0,49,57,64,87886,87886,87886,9393,9393,9393,591,591,591,0.07,0.10,0.12,0.02,0.04,0.06,0.00,0.01,0.01,0.00,0.00,0.00,0.00,0.00,0.00,0.00,0.00,0.00,0.01,0.03,0.05,107448,574982,1247464,707590,1070822,1876438,0,0,0,0,0,0,0,136481,0,170.78,174.03,176.28
2436,1,39,51,61,87863,87863,87863,9416,9416,9416,591,591,591,0.05,0.09,0.13,0.03,0.04,0.05,0.00,0.01,0.01,0.00,0.00,0.00,0.00,0.00,0.00,0.00,0.00,0.00,0.01,0.04,0.05,395749,515416,652561,888470,1107410,1446641,0,524,2620,0,0,0,0,127381,0,156.94,159.03,160.81
2436,2,23,50,64,87768,87768,87768,9511,9511,9511,591,591,591,0.07,0.10,0.11,0.03,0.05,0.06,0.01,0.01,0.01,0.00,0.00,0.00,0.00,0.00,0.00,0.00,0.00,0.00,0.04,0.04,0.05,476839,830563,1262600,1029659,1426265,1791189,0,0,0,0,524,2620,0,131407,0,160.67,162.27,164.47
2436,3,43,52,70,87769,87769,87769,9510,9510,9510,591,591,591,0.07,0.09,0.11,0.02,0.04,0.06,0.01,0.01,0.01,0.00,0.00,0.00,0.00,0.00,0.00,0.00,0.00,0.00,0.01,0.03,0.05,366898,533051,657765,893674,1128475,1430836,0,0,0,0,0,0,0,141271,0,172.65,175.96,178.78
2437,0,44,52,66,87886,87886,87886,9393,9393,9393,591,591,591,0.05,0.09,0.12,0.02,0.04,0.06,0.00,0.01,0.01,0.00,0.00,0.00,0.00,0.00,0.00,0.00,0.00,0.00,0.01,0.04,0.05,348547,533039,665703,1092689,1226474,1396892,0,0,0,0,524,2620,0,137437,0,168.85,170.76,172.74
2437,1,39,46,60,87863,87863,87863,9416,9416,9416,591,591,591,0.05,0.09,0.13,0.02,0.04,0.06,0.00,0.01,0.01,0.00,0.00,0.00,0.00,0.00,0.00,0.00,0.00,0.00,0.01,0.04,0.05,406205,555053,796700,985376,1174573,1436158,0,524,2620,0,524,2620,0,128671,0,154.13,158.34,161.78
2437,2,29,46,70,87768,87768,87768,9511,9511,9511,591,591,591,0.05,0.08,0.10,0.02,0.04,0.05,0.00,0.01,0.01,0.00,0.00,0.00,0.00,0.00,0.00,0.00,0.00,0.00,0.01,0.03,0.05,516277,681915,1027348,982761,1261097,1708753,0,1048,2620,0,524,2620,0,129215,0,158.69,161.53,165.02
2437,3,25,47,63,87769,87769,87769,9510,9510,9510,591,591,591,0.07,0.09,0.13,0.03,0.04,0.07,0.00,0.01,0.01,0.00,0.00,0.00,0.00,0.00,0.00,0.00,0.00,0.00,0.02,0.04,0.05,327583,554552,969725,707580,1131114,1598737,0,524,2620,0,524,2620,0,141703,0,175.31,176.34,177.58
2438,0,30,48,67,87886,87886,87886,9393,9393,9393,591,591,591,0.05,0.09,0.13,0.02,0.04,0.06,0.00,0.01,0.01,0.00,0.00,0.00,0.00,0.00,0.00,0.00,0.00,0.00,0.01,0.03,0.05,395733,603405,802442,1056162,1339880,1645839,0,524,2620,0,0,0,0,134946,0,168.60,170.33,171.66
2438,1,30,49,61,87863,87863,87863,9416,9416,9416,591,591,591,0.04,0.08,0.13,0.02,0.04,0.07,0.00,0.01,0.01,0.00,0.00,0.00,0.00,0.00,0.00,0.00,0.00,0.00,0.01,0.03,0.05,398310,578128,665656,1108456,1298296,1449244,0,0,0,0,1048,2620,0,124152,0,157.81,160.52,162.85
2438,2,21,47,61,87768,87768,87768,9511,9511,9511,591,591,591,0.07,0.09,0.11,0.03,0.05,0.06,0.01,0.01,0.01,0.00,0.00,0.00,0.00,0.00,0.00,0.00,0.00,0.00,0.01,0.03,0.05,248970,879004,1740248,807188,1586080,2508158,0,0,0,0,0,0,0,125154,0,159.48,161.26,164.36
2438,3,32,48,60,87769,87769,87769,9510,9510,9510,591,591,591,0.05,0.09,0.13,0.02,0.04,0.06,0.00,0.01,0.01,0.00,0.00,0.00,0.00,0.00,0.00,0.00,0.00,0.00,0.01,0.03,0.05,384470,668252,953968,959885,1363405,1667127,0,0,0,0,0,0,0,151576,0,171.16,175.13,176.83
2439,0,24,46,64,87886,87886,87886,9393,9393,9393,591,591,591,0.05,0.08,0.13,0.02,0.04,0.06,0.00,0.01,0.01,0.00,0.00,0.00,0.00,0.00,0.00,0.00,0.00,0.00,0.01,0.04,0.05,500549,754770,1176694,1019443,1361182,1847593,0,1048,2620,0,0,0,0,154348,0,167.68,169.92,171.43
2439,1,24,47,64,87863,87863,87863,9416,9416,9416,591,591,591,0.05,0.08,0.12,0.02,0.05,0.07,0.00,0.01,0.01,0.00,0.00,0.00,0.00,0.00,0.00,0.00,0.00,0.00,0.01,0.03,0.05,246350,560825,683991,930367,1198702,1430914,0,524,2620,0,1048,2620,0,130223,0,157.86,159.26,161.72
2439,2,29,45,59,87768,87768,87768,9511,9511,9511,591,591,591,0.05,0.08,0.10,0.02,0.04,0.05,0.00,0.01,0.01,0.00,0.00,0.00,0.00,0.00,0.00,0.00,0.00,0.00,0.01,0.03,0.05,503205,888370,1422753,1100761,1552217,2118609,0,1048,2620,0,0,0,0,126484,0,156.43,158.07,160.90
2439,3,36,55,65,87769,87769,87769,9510,9510,9510,591,591,591,0.05,0.08,0.13,0.02,0.05,0.06,0.00,0.01,0.01,0.00,0.00,0.00,0.00,0.00,0.00,0.00,0.00,0.00,0.01,0.04,0.05,398364,733802,1347040,985428,1414147,2065112,0,0,0,0,524,2620,0,142730,0,170.98,172.28,173.65
2440,0,34,46,58,87886,87886,87886,9393,9393,9393,591,591,591,0.09,0.11,0.13,0.02,0.05,0.06,0.00,0.01,0.01,0.00,0.00,0.00,0.00,0.00,0.00,0.00,0.00,0.00,0.01,0.04,0.05,359027,513126,846510,859609,1085634,1645847,0,0,0,0,0,0,0,107182,0,171.82,174.55,179.04
2440,1,33,48,61,87863,87863,87863,9416,9416,9416,591,591,591,0.05,0.09,0.13,0.02,0.04,0.06,0.00,0.01,0.01,0.00,0.00,0.00,0.00,0.00,0.00,0.00,0.00,0.00,0.01,0.04,0.05,361669,526941,800950,822983,1105677,1472454,0,524,2620,0,0,0,0,98003,0,157.22,159.63,161.84
2440,2,30,46,55,87768,87768,87768,9511,9511,9511,591,591,591,0.08,0.09,0.11,0.04,0.05,0.06,0.01,0.01,0.01,0.00,0.00,0.00,0.00,0.00,0.00,0.00,0.00,0.00,0.04,0.04,0.05,460382,623134,741673,927684,1205122,1478105,0,524,2620,0,1543,7715,0,130348,0,160.07,162.03,163.14
2440,3,43,54,65,87769,87769,87769,9510,9510,9510,591,591,591,0.09,0.11,0.13,0.02,0.05,0.06,0.01,0.01,0.01,0.00,0.00,0.00,0.00,0.00,0.00,0.00,0.00,0.00,0.01,0.04,0.05,353742,547155,822974,775613,1135710,1590908,0,523,2619,0,524,2620,0,109716,0,174.85,179.16,183.49
2441,0,50,59,67,87886,87886,87886,9393,9393,9393,591,591,591,0.05,0.09,0.12,0.02,0.04,0.06,0.00,0.01,0.01,0.00,0.00,0.00,0.00,0.00,0.00,0.00,0.00,0.00,0.01,0.03,0.05,356408,672214,1066607,791437,1164650,1658876,0,0,0,0,524,2620,0,135689,0,173.44,175.67,177.28
2441,1,34,52,66,87863,87863,87863,9416,9416,9416,591,591,591,0.05,0.09,0.13,0.02,0.05,0.06,0.00,0.01,0.01,0.00,0.00,0.00,0.00,0.00,0.00,0.00,0.00,0.00,0.01,0.03,0.05,359051,513658,665664,767897,1081042,1417797,0,655,2620,0,655,2620,0,127053,0,158.72,161.07,163.82
2441,2,22,53,63,87768,87768,87768,9511,9511,9511,591,591,591,0.09,0.09,0.10,0.04,0.05,0.05,0.00,0.01,0.01,0.00,0.00,0.00,0.00,0.00,0.00,0.00,0.00,0.00,0.02,0.04,0.05,497946,672222,930336,914648,1209479,1472907,0,0,0,0,655,2620,0,112596,0,163.00,165.16,167.85
2441,3,46,49,52,87769,87769,87769,9510,9510,9510,591,591,591,0.05,0.09,0.12,0.02,0.04,0.06,0.00,0.01,0.01,0.00,0.00,0.00,0.00,0.00,0.00,0.00,0.00,0.00,0.01,0.03,0.05,348552,499889,639444,833381,1056122,1281510,0,655,2620,0,0,0,0,141036,0,179.55,180.39,180.90
2442,0,19,43,66,87886,87886,87886,9393,9393,9393,591,591,591,0.06,0.08,0.11,0.03,0.04,0.06,0.00,0.01,0.01,0.00,0.00,0.00,0.00,0.00,0.00,0.00,0.00,0.00,0.01,0.03,0.05,343320,488321,602374,1079723,1226199,1446719,0,0,0,0,524,2620,0,138036,0,170.07,172.38,176.30
2442,1,21,37,53,87863,87863,87863,9416,9416,9416,591,591,591,0.06,0.08,0.11,0.03,0.04,0.06,0.01,0.01,0.01,0.00,0.00,0.00,0.00,0.00,0.00,0.00,0.00,0.00,0.01,0.03,0.05,358896,579716,906819,924747,1264247,1716666,0,524,2620,0,0,0,0,143120,0,156.24,158.35,160.82
2442,2,32,40,48,87768,87768,87768,9511,9511,9511,591,591,591,0.05,0.08,0.12,0.02,0.04,0.06,0.00,0.01,0.01,0.00,0.00,0.00,0.00,0.00,0.00,0.00,0.00,0.00,0.01,0.03,0.05,487432,1023637,1960318,1174030,1718638,2764887,0,524,2620,0,0,0,0,126232,0,156.39,157.72,159.14
2442,3,33,58,70,87769,87769,87769,9510,9510,9510,591,591,591,0.05,0.08,0.13,0.02,0.04,0.07,0.00,0.01,0.01,0.00,0.00,0.00,0.00,0.00,0.00,0.00,0.00,0.00,0.01,0.03,0.05,345553,687769,995930,995089,1370994,1755983,0,0,0,0,0,0,0,137246,0,173.54,175.58,178.73
2443,0,24,43,64,87886,87886,87886,9393,9393,9393,591,591,591,0.05,0.08,0.11,0.02,0.04,0.05,0.00,0.01,0.01,0.00,0.00,0.00,0.00,0.00,0.00,0.00,0.00,0.00,0.01,0.03,0.04,361661,810859,1538402,1045673,1459709,2264360,0,524,2620,0,524,2620,0,149318,0,170.65,172.61,177.00
2443,1,26,41,59,87863,87863,87863,9416,9416,9416,591,591,591,0.05,0.08,0.10,0.02,0.04,0.06,0.00,0.01,0.01,0.00,0.00,0.00,0.00,0.00,0.00,0.00,0.00,0.00,0.01,0.03,0.04,338082,611670,799296,1029971,1308257,1423088,0,0,0,0,524,2620,0,125343,0,154.42,156.41,158.49
2443,2,18,40,60,87768,87768,87768,9511,9511,9511,591,591,591,0.05,0.08,0.10,0.02,0.04,0.05,0.00,0.01,0.01,0.00,0.00,0.00,0.00,0.00,0.00,0.00,0.00,0.00,0.01,0.03,0.05,415309,749505,1184668,1012098,1417099,1910671,0,348,1744,0,0,0,0,124978,0,157.62,160.29,163.13
2443,3,34,55,73,87769,87769,87769,9510,9510,9510,591,591,591,0.05,0.09,0.13,0.02,0.04,0.04,0.00,0.01,0.01,0.00,0.00,0.00,0.00,0.00,0.00,0.00,0.00,0.00,0.01,0.03,0.04,550362,665143,893697,1192452,1335527,1572487,0,0,0,0,524,2620,0,137426,0,172.17,174.06,178.64
2444,0,22,53,70,87886,87886,87886,9393,9393,9393,591,591,591,0.06,0.09,0.11,0.03,0.05,0.05,0.01,0.01,0.01,0.00,0.00,0.00,0.00,0.00,0.00,0.00,0.00,0.00,0.01,0.04,0.05,385250,605920,1210791,830777,1233855,2007502,0,524,2620,0,524,2620,0,140259,0,170.48,173.44,176.22
2444,1,24,52,72,87863,87863,87863,9416,9416,9416,591,591,591,0.06,0.09,0.11,0.03,0.05,0.05,0.01,0.01,0.01,0.00,0.00,0.00,0.00,0.00,0.00,0.00,0.00,0.00,0.01,0.04,0.05,356317,640194,880593,741454,1243897,1577381,0,524,2620,0,1047,5239,0,130873,0,154.22,158.35,162.69
2444,2,38,46,58,87768,87768,87768,9511,9511,9511,591,591,591,0.05,0.09,0.13,0.02,0.05,0.06,0.00,0.01,0.01,0.00,0.00,0.00,0.00,0.00,0.00,0.00,0.00,0.00,0.01,0.04,0.05,568702,744217,919869,1108576,1400389,1674590,0,524,2620,0,524,2620,0,130658,0,156.69,159.17,162.75
2444,3,27,50,70,87769,87769,87769,9510,9510,9510,591,591,591,0.05,0.09,0.12,0.02,0.05,0.06,0.00,0.01,0.01,0.00,0.00,0.00,0.00,0.00,0.00,0.00,0.00,0.00,0.01,0.04,0.05,364284,563469,728577,822886,1179358,1449368,0,524,2620,0,0,0,0,144583,0,174.14,176.85,179.68
2445,0,26,51,65,87886,87886,87886,9393,9393,9393,591,591,591,0.05,0.09,0.10,0.02,0.04,0.05,0.00,0.01,0.01,0.00,0.00,0.00,0.00,0.00,0.00,0.00,0.00,0.00,0.01,0.04,0.04,387833,540354,710050,851660,1100635,1389069,0,0,0,0,0,0,0,139400,0,174.15,176.23,180.51
2445,1,24,50,69,87863,87863,87863,9416,9416,9416,591,591,591,0.06,0.09,0.12,0.03,0.04,0.06,0.00,0.01,0.01,0.00,0.00,0.00,0.00,0.00,0.00,0.00,0.00,0.00,0.01,0.03,0.05,251589,516792,888453,662168,1089486,1603933,0,0,0,0,524,2620,0,127626,0,162.72,164.36,166.95
2445,2,34,51,59,87768,87768,87768,9511,9511,9511,591,591,591,0.04,0.09,0.13,0.02,0.05,0.06,0.00,0.01,0.01,0.00,0.00,0.00,0.00,0.00,0.00,0.00,0.00,0.00,0.01,0.04,0.05,511045,956544,1983822,946089,1527328,2654706,0,524,2620,0,0,0,0,147010,0,159.68,162.71,165.92
2445,3,37,48,60,87769,87769,87769,9510,9510,9510,591,591,591,0.05,0.09,0.10,0.02,0.04,0.05,0.00,0.01,0.01,0.00,0.00,0.00,0.00,0.00,0.00,0.00,0.00,0.00,0.01,0.03,0.04,377328,521635,841120,817544,1077789,1365183,0,0,0,0,0,0,0,160838,0,174.66,177.09,180.07
2446,0,21,44,58,87886,87886,87886,9393,9393,9393,591,591,591,0.07,0.09,0.10,0.03,0.04,0.05,0.00,0.01,0.01,0.00,0.00,0.00,0.00,0.00,0.00,0.00,0.00,0.00,0.02,0.03,0.05,348567,539405,720681,762654,1215285,1551431,0,0,0,0,0,0,0,154721,0,166.61,172.32,176.84
2446,1,28,47,67,87863,87863,87863,9416,9416,9416,591,591,591,0.07,0.09,0.12,0.03,0.04,0.06,0.00,0.01,0.01,0.00,0.00,0.00,0.00,0.00,0.00,0.00,0.00,0.00,0.02,0.04,0.05,393118,674593,906826,778373,1328745,1708817,0,524,2620,0,0,0,0,143123,0,154.93,158.65,161.82
2446,2,32,50,60,87768,87768,87768,9511,9511,9511,591,591,591,0.08,0.09,0.11,0.04,0.05,0.06,0.01,0.01,0.01,0.00,0.00,0.00,0.00,0.00,0.00,0.00,0.00,0.00,0.02,0.04,0.05,531993,711276,906811,951298,1349170,1538375,0,524,2620,0,1572,7862,0,129643,0,157.88,160.39,162.54
2446,3,25,53,70,87769,87769,87769,9510,9510,9510,591,591,591,0.07,0.09,0.11,0.03,0.04,0.06,0.01,0.01,0.01,0.00,0.00,0.00,0.00,0.00,0.00,0.00,0.00,0.00,0.01,0.04,0.05,338080,689235,1045686,725955,1373580,1803087,0,698,3493,0,524,2620,0,141622,0,172.04,174.68,177.13
2447,0,23,51,68,87886,87886,87886,9393,9393,9393,591,591,591,0.06,0.09,0.12,0.03,0.05,0.06,0.01,0.01,0.01,0.00,0.00,0.00,0.00,0.00,0.00,0.00,0.00,0.00,0.01,0.04,0.05,385239,681380,1053544,867442,1294621,1580207,0,0,0,0,524,2620,0,138475,0,168.88,172.76,175.14
2447,1,21,46,62,87863,87863,87863,9416,9416,9416,591,591,591,0.06,0.09,0.11,0.03,0.05,0.05,0.01,0.01,0.01,0.00,0.00,0.00,0.00,0.00,0.00,0.00,0.00,0.00,0.01,0.04,0.05,343216,516803,642090,848871,1105933,1360235,0,524,2620,0,0,0,0,127530,0,156.68,159.78,164.00
2447,2,35,46,59,87768,87768,87768,9511,9511,9511,591,591,591,0.05,0.08,0.13,0.02,0.04,0.06,0.00,0.01,0.01,0.00,0.00,0.00,0.00,0.00,0.00,0.00,0.00,0.00,0.01,0.03,0.06,335189,773430,1368020,878788,1371837,1986512,0,0,0,0,537,2687,0,129128,0,160.22,161.89,163.81
2447,3,26,49,68,87769,87769,87769,9510,9510,9510,591,591,591,0.05,0.09,0.12,0.02,0.05,0.06,0.00,0.01,0.01,0.00,0.00,0.00,0.00,0.00,0.00,0.00,0.00,0.00,0.01,0.04,0.05,385248,534095,733799,940850,1117985,1462357,0,524,2620,0,0,0,0,105757,0,171.57,175.25,177.00
2448,0,34,51,60,87886,87886,87886,9393,9393,9393,591,591,591,0.06,0.09,0.13,0.03,0.04,0.07,0.00,0.01,0.01,0.00,0.00,0.00,0.00,0.00,0.00,0.00,0.00,0.00,0.01,0.03,0.05,345945,577092,1113842,762652,1126402,1839806,0,524,2620,0,524,2620,0,102342,0,171.25,174.71,176.62
2448,1,42,54,70,87863,87863,87863,9416,9416,9416,591,591,591,0.06,0.09,0.13,0.03,0.04,0.07,0.00,0.01,0.01,0.00,0.00,0.00,0.00,0.00,0.00,0.00,0.00,0.00,0.01,0.03,0.05,330217,518359,925157,697125,1055586,1562023,0,524,2620,0,524,2620,0,94829,0,159.48,161.14,163.44
2448,2,31,50,63,87768,87768,87768,9511,9511,9511,591,591,591,0.07,0.10,0.11,0.03,0.05,0.06,0.00,0.01,0.01,0.00,0.00,0.00,0.00,0.00,0.00,0.00,0.00,0.00,0.02,0.04,0.05,463848,652030,953957,987981,1235395,1527903,0,0,0,0,0,0,0,132529,0,156.89,161.03,163.94
2448,3,31,46,54,87769,87769,87769,9510,9510,9510,591,591,591,0.05,0.08,0.10,0.02,0.04,0.05,0.00,0.01,0.01,0.00,0.00,0.00,0.00,0.00,0.00,0.00,0.00,0.00,0.01,0.03,0.05,345927,498466,631610,995859,1108573,1378535,0,0,0,0,0,0,0,141786,0,171.93,175.17,177.76
2449,0,28,49,60,87886,87886,87886,9393,9393,9393,591,591,591,0.07,0.09,0.09,0.03,0.04,0.05,0.01,0.01,0.01,0.00,0.00,0.00,0.00,0.00,0.00,0.00,0.00,0.00,0.01,0.03,0.05,359039,633696,983324,796700,1304958,1739528,0,0,0,0,0,0,0,134168,0,168.53,171.56,173.41
2449,1,23,43,57,87863,87863,87863,9416,9416,9416,591,591,591,0.06,0.08,0.10,0.03,0.04,0.05,0.01,0.01,0.01,0.00,0.00,0.00,0.00,0.00,0.00,0.00,0.00,0.00,0.01,0.03,0.05,403575,572861,679652,972250,1258634,1430939,0,655,2620,0,655,2620,0,124461,0,157.02,158.03,159.30
2449,2,32,46,62,87768,87768,87768,9511,9511,9511,591,591,591,0.05,0.08,0.13,0.02,0.04,0.06,0.00,0.01,0.01,0.00,0.00,0.00,0.00,0.00,0.00,0.00,0.00,0.00,0.01,0.03,0.05,725915,1053523,1719221,1402039,1755866,2290547,0,1310,5241,0,655,2620,0,95223,0,158.60,161.55,163.94
2449,3,25,44,64,87769,87769,87769,9510,9510,9510,591,591,591,0.05,0.08,0.10,0.03,0.04,0.05,0.00,0.01,0.01,0.00,0.00,0.00,0.00,0.00,0.00,0.00,0.00,0.00,0.01,0.03,0.05,377393,551488,660242,1113835,1233309,1391581,0,0,0,0,0,0,0,157793,0,171.10,175.05,178.83
2450,0,25,48,60,87886,87886,87886,9393,9393,9393,591,591,591,0.05,0.09,0.10,0.02,0.04,0.05,0.00,0.01,0.01,0.00,0.00,0.00,0.00,0.00,0.00,0.00,0.00,0.00,0.01,0.04,0.05,314459,626307,1344371,841281,1234605,2104347,0,1048,2620,0,0,0,0,155971,0,167.62,170.06,172.66
2450,1,19,44,63,87863,87863,87863,9416,9416,9416,591,591,591,0.04,0.09,0.11,0.02,0.04,0.06,0.00,0.01,0.01,0.00,0.00,0.00,0.00,0.00,0.00,0.00,0.00,0.00,0.01,0.04,0.05,458629,761064,1247465,948680,1400003,2133270,0,0,0,0,1572,5241,0,128511,0,157.82,159.64,161.26
2450,2,20,48,68,87768,87768,87768,9511,9511,9511,591,591,591,0.08,0.09,0.11,0.04,0.05,0.05,0.01,0.01,0.01,0.00,0.00,0.00,0.00,0.00,0.00,0.00,0.00,0.00,0.02,0.04,0.05,490071,842307,1289408,906762,1484391,1941974,0,0,0,0,0,0,0,132181,0,159.32,162.73,165.34
2450,3,34,51,63,87769,87769,87769,9510,9510,9510,591,591,591,0.05,0.09,0.11,0.02,0.04,0.06,0.00,0.01,0.01,0.00,0.00,0.00,0.00,0.00,0.00,0.00,0.00,0.00,0.01,0.04,0.05,345889,675433,1166253,780872,1313822,1921042,0,0,0,0,524,2620,0,140625,0,172.01,174.12,177.49
2451,0,29,44,73,87886,87886,87886,9393,9393,9393,591,591,591,0.05,0.08,0.10,0.02,0.04,0.05,0.00,0.01,0.01,0.00,0.00,0.00,0.00,0.00,0.00,0.00,0.00,0.00,0.01,0.03,0.05,351186,566082,639458,974914,1201878,1425703,0,0,0,0,524,2620,0,135134,0,170.32,173.93,176.69
2451,1,16,43,72,87863,87863,87863,9416,9416,9416,591,591,591,0.05,0.08,0.10,0.02,0.04,0.05,0.00,0.01,0.01,0.00,0.00,0.00,0.00,0.00,0.00,0.00,0.00,0.00,0.01,0.03,0.05,471753,607315,678802,1029867,1250798,1501752,0,1048,5241,0,0,0,0,123844,0,154.77,157.86,161.07
2451,2,30,47,60,87768,87768,87768,9511,9511,9511,591,591,591,0.05,0.08,0.10,0.02,0.04,0.05,0.00,0.01,0.01,0.00,0.00,0.00,0.00,0.00,0.00,0.00,0.00,0.00,0.01,0.03,0.05,492700,704943,1206884,927743,1336055,1842493,0,864,2620,0,1572,2669,0,125647,0,155.71,158.71,164.24
2451,3,24,60,81,87769,87769,87769,9510,9510,9510,591,591,591,0.05,0.08,0.10,0.02,0.04,0.05,0.00,0.01,0.01,0.00,0.00,0.00,0.00,0.00,0.00,0.00,0.00,0.00,0.01,0.03,0.05,414088,570270,770476,901537,1206585,1467574,0,1048,2620,0,524,2620,0,138297,0,171.79,174.47,176.90
2452,0,51,56,69,87886,87886,87886,9393,9393,9393,591,591,591,0.05,0.09,0.12,0.02,0.04,0.06,0.00,0.01,0.01,0.00,0.00,0.00,0.00,0.00,0.00,0.00,0.00,0.00,0.01,0.03,0.05,324977,653084,969664,880610,1301975,1721890,0,0,0,0,0,0,0,138023,0,168.27,170.99,174.14
2452,1,33,51,63,87863,87863,87863,9416,9416,9416,591,591,591,0.05,0.08,0.11,0.02,0.04,0.05,0.00,0.01,0.01,0.00,0.00,0.00,0.00,0.00,0.00,0.00,0.00,0.00,0.01,0.03,0.05,393114,595924,691839,851748,1255795,1506847,0,0,0,0,0,0,0,126976,0,155.27,158.28,162.51
2452,2,20,46,65,87768,87768,87768,9511,9511,9511,591,591,591,0.05,0.09,0.13,0.02,0.05,0.07,0.00,0.01,0.01,0.00,0.00,0.00,0.00,0.00,0.00,0.00,0.00,0.00,0.01,0.04,0.05,568708,753187,1229054,1100726,1403648,1981161,0,0,0,0,0,0,0,144417,0,156.51,159.13,161.60
2452,3,34,46,63,87769,87769,87769,9510,9510,9510,591,591,591,0.06,0.08,0.12,0.03,0.04,0.06,0.00,0.01,0.01,0.00,0.00,0.00,0.00,0.00,0.00,0.00,0.00,0.00,0.01,0.03,0.05,338033,507356,841253,757300,1152558,1679886,0,0,0,0,0,0,0,141005,0,170.15,173.35,175.81
2453,0,29,46,65,87886,87886,87886,9393,9393,9393,591,591,591,0.07,0.09,0.10,0.03,0.04,0.05,0.00,0.01,0.01,0.00,0.00,0.00,0.00,0.00,0.00,0.00,0.00,0.00,0.02,0.04,0.05,340609,505495,829349,788834,1063967,1504341,0,524,2620,0,524,2620,0,137773,0,172.28,174.55,175.93
2453,1,25,44,74,87863,87863,87863,9416,9416,9416,591,591,591,0.07,0.09,0.10,0.03,0.04,0.05,0.00,0.01,0.01,0.00,0.00,0.00,0.00,0.00,0.00,0.00,0.00,0.00,0.02,0.04,0.04,369519,530950,689255,733772,1104880,1383752,0,1048,5241,0,1572,2620,0,141641,0,157.23,159.07,162.13
2453,2,30,51,63,87768,87768,87768,9511,9511,9511,591,591,591,0.05,0.08,0.11,0.02,0.04,0.06,0.00,0.01,0.01,0.00,0.00,0.00,0.00,0.00,0.00,0.00,0.00,0.00,0.01,0.03,0.05,537250,947090,1627373,985396,1528858,2067629,0,1572,5241,0,524,2620,0,129190,0,158.61,160.81,162.47
2453,3,60,63,68,87769,87769,87769,9510,9510,9510,591,591,591,0.07,0.09,0.11,0.03,0.05,0.05,0.00,0.01,0.01,0.00,0.00,0.00,0.00,0.00,0.00,0.00,0.00,0.00,0.02,0.04,0.05,364289,608231,896169,791477,1165551,1525061,0,0,0,0,508,2542,0,139264,0,173.59,175.64,177.18
2454,0,47,50,54,87886,87886,87886,9393,9393,9393,591,591,591,0.09,0.10,0.13,0.04,0.05,0.06,0.01,0.01,0.01,0.00,0.00,0.00,0.00,0.00,0.00,0.00,0.00,0.00,0.04,0.04,0.05,272557,563457,1029947,704980,1067687,1483334,0,524,2620,0,0,0,0,139411,0,171.70,174.58,178.55
2454,1,46,51,61,87863,87863,87863,9416,9416,9416,591,591,591,0.09,0.10,0.12,0.04,0.05,0.06,0.01,0.01,0.01,0.00,0.00,0.00,0.00,0.00,0.00,0.00,0.00,0.00,0.04,0.04,0.05,193940,422994,618492,608030,935619,1349677,0,0,0,0,524,2620,0,129228,0,159.07,161.53,164.79
2454,2,22,51,62,87768,87768,87768,9511,9511,9511,591,591,591,0.07,0.10,0.12,0.03,0.05,0.06,0.00,0.01,0.01,0.00,0.00,0.00,0.00,0.00,0.00,0.00,0.00,0.00,0.04,0.04,0.05,568594,720164,959174,1069062,1318731,1506995,0,0,0,0,524,2620,0,128555,0,160.28,163.25,165.34
2454,3,33,52,65,87769,87769,87769,9510,9510,9510,591,591,591,0.09,0.10,0.10,0.04,0.05,0.05,0.01,0.01,0.01,0.00,0.00,0.00,0.00,0.00,0.00,0.00,0.00,0.00,0.02,0.04,0.04,366899,486939,694492,796695,1022625,1425674,0,524,2620,0,0,0,0,141112,0,171.80,175.41,178.04
2455,0,41,59,74,87886,87886,87886,9393,9393,9393,591,591,591,0.05,0.08,0.10,0.02,0.04,0.05,0.00,0.01,0.01,0.00,0.00,0.00,0.00,0.00,0.00,0.00,0.00,0.00,0.01,0.03,0.05,317121,567643,938228,715463,1113794,1472726,0,0,0,0,524,2620,0,103709,0,173.09,174.61,176.77
2455,1,28,51,65,87863,87863,87863,9416,9416,9416,591,591,591,0.05,0.08,0.10,0.02,0.04,0.05,0.00,0.01,0.01,0.00,0.00,0.00,0.00,0.00,0.00,0.00,0.00,0.00,0.01,0.03,0.05,387740,597843,875330,799547,1181173,1713969,0,1058,2674,0,534,2674,0,96134,0,159.45,160.90,162.34
2455,2,36,53,69,87768,87768,87768,9511,9511,9511,591,591,591,0.05,0.09,0.13,0.02,0.05,0.06,0.00,0.01,0.01,0.00,0.00,0.00,0.00,0.00,0.00,0.00,0.00,0.00,0.01,0.04,0.05,529337,716357,880556,987922,1250902,1440547,0,524,2620,0,524,2620,0,127145,0,162.54,163.12,163.91
2455,3,22,51,62,87769,87769,87769,9510,9510,9510,591,591,591,0.06,0.09,0.11,0.03,0.04,0.05,0.00,0.01,0.01,0.00,0.00,0.00,0.00,0.00,0.00,0.00,0.00,0.00,0.01,0.03,0.05,416699,520994,673471,880571,1117464,1462244,0,0,0,0,0,0,0,104121,0,175.44,175.83,176.23
2456,0,24,47,71,87886,87886,87886,9393,9393,9393,591,591,591,0.05,0.09,0.12,0.02,0.04,0.06,0.00,0.01,0.01,0.00,0.00,0.00,0.00,0.00,0.00,0.00,0.00,0.00,0.01,0.04,0.05,387856,605918,843887,817644,1232279,1622256,0,0,0,0,0,0,0,138933,0,171.00,173.50,175.33
2456,1,24,42,51,87863,87863,87863,9416,9416,9416,591,591,591,0.05,0.09,0.12,0.02,0.04,0.06,0.00,0.01,0.01,0.00,0.00,0.00,0.00,0.00,0.00,0.00,0.00,0.00,0.01,0.04,0.05,471742,604865,725966,1029971,1243279,1446691,0,0,0,0,0,0,0,128933,0,155.46,158.75,161.55
2456,2,39,53,66,87768,87768,87768,9511,9511,9511,591,591,591,0.05,0.08,0.09,0.02,0.04,0.04,0.00,0.01,0.01,0.00,0.00,0.00,0.00,0.00,0.00,0.00,0.00,0.00,0.01,0.03,0.04,272552,870614,1816243,741656,1512168,2565804,0,524,2620,0,0,0,0,108236,0,157.74,161.39,162.53
2456,3,27,54,66,87769,87769,87769,9510,9510,9510,591,591,591,0.08,0.09,0.11,0.04,0.04,0.05,0.00,0.01,0.01,0.00,0.00,0.00,0.00,0.00,0.00,0.00,0.00,0.00,0.01,0.04,0.06,15724,719205,1154344,290910,1414205,1994300,0,0,0,0,524,2620,0,159619,0,173.51,174.39,175.50
2457,0,31,46,61,87886,87886,87886,9393,9393,9393,591,591,591,0.05,0.08,0.10,0.02,0.04,0.05,0.00,0.01,0.01,0.00,0.00,0.00,0.00,0.00,0.00,0.00,0.00,0.00,0.01,0.03,0.05,453384,805180,1624908,972286,1493564,2356117,0,534,2674,0,524,2620,0,154376,0,169.50,172.25,175.91
2457,1,26,45,66,87863,87863,87863,9416,9416,9416,591,591,591,0.05,0.08,0.10,0.02,0.04,0.05,0.00,0.01,0.01,0.00,0.00,0.00,0.00,0.00,0.00,0.00,0.00,0.00,0.01,0.03,0.05,335449,676151,843891,1011589,1390569,1627504,0,524,2620,0,1048,2620,0,141757,0,157.93,160.26,162.99
2457,2,29,47,60,87768,87768,87768,9511,9511,9511,591,591,591,0.05,0.08,0.11,0.02,0.04,0.05,0.00,0.01,0.01,0.00,0.00,0.00,0.00,0.00,0.00,0.00,0.00,0.00,0.01,0.03,0.05,490087,731703,935557,1176734,1450309,1698212,0,524,2620,0,524,2620,0,125257,0,156.16,158.27,160.51
2457,3,33,51,74,87769,87769,87769,9510,9510,9510,591,591,591,0.05,0.08,0.13,0.02,0.04,0.06,0.00,0.01,0.01,0.00,0.00,0.00,0.00,0.00,0.00,0.00,0.00,0.00,0.01,0.03,0.05,393084,575925,673524,1037788,1279292,1453836,0,524,2620,0,0,0,0,136784,0,171.02,173.83,177.53
2458,0,29,53,65,87886,87886,87886,9393,9393,9393,591,591,591,0.05,0.08,0.13,0.02,0.04,0.07,0.00,0.01,0.01,0.00,0.00,0.00,0.00,0.00,0.00,0.00,0.00,0.00,0.01,0.03,0.05,356410,582311,904135,801923,1275211,1661513,0,0,0,0,0,0,0,135100,0,169.14,170.10,172.18
2458,1,27,51,66,87863,87863,87863,9416,9416,9416,591,591,591,0.05,0.08,0.13,0.02,0.04,0.07,0.00,0.01,0.01,0.00,0.00,0.00,0.00,0.00,0.00,0.00,0.00,0.00,0.01,0.03,0.05,372150,614312,857151,901280,1295180,1619584,0,0,0,0,0,0,0,125035,0,156.54,157.38,159.20
2458,2,22,50,61,87768,87768,87768,9511,9511,9511,591,591,591,0.05,0.08,0.10,0.02,0.04,0.05,0.00,0.01,0.01,0.00,0.00,0.00,0.00,0.00,0.00,0.00,0.00,0.00,0.01,0.03,0.05,542469,830770,1444037,998457,1506917,2238126,0,0,0,0,0,0,0,125645,0,157.40,158.56,159.39
2458,3,31,44,58,87769,87769,87769,9510,9510,9510,591,591,591,0.05,0.08,0.12,0.02,0.04,0.06,0.00,0.01,0.01,0.00,0.00,0.00,0.00,0.00,0.00,0.00,0.00,0.00,0.01,0.03,0.05,531985,659376,817706,1022041,1325567,1632791,0,0,0,0,0,0,0,136033,0,171.03,172.16,173.48
2459,0,26,52,65,87886,87886,87886,9393,9393,9393,591,591,591,0.05,0.08,0.12,0.02,0.04,0.06,0.00,0.01,0.01,0.00,0.00,0.00,0.00,0.00,0.00,0.00,0.00,0.00,0.01,0.03,0.05,403595,708127,1126924,980161,1405247,1926253,0,0,0,0,524,2620,0,137800,0,172.48,173.85,178.13
2459,1,49,52,58,87863,87863,87863,9416,9416,9416,591,591,591,0.05,0.09,0.11,0.02,0.04,0.05,0.00,0.01,0.01,0.00,0.00,0.00,0.00,0.00,0.00,0.00,0.00,0.00,0.01,0.03,0.05,466139,561864,647328,1120280,1254515,1451902,0,879,2667,0,0,0,0,125757,0,156.14,158.87,163.26
2459,2,16,42,62,87768,87768,87768,9511,9511,9511,591,591,591,0.06,0.08,0.11,0.03,0.04,0.06,0.00,0.01,0.01,0.00,0.00,0.00,0.00,0.00,0.00,0.00,0.00,0.00,0.01,0.03,0.05,457843,751207,1176715,1129524,1444650,1928870,0,524,2620,0,534,2670,0,124884,0,157.84,160.81,163.61
2459,3,30,47,57,87769,87769,87769,9510,9510,9510,591,591,591,0.05,0.08,0.11,0.02,0.04,0.06,0.00,0.01,0.01,0.00,0.00,0.00,0.00,0.00,0.00,0.00,0.00,0.00,0.01,0.03,0.05,345927,558746,725946,946058,1268447,1520083,0,0,0,0,524,2620,0,139640,0,175.60,177.47,181.52
2460,0,45,55,65,87886,87886,87886,9393,9393,9393,591,591,591,0.08,0.09,0.09,0.04,0.04,0.05,0.00,0.01,0.01,0.00,0.00,0.00,0.00,0.00,0.00,0.00,0.00,0.00,0.02,0.03,0.05,330186,547002,725957,822844,1159209,1373213,0,0,0,0,0,0,0,139924,0,170.05,173.50,176.32
2460,1,21,50,68,87863,87863,87863,9416,9416,9416,591,591,591,0.08,0.09,0.10,0.04,0.04,0.05,0.00,0.01,0.01,0.00,0.00,0.00,0.00,0.00,0.00,0.00,0.00,0.00,0.02,0.03,0.04,351194,590178,681374,710252,1198701,1394196,0,524,2620,0,0,0,0,142073,0,155.36,157.72,161.16
2460,2,32,50,72,87768,87768,87768,9511,9511,9511,591,591,591,0.05,0.09,0.13,0.02,0.04,0.06,0.00,0.01,0.01,0.00,0.00,0.00,0.00,0.00,0.00,0.00,0.00,0.00,0.01,0.04,0.05,639389,1009985,1669176,1134654,1632659,2188389,0,0,0,0,1048,2620,0,130482,0,158.74,161.78,165.07
2460,3,22,51,62,87769,87769,87769,9510,9510,9510,591,591,591,0.07,0.09,0.10,0.03,0.05,0.05,0.01,0.01,0.01,0.00,0.00,0.00,0.00,0.00,0.00,0.00,0.00,0.00,0.01,0.04,0.04,634186,750355,1099719,1145076,1382486,1849409,0,524,2620,0,0,0,0,140277,0,173.85,176.33,178.41
2461,0,24,47,61,87886,87886,87886,9393,9393,9393,591,591,591,0.06,0.09,0.11,0.03,0.05,0.05,0.01,0.01,0.01,0.00,0.00,0.00,0.00,0.00,0.00,0.00,0.00,0.00,0.01,0.04,0.05,403412,702320,1092886,940405,1309757,1706160,0,0,0,0,0,0,0,136401,0,169.16,173.52,175.75
2461,1,24,38,59,87863,87863,87863,9416,9416,9416,591,591,591,0.05,0.09,0.12,0.02,0.05,0.06,0.00,0.01,0.01,0.00,0.00,0.00,0.00,0.00,0.00,0.00,0.00,0.00,0.01,0.04,0.05,445526,671933,885687,1160989,1330775,1606582,0,524,2620,0,524,2620,0,126368,0,155.55,159.13,161.08
2461,2,32,47,59,87768,87768,87768,9511,9511,9511,591,591,591,0.07,0.09,0.13,0.03,0.04,0.07,0.00,0.01,0.01,0.00,0.00,0.00,0.00,0.00,0.00,0.00,0.00,0.00,0.02,0.04,0.05,497874,715791,1226506,980162,1381961,1970796,0,349,1747,0,524,2620,0,126921,0,159.15,161.57,163.92
2461,3,25,42,60,87769,87769,87769,9510,9510,9510,591,591,591,0.05,0.08,0.13,0.02,0.04,0.06,0.00,0.01,0.01,0.00,0.00,0.00,0.00,0.00,0.00,0.00,0.00,0.00,0.01,0.03,0.05,333708,575690,718104,908527,1247824,1577732,0,0,0,0,0,0,0,140617,0,173.84,177.07,179.30
2463,0,27,49,61,87886,87886,87886,9393,9393,9393,591,591,591,0.05,0.08,0.10,0.02,0.04,0.05,0.00,0.01,0.01,0.00,0.00,0.00,0.00,0.00,0.00,0.00,0.00,0.00,0.01,0.03,0.05,345908,604496,1160948,791470,1265771,1837075,0,873,2621,0,291,2620,0,275317,0,170.79,172.45,175.48
2463,1,27,49,62,87863,87863,87863,9416,9416,9416,591,591,591,0.05,0.08,0.10,0.02,0.04,0.05,0.00,0.01,0.01,0.00,0.00,0.00,0.00,0.00,0.00,0.00,0.00,0.00,0.01,0.03,0.05,387864,604121,912058,951325,1258995,1617069,0,581,2620,0,1067,2620,0,252213,0,155.81,157.73,161.64
2463,2,21,49,69,87768,87768,87768,9511,9511,9511,591,591,591,0.05,0.09,0.12,0.02,0.04,0.06,0.00,0.01,0.01,0.00,0.00,0.00,0.00,0.00,0.00,0.00,0.00,0.00,0.01,0.03,0.05,474867,728435,1344809,974903,1393798,2226830,0,1187,5444,0,287,2586,0,275030,0,156.86,159.54,164.07
2463,3,32,47,66,87769,87769,87769,9510,9510,9510,591,591,591,0.05,0.09,0.11,0.02,0.04,0.05,0.00,0.01,0.01,0.00,0.00,0.00,0.00,0.00,0.00,0.00,0.00,0.00,0.01,0.03,0.05,327582,583551,982814,815045,1223881,1758582,0,0,0,0,873,5241,0,295955,0,171.06,173.60,179.65
2464,0,45,56,71,87886,87886,87886,9393,9393,9393,591,591,591,0.09,0.10,0.10,0.05,0.05,0.05,0.01,0.01,0.01,0.00,0.00,0.00,0.00,0.00,0.00,0.00,0.00,0.00,0.03,0.04,0.04,228699,457454,854337,666896,983511,1658882,0,0,0,0,0,0,0,139101,0,171.84,173.92,175.81
2464,1,35,48,64,87863,87863,87863,9416,9416,9416,591,591,591,0.08,0.09,0.10,0.04,0.05,0.05,0.01,0.01,0.01,0.00,0.00,0.00,0.00,0.00,0.00,0.00,0.00,0.00,0.01,0.04,0.04,408828,562354,801940,788820,1094845,1394222,0,524,2620,0,0,0,0,146769,0,159.57,162.90,166.38
2464,2,30,49,65,87768,87768,87768,9511,9511,9511,591,591,591,0.06,0.09,0.12,0.03,0.05,0.06,0.00,0.01,0.01,0.00,0.00,0.00,0.00,0.00,0.00,0.00,0.00,0.00,0.02,0.04,0.05,542489,929279,1698245,1037805,1446056,2154256,0,0,0,0,1572,5241,0,130368,0,161.66,163.71,165.85
2464,3,50,56,68,87769,87769,87769,9510,9510,9510,591,591,591,0.06,0.09,0.10,0.03,0.05,0.05,0.01,0.01,0.01,0.00,0.00,0.00,0.00,0.00,0.00,0.00,0.00,0.00,0.01,0.04,0.04,366892,563947,1014184,833368,1070134,1540931,0,1045,2620,0,0,0,0,143983,0,176.45,178.73,179.84
2465,0,25,49,68,87886,87886,87886,9393,9393,9393,591,591,591,0.06,0.09,0.13,0.03,0.04,0.07,0.00,0.01,0.01,0.00,0.00,0.00,0.00,0.00,0.00,0.00,0.00,0.00,0.02,0.04,0.05,332841,792623,1472824,720719,1457759,2141099,0,0,0,0,0,0,0,135768,0,167.61,170.47,173.72
2465,1,24,50,67,87863,87863,87863,9416,9416,9416,591,591,591,0.07,0.09,0.13,0.03,0.04,0.07,0.00,0.01,0.01,0.00,0.00,0.00,0.00,0.00,0.00,0.00,0.00,0.00,0.02,0.04,0.05,340701,583422,891285,765248,1224494,1635770,0,0,0,0,0,0,0,125927,0,157.16,159.18,160.88
2465,2,24,47,63,87768,87768,87768,9511,9511,9511,591,591,591,0.07,0.08,0.10,0.03,0.04,0.05,0.01,0.01,0.01,0.00,0.00,0.00,0.00,0.00,0.00,0.00,0.00,0.00,0.01,0.03,0.05,476973,761574,1307702,1045671,1372025,1721765,0,349,1747,0,0,0,0,129002,0,158.74,161.52,165.22
2465,3,27,53,71,87769,87769,87769,9510,9510,9510,591,591,591,0.06,0.08,0.11,0.03,0.04,0.06,0.01,0.01,0.01,0.00,0.00,0.00,0.00,0.00,0.00,0.00,0.00,0.00,0.01,0.03,0.05,345931,620195,885631,851724,1276731,1676934,0,0,0,0,0,0,0,139236,0,169.88,173.09,176.49
2466,0,35,52,69,87886,87886,87886,9393,9393,9393,591,591,591,0.05,0.09,0.12,0.02,0.04,0.06,0.00,0.01,0.01,0.00,0.00,0.00,0.00,0.00,0.00,0.00,0.00,0.00,0.01,0.04,0.05,390366,540917,841373,867456,1072896,1412580,0,524,2620,0,524,2620,0,138916,0,171.65,174.06,176.51
2466,1,33,50,58,87863,87863,87863,9416,9416,9416,591,591,591,0.05,0.09,0.12,0.02,0.04,0.06,0.00,0.01,0.01,0.00,0.00,0.00,0.00,0.00,0.00,0.00,0.00,0.00,0.01,0.04,0.05,414089,548309,699747,906804,1109103,1223936,0,1048,5241,0,1048,2620,0,127180,0,155.97,158.43,161.32
2466,2,54,58,67,87768,87768,87768,9511,9511,9511,591,591,591,0.07,0.09,0.11,0.03,0.04,0.05,0.01,0.01,0.01,0.00,0.00,0.00,0.00,0.00,0.00,0.00,0.00,0.00,0.01,0.04,0.05,467207,724367,1107814,916639,1239904,1765820,0,524,2620,0,524,2620,0,133666,0,162.18,163.63,165.41
2466,3,39,47,56,87769,87769,87769,9510,9510,9510,591,591,591,0.08,0.10,0.12,0.03,0.05,0.06,0.01,0.01,0.01,0.00,0.00,0.00,0.00,0.00,0.00,0.00,0.00,0.00,0.02,0.04,0.05,395726,489015,749533,838624,1070279,1564586,0,0,0,0,523,2619,0,141824,0,173.29,175.29,177.53
2467,0,41,49,59,87886,87886,87886,9393,9393,9393,591,591,591,0.04,0.09,0.13,0.02,0.04,0.06,0.00,0.01,0.01,0.00,0.00,0.00,0.00,0.00,0.00,0.00,0.00,0.00,0.01,0.03,0.05,413889,613739,678875,953517,1226950,1454732,0,0,0,0,524,2620,0,139432,0,175.13,176.30,177.06
2467,1,40,52,63,87863,87863,87863,9416,9416,9416,591,591,591,0.04,0.09,0.13,0.02,0.04,0.06,0.00,0.01,0.01,0.00,0.00,0.00,0.00,0.00,0.00,0.00,0.00,0.00,0.01,0.03,0.05,246350,527283,901505,718084,1136335,1561932,0,524,2620,0,0,0,0,128208,0,157.98,162.20,165.02
2467,2,22,43,58,87768,87768,87768,9511,9511,9511,591,591,591,0.07,0.10,0.13,0.03,0.05,0.07,0.00,0.01,0.01,0.00,0.00,0.00,0.00,0.00,0.00,0.00,0.00,0.00,0.01,0.04,0.05,537247,896455,1936816,988038,1525295,2707350,0,0,0,0,524,2620,0,145003,0,159.09,161.96,164.60
2467,3,24,52,72,87769,87769,87769,9510,9510,9510,591,591,591,0.08,0.09,0.10,0.04,0.04,0.05,0.00,0.01,0.01,0.00,0.00,0.00,0.00,0.00,0.00,0.00,0.00,0.00,0.02,0.04,0.05,319723,631600,867445,812411,1217599,1530478,0,524,2620,0,0,0,0,159318,0,176.94,177.59,178.29
2468,0,24,44,53,87886,87886,87886,9393,9393,9393,591,591,591,0.07,0.09,0.12,0.03,0.04,0.06,0.00,0.01,0.01,0.00,0.00,0.00,0.00,0.00,0.00,0.00,0.00,0.00,0.01,0.04,0.05,410509,610476,1084975,953939,1212221,1470219,0,0,0,0,0,0,0,155367,0,172.88,174.31,175.85
2468,1,24,44,54,87863,87863,87863,9416,9416,9416,591,591,591,0.05,0.08,0.10,0.02,0.04,0.05,0.00,0.01,0.01,0.00,0.00,0.00,0.00,0.00,0.00,0.00,0.00,0.00,0.01,0.03,0.05,395733,707075,1035194,794088,1315608,1842384,0,0,0,0,524,2620,0,129426,0,159.42,162.19,164.73
2468,2,29,49,63,87768,87768,87768,9511,9511,9511,591,591,591,0.06,0.08,0.11,0.03,0.04,0.06,0.00,0.01,0.01,0.00,0.00,0.00,0.00,0.00,0.00,0.00,0.00,0.00,0.01,0.03,0.05,482191,841167,1299546,977485,1421887,1737095,0,524,2620,0,0,0,0,131953,0,158.18,162.15,165.73
2468,3,26,48,57,87769,87769,87769,9510,9510,9510,591,591,591,0.05,0.08,0.10,0.02,0.04,0.05,0.00,0.01,0.01,0.00,0.00,0.00,0.00,0.00,0.00,0.00,0.00,0.00,0.01,0.03,0.05,343148,573932,731351,971817,1181534,1517479,0,0,0,0,0,0,0,141096,0,172.88,174.51,177.44
2469,0,34,45,55,87886,87886,87886,9393,9393,9393,591,591,591,0.05,0.09,0.10,0.03,0.04,0.05,0.01,0.01,0.01,0.00,0.00,0.00,0.00,0.00,0.00,0.00,0.00,0.00,0.01,0.04,0.05,403599,592790,678752,885821,1262103,1498941,0,0,0,0,524,2620,0,140256,0,171.38,174.18,177.81
2469,1,33,50,64,87863,87863,87863,9416,9416,9416,591,591,591,0.06,0.09,0.10,0.03,0.04,0.05,0.01,0.01,0.01,0.00,0.00,0.00,0.00,0.00,0.00,0.00,0.00,0.00,0.01,0.04,0.05,374742,573939,775784,927708,1196622,1491287,0,1048,2620,0,524,2620,0,100572,0,155.99,160.06,162.39
2469,2,32,47,55,87768,87768,87768,9511,9511,9511,591,591,591,0.07,0.09,0.12,0.03,0.04,0.06,0.00,0.01,0.01,0.00,0.00,0.00,0.00,0.00,0.00,0.00,0.00,0.00,0.02,0.04,0.04,521536,784119,1024705,1205560,1440352,1638159,0,1572,5241,0,524,2621,0,129433,0,159.59,161.69,163.58
2469,3,34,51,68,87769,87769,87769,9510,9510,9510,591,591,591,0.05,0.09,0.12,0.02,0.04,0.06,0.00,0.01,0.01,0.00,0.00,0.00,0.00,0.00,0.00,0.00,0.00,0.00,0.01,0.03,0.05,469120,564856,668286,1111153,1222137,1417814,0,0,0,0,1048,5241,0,110396,0,172.10,175.30,178.99
2470,0,27,44,62,87886,87886,87886,9393,9393,9393,591,591,591,0.05,0.09,0.11,0.02,0.04,0.06,0.00,0.01,0.01,0.00,0.00,0.00,0.00,0.00,0.00,0.00,0.00,0.00,0.01,0.03,0.05,484823,723987,1056204,1084957,1436834,1855565,0,0,0,0,0,0,0,105475,0,169.61,173.72,177.13
2470,1,25,42,54,87863,87863,87863,9416,9416,9416,591,591,591,0.05,0.09,0.13,0.02,0.05,0.06,0.00,0.01,0.01,0.00,0.00,0.00,0.00,0.00,0.00,0.00,0.00,0.00,0.01,0.04,0.05,335432,590981,815096,1037742,1328718,1614468,0,0,0,0,0,0,0,128364,0,157.58,159.22,160.79
2470,2,24,40,52,87768,87768,87768,9511,9511,9511,591,591,591,0.06,0.09,0.13,0.03,0.05,0.07,0.00,0.01,0.01,0.00,0.00,0.00,0.00,0.00,0.00,0.00,0.00,0.00,0.01,0.04,0.05,503133,653771,807949,1221147,1347839,1534585,0,0,0,0,642,2568,0,98106,0,159.46,161.62,164.09
2470,3,30,48,64,87769,87769,87769,9510,9510,9510,591,591,591,0.05,0.09,0.13,0.02,0.05,0.07,0.00,0.01,0.01,0.00,0.00,0.00,0.00,0.00,0.00,0.00,0.00,0.00,0.01,0.04,0.05,435031,607340,733715,982751,1290683,1499116,0,655,2620,0,0,0,0,142195,0,173.40,175.92,178.34
2471,0,25,51,70,87886,87886,87886,9393,9393,9393,591,591,591,0.05,0.08,0.10,0.02,0.04,0.05,0.00,0.01,0.01,0.00,0.00,0.00,0.00,0.00,0.00,0.00,0.00,0.00,0.01,0.03,0.05,369525,511042,649920,904158,1097038,1320805,0,524,2620,0,0,0,0,139455,0,169.29,172.93,175.98
2471,1,23,46,58,87863,87863,87863,9416,9416,9416,591,591,591,0.06,0.09,0.11,0.03,0.04,0.06,0.01,0.01,0.01,0.00,0.00,0.00,0.00,0.00,0.00,0.00,0.00,0.00,0.01,0.04,0.05,385228,568671,712804,854315,1229418,1491270,0,0,0,0,349,1747,0,144900,0,155.26,160.23,162.12
2471,2,38,50,66,87768,87768,87768,9511,9511,9511,591,591,591,0.05,0.09,0.11,0.02,0.04,0.06,0.00,0.01,0.01,0.00,0.00,0.00,0.00,0.00,0.00,0.00,0.00,0.00,0.01,0.03,0.05,479596,972275,2038819,1029930,1601776,2560316,0,0,0,0,0,0,0,129814,0,160.55,162.72,164.14
2471,3,26,50,63,87769,87769,87769,9510,9510,9510,591,591,591,0.05,0.09,0.13,0.02,0.05,0.07,0.00,0.01,0.01,0.00,0.00,0.00,0.00,0.00,0.00,0.00,0.00,0.00,0.01,0.04,0.05,387857,700794,1113850,896265,1348647,1588219,0,0,0,0,0,0,0,158657,0,173.78,175.81,177.37
2472,0,50,59,70,87886,87886,87886,9393,9393,9393,591,591,591,0.08,0.10,0.12,0.04,0.05,0.06,0.01,0.01,0.01,0.00,0.00,0.00,0.00,0.00,0.00,0.00,0.00,0.00,0.02,0.04,0.05,345927,599422,1223789,815025,1174212,1957539,0,0,0,0,0,0,0,154335,0,168.06,172.06,174.46
2472,1,50,56,64,87863,87863,87863,9416,9416,9416,591,591,591,0.05,0.08,0.10,0.02,0.04,0.05,0.00,0.01,0.01,0.00,0.00,0.00,0.00,0.00,0.00,0.00,0.00,0.00,0.01,0.03,0.05,330214,551397,828115,791465,1120094,1527820,0,524,2620,0,0,0,0,128655,0,154.80,158.78,161.05
2472,2,20,55,69,87768,87768,87768,9511,9511,9511,591,591,591,0.05,0.09,0.11,0.02,0.04,0.06,0.00,0.01,0.01,0.00,0.00,0.00,0.00,0.00,0.00,0.00,0.00,0.00,0.01,0.04,0.05,503173,780452,1441443,880558,1327134,2175269,0,524,2620,0,524,2620,0,129773,0,161.09,162.57,164.36
2472,3,45,59,69,87769,87769,87769,9510,9510,9510,591,591,591,0.05,0.08,0.10,0.02,0.04,0.05,0.00,0.01,0.01,0.00,0.00,0.00,0.00,0.00,0.00,0.00,0.00,0.00,0.01,0.03,0.05,330238,572398,1003637,791575,1147725,1808118,0,0,0,0,349,1747,0,143196,0,176.06,177.10,177.98
2473,0,19,51,65,87886,87886,87886,9393,9393,9393,591,591,591,0.08,0.09,0.10,0.04,0.05,0.05,0.01,0.01,0.01,0.00,0.00,0.00,0.00,0.00,0.00,0.00,0.00,0.00,0.02,0.04,0.05,348561,589654,1069239,757399,1186123,1852825,0,0,0,0,524,2620,0,139283,0,173.56,175.75,179.81
2473,1,17,43,55,87863,87863,87863,9416,9416,9416,591,591,591,0.08,0.09,0.11,0.04,0.05,0.05,0.01,0.01,0.01,0.00,0.00,0.00,0.00,0.00,0.00,0.00,0.00,0.00,0.02,0.04,0.05,385261,596481,815064,833423,1214453,1556747,0,524,2620,0,524,2620,0,129020,0,157.64,161.19,166.30
2473,2,27,38,48,87768,87768,87768,9511,9511,9511,591,591,591,0.07,0.09,0.10,0.03,0.04,0.05,0.00,0.01,0.01,0.00,0.00,0.00,0.00,0.00,0.00,0.00,0.00,0.00,0.02,0.04,0.04,484841,776253,1150504,1032489,1363292,1797826,0,524,2620,0,524,2620,0,131453,0,161.37,162.85,165.54
2473,3,22,47,67,87769,87769,87769,9510,9510,9510,591,591,591,0.05,0.09,0.11,0.02,0.05,0.06,0.00,0.01,0.01,0.00,0.00,0.00,0.00,0.00,0.00,0.00,0.00,0.00,0.01,0.04,0.05,351174,543543,720723,783590,1201874,1478139,0,524,2620,0,0,0,0,140594,0,176.75,177.85,180.29
2474,0,23,49,82,87886,87886,87886,9393,9393,9393,591,591,591,0.06,0.09,0.12,0.03,0.05,0.06,0.01,0.01,0.01,0.00,0.00,0.00,0.00,0.00,0.00,0.00,0.00,0.00,0.01,0.04,0.05,359047,591242,906787,754786,1259014,1708743,0,1048,2620,0,0,0,0,137595,0,168.21,170.59,175.06
2474,1,27,51,72,87863,87863,87863,9416,9416,9416,591,591,591,0.06,0.08,0.10,0.03,0.04,0.05,0.01,0.01,0.01,0.00,0.00,0.00,0.00,0.00,0.00,0.00,0.00,0.00,0.01,0.03,0.05,443738,594254,704876,1119829,1269967,1459861,0,0,0,0,1222,3494,0,128521,0,154.81,156.75,159.68
2474,2,31,41,58,87768,87768,87768,9511,9511,9511,591,591,591,0.05,0.09,0.13,0.02,0.04,0.06,0.00,0.01,0.01,0.00,0.00,0.00,0.00,0.00,0.00,0.00,0.00,0.00,0.01,0.04,0.05,558184,1003826,2054555,1154116,1737279,2906253,0,1048,2620,0,0,0,0,144313,0,159.38,161.72,165.31
2474,3,26,56,72,87769,87769,87769,9510,9510,9510,591,591,591,0.05,0.08,0.12,0.02,0.04,0.06,0.00,0.01,0.01,0.00,0.00,0.00,0.00,0.00,0.00,0.00,0.00,0.00,0.01,0.03,0.05,442889,603817,935610,974880,1258477,1745424,0,0,0,0,524,2620,0,158879,0,172.64,174.75,178.83
2475,0,46,54,60,87886,87886,87886,9393,9393,9393,591,591,591,0.05,0.09,0.12,0.02,0.04,0.06,0.00,0.01,0.01,0.00,0.00,0.00,0.00,0.00,0.00,0.00,0.00,0.00,0.01,0.03,0.05,249846,653765,1567162,670915,1214413,2369088,0,524,2620,0,0,0,0,154147,0,168.91,172.14,174.93
2475,1,40,49,61,87863,87863,87863,9416,9416,9416,591,591,591,0.07,0.09,0.13,0.03,0.05,0.07,0.00,0.01,0.01,0.00,0.00,0.00,0.00,0.00,0.00,0.00,0.00,0.00,0.02,0.04,0.05,372148,554019,762634,948692,1103847,1320821,0,1048,5241,0,524,2620,0,141268,0,154.65,158.82,162.26
2475,2,49,54,59,87768,87768,87768,9511,9511,9511,591,591,591,0.07,0.09,0.10,0.03,0.04,0.05,0.00,0.01,0.01,0.00,0.00,0.00,0.00,0.00,0.00,0.00,0.00,0.00,0.01,0.04,0.05,479554,709161,1192458,911939,1230154,1837172,0,524,2620,0,1572,7862,0,129322,0,165.20,165.78,167.50
2475,3,42,52,71,87769,87769,87769,9510,9510,9510,591,591,591,0.07,0.09,0.13,0.03,0.04,0.07,0.01,0.01,0.01,0.00,0.00,0.00,0.00,0.00,0.00,0.00,0.00,0.00,0.01,0.04,0.05,348556,585281,851697,767871,1116635,1546158,0,524,2620,0,516,2580,0,138760,0,179.28,180.68,182.68
2476,0,25,43,62,87886,87886,87886,9393,9393,9393,591,591,591,0.05,0.08,0.10,0.02,0.04,0.05,0.00,0.01,0.01,0.00,0.00,0.00,0.00,0.00,0.00,0.00,0.00,0.00,0.01,0.03,0.05,487460,573925,649911,1016853,1249529,1441336,0,0,0,0,524,2620,0,141757,0,169.94,173.02,175.96
2476,1,23,40,57,87863,87863,87863,9416,9416,9416,591,591,591,0.05,0.08,0.10,0.02,0.04,0.05,0.00,0.01,0.01,0.00,0.00,0.00,0.00,0.00,0.00,0.00,0.00,0.00,0.01,0.03,0.05,406215,627410,846522,914640,1316150,1619662,0,524,2620,0,0,0,0,95317,0,156.70,158.76,161.56
2476,2,34,46,58,87768,87768,87768,9511,9511,9511,591,591,591,0.05,0.09,0.13,0.02,0.04,0.07,0.00,0.01,0.01,0.00,0.00,0.00,0.00,0.00,0.00,0.00,0.00,0.00,0.01,0.03,0.05,508445,719097,833255,1197614,1398368,1588120,0,0,0,0,524,2620,0,127741,0,159.78,162.16,164.14
2476,3,28,45,62,87769,87769,87769,9510,9510,9510,591,591,591,0.06,0.09,0.13,0.03,0.05,0.07,0.01,0.01,0.01,0.00,0.00,0.00,0.00,0.00,0.00,0.00,0.00,0.00,0.01,0.04,0.05,338071,615693,1014227,1032560,1300748,1682516,0,524,2620,0,0,0,0,105657,0,173.10,175.80,180.76
2477,0,40,52,60,87886,87886,87886,9393,9393,9393,591,591,591,0.07,0.09,0.12,0.03,0.05,0.06,0.00,0.01,0.01,0.00,0.00,0.00,0.00,0.00,0.00,0.00,0.00,0.00,0.03,0.04,0.05,364223,722647,977516,1027162,1367319,1577653,0,0,0,0,0,0,0,101045,0,170.81,173.27,175.44
2477,1,32,48,62,87863,87863,87863,9416,9416,9416,591,591,591,0.07,0.09,0.12,0.03,0.05,0.06,0.00,0.01,0.01,0.00,0.00,0.00,0.00,0.00,0.00,0.00,0.00,0.00,0.03,0.04,0.05,343320,596214,720689,1024720,1270398,1496482,0,0,0,0,655,2620,0,125665,0,155.98,158.27,160.56
2477,2,23,47,59,87768,87768,87768,9511,9511,9511,591,591,591,0.05,0.08,0.10,0.02,0.04,0.05,0.00,0.01,0.01,0.00,0.00,0.00,0.00,0.00,0.00,0.00,0.00,0.00,0.01,0.04,0.05,545114,757393,1016822,1064021,1393579,1651025,0,655,2620,0,0,0,0,96121,0,159.53,161.30,163.77
2477,3,33,49,64,87769,87769,87769,9510,9510,9510,591,591,591,0.07,0.08,0.09,0.03,0.04,0.05,0.00,0.01,0.01,0.00,0.00,0.00,0.00,0.00,0.00,0.00,0.00,0.00,0.02,0.03,0.05,332832,538564,704972,786218,1180649,1520071,0,0,0,0,0,0,0,138605,0,175.25,178.51,180.87
2478,0,21,43,57,87886,87886,87886,9393,9393,9393,591,591,591,0.08,0.09,0.11,0.04,0.05,0.05,0.00,0.01,0.01,0.00,0.00,0.00,0.00,0.00,0.00,0.00,0.00,0.00,0.02,0.04,0.05,348563,578136,972267,807166,1262156,1682468,0,0,0,0,1048,2620,0,136639,0,169.17,172.18,173.45
2478,1,23,41,57,87863,87863,87863,9416,9416,9416,591,591,591,0.07,0.09,0.11,0.03,0.04,0.05,0.00,0.01,0.01,0.00,0.00,0.00,0.00,0.00,0.00,0.00,0.00,0.00,0.02,0.04,0.05,353776,614144,912059,995815,1291495,1617070,0,1222,3494,0,0,0,0,139507,0,156.35,160.09,162.41
2478,2,22,45,59,87768,87768,87768,9511,9511,9511,591,591,591,0.05,0.10,0.17,0.02,0.05,0.09,0.00,0.01,0.01,0.00,0.00,0.00,0.00,0.00,0.00,0.00,0.00,0.00,0.01,0.04,0.05,348519,986147,1732932,864397,1661176,2231291,0,0,0,0,524,2620,0,125571,0,159.29,163.08,165.91
2478,3,29,47,66,87769,87769,87769,9510,9510,9510,591,591,591,0.05,0.08,0.11,0.02,0.04,0.06,0.00,0.01,0.01,0.00,0.00,0.00,0.00,0.00,0.00,0.00,0.00,0.00,0.01,0.04,0.05,479576,754217,888299,1105908,1434011,1692746,0,0,0,0,0,0,0,156466,0,173.90,176.26,177.67
2479,0,41,56,68,87886,87886,87886,9393,9393,9393,591,591,591,0.05,0.08,0.10,0.02,0.04,0.05,0.00,0.01,0.01,0.00,0.00,0.00,0.00,0.00,0.00,0.00,0.00,0.00,0.01,0.03,0.05,326716,637603,1372812,789709,1313523,2436680,0,847,2491,0,0,0,0,153336,0,170.67,172.82,174.96
2479,1,41,54,64,87863,87863,87863,9416,9416,9416,591,591,591,0.05,0.08,0.11,0.02,0.04,0.06,0.00,0.01,0.01,0.00,0.00,0.00,0.00,0.00,0.00,0.00,0.00,0.00,0.01,0.03,0.05,356421,657275,1108605,830744,1313506,2007545,0,0,0,0,1572,5241,0,127766,0,155.65,156.83,158.36
2479,2,28,48,68,87768,87768,87768,9511,9511,9511,591,591,591,0.05,0.09,0.12,0.02,0.04,0.06,0.00,0.01,0.01,0.00,0.00,0.00,0.00,0.00,0.00,0.00,0.00,0.00,0.01,0.03,0.05,471733,767868,1281553,1066616,1413610,1779499,0,1048,2620,0,0,0,0,127458,0,158.81,160.26,162.49
2479,3,52,61,75,87769,87769,87769,9510,9510,9510,591,591,591,0.05,0.09,0.13,0.02,0.04,0.07,0.00,0.01,0.01,0.00,0.00,0.00,0.00,0.00,0.00,0.00,0.00,0.00,0.01,0.03,0.05,424555,544591,686662,1029930,1171999,1514850,0,0,0,0,524,2620,0,142875,0,172.90,174.23,175.26
2480,0,26,46,63,87886,87886,87886,9393,9393,9393,591,591,591,0.05,0.09,0.12,0.02,0.05,0.06,0.00,0.01,0.01,0.00,0.00,0.00,0.00,0.00,0.00,0.00,0.00,0.00,0.01,0.04,0.05,427163,679800,1066631,1053495,1338636,1829260,0,0,0,0,524,2620,0,140399,0,171.04,173.01,175.26
2480,1,25,48,63,87863,87863,87863,9416,9416,9416,591,591,591,0.05,0.09,0.13,0.02,0.04,0.07,0.00,0.01,0.01,0.00,0.00,0.00,0.00,0.00,0.00,0.00,0.00,0.00,0.01,0.04,0.05,387862,585451,870018,883173,1183999,1483437,0,524,2620,0,0,0,0,128745,0,158.11,159.72,161.67
2480,2,30,49,58,87768,87768,87768,9511,9511,9511,591,591,591,0.08,0.09,0.10,0.04,0.04,0.05,0.01,0.01,0.01,0.00,0.00,0.00,0.00,0.00,0.00,0.00,0.00,0.00,0.02,0.04,0.05,482159,707576,1268441,977533,1301411,1994388,0,0,0,0,524,2620,0,132226,0,160.73,163.72,165.79
2480,3,30,43,57,87769,87769,87769,9510,9510,9510,591,591,591,0.05,0.10,0.13,0.02,0.05,0.06,0.00,0.01,0.01,0.00,0.00,0.00,0.00,0.00,0.00,0.00,0.00,0.00,0.01,0.04,0.05,342426,539165,655188,915465,1214081,1360150,0,524,2620,0,0,0,0,143558,0,173.85,177.73,180.47
2481,0,26,45,62,87886,87886,87886,9393,9393,9393,591,591,591,0.05,0.08,0.13,0.02,0.04,0.06,0.00,0.01,0.01,0.00,0.00,0.00,0.00,0.00,0.00,0.00,0.00,0.00,0.01,0.03,0.05,435028,558737,699744,969640,1168840,1383749,0,0,0,0,0,0,0,140894,0,169.34,172.69,176.51
2481,1,25,43,64,87863,87863,87863,9416,9416,9416,591,591,591,0.05,0.09,0.13,0.02,0.04,0.06,0.00,0.01,0.01,0.00,0.00,0.00,0.00,0.00,0.00,0.00,0.00,0.00,0.01,0.04,0.05,403548,575615,663071,1032189,1197335,1425733,0,0,0,0,523,2619,0,129149,0,158.52,160.35,162.38
2481,2,18,38,53,87768,87768,87768,9511,9511,9511,591,591,591,0.07,0.08,0.09,0.03,0.04,0.05,0.00,0.01,0.01,0.00,0.00,0.00,0.00,0.00,0.00,0.00,0.00,0.00,0.01,0.03,0.05,492692,945519,1377418,1121661,1637727,1917078,0,335,1676,0,1541,7709,0,144515,0,161.91,163.39,164.12
2481,3,37,48,59,87769,87769,87769,9510,9510,9510,591,591,591,0.05,0.08,0.12,0.02,0.04,0.06,0.00,0.01,0.01,0.00,0.00,0.00,0.00,0.00,0.00,0.00,0.00,0.00,0.01,0.03,0.05,419310,532527,720703,932966,1173553,1517408,0,524,2620,0,0,0,0,160355,0,173.34,177.06,180.02
2482,0,25,47,61,87886,87886,87886,9393,9393,9393,591,591,591,0.08,0.09,0.10,0.04,0.05,0.05,0.01,0.01,0.01,0.00,0.00,0.00,0.00,0.00,0.00,0.00,0.00,0.00,0.02,0.04,0.05,387867,519412,655218,883184,1167238,1457205,0,0,0,0,0,0,0,156881,0,168.72,171.23,173.15
2482,1,32,51,58,87863,87863,87863,9416,9416,9416,591,591,591,0.06,0.10,0.13,0.03,0.05,0.07,0.00,0.01,0.01,0.00,0.00,0.00,0.00,0.00,0.00,0.00,0.00,0.00,0.01,0.04,0.05,356332,615322,951312,1053277,1271512,1496417,0,524,2620,0,0,0,0,143808,0,156.80,161.22,164.22
2482,2,31,52,67,87768,87768,87768,9511,9511,9511,591,591,591,0.05,0.09,0.12,0.02,0.05,0.06,0.00,0.01,0.01,0.00,0.00,0.00,0.00,0.00,0.00,0.00,0.00,0.00,0.01,0.04,0.05,550352,721599,1032544,1090025,1362787,1761091,0,524,2620,0,0,0,0,133640,0,160.20,163.31,166.66
2482,3,34,53,69,87769,87769,87769,9510,9510,9510,591,591,591,0.07,0.09,0.11,0.04,0.05,0.05,0.01,0.01,0.01,0.00,0.00,0.00,0.00,0.00,0.00,0.00,0.00,0.00,0.01,0.04,0.05,338070,689241,954025,746898,1328165,1753414,0,524,2620,0,523,2619,0,141902,0,175.68,177.95,179.64
2483,0,32,39,51,87886,87886,87886,9393,9393,9393,591,591,591,0.05,0.08,0.10,0.02,0.04,0.05,0.00,0.01,0.01,0.00,0.00,0.00,0.00,0.00,0.00,0.00,0.00,0.00,0.01,0.03,0.05,353789,640210,1043485,875302,1274385,1476775,0,0,0,0,349,1747,0,135819,0,168.99,171.99,173.74
2483,1,25,44,54,87863,87863,87863,9416,9416,9416,591,591,591,0.05,0.08,0.10,0.02,0.04,0.05,0.00,0.01,0.01,0.00,0.00,0.00,0.00,0.00,0.00,0.00,0.00,0.00,0.01,0.03,0.05,476994,570784,649944,1066684,1250067,1472857,0,524,2620,0,0,0,0,125683,0,154.63,159.10,162.43
2483,2,26,47,64,87768,87768,87768,9511,9511,9511,591,591,591,0.05,0.08,0.10,0.02,0.04,0.05,0.00,0.01,0.01,0.00,0.00,0.00,0.00,0.00,0.00,0.00,0.00,0.00,0.01,0.03,0.05,497915,798253,1451790,1008971,1446085,2182926,0,0,0,0,524,2620,0,125540,0,158.79,163.42,166.69
2483,3,29,45,64,87769,87769,87769,9510,9510,9510,591,591,591,0.05,0.08,0.10,0.02,0.04,0.05,0.00,0.01,0.01,0.00,0.00,0.00,0.00,0.00,0.00,0.00,0.00,0.00,0.01,0.03,0.05,335451,555372,820285,791465,1221665,1611743,0,524,2620,0,0,0,0,137358,0,169.94,173.64,177.17
2484,0,30,43,63,87886,87886,87886,9393,9393,9393,591,591,591,0.05,0.09,0.12,0.02,0.05,0.06,0.00,0.01,0.01,0.00,0.00,0.00,0.00,0.00,0.00,0.00,0.00,0.00,0.01,0.04,0.05,563437,728020,943454,1181907,1445557,1672011,0,524,2620,0,524,2620,0,104178,0,169.25,170.84,176.17
2484,1,23,40,55,87863,87863,87863,9416,9416,9416,591,591,591,0.05,0.08,0.12,0.02,0.04,0.06,0.00,0.01,0.01,0.00,0.00,0.00,0.00,0.00,0.00,0.00,0.00,0.00,0.01,0.03,0.05,471722,666207,838699,1116409,1386930,1661672,0,524,2620,0,524,2620,0,96909,0,155.24,157.24,162.09
2484,2,35,47,58,87768,87768,87768,9511,9511,9511,591,591,591,0.08,0.09,0.10,0.04,0.05,0.05,0.01,0.01,0.01,0.00,0.00,0.00,0.00,0.00,0.00,0.00,0.00,0.00,0.02,0.03,0.05,471711,749547,1202963,1110921,1473398,1949901,0,0,0,0,0,0,0,128685,0,158.17,159.86,161.68
2484,3,29,44,58,87769,87769,87769,9510,9510,9510,591,591,591,0.04,0.10,0.13,0.02,0.05,0.07,0.00,0.01,0.01,0.00,0.00,0.00,0.00,0.00,0.00,0.00,0.00,0.00,0.01,0.04,0.05,351177,561537,746918,1058772,1270461,1480733,0,0,0,0,0,0,0,106910,0,171.08,173.22,176.89
2485,0,29,40,51,87886,87886,87886,9393,9393,9393,591,591,591,0.05,0.09,0.13,0.02,0.05,0.06,0.00,0.01,0.01,0.00,0.00,0.00,0.00,0.00,0.00,0.00,0.00,0.00,0.01,0.04,0.05,372143,499904,702363,922493,1134121,1501696,0,0,0,0,0,0,0,139708,0,172.51,175.91,177.92
2485,1,24,42,58,87863,87863,87863,9416,9416,9416,591,591,591,0.05,0.09,0.12,0.02,0.04,0.06,0.00,0.01,0.01,0.00,0.00,0.00,0.00,0.00,0.00,0.00,0.00,0.00,0.01,0.04,0.05,486337,591293,678891,1129218,1224592,1428554,0,655,2621,0,654,2619,0,128613,0,159.48,161.87,163.74
2485,2,40,48,55,87768,87768,87768,9511,9511,9511,591,591,591,0.08,0.09,0.10,0.04,0.04,0.05,0.01,0.01,0.01,0.00,0.00,0.00,0.00,0.00,0.00,0.00,0.00,0.00,0.03,0.04,0.04,513534,820196,1310095,948697,1381435,1997075,0,863,3452,0,655,2620,0,98797,0,160.43,162.28,163.70
2485,3,27,52,65,87769,87769,87769,9510,9510,9510,591,591,591,0.05,0.09,0.13,0.02,0.05,0.07,0.00,0.01,0.01,0.00,0.00,0.00,0.00,0.00,0.00,0.00,0.00,0.00,0.01,0.04,0.05,382597,708101,1005752,841190,1308557,1693625,0,0,0,0,651,2605,0,156276,0,171.59,174.99,177.70
2486,0,19,43,58,87886,87886,87886,9393,9393,9393,591,591,591,0.05,0.08,0.10,0.02,0.04,0.05,0.00,0.01,0.01,0.00,0.00,0.00,0.00,0.00,0.00,0.00,0.00,0.00,0.01,0.03,0.05,450751,650976,1084955,919868,1252160,1637916,0,1048,2620,0,0,0,0,159240,0,169.02,171.88,174.18
2486,1,24,49,62,87863,87863,87863,9416,9416,9416,591,591,591,0.05,0.09,0.12,0.02,0.04,0.06,0.00,0.01,0.01,0.00,0.00,0.00,0.00,0.00,0.00,0.00,0.00,0.00,0.01,0.03,0.05,351144,559430,1040433,856896,1164632,1761136,0,0,0,0,1572,2620,0,145212,0,156.67,158.68,160.56
2486,2,33,42,49,87768,87768,87768,9511,9511,9511,591,591,591,0.05,0.09,0.12,0.02,0.04,0.06,0.00,0.01,0.01,0.00,0.00,0.00,0.00,0.00,0.00,0.00,0.00,0.00,0.01,0.03,0.05,539863,852359,1213342,1153106,1505979,1884218,0,524,2620,0,524,2620,0,127411,0,159.84,162.00,164.29
2486,3,28,54,74,87769,87769,87769,9510,9510,9510,591,591,591,0.05,0.08,0.10,0.02,0.04,0.05,0.00,0.01,0.01,0.00,0.00,0.00,0.00,0.00,0.00,0.00,0.00,0.00,0.01,0.03,0.05,432413,571756,677080,953051,1141575,1323510,0,520,2604,0,0,0,0,140018,0,171.22,175.04,178.35
2487,0,54,58,62,87886,87886,87886,9393,9393,9393,591,591,591,0.09,0.10,0.12,0.04,0.05,0.06,0.01,0.01,0.01,0.00,0.00,0.00,0.00,0.00,0.00,0.00,0.00,0.00,0.03,0.04,0.05,361659,379407,431476,817664,851098,906624,0,0,0,0,349,1746,0,139947,0,173.96,176.89,180.19
2487,1,35,43,48,87863,87863,87863,9416,9416,9416,591,591,591,0.10,0.10,0.12,0.05,0.05,0.06,0.01,0.01,0.01,0.00,0.00,0.00,0.00,0.00,0.00,0.00,0.00,0.00,0.04,0.04,0.05,359033,443421,558202,809790,927201,1056130,0,1048,2620,0,0,0,0,129153,0,160.65,162.03,163.36
2487,2,51,56,60,87768,87768,87768,9511,9511,9511,591,591,591,0.09,0.10,0.10,0.04,0.05,0.05,0.00,0.01,0.01,0.00,0.00,0.00,0.00,0.00,0.00,0.00,0.00,0.00,0.04,0.04,0.04,495335,642063,1074466,959220,1120598,1603838,0,524,2620,0,1048,5240,0,132352,0,160.90,162.09,164.35
2487,3,33,44,55,87769,87769,87769,9510,9510,9510,591,591,591,0.09,0.10,0.12,0.04,0.05,0.06,0.01,0.01,0.01,0.00,0.00,0.00,0.00,0.00,0.00,0.00,0.00,0.00,0.03,0.04,0.05,258580,395694,472844,749532,904136,1106167,0,524,2620,0,526,2633,0,142203,0,172.35,177.21,180.56
2488,0,22,39,50,87886,87886,87886,9393,9393,9393,591,591,591,0.07,0.09,0.11,0.03,0.04,0.05,0.00,0.01,0.01,0.00,0.00,0.00,0.00,0.00,0.00,0.00,0.00,0.00,0.02,0.04,0.05,377366,714422,1247492,917243,1359651,1989173,0,524,2620,0,524,2620,0,140245,0,172.35,173.57,174.78
2488,1,36,51,64,87863,87863,87863,9416,9416,9416,591,591,591,0.05,0.09,0.13,0.02,0.05,0.06,0.00,0.01,0.01,0.00,0.00,0.00,0.00,0.00,0.00,0.00,0.00,0.00,0.01,0.04,0.05,374750,628961,885818,914601,1279936,1556734,0,1048,5240,0,1048,2620,0,128584,0,159.42,161.41,163.31
2488,2,24,44,58,87768,87768,87768,9511,9511,9511,591,591,591,0.05,0.09,0.11,0.02,0.05,0.06,0.00,0.01,0.01,0.00,0.00,0.00,0.00,0.00,0.00,0.00,0.00,0.00,0.01,0.04,0.05,571321,802450,1142540,1147885,1475444,1865799,0,1048,2620,0,524,2620,0,143757,0,160.79,162.30,164.36
2488,3,45,56,62,87769,87769,87769,9510,9510,9510,591,591,591,0.08,0.09,0.09,0.04,0.05,0.05,0.00,0.01,0.01,0.00,0.00,0.00,0.00,0.00,0.00,0.00,0.00,0.00,0.02,0.04,0.04,398346,543802,652568,828019,1189799,1386380,0,0,0,0,524,2620,0,140876,0,176.13,176.95,177.34
2489,0,40,46,61,87884,87884,87886,9393,9394,9395,591,591,591,0.06,0.09,0.10,0.03,0.04,0.05,0.01,0.01,0.01,0.00,0.00,0.00,0.00,0.00,0.00,0.00,0.00,0.00,0.01,0.03,0.04,351168,441851,573949,780956,960227,1297283,0,524,2620,0,0,0,0,136852,0,172.96,175.51,177.25
2489,1,21,46,58,87863,87863,87863,9416,9416,9416,591,591,591,0.06,0.08,0.11,0.03,0.04,0.05,0.00,0.01,0.01,0.00,0.00,0.00,0.00,0.00,0.00,0.00,0.00,0.00,0.01,0.03,0.05,382636,461596,567817,825552,1005484,1235222,0,0,0,0,873,2620,0,146911,0,161.75,163.28,166.40
2489,2,40,50,58,87768,87768,87768,9511,9511,9511,591,591,591,0.07,0.10,0.11,0.03,0.05,0.06,0.00,0.01,0.01,0.00,0.00,0.00,0.00,0.00,0.00,0.00,0.00,0.00,0.03,0.04,0.04,330341,860387,1727014,732570,1434177,2245905,0,342,1711,0,514,2570,0,129877,0,160.28,162.69,165.58
2489,3,24,50,68,87769,87769,87769,9510,9510,9510,591,591,591,0.05,0.09,0.10,0.02,0.04,0.05,0.00,0.01,0.01,0.00,0.00,0.00,0.00,0.00,0.00,0.00,0.00,0.00,0.01,0.03,0.04,433850,650216,841224,946106,1198718,1514779,0,524,2620,0,0,0,0,145702,0,175.49,177.64,180.06
2490,0,24,53,69,87884,87884,87884,9395,9395,9395,591,591,591,0.07,0.09,0.11,0.04,0.05,0.06,0.01,0.01,0.01,0.00,0.00,0.00,0.00,0.00,0.00,0.00,0.00,0.00,0.01,0.04,0.05,377301,642426,1260569,835984,1189208,2025822,0,0,0,0,524,2620,0,143458,0,170.53,172.08,173.75
2490,1,22,44,62,87863,87863,87863,9416,9416,9416,591,591,591,0.07,0.09,0.11,0.03,0.05,0.06,0.01,0.01,0.01,0.00,0.00,0.00,0.00,0.00,0.00,0.00,0.00,0.00,0.01,0.04,0.05,411465,592801,1009001,904176,1174072,1706129,0,524,2620,0,0,0,0,132617,0,158.08,160.90,163.52
2490,2,31,49,63,87768,87768,87768,9511,9511,9511,591,591,591,0.07,0.10,0.13,0.03,0.05,0.06,0.00,0.01,0.01,0.00,0.00,0.00,0.00,0.00,0.00,0.00,0.00,0.00,0.02,0.04,0.06,487425,879520,1517472,930301,1463941,2193652,0,0,0,0,0,0,0,132912,0,159.03,161.61,164.08
2490,3,27,52,68,87769,87769,87769,9510,9510,9510,591,591,591,0.06,0.10,0.12,0.03,0.05,0.06,0.01,0.01,0.01,0.00,0.00,0.00,0.00,0.00,0.00,0.00,0.00,0.00,0.01,0.04,0.05,385238,508168,589646,849096,1062758,1339165,0,0,0,0,0,0,0,144649,0,174.78,176.51,177.53
2491,0,30,41,52,87884,87884,87884,9395,9395,9395,591,591,591,0.05,0.09,0.11,0.02,0.04,0.05,0.00,0.01,0.01,0.00,0.00,0.00,0.00,0.00,0.00,0.00,0.00,0.00,0.01,0.04,0.05,345933,585294,930336,778351,1195401,1475534,0,0,0,0,0,0,0,102783,0,172.85,174.77,177.30
2491,1,47,54,66,87863,87863,87863,9416,9416,9416,591,591,591,0.07,0.10,0.11,0.03,0.05,0.06,0.00,0.01,0.01,0.00,0.00,0.00,0.00,0.00,0.00,0.00,0.00,0.00,0.04,0.04,0.04,340694,529907,725931,788824,1101747,1341847,0,524,2620,0,524,2620,0,94802,0,159.37,164.05,168.11
2491,2,27,47,60,87768,87768,87768,9511,9511,9511,591,591,591,0.07,0.09,0.10,0.03,0.04,0.05,0.01,0.01,0.01,0.00,0.00,0.00,0.00,0.00,0.00,0.00,0.00,0.00,0.01,0.04,0.05,487453,686635,1255362,912017,1261100,1976082,0,1048,2620,0,524,2620,0,133321,0,163.23,165.91,169.30
2491,3,54,61,67,87769,87769,87769,9510,9510,9510,591,591,591,0.05,0.09,0.11,0.02,0.04,0.06,0.00,0.01,0.01,0.00,0.00,0.00,0.00,0.00,0.00,0.00,0.00,0.00,0.01,0.04,0.05,317981,478198,707608,815041,1071011,1517427,0,0,0,0,524,2620,0,104693,0,173.11,175.43,176.78
2492,0,33,46,56,87884,87884,87884,9395,9395,9395,591,591,591,0.08,0.09,0.12,0.04,0.05,0.06,0.00,0.01,0.01,0.00,0.00,0.00,0.00,0.00,0.00,0.00,0.00,0.00,0.02,0.04,0.05,377448,537857,668254,757517,1177270,1472780,0,655,2621,0,655,2620,0,140265,0,169.64,172.33,174.75
2492,1,23,48,64,87863,87863,87863,9416,9416,9416,591,591,591,0.05,0.08,0.10,0.02,0.04,0.05,0.00,0.01,0.01,0.00,0.00,0.00,0.00,0.00,0.00,0.00,0.00,0.00,0.01,0.03,0.05,448153,571979,733828,1014241,1175405,1375845,0,655,2620,0,1310,2620,0,128796,0,158.51,159.46,161.81
2492,2,28,48,57,87768,87768,87768,9511,9511,9511,591,591,591,0.05,0.08,0.12,0.02,0.04,0.06,0.00,0.01,0.01,0.00,0.00,0.00,0.00,0.00,0.00,0.00,0.00,0.00,0.01,0.03,0.05,482203,974954,2060059,1155714,1625565,2838478,0,655,2620,0,655,2620,0,97141,0,158.29,161.32,166.40
2492,3,25,49,64,87769,87769,87769,9510,9510,9510,591,591,591,0.07,0.09,0.13,0.03,0.05,0.07,0.00,0.01,0.01,0.00,0.00,0.00,0.00,0.00,0.00,0.00,0.00,0.00,0.01,0.04,0.05,348548,494660,628989,786214,1087598,1326069,0,655,2620,0,0,0,0,157941,0,174.53,176.55,178.72
2493,0,33,37,49,87884,87884,87884,9395,9395,9395,591,591,591,0.05,0.09,0.10,0.02,0.04,0.05,0.00,0.01,0.01,0.00,0.00,0.00,0.00,0.00,0.00,0.00,0.00,0.00,0.01,0.04,0.05,421934,658342,1307841,951319,1267408,2107223,0,0,0,0,524,2620,0,156407,0,173.42,175.09,177.75
2493,1,37,54,69,87863,87863,87863,9416,9416,9416,591,591,591,0.05,0.09,0.12,0.02,0.05,0.06,0.00,0.01,0.01,0.00,0.00,0.00,0.00,0.00,0.00,0.00,0.00,0.00,0.01,0.04,0.05,393057,561333,917188,910258,1184689,1648319,0,524,2620,0,0,0,0,142164,0,161.19,162.47,163.62
2493,2,23,42,52,87768,87768,87768,9511,9511,9511,591,591,591,0.07,0.09,0.10,0.03,0.04,0.05,0.01,0.01,0.01,0.00,0.00,0.00,0.00,0.00,0.00,0.00,0.00,0.00,0.01,0.04,0.05,550178,805359,1517414,1038655,1424582,2211913,0,0,0,0,0,0,0,128699,0,161.71,164.02,167.97
2493,3,40,52,68,87769,87769,87769,9510,9510,9510,591,591,591,0.05,0.09,0.10,0.02,0.04,0.05,0.00,0.01,0.01,0.00,0.00,0.00,0.00,0.00,0.00,0.00,0.00,0.00,0.01,0.04,0.05,385246,653089,901515,867459,1258486,1517381,0,0,0,0,0,0,0,141106,0,177.53,178.65,180.78
2494,0,25,47,54,87884,87884,87884,9395,9395,9395,591,591,591,0.07,0.08,0.10,0.03,0.04,0.05,0.01,0.01,0.01,0.00,0.00,0.00,0.00,0.00,0.00,0.00,0.00,0.00,0.01,0.03,0.05,348549,534215,938232,919378,1200855,1716598,0,0,0,0,0,0,0,136694,0,170.68,172.34,174.16
2494,1,18,41,64,87863,87863,87863,9416,9416,9416,591,591,591,0.07,0.09,0.10,0.03,0.04,0.05,0.01,0.01,0.01,0.00,0.00,0.00,0.00,0.00,0.00,0.00,0.00,0.00,0.01,0.03,0.05,340702,560824,739019,880589,1247443,1572381,0,524,2620,0,0,0,0,124777,0,155.04,157.06,160.30
2494,2,38,52,60,87768,87768,87768,9511,9511,9511,591,591,591,0.05,0.09,0.13,0.02,0.04,0.06,0.00,0.01,0.01,0.00,0.00,0.00,0.00,0.00,0.00,0.00,0.00,0.00,0.01,0.03,0.05,508414,759478,1318216,1084966,1434046,2059876,0,524,2620,0,524,2620,0,126932,0,159.86,162.17,165.40
2494,3,21,50,62,87769,87769,87769,9510,9510,9510,591,591,591,0.06,0.08,0.11,0.03,0.04,0.05,0.01,0.01,0.01,0.00,0.00,0.00,0.00,0.00,0.00,0.00,0.00,0.00,0.01,0.03,0.05,463046,641865,820324,1050898,1328478,1582990,0,0,0,0,523,2619,0,136061,0,175.84,177.90,180.50
2495,0,26,49,63,87884,87884,87884,9395,9395,9395,591,591,591,0.08,0.10,0.13,0.04,0.05,0.06,0.01,0.01,0.01,0.00,0.00,0.00,0.00,0.00,0.00,0.00,0.00,0.00,0.04,0.04,0.05,364279,603272,1166148,815041,1163573,1844873,0,0,0,0,0,0,0,144293,0,172.29,176.09,179.47
2495,1,35,46,55,87863,87863,87863,9416,9416,9416,591,591,591,0.05,0.09,0.12,0.02,0.05,0.06,0.00,0.01,0.01,0.00,0.00,0.00,0.00,0.00,0.00,0.00,0.00,0.00,0.01,0.04,0.05,398230,556056,836074,943360,1141988,1580416,0,1047,2620,0,0,0,0,134682,0,156.60,160.41,162.58
2495,2,39,54,73,87768,87768,87768,9511,9511,9511,591,591,591,0.09,0.09,0.10,0.04,0.05,0.05,0.00,0.01,0.01,0.00,0.00,0.00,0.00,0.00,0.00,0.00,0.00,0.00,0.02,0.04,0.05,497934,685558,843857,927730,1245844,1543719,0,0,0,0,1572,2621,0,149744,0,159.97,164.21,166.84
2495,3,40,50,63,87769,87769,87769,9510,9510,9510,591,591,591,0.09,0.11,0.13,0.04,0.05,0.07,0.01,0.01,0.01,0.00,0.00,0.00,0.00,0.00,0.00,0.00,0.00,0.00,0.04,0.04,0.05,348553,497396,725937,778351,1068171,1459736,0,524,2620,0,0,0,0,144866,0,176.33,178.29,182.09
2496,0,23,39,59,87884,87884,87884,9395,9395,9395,591,591,591,0.05,0.08,0.10,0.03,0.04,0.05,0.00,0.01,0.01,0.00,0.00,0.00,0.00,0.00,0.00,0.00,0.00,0.00,0.02,0.03,0.04,340695,551930,739059,841250,1195586,1467634,0,524,2620,0,0,0,0,137689,0,171.40,174.87,179.09
2496,1,47,55,61,87863,87863,87863,9416,9416,9416,591,591,591,0.05,0.09,0.13,0.02,0.04,0.06,0.00,0.01,0.01,0.00,0.00,0.00,0.00,0.00,0.00,0.00,0.00,0.00,0.01,0.03,0.05,382672,521491,736417,812522,1132181,1402076,0,0,0,0,866,2584,0,140210,0,155.79,159.34,160.88
2496,2,23,47,65,87768,87768,87768,9511,9511,9511,591,591,591,0.05,0.09,0.10,0.02,0.04,0.05,0.00,0.01,0.01,0.00,0.00,0.00,0.00,0.00,0.00,0.00,0.00,0.00,0.01,0.03,0.04,444196,951897,1727050,1081972,1579083,2188296,0,524,2620,0,0,0,0,125656,0,160.60,162.87,165.26
2496,3,47,57,66,87769,87769,87769,9510,9510,9510,591,591,591,0.07,0.08,0.10,0.03,0.04,0.05,0.00,0.01,0.01,0.00,0.00,0.00,0.00,0.00,0.00,0.00,0.00,0.00,0.02,0.03,0.04,338074,796669,1281517,1001120,1431903,1923586,0,0,0,0,0,0,0,139061,0,174.89,178.44,182.78
2497,0,29,54,74,87884,87884,87884,9395,9395,9395,591,591,591,0.05,0.08,0.10,0.02,0.04,0.05,0.00,0.01,0.01,0.00,0.00,0.00,0.00,0.00,0.00,0.00,0.00,0.00,0.01,0.03,0.05,437657,707055,1119035,896280,1378993,1664138,0,1048,2620,0,524,2620,0,138955,0,169.31,171.31,174.36
2497,1,21,44,61,87863,87863,87863,9416,9416,9416,591,591,591,0.05,0.08,0.10,0.02,0.04,0.05,0.00,0.01,0.01,0.00,0.00,0.00,0.00,0.00,0.00,0.00,0.00,0.00,0.01,0.03,0.05,461242,646798,925141,1064003,1334482,1727106,0,1048,5241,0,1048,2620,0,129890,0,156.03,158.15,163.88
2497,2,30,45,59,87768,87768,87768,9511,9511,9511,591,591,591,0.05,0.09,0.13,0.02,0.04,0.06,0.00,0.01,0.01,0.00,0.00,0.00,0.00,0.00,0.00,0.00,0.00,0.00,0.01,0.03,0.05,725927,919862,1208116,1441372,1640620,1816106,0,2096,7861,0,524,2620,0,129129,0,157.76,160.74,163.39
2497,3,28,48,68,87769,87769,87769,9510,9510,9510,591,591,591,0.05,0.08,0.11,0.02,0.04,0.06,0.00,0.01,0.01,0.00,0.00,0.00,0.00,0.00,0.00,0.00,0.00,0.00,0.01,0.03,0.05,445528,589715,817696,982782,1278358,1575113,0,0,0,0,1572,7861,0,141385,0,173.95,176.07,180.13
2498,0,33,48,60,87884,87884,87884,9395,9395,9395,591,591,591,0.07,0.10,0.13,0.03,0.05,0.06,0.01,0.01,0.01,0.00,0.00,0.00,0.00,0.00,0.00,0.00,0.00,0.00,0.03,0.04,0.05,369477,526715,639501,932978,1110027,1315084,0,0,0,0,0,0,0,108156,0,167.59,172.43,175.65
2498,1,38,44,54,87863,87863,87863,9416,9416,9416,591,591,591,0.08,0.10,0.13,0.04,0.05,0.06,0.01,0.01,0.01,0.00,0.00,0.00,0.00,0.00,0.00,0.00,0.00,0.00,0.02,0.04,0.05,359044,544058,681386,807193,1117469,1451926,0,524,2620,0,524,2620,0,99925,0,158.65,161.66,163.70
2498,2,22,58,75,87768,87768,87768,9511,9511,9511,591,591,591,0.09,0.10,0.10,0.05,0.05,0.05,0.01,0.01,0.01,0.00,0.00,0.00,0.00,0.00,0.00,0.00,0.00,0.00,0.04,0.04,0.04,463794,655675,893589,898765,1183470,1389046,0,0,0,0,1572,5240,0,134487,0,159.57,163.78,166.50
2498,3,39,50,62,87769,87769,87769,9510,9510,9510,591,591,591,0.08,0.10,0.13,0.04,0.05,0.06,0.01,0.01,0.01,0.00,0.00,0.00,0.00,0.00,0.00,0.00,0.00,0.00,0.03,0.04,0.05,286528,515946,846531,725057,1119949,1614437,0,873,2620,0,0,0,0,108512,0,173.80,176.31,179.96
2499,0,44,53,61,87884,87884,87884,9395,9395,9395,591,591,591,0.08,0.09,0.11,0.04,0.05,0.05,0.01,0.01,0.01,0.00,0.00,0.00,0.00,0.00,0.00,0.00,0.00,0.00,0.02,0.04,0.05,356418,524136,673506,780974,1138030,1396850,0,0,0,0,0,0,0,140069,0,172.00,173.49,175.83
2499,1,21,47,62,87863,87863,87863,9416,9416,9416,591,591,591,0.06,0.08,0.10,0.03,0.04,0.05,0.00,0.01,0.01,0.00,0.00,0.00,0.00,0.00,0.00,0.00,0.00,0.00,0.01,0.03,0.05,511031,587694,663024,1116436,1246803,1420393,0,0,0,0,0,0,0,129684,0,155.79,158.22,159.30
2499,2,44,52,64,87768,87768,87768,9511,9511,9511,591,591,591,0.05,0.09,0.12,0.02,0.04,0.06,0.00,0.01,0.01,0.00,0.00,0.00,0.00,0.00,0.00,0.00,0.00,0.00,0.01,0.03,0.05,476968,949384,2033842,1103293,1572464,2754597,0,0,0,0,0,0,0,96407,0,159.84,161.11,162.34
2499,3,24,48,58,87769,87769,87769,9510,9510,9510,591,591,591,0.06,0.09,0.12,0.03,0.05,0.06,0.01,0.01,0.01,0.00,0.00,0.00,0.00,0.00,0.00,0.00,0.00,0.00,0.01,0.04,0.05,351176,517580,673497,875321,1138677,1381372,0,0,0,0,0,0,0,157556,0,173.88,176.37,178.70
2500,0,26,49,67,87884,87884,87884,9395,9395,9395,591,591,591,0.05,0.09,0.12,0.02,0.04,0.06,0.00,0.01,0.01,0.00,0.00,0.00,0.00,0.00,0.00,0.00,0.00,0.00,0.01,0.04,0.05,400978,645230,1284240,891036,1228605,1965674,0,0,0,0,524,2620,0,154531,0,172.19,175.08,177.41
2500,1,32,43,50,87863,87863,87863,9416,9416,9416,591,591,591,0.08,0.10,0.13,0.04,0.05,0.06,0.01,0.01,0.01,0.00,0.00,0.00,0.00,0.00,0.00,0.00,0.00,0.00,0.03,0.04,0.05,351180,613360,875984,778363,1239573,1665136,0,698,3494,0,349,1747,0,142980,0,159.82,160.39,161.86
2500,2,25,47,60,87768,87768,87768,9511,9511,9511,591,591,591,0.07,0.09,0.11,0.04,0.04,0.05,0.00,0.01,0.01,0.00,0.00,0.00,0.00,0.00,0.00,0.00,0.00,0.00,0.03,0.04,0.04,359048,825675,1436440,845835,1421344,2210964,0,846,2505,0,345,1726,0,127017,0,160.49,161.55,163.24
2500,3,33,50,67,87769,87769,87769,9510,9510,9510,591,591,591,0.05,0.09,0.11,0.02,0.04,0.06,0.00,0.01,0.01,0.00,0.00,0.00,0.00,0.00,0.00,0.00,0.00,0.00,0.01,0.04,0.05,374774,652045,964431,786240,1230191,1483337,0,0,0,0,524,2620,0,142978,0,174.61,175.43,177.26
2501,0,27,50,66,87884,87884,87884,9395,9395,9395,591,591,591,0.05,0.08,0.10,0.02,0.04,0.05,0.00,0.01,0.01,0.00,0.00,0.00,0.00,0.00,0.00,0.00,0.00,0.00,0.01,0.03,0.05,361655,580558,867496,946069,1242449,1546292,0,524,2620,0,524,2620,0,134209,0,168.97,172.50,175.20
2501,1,27,45,67,87863,87863,87863,9416,9416,9416,591,591,591,0.05,0.08,0.11,0.02,0.04,0.05,0.00,0.01,0.01,0.00,0.00,0.00,0.00,0.00,0.00,0.00,0.00,0.00,0.01,0.03,0.05,338075,580226,749533,953950,1228070,1467618,0,524,2620,0,524,2620,0,124316,0,154.56,158.27,161.30
2501,2,37,52,63,87768,87768,87768,9511,9511,9511,591,591,591,0.05,0.09,0.13,0.02,0.04,0.07,0.00,0.01,0.01,0.00,0.00,0.00,0.00,0.00,0.00,0.00,0.00,0.00,0.01,0.03,0.05,482191,774173,1341887,977485,1464476,2104562,0,0,0,0,0,0,0,124725,0,158.01,160.62,164.22
2501,3,30,49,73,87769,87769,87769,9510,9510,9510,591,591,591,0.05,0.08,0.12,0.02,0.04,0.06,0.00,0.01,0.01,0.00,0.00,0.00,0.00,0.00,0.00,0.00,0.00,0.00,0.01,0.03,0.05,484609,612163,799364,1037793,1265929,1556697,0,0,0,0,0,0,0,137750,0,173.93,175.81,176.98
2502,0,33,49,64,87884,87884,87884,9395,9395,9395,591,591,591,0.05,0.08,0.13,0.02,0.04,0.06,0.00,0.01,0.01,0.00,0.00,0.00,0.00,0.00,0.00,0.00,0.00,0.00,0.01,0.03,0.05,348440,628411,948730,872412,1298045,1755938,0,0,0,0,0,0,0,135982,0,170.02,172.20,176.16
2502,1,36,48,58,87863,87863,87863,9416,9416,9416,591,591,591,0.05,0.09,0.13,0.02,0.04,0.07,0.00,0.01,0.01,0.00,0.00,0.00,0.00,0.00,0.00,0.00,0.00,0.00,0.01,0.03,0.05,353802,638929,906734,1045684,1309836,1574992,0,0,0,0,524,2620,0,125815,0,156.52,158.03,160.13
2502,2,20,50,73,87768,87768,87768,9511,9511,9511,591,591,591,0.05,0.08,0.10,0.02,0.04,0.05,0.00,0.01,0.01,0.00,0.00,0.00,0.00,0.00,0.00,0.00,0.00,0.00,0.01,0.03,0.05,610610,789328,964424,1231300,1446081,1666777,0,524,2620,0,524,2620,0,144339,0,156.60,158.59,162.15
2502,3,32,50,61,87769,87769,87769,9510,9510,9510,591,591,591,0.05,0.08,0.13,0.02,0.04,0.07,0.00,0.01,0.01,0.00,0.00,0.00,0.00,0.00,0.00,0.00,0.00,0.00,0.01,0.03,0.05,371987,526043,631629,853998,1187831,1412648,0,524,2620,0,0,0,0,138718,0,172.73,175.99,178.40
2503,0,25,43,61,87884,87884,87884,9395,9395,9395,591,591,591,0.08,0.10,0.11,0.04,0.05,0.06,0.01,0.01,0.01,0.00,0.00,0.00,0.00,0.00,0.00,0.00,0.00,0.00,0.02,0.04,0.05,374811,558758,791489,812527,1235975,1672087,0,0,0,0,0,0,0,138345,0,169.97,172.93,175.45
2503,1,15,46,64,87863,87863,87863,9416,9416,9416,591,591,591,0.08,0.09,0.10,0.04,0.05,0.05,0.01,0.01,0.01,0.00,0.00,0.00,0.00,0.00,0.00,0.00,0.00,0.00,0.02,0.04,0.05,442862,584174,880521,1035291,1268722,1637875,0,515,2575,0,0,0,0,146117,0,157.77,159.88,162.79
2503,2,31,41,53,87768,87768,87768,9511,9511,9511,591,591,591,0.05,0.09,0.13,0.02,0.05,0.06,0.00,0.01,0.01,0.00,0.00,0.00,0.00,0.00,0.00,0.00,0.00,0.00,0.01,0.04,0.05,689279,978062,1693069,1310417,1635341,2340419,0,0,0,0,524,2620,0,131156,0,157.37,161.42,166.44
2503,3,22,54,69,87769,87769,87769,9510,9510,9510,591,591,591,0.07,0.10,0.12,0.03,0.05,0.06,0.00,0.01,0.01,0.00,0.00,0.00,0.00,0.00,0.00,0.00,0.00,0.00,0.01,0.04,0.05,573944,748002,1223946,1179520,1406364,1900130,0,0,0,0,0,0,0,139826,0,173.65,177.46,180.41
2504,0,33,45,53,87884,87884,87884,9395,9395,9395,591,591,591,0.08,0.09,0.10,0.04,0.05,0.05,0.01,0.01,0.01,0.00,0.00,0.00,0.00,0.00,0.00,0.00,0.00,0.00,0.02,0.04,0.04,406212,656240,1100696,867459,1255877,1567181,0,0,0,0,524,2620,0,135626,0,175.38,176.69,178.53
2504,1,20,51,61,87863,87863,87863,9416,9416,9416,591,591,591,0.08,0.09,0.11,0.04,0.04,0.05,0.00,0.01,0.01,0.00,0.00,0.00,0.00,0.00,0.00,0.00,0.00,0.00,0.02,0.03,0.04,343314,586468,778341,843847,1214182,1582917,0,524,2620,0,524,2620,0,126138,0,157.37,160.03,162.03
2504,2,33,50,58,87768,87768,87768,9511,9511,9511,591,591,591,0.05,0.09,0.13,0.02,0.05,0.06,0.00,0.01,0.01,0.00,0.00,0.00,0.00,0.00,0.00,0.00,0.00,0.00,0.01,0.03,0.05,351726,820390,1202869,847880,1438114,1831820,0,1193,3398,0,0,0,0,129091,0,160.58,163.35,164.71
2504,3,42,60,76,87769,87769,87769,9510,9510,9510,591,591,591,0.07,0.09,0.11,0.03,0.05,0.05,0.01,0.01,0.01,0.00,0.00,0.00,0.00,0.00,0.00,0.00,0.00,0.00,0.01,0.04,0.05,374779,536539,669900,846530,1153772,1434005,0,0,0,0,1048,2620,0,138217,0,175.34,177.44,179.35
2505,0,27,52,62,87884,87884,87884,9395,9395,9395,591,591,591,0.07,0.09,0.11,0.03,0.04,0.05,0.01,0.01,0.01,0.00,0.00,0.00,0.00,0.00,0.00,0.00,0.00,0.00,0.01,0.04,0.05,390384,578740,1108254,927732,1205292,1757661,0,524,2620,0,0,0,0,104440,0,168.29,170.91,172.97
2505,1,25,47,65,87863,87863,87863,9416,9416,9416,591,591,591,0.07,0.09,0.10,0.03,0.05,0.05,0.01,0.01,0.01,0.00,0.00,0.00,0.00,0.00,0.00,0.00,0.00,0.00,0.01,0.04,0.05,403588,519948,686612,875314,1136862,1454466,0,0,0,0,524,2620,0,96795,0,156.27,159.17,161.05
2505,2,20,44,71,87768,87768,87768,9511,9511,9511,591,591,591,0.05,0.09,0.13,0.02,0.05,0.06,0.00,0.01,0.01,0.00,0.00,0.00,0.00,0.00,0.00,0.00,0.00,0.00,0.01,0.04,0.05,524150,738514,935547,1103336,1374826,1520001,0,0,0,0,524,2620,0,130835,0,159.16,161.15,162.88
2505,3,28,49,77,87769,87769,87769,9510,9510,9510,591,591,591,0.06,0.09,0.11,0.03,0.04,0.06,0.01,0.01,0.01,0.00,0.00,0.00,0.00,0.00,0.00,0.00,0.00,0.00,0.01,0.04,0.05,505782,576408,618521,1079720,1225082,1374012,0,524,2620,0,0,0,0,106390,0,175.40,176.15,177.15
2506,0,28,45,62,87884,87884,87884,9395,9395,9395,591,591,591,0.05,0.10,0.13,0.02,0.05,0.06,0.00,0.01,0.01,0.00,0.00,0.00,0.00,0.00,0.00,0.00,0.00,0.00,0.01,0.04,0.05,479590,606701,765269,1192424,1290058,1386395,0,0,0,0,0,0,0,141063,0,170.45,172.78,174.38
2506,1,32,46,56,87863,87863,87863,9416,9416,9416,591,591,591,0.04,0.08,0.13,0.02,0.04,0.07,0.00,0.01,0.01,0.00,0.00,0.00,0.00,0.00,0.00,0.00,0.00,0.00,0.01,0.03,0.05,432437,620458,896300,1069237,1261885,1601285,0,0,0,0,0,0,0,130987,0,157.09,160.54,163.93
2506,2,17,44,58,87768,87768,87768,9511,9511,9511,591,591,591,0.09,0.09,0.10,0.04,0.05,0.05,0.01,0.01,0.01,0.00,0.00,0.00,0.00,0.00,0.00,0.00,0.00,0.00,0.02,0.03,0.05,513651,1005060,2002305,1074475,1688416,2799034,0,0,0,0,0,0,0,96701,0,159.61,162.95,164.65
2506,3,38,51,59,87769,87769,87769,9510,9510,9510,591,591,591,0.05,0.10,0.13,0.02,0.05,0.06,0.00,0.01,0.01,0.00,0.00,0.00,0.00,0.00,0.00,0.00,0.00,0.00,0.01,0.04,0.05,382630,698427,1119082,967058,1364748,1753316,0,0,0,0,0,0,0,157996,0,173.22,176.91,178.76
2507,0,28,46,58,87884,87884,87884,9395,9395,9395,591,591,591,0.05,0.09,0.13,0.02,0.05,0.06,0.00,0.01,0.01,0.00,0.00,0.00,0.00,0.00,0.00,0.00,0.00,0.00,0.01,0.04,0.05,408828,649416,1111217,943432,1256374,1598685,0,0,0,0,524,2620,0,159798,0,171.20,174.38,176.62
2507,1,28,47,66,87863,87863,87863,9416,9416,9416,591,591,591,0.05,0.10,0.13,0.02,0.05,0.07,0.00,0.01,0.01,0.00,0.00,0.00,0.00,0.00,0.00,0.00,0.00,0.00,0.01,0.04,0.08,395722,607188,839769,883168,1259593,1601595,0,1048,2620,0,0,0,0,146274,0,156.09,160.99,164.45
2507,2,18,42,52,87768,87768,87768,9511,9511,9511,591,591,591,0.07,0.09,0.11,0.04,0.04,0.06,0.00,0.01,0.01,0.00,0.00,0.00,0.00,0.00,0.00,0.00,0.00,0.00,0.02,0.04,0.05,524138,825308,1237000,1098070,1493172,2109714,0,524,2620,0,524,2620,0,132696,0,159.52,163.21,166.13
2507,3,36,53,69,87769,87769,87769,9510,9510,9510,591,591,591,0.05,0.09,0.13,0.02,0.05,0.06,0.00,0.01,0.01,0.00,0.00,0.00,0.00,0.00,0.00,0.00,0.00,0.00,0.01,0.04,0.05,361664,554534,977542,796710,1179825,1845012,0,0,0,0,524,2620,0,140768,0,173.66,177.24,180.15
2508,0,27,51,63,87884,87884,87884,9395,9395,9395,591,591,591,0.05,0.08,0.11,0.02,0.04,0.06,0.00,0.01,0.01,0.00,0.00,0.00,0.00,0.00,0.00,0.00,0.00,0.00,0.01,0.03,0.05,340709,530437,670904,820251,1134780,1475465,0,0,0,0,0,0,0,139657,0,172.38,175.58,178.64
2508,1,26,52,67,87863,87863,87863,9416,9416,9416,591,591,591,0.05,0.08,0.11,0.02,0.04,0.05,0.00,0.01,0.01,0.00,0.00,0.00,0.00,0.00,0.00,0.00,0.00,0.00,0.01,0.03,0.05,244563,537422,783630,780857,1165163,1517464,0,0,0,0,349,1746,0,129214,0,161.66,163.31,164.97
2508,2,25,49,66,87768,87768,87768,9511,9511,9511,591,591,591,0.06,0.09,0.13,0.03,0.04,0.07,0.01,0.01,0.01,0.00,0.00,0.00,0.00,0.00,0.00,0.00,0.00,0.00,0.01,0.03,0.05,470676,593106,922542,938214,1173882,1645899,0,533,2669,0,533,2669,0,132189,0,161.37,162.83,164.18
2508,3,50,54,62,87769,87769,87769,9510,9510,9510,591,591,591,0.05,0.08,0.11,0.02,0.04,0.05,0.00,0.01,0.01,0.00,0.00,0.00,0.00,0.00,0.00,0.00,0.00,0.00,0.01,0.03,0.05,343320,550365,765209,859611,1134509,1491110,0,524,2620,0,0,0,0,142180,0,175.27,176.07,177.91
2509,0,21,51,67,87884,87884,87884,9395,9395,9395,591,591,591,0.05,0.09,0.12,0.02,0.04,0.06,0.00,0.01,0.01,0.00,0.00,0.00,0.00,0.00,0.00,0.00,0.00,0.00,0.01,0.04,0.05,424561,670642,1134842,967056,1322279,1816272,0,1039,2620,0,0,0,0,137948,0,171.55,173.61,175.80
2509,1,23,49,59,87863,87863,87863,9416,9416,9416,591,591,591,0.05,0.08,0.12,0.02,0.04,0.06,0.00,0.01,0.01,0.00,0.00,0.00,0.00,0.00,0.00,0.00,0.00,0.00,0.01,0.03,0.05,382624,570270,809794,851731,1201865,1368040,0,0,0,0,1572,2620,0,128568,0,154.16,158.48,161.48
2509,2,22,43,71,87768,87768,87768,9511,9511,9511,591,591,591,0.07,0.09,0.10,0.03,0.04,0.05,0.00,0.01,0.01,0.00,0.00,0.00,0.00,0.00,0.00,0.00,0.00,0.00,0.02,0.03,0.04,495329,757389,898894,856997,1403660,1635398,0,1048,5241,0,0,0,0,145891,0,159.95,161.17,163.52
2509,3,26,48,68,87769,87769,87769,9510,9510,9510,591,591,591,0.05,0.09,0.12,0.02,0.04,0.06,0.00,0.01,0.01,0.00,0.00,0.00,0.00,0.00,0.00,0.00,0.00,0.00,0.01,0.03,0.05,424557,500209,592292,1061393,1147529,1239646,0,0,0,0,524,2620,0,140847,0,173.71,175.48,177.13
2510,0,31,47,57,87884,87884,87884,9395,9395,9395,591,591,591,0.07,0.09,0.13,0.03,0.05,0.07,0.00,0.01,0.01,0.00,0.00,0.00,0.00,0.00,0.00,0.00,0.00,0.00,0.02,0.04,0.05,377370,525726,626392,883210,1148942,1383829,0,524,2620,0,0,0,0,139413,0,172.01,173.92,175.05
2510,1,26,45,56,87863,87863,87863,9416,9416,9416,591,591,591,0.07,0.09,0.13,0.03,0.05,0.06,0.00,0.01,0.01,0.00,0.00,0.00,0.00,0.00,0.00,0.00,0.00,0.00,0.01,0.04,0.05,343305,515730,788973,867437,1094345,1444267,0,1048,2620,0,524,2620,0,141150,0,159.82,160.92,162.50
2510,2,26,51,63,87768,87768,87768,9511,9511,9511,591,591,591,0.06,0.09,0.10,0.03,0.04,0.05,0.00,0.01,0.01,0.00,0.00,0.00,0.00,0.00,0.00,0.00,0.00,0.00,0.01,0.04,0.05,597517,953904,1782038,1103311,1514196,2384786,0,524,2620,0,1572,7861,0,127196,0,160.60,162.24,164.64
2510,3,37,52,66,87769,87769,87769,9510,9510,9510,591,591,591,0.08,0.09,0.11,0.04,0.05,0.06,0.00,0.01,0.01,0.00,0.00,0.00,0.00,0.00,0.00,0.00,0.00,0.00,0.02,0.04,0.05,414060,755291,1032579,940808,1345999,1703454,0,524,2620,0,524,2620,0,156509,0,176.01,176.59,177.21
2511,0,40,50,62,87884,87884,87884,9395,9395,9395,591,591,591,0.07,0.09,0.10,0.04,0.04,0.05,0.01,0.01,0.01,0.00,0.00,0.00,0.00,0.00,0.00,0.00,0.00,0.00,0.02,0.04,0.04,76001,518905,1087572,542494,1054587,1543566,0,0,0,0,524,2620,0,156730,0,171.20,173.68,176.43
2511,1,30,48,61,87863,87863,87863,9416,9416,9416,591,591,591,0.09,0.10,0.10,0.04,0.05,0.05,0.01,0.01,0.01,0.00,0.00,0.00,0.00,0.00,0.00,0.00,0.00,0.00,0.04,0.04,0.05,406204,529028,786207,898891,1123575,1307725,0,524,2620,0,349,1747,0,132206,0,161.31,163.50,165.59
2511,2,42,53,59,87768,87768,87768,9511,9511,9511,591,591,591,0.07,0.10,0.13,0.03,0.05,0.07,0.01,0.01,0.01,0.00,0.00,0.00,0.00,0.00,0.00,0.00,0.00,0.00,0.02,0.04,0.05,458622,645159,1229088,851727,1200909,1729633,0,502,2514,0,524,2620,0,128605,0,160.57,162.96,165.01
2511,3,25,50,62,87769,87769,87769,9510,9510,9510,591,591,591,0.05,0.09,0.10,0.02,0.04,0.05,0.00,0.01,0.01,0.00,0.00,0.00,0.00,0.00,0.00,0.00,0.00,0.00,0.01,0.04,0.05,424564,555068,767904,919890,1109613,1444080,0,524,2620,0,0,0,0,143743,0,175.79,177.19,178.61
2512,0,29,47,65,87884,87884,87884,9395,9395,9395,591,591,591,0.05,0.09,0.12,0.02,0.04,0.06,0.00,0.01,0.01,0.00,0.00,0.00,0.00,0.00,0.00,0.00,0.00,0.00,0.01,0.03,0.05,332830,698173,1223947,888421,1421501,1955170,0,0,0,0,0,0,0,103261,0,167.82,170.93,174.47
2512,1,28,47,67,87863,87863,87863,9416,9416,9416,591,591,591,0.05,0.08,0.10,0.02,0.04,0.05,0.00,0.01,0.01,0.00,0.00,0.00,0.00,0.00,0.00,0.00,0.00,0.00,0.01,0.03,0.05,353784,642085,906802,911978,1325051,1582972,0,524,2620,0,0,0,0,95033,0,155.57,157.80,160.50
2512,2,26,44,59,87768,87768,87768,9511,9511,9511,591,591,591,0.05,0.09,0.13,0.02,0.04,0.06,0.00,0.01,0.01,0.00,0.00,0.00,0.00,0.00,0.00,0.00,0.00,0.00,0.01,0.04,0.05,610574,898220,1403934,1139913,1613653,2205792,0,0,0,0,0,0,0,133032,0,157.86,160.68,161.82
2512,3,25,50,65,87769,87769,87769,9510,9510,9510,591,591,591,0.06,0.08,0.10,0.03,0.04,0.05,0.00,0.01,0.01,0.00,0.00,0.00,0.00,0.00,0.00,0.00,0.00,0.00,0.01,0.03,0.05,377377,535845,652573,807168,1219950,1480738,0,0,0,0,0,0,0,103625,0,171.91,174.68,177.25
2513,0,24,38,61,87884,87884,87884,9395,9395,9395,591,591,591,0.08,0.09,0.10,0.04,0.04,0.05,0.00,0.01,0.01,0.00,0.00,0.00,0.00,0.00,0.00,0.00,0.00,0.00,0.02,0.03,0.04,314709,532260,825099,760337,1117692,1365424,0,655,2620,0,1274,2581,0,139326,0,171.38,173.20,175.20
2513,1,39,49,60,87863,87863,87863,9416,9416,9416,591,591,591,0.08,0.09,0.10,0.04,0.05,0.05,0.00,0.01,0.01,0.00,0.00,0.00,0.00,0.00,0.00,0.00,0.00,0.00,0.02,0.03,0.04,327490,505125,668298,781006,1026620,1436185,0,1309,5239,0,655,2620,0,127972,0,158.57,160.53,163.22
2513,2,51,59,67,87768,87768,87768,9511,9511,9511,591,591,591,0.05,0.08,0.12,0.02,0.04,0.06,0.00,0.01,0.01,0.00,0.00,0.00,0.00,0.00,0.00,0.00,0.00,0.00,0.01,0.03,0.05,526755,948033,1902677,1040408,1466268,2481866,0,655,2620,0,655,2620,0,116324,0,160.87,162.41,163.96
2513,3,24,57,81,87769,87769,87769,9510,9510,9510,591,591,591,0.09,0.10,0.10,0.05,0.05,0.05,0.01,0.01,0.01,0.00,0.00,0.00,0.00,0.00,0.00,0.00,0.00,0.00,0.03,0.04,0.04,232369,478729,676181,658671,1042632,1305143,0,0,0,0,655,2620,0,160143,0,172.94,175.13,177.11
2514,0,29,45,63,87884,87884,87884,9395,9395,9395,591,591,591,0.09,0.10,0.10,0.04,0.05,0.05,0.01,0.01,0.01,0.00,0.00,0.00,0.00,0.00,0.00,0.00,0.00,0.00,0.02,0.04,0.05,338078,516810,752137,815058,1124298,1464964,0,524,2620,0,0,0,0,156739,0,172.17,175.29,177.32
2514,1,12,41,54,87863,87863,87863,9416,9416,9416,591,591,591,0.06,0.09,0.11,0.03,0.05,0.06,0.00,0.01,0.01,0.00,0.00,0.00,0.00,0.00,0.00,0.00,0.00,0.00,0.02,0.04,0.05,450764,607466,702264,1019462,1250572,1535549,0,524,2620,0,1048,2620,0,142390,0,159.40,162.10,164.89
2514,2,26,48,74,87768,87768,87768,9511,9511,9511,591,591,591,0.06,0.10,0.13,0.03,0.05,0.07,0.01,0.01,0.01,0.00,0.00,0.00,0.00,0.00,0.00,0.00,0.00,0.00,0.01,0.04,0.05,545118,694998,964408,1168708,1322907,1548819,0,524,2620,0,524,2620,0,127978,0,160.72,163.55,165.97
2514,3,32,51,61,87769,87769,87769,9510,9510,9510,591,591,591,0.08,0.09,0.10,0.04,0.05,0.05,0.00,0.01,0.01,0.00,0.00,0.00,0.00,0.00,0.00,0.00,0.00,0.00,0.02,0.04,0.05,421920,704973,1158347,1019422,1312979,1892142,0,524,2620,0,0,0,0,141958,0,175.45,177.51,179.26
2515,0,25,41,56,87884,87884,87884,9395,9395,9395,591,591,591,0.06,0.09,0.10,0.03,0.05,0.05,0.01,0.01,0.01,0.00,0.00,0.00,0.00,0.00,0.00,0.00,0.00,0.00,0.01,0.04,0.05,450775,676104,1050670,985416,1283052,1511812,0,0,0,0,0,0,0,136268,0,172.74,174.36,175.64
2515,1,23,42,60,87863,87863,87863,9416,9416,9416,591,591,591,0.06,0.08,0.10,0.03,0.04,0.05,0.01,0.01,0.01,0.00,0.00,0.00,0.00,0.00,0.00,0.00,0.00,0.00,0.01,0.03,0.04,374752,561510,762561,838608,1218065,1517262,0,0,0,0,524,2620,0,126978,0,161.25,163.23,165.09
2515,2,41,49,58,87768,87768,87768,9511,9511,9511,591,591,591,0.05,0.08,0.10,0.02,0.04,0.05,0.00,0.01,0.01,0.00,0.00,0.00,0.00,0.00,0.00,0.00,0.00,0.00,0.01,0.03,0.05,513660,855915,1270260,980147,1469809,2023674,0,534,2671,0,0,0,0,126406,0,159.73,161.05,162.49
2515,3,31,53,60,87769,87769,87769,9510,9510,9510,591,591,591,0.06,0.09,0.11,0.03,0.05,0.06,0.01,0.01,0.01,0.00,0.00,0.00,0.00,0.00,0.00,0.00,0.00,0.00,0.01,0.04,0.05,398311,545589,681373,896200,1158261,1263161,0,0,0,0,0,0,0,139854,0,174.93,175.70,176.25
2516,0,19,40,55,87884,87884,87884,9395,9395,9395,591,591,591,0.05,0.08,0.10,0.02,0.04,0.05,0.00,0.01,0.01,0.00,0.00,0.00,0.00,0.00,0.00,0.00,0.00,0.00,0.01,0.03,0.05,356430,714308,1132172,1037840,1437283,1900058,0,0,0,0,0,0,0,134438,0,169.98,171.38,173.37
2516,1,18,38,51,87863,87863,87863,9416,9416,9416,591,591,591,0.05,0.08,0.13,0.02,0.04,0.07,0.00,0.01,0.01,0.00,0.00,0.00,0.00,0.00,0.00,0.00,0.00,0.00,0.01,0.03,0.05,361645,622699,954016,948665,1336072,1756018,0,524,2620,0,0,0,0,121409,0,157.40,159.89,163.97
2516,2,26,46,66,87768,87768,87768,9511,9511,9511,591,591,591,0.05,0.08,0.09,0.02,0.04,0.05,0.00,0.01,0.01,0.00,0.00,0.00,0.00,0.00,0.00,0.00,0.00,0.00,0.01,0.03,0.05,490083,732762,1069302,1058713,1406295,1845071,0,524,2620,0,1572,5241,0,142593,0,157.81,158.99,160.99
2516,3,33,48,65,87769,87769,87769,9510,9510,9510,591,591,591,0.05,0.08,0.10,0.02,0.04,0.05,0.00,0.01,0.01,0.00,0.00,0.00,0.00,0.00,0.00,0.00,0.00,0.00,0.01,0.03,0.05,351184,574467,691875,1006380,1289934,1475448,0,1048,5241,0,524,2620,0,135535,0,174.38,175.21,177.00
2517,0,25,49,62,87884,87884,87884,9395,9395,9395,591,591,591,0.05,0.09,0.11,0.03,0.04,0.06,0.00,0.01,0.01,0.00,0.00,0.00,0.00,0.00,0.00,0.00,0.00,0.00,0.01,0.03,0.05,340618,496346,820336,904159,1074269,1533217,0,0,0,0,0,0,0,140887,0,170.29,173.14,176.15
2517,1,23,47,63,87863,87863,87863,9416,9416,9416,591,591,591,0.05,0.09,0.12,0.03,0.05,0.06,0.00,0.01,0.01,0.00,0.00,0.00,0.00,0.00,0.00,0.00,0.00,0.00,0.01,0.04,0.05,429811,580228,702348,959212,1208154,1425663,0,0,0,0,0,0,0,143188,0,157.39,160.78,163.26
2517,2,30,47,61,87768,87768,87768,9511,9511,9511,591,591,591,0.08,0.10,0.13,0.04,0.05,0.06,0.01,0.01,0.01,0.00,0.00,0.00,0.00,0.00,0.00,0.00,0.00,0.00,0.02,0.04,0.05,476980,959530,1703450,1011617,1581014,2162072,0,0,0,0,524,2620,0,129977,0,157.80,160.18,163.50
2517,3,39,52,72,87769,87769,87769,9510,9510,9510,591,591,591,0.05,0.09,0.12,0.02,0.04,0.06,0.00,0.01,0.01,0.00,0.00,0.00,0.00,0.00,0.00,0.00,0.00,0.00,0.01,0.03,0.05,300498,679114,1069256,868300,1265978,1734921,0,524,2620,0,0,0,0,157269,0,172.50,176.48,178.89
2518,0,39,42,47,87884,87884,87884,9395,9395,9395,591,591,591,0.05,0.09,0.12,0.02,0.04,0.06,0.00,0.01,0.01,0.00,0.00,0.00,0.00,0.00,0.00,0.00,0.00,0.00,0.01,0.04,0.05,377386,730135,1328690,791464,1332907,1868553,0,524,2620,0,524,2620,0,155546,0,170.97,174.04,175.23
2518,1,40,46,55,87863,87863,87863,9416,9416,9416,591,591,591,0.05,0.09,0.12,0.02,0.04,0.06,0.00,0.01,0.01,0.00,0.00,0.00,0.00,0.00,0.00,0.00,0.00,0.00,0.01,0.04,0.05,380002,525187,746892,841247,1111697,1433509,0,524,2620,0,524,2620,0,129146,0,157.13,160.55,162.44
2518,2,37,48,58,87768,87768,87768,9511,9511,9511,591,591,591,0.05,0.09,0.10,0.02,0.04,0.05,0.00,0.01,0.01,0.00,0.00,0.00,0.00,0.00,0.00,0.00,0.00,0.00,0.01,0.04,0.05,497932,713847,964278,961796,1270990,1611588,0,0,0,0,0,0,0,128310,0,158.33,161.90,164.08
2518,3,25,47,70,87769,87769,87769,9510,9510,9510,591,591,591,0.05,0.09,0.12,0.02,0.04,0.06,0.00,0.01,0.01,0.00,0.00,0.00,0.00,0.00,0.00,0.00,0.00,0.00,0.01,0.04,0.05,366904,523100,673520,906778,1119581,1454490,0,0,0,0,0,0,0,141731,0,173.78,175.45,177.25
2519,0,47,53,61,87884,87884,87884,9395,9395,9395,591,591,591,0.05,0.09,0.13,0.02,0.04,0.06,0.00,0.01,0.01,0.00,0.00,0.00,0.00,0.00,0.00,0.00,0.00,0.00,0.01,0.03,0.05,327593,572339,914425,833398,1171429,1482993,0,0,0,0,524,2620,0,103410,0,172.83,175.00,177.37
2519,1,34,45,60,87863,87863,87863,9416,9416,9416,591,591,591,0.07,0.09,0.10,0.03,0.05,0.05,0.01,0.01,0.01,0.00,0.00,0.00,0.00,0.00,0.00,0.00,0.00,0.00,0.01,0.04,0.05,335433,558738,791461,754766,1179848,1575061,0,873,2620,0,524,2620,0,96758,0,155.72,160.02,163.06
2519,2,24,50,73,87768,87768,87768,9511,9511,9511,591,591,591,0.06,0.08,0.11,0.03,0.04,0.05,0.00,0.01,0.01,0.00,0.00,0.00,0.00,0.00,0.00,0.00,0.00,0.00,0.01,0.03,0.04,457824,610303,1001175,838600,1188795,1698329,0,1068,5341,0,514,2572,0,125493,0,159.34,161.71,162.54
2519,3,25,52,68,87769,87769,87769,9510,9510,9510,591,591,591,0.05,0.09,0.12,0.02,0.04,0.06,0.00,0.01,0.01,0.00,0.00,0.00,0.00,0.00,0.00,0.00,0.00,0.00,0.01,0.03,0.05,335457,503167,681443,830782,1112736,1454619,0,0,0,0,0,0,0,107143,0,174.16,174.78,175.98
2520,0,21,37,47,87884,87884,87884,9395,9395,9395,591,591,591,0.07,0.09,0.10,0.04,0.04,0.05,0.01,0.01,0.01,0.00,0.00,0.00,0.00,0.00,0.00,0.00,0.00,0.00,0.02,0.04,0.05,361645,496538,684018,788806,1105256,1441419,0,1090,2614,0,0,0,0,139319,0,171.12,173.25,174.88
2520,1,18,41,69,87863,87863,87863,9416,9416,9416,591,591,591,0.05,0.09,0.10,0.02,0.04,0.05,0.00,0.01,0.01,0.00,0.00,0.00,0.00,0.00,0.00,0.00,0.00,0.00,0.01,0.03,0.05,390429,511030,639466,867329,1149819,1417833,0,0,0,0,1310,2620,0,128519,0,161.89,163.30,164.07
2520,2,31,45,65,87768,87768,87768,9511,9511,9511,591,591,591,0.08,0.10,0.12,0.04,0.05,0.06,0.01,0.01,0.01,0.00,0.00,0.00,0.00,0.00,0.00,0.00,0.00,0.00,0.04,0.04,0.05,547718,763277,1029945,1173983,1359488,1575056,0,0,0,0,0,0,0,111027,0,159.09,160.64,162.33
2520,3,45,56,66,87769,87769,87769,9510,9510,9510,591,591,591,0.08,0.09,0.10,0.04,0.04,0.05,0.01,0.01,0.01,0.00,0.00,0.00,0.00,0.00,0.00,0.00,0.00,0.00,0.02,0.04,0.05,353794,483344,613248,927674,1073636,1318222,0,0,0,0,655,2620,0,155506,0,172.51,175.28,177.96
2521,0,37,51,61,87884,87884,87884,9395,9395,9395,591,591,591,0.05,0.09,0.13,0.02,0.04,0.06,0.00,0.01,0.01,0.00,0.00,0.00,0.00,0.00,0.00,0.00,0.00,0.00,0.01,0.03,0.05,377384,464386,652651,825528,1033075,1391798,0,0,0,0,524,2620,0,140992,0,169.38,172.93,174.70
2521,1,35,50,57,87863,87863,87863,9416,9416,9416,591,591,591,0.05,0.09,0.13,0.02,0.04,0.07,0.00,0.01,0.01,0.00,0.00,0.00,0.00,0.00,0.00,0.00,0.00,0.00,0.01,0.03,0.05,340692,503637,684018,883118,1113155,1491213,0,1047,5239,0,524,2620,0,146301,0,155.74,157.77,160.92
2521,2,21,46,60,87766,87766,87766,9513,9513,9513,591,591,591,0.05,0.08,0.10,0.02,0.04,0.05,0.00,0.01,0.01,0.00,0.00,0.00,0.00,0.00,0.00,0.00,0.00,0.00,0.01,0.03,0.05,518897,950786,1973348,982760,1561410,2688785,0,1048,2620,0,1572,5241,0,131176,0,155.16,158.95,162.17
2521,3,32,56,78,87769,87769,87769,9510,9510,9510,591,591,591,0.05,0.09,0.13,0.02,0.04,0.07,0.00,0.01,0.01,0.00,0.00,0.00,0.00,0.00,0.00,0.00,0.00,0.00,0.01,0.03,0.05,370759,674374,1197860,859012,1243804,2015655,0,1048,2621,0,524,2621,0,139289,0,173.50,176.69,179.09
2522,0,28,45,55,87884,87884,87884,9395,9395,9395,591,591,591,0.05,0.08,0.10,0.02,0.04,0.05,0.00,0.01,0.01,0.00,0.00,0.00,0.00,0.00,0.00,0.00,0.00,0.00,0.01,0.03,0.05,424546,682421,1155722,948678,1284652,1792549,0,0,0,0,524,2620,0,138319,0,169.81,173.09,175.13
2522,1,27,45,65,87863,87863,87863,9416,9416,9416,591,591,591,0.07,0.09,0.10,0.03,0.04,0.05,0.00,0.01,0.01,0.00,0.00,0.00,0.00,0.00,0.00,0.00,0.00,0.00,0.02,0.03,0.05,419299,563674,967304,946044,1165419,1617416,0,873,2620,0,524,2620,0,129470,0,157.96,161.13,163.97
2522,2,34,48,67,87766,87766,87766,9513,9513,9513,591,591,591,0.07,0.09,0.13,0.03,0.04,0.07,0.00,0.01,0.01,0.00,0.00,0.00,0.00,0.00,0.00,0.00,0.00,0.00,0.02,0.04,0.05,516277,786749,1137403,938209,1402103,1805694,0,0,0,0,524,2620,0,128141,0,160.10,162.50,163.59
2522,3,28,56,67,87769,87769,87769,9510,9510,9510,591,591,591,0.05,0.09,0.10,0.02,0.04,0.05,0.00,0.01,0.01,0.00,0.00,0.00,0.00,0.00,0.00,0.00,0.00,0.00,0.01,0.03,0.05,403576,596072,739037,888392,1186852,1408968,0,0,0,0,0,0,0,141487,0,170.06,174.52,178.04
2523,0,25,49,75,87884,87884,87884,9395,9395,9395,591,591,591,0.05,0.09,0.10,0.02,0.04,0.05,0.00,0.01,0.01,0.00,0.00,0.00,0.00,0.00,0.00,0.00,0.00,0.00,0.01,0.04,0.05,359041,601201,1022140,796705,1201349,1611837,0,524,2620,0,0,0,0,136547,0,169.54,172.47,175.31
2523,1,24,51,79,87863,87863,87863,9416,9416,9416,591,591,591,0.05,0.08,0.13,0.02,0.04,0.07,0.00,0.01,0.01,0.00,0.00,0.00,0.00,0.00,0.00,0.00,0.00,0.00,0.01,0.03,0.05,353787,611656,998431,636817,1199732,1713842,0,0,0,0,1048,2620,0,127778,0,159.13,160.77,163.45
2523,2,16,42,57,87766,87766,87766,9513,9513,9513,591,591,591,0.07,0.09,0.10,0.04,0.04,0.05,0.01,0.01,0.01,0.00,0.00,0.00,0.00,0.00,0.00,0.00,0.00,0.00,0.02,0.03,0.05,358701,660755,985366,762676,1283189,1805632,0,1231,3482,0,0,0,0,127835,0,160.36,161.05,162.54
2523,3,34,53,62,87769,87769,87769,9510,9510,9510,591,591,591,0.05,0.09,0.10,0.02,0.04,0.05,0.00,0.01,0.01,0.00,0.00,0.00,0.00,0.00,0.00,0.00,0.00,0.00,0.01,0.04,0.05,398356,582744,849087,925131,1193809,1527921,0,0,0,0,524,2620,0,140717,0,171.53,173.46,175.47
2524,0,27,42,58,87884,87884,87884,9395,9395,9395,591,591,591,0.05,0.09,0.13,0.02,0.05,0.07,0.00,0.01,0.01,0.00,0.00,0.00,0.00,0.00,0.00,0.00,0.00,0.00,0.01,0.04,0.05,408765,626955,967104,940685,1330613,1824132,0,520,2600,0,0,0,0,139902,0,168.47,171.15,173.40
2524,1,18,44,65,87863,87863,87863,9416,9416,9416,591,591,591,0.09,0.09,0.10,0.04,0.05,0.05,0.01,0.01,0.01,0.00,0.00,0.00,0.00,0.00,0.00,0.00,0.00,0.00,0.02,0.04,0.05,393142,581777,660454,817735,1281486,1465056,0,0,0,0,524,2620,0,129568,0,156.84,159.45,161.25
2524,2,26,50,60,87766,87766,87766,9513,9513,9513,591,591,591,0.05,0.09,0.13,0.02,0.05,0.07,0.00,0.01,0.01,0.00,0.00,0.00,0.00,0.00,0.00,0.00,0.00,0.00,0.01,0.04,0.05,529297,885227,1858133,1121263,1549270,2576227,0,0,0,0,524,2620,0,142820,0,158.72,160.94,162.25
2524,3,23,43,58,87769,87769,87769,9510,9510,9510,591,591,591,0.07,0.09,0.10,0.04,0.05,0.05,0.00,0.01,0.01,0.00,0.00,0.00,0.00,0.00,0.00,0.00,0.00,0.00,0.03,0.04,0.05,364273,659898,1084956,1045648,1381649,1868535,0,524,2620,0,0,0,0,157444,0,170.05,173.92,177.34
2525,0,28,48,62,87884,87884,87884,9395,9395,9395,591,591,591,0.05,0.08,0.13,0.02,0.04,0.07,0.00,0.01,0.01,0.00,0.00,0.00,0.00,0.00,0.00,0.00,0.00,0.00,0.01,0.03,0.05,395734,724361,1202858,948635,1421470,1899939,0,0,0,0,524,2620,0,155569,0,170.38,172.75,176.41
2525,1,28,48,60,87863,87863,87863,9416,9416,9416,591,591,591,0.05,0.08,0.13,0.02,0.04,0.06,0.00,0.01,0.01,0.00,0.00,0.00,0.00,0.00,0.00,0.00,0.00,0.00,0.01,0.03,0.05,655149,762562,995590,1315560,1466856,1634319,0,524,2620,0,0,0,0,123928,0,157.23,158.12,161.16
2525,2,16,45,66,87766,87766,87766,9513,9513,9513,591,591,591,0.05,0.08,0.10,0.02,0.04,0.05,0.00,0.01,0.01,0.00,0.00,0.00,0.00,0.00,0.00,0.00,0.00,0.00,0.01,0.03,0.05,482172,895753,1221218,1090128,1648935,2012863,0,0,0,0,0,0,0,127303,0,157.26,158.97,161.69
2525,3,34,50,63,87769,87769,87769,9510,9510,9510,591,591,591,0.05,0.08,0.13,0.02,0.04,0.07,0.00,0.01,0.01,0.00,0.00,0.00,0.00,0.00,0.00,0.00,0.00,0.00,0.01,0.03,0.05,380008,610601,830774,971923,1300895,1635341,0,0,0,0,0,0,0,137884,0,174.43,175.73,178.27
2526,0,31,50,63,87884,87884,87884,9395,9395,9395,591,591,591,0.05,0.09,0.12,0.02,0.04,0.06,0.00,0.01,0.01,0.00,0.00,0.00,0.00,0.00,0.00,0.00,0.00,0.00,0.01,0.03,0.05,340690,490078,754756,780966,1109098,1519995,0,0,0,0,0,0,0,140134,0,171.47,173.94,176.97
2526,1,14,39,63,87863,87863,87863,9416,9416,9416,591,591,591,0.08,0.09,0.10,0.04,0.05,0.05,0.00,0.01,0.01,0.00,0.00,0.00,0.00,0.00,0.00,0.00,0.00,0.00,0.02,0.04,0.05,332730,533228,715565,979851,1214597,1533354,0,523,2619,0,523,2619,0,96520,0,158.50,160.37,162.58
2526,2,31,52,64,87766,87766,87766,9513,9513,9513,591,591,591,0.05,0.09,0.13,0.02,0.04,0.07,0.00,0.01,0.01,0.00,0.00,0.00,0.00,0.00,0.00,0.00,0.00,0.00,0.01,0.03,0.05,542479,702224,1069240,1056131,1350796,1713929,0,1048,2620,0,524,2620,0,127711,0,158.74,160.38,161.99
2526,3,25,54,63,87769,87769,87769,9510,9510,9510,591,591,591,0.05,0.09,0.12,0.02,0.04,0.06,0.00,0.01,0.01,0.00,0.00,0.00,0.00,0.00,0.00,0.00,0.00,0.00,0.01,0.03,0.05,401014,558208,626356,1019571,1207108,1457218,0,0,0,0,524,2620,0,106145,0,173.27,175.73,178.91
2527,0,26,53,65,87884,87884,87884,9395,9395,9395,591,591,591,0.05,0.08,0.13,0.02,0.04,0.07,0.00,0.01,0.01,0.00,0.00,0.00,0.00,0.00,0.00,0.00,0.00,0.00,0.01,0.03,0.05,364281,681919,1129546,867461,1350732,1779494,0,524,2620,0,524,2620,0,103108,0,170.31,172.20,174.92
2527,1,26,51,64,87863,87863,87863,9416,9416,9416,591,591,591,0.05,0.08,0.10,0.02,0.04,0.05,0.00,0.01,0.01,0.00,0.00,0.00,0.00,0.00,0.00,0.00,0.00,0.00,0.01,0.03,0.05,351169,644181,856982,956544,1329770,1517369,0,524,2620,0,1048,2620,0,123051,0,157.00,158.75,160.63
2527,2,49,55,63,87766,87766,87766,9513,9513,9513,591,591,591,0.05,0.08,0.12,0.02,0.04,0.06,0.01,0.01,0.01,0.00,0.00,0.00,0.00,0.00,0.00,0.00,0.00,0.00,0.01,0.03,0.05,489148,682680,954057,1105824,1361052,1682705,0,524,2620,0,348,1743,0,128862,0,158.85,161.84,165.67
2527,3,24,48,62,87769,87769,87769,9510,9510,9510,591,591,591,0.05,0.08,0.13,0.02,0.04,0.07,0.00,0.01,0.01,0.00,0.00,0.00,0.00,0.00,0.00,0.00,0.00,0.00,0.01,0.03,0.05,349142,547291,720539,890997,1226827,1436189,0,524,2620,0,0,0,0,135029,0,173.36,175.00,177.52
2528,0,27,42,60,87884,87884,87884,9395,9395,9395,591,591,591,0.05,0.09,0.13,0.02,0.04,0.06,0.00,0.01,0.01,0.00,0.00,0.00,0.00,0.00,0.00,0.00,0.00,0.00,0.01,0.03,0.05,380004,533969,715436,964426,1183593,1362735,0,0,0,0,0,0,0,134805,0,169.51,170.16,171.04
2528,1,32,48,60,87863,87863,87863,9416,9416,9416,591,591,591,0.05,0.08,0.13,0.02,0.04,0.06,0.00,0.01,0.01,0.00,0.00,0.00,0.00,0.00,0.00,0.00,0.00,0.00,0.01,0.03,0.05,369515,503835,605387,940821,1138051,1341811,0,0,0,0,0,0,0,123484,0,156.90,157.98,160.58
2528,2,19,43,55,87766,87766,87766,9513,9513,9513,591,591,591,0.06,0.08,0.09,0.03,0.04,0.05,0.00,0.01,0.01,0.00,0.00,0.00,0.00,0.00,0.00,0.00,0.00,0.00,0.01,0.03,0.05,545003,1175974,2182935,1029450,1879406,2971290,0,0,0,0,0,0,0,96680,0,157.81,159.00,161.73
2528,3,42,54,73,87769,87769,87769,9510,9510,9510,591,591,591,0.05,0.09,0.13,0.02,0.04,0.06,0.00,0.01,0.01,0.00,0.00,0.00,0.00,0.00,0.00,0.00,0.00,0.00,0.01,0.03,0.05,440289,801278,1001122,1147897,1502317,1774240,0,0,0,0,0,0,0,153424,0,171.59,171.95,172.59
2529,0,24,41,55,87884,87884,87884,9395,9395,9395,591,591,591,0.05,0.08,0.09,0.02,0.04,0.05,0.00,0.01,0.01,0.00,0.00,0.00,0.00,0.00,0.00,0.00,0.00,0.00,0.01,0.03,0.05,356423,669836,1179360,985406,1375833,1881734,0,0,0,0,524,2620,0,155180,0,168.03,170.53,173.81
2529,1,21,44,55,87863,87863,87863,9416,9416,9416,591,591,591,0.05,0.08,0.10,0.02,0.04,0.05,0.00,0.01,0.01,0.00,0.00,0.00,0.00,0.00,0.00,0.00,0.00,0.00,0.01,0.03,0.05,398341,622932,982820,943176,1294570,1716658,0,1047,2620,0,0,0,0,129086,0,155.04,157.07,161.32
2529,2,26,41,54,87766,87766,87766,9513,9513,9513,591,591,591,0.05,0.08,0.13,0.02,0.04,0.07,0.00,0.01,0.01,0.00,0.00,0.00,0.00,0.00,0.00,0.00,0.00,0.00,0.01,0.03,0.05,631599,831302,1274186,1268441,1556246,1984992,0,0,0,0,524,2620,0,128964,0,159.39,161.39,165.39
2529,3,37,54,69,87769,87769,87769,9510,9510,9510,591,591,591,0.05,0.08,0.10,0.02,0.04,0.05,0.00,0.01,0.01,0.00,0.00,0.00,0.00,0.00,0.00,0.00,0.00,0.00,0.01,0.03,0.05,345942,633204,849149,961824,1311096,1658986,0,0,0,0,0,0,0,141968,0,170.96,174.74,178.35
2530,0,41,63,100,87884,87884,87884,9395,9395,9395,591,591,591,0.05,0.09,0.12,0.02,0.04,0.06,0.00,0.01,0.01,0.00,0.00,0.00,0.00,0.00,0.00,0.00,0.00,0.00,0.01,0.04,0.05,414129,605913,927804,922480,1134250,1331373,0,0,0,0,0,0,0,129674,0,169.62,172.03,174.59
2530,1,23,60,100,87863,87863,87863,9416,9416,9416,591,591,591,0.01,0.08,0.12,0.00,0.04,0.06,0.00,0.01,0.01,0.00,0.00,0.00,0.00,0.00,0.00,0.00,0.00,0.00,0.00,0.03,0.05,338062,500915,781000,602791,971950,1593451,0,524,2620,0,0,0,0,120143,0,150.31,159.01,163.82
2530,2,21,56,74,87766,87766,87766,9513,9513,9513,591,591,591,0.03,0.09,0.10,0.01,0.04,0.05,0.00,0.01,0.01,0.00,0.00,0.00,0.00,0.00,0.00,0.00,0.00,0.00,0.01,0.03,0.05,391636,625967,1084981,733239,1110481,1554092,0,524,2620,0,526,2632,0,125317,0,159.28,160.75,163.45
2530,3,42,47,54,87769,87769,87769,9510,9510,9510,591,591,591,0.05,0.09,0.12,0.02,0.04,0.06,0.00,0.01,0.01,0.00,0.00,0.00,0.00,0.00,0.00,0.00,0.00,0.00,0.01,0.04,0.05,327502,450871,610633,665484,979388,1320855,0,0,0,0,524,2620,0,132957,0,172.39,175.20,177.73
2531,0,39,52,80,87884,87884,87884,9395,9395,9395,591,591,591,0.01,0.08,0.12,0.00,0.04,0.06,0.00,0.01,0.01,0.00,0.00,0.00,0.00,0.00,0.00,0.00,0.00,0.00,0.00,0.03,0.05,309251,498469,736417,456014,985933,1446742,0,0,0,0,0,0,0,139206,0,166.57,169.48,173.26
2531,1,40,53,76,87863,87863,87863,9416,9416,9416,591,591,591,0.05,0.09,0.10,0.02,0.04,0.05,0.00,0.01,0.01,0.00,0.00,0.00,0.00,0.00,0.00,0.00,0.00,0.00,0.01,0.04,0.05,390498,492693,741663,864810,1029939,1347050,0,524,2620,0,524,2620,0,127848,0,150.08,153.33,158.73
2531,2,18,54,100,87766,87766,87766,9513,9513,9513,591,591,591,0.05,0.09,0.13,0.03,0.04,0.06,0.00,0.01,0.01,0.00,0.00,0.00,0.00,0.00,0.00,0.00,0.00,0.00,0.01,0.04,0.07,526747,933503,1991767,1035150,1485950,2877580,0,524,2620,0,1048,2620,0,145416,0,152.31,156.51,162.29
2531,3,47,62,100,87769,87769,87769,9510,9510,9510,591,591,591,0.01,0.08,0.12,0.00,0.04,0.06,0.00,0.01,0.01,0.00,0.00,0.00,0.00,0.00,0.00,0.00,0.00,0.00,0.00,0.03,0.05,301303,384096,446853,317023,825822,1078065,0,516,2582,0,0,0,0,155233,0,170.94,173.73,176.19
2532,0,22,68,100,87884,87884,87884,9395,9395,9395,591,591,591,0.05,0.07,0.10,0.02,0.03,0.05,0.00,0.01,0.01,0.00,0.00,0.00,0.00,0.00,0.00,0.00,0.00,0.00,0.01,0.03,0.05,211088,464154,807187,548485,1005460,1530510,0,524,2620,0,0,0,0,149931,0,162.22,166.98,171.83
2532,1,20,64,100,87863,87863,87863,9416,9416,9416,591,591,591,0.05,0.07,0.11,0.02,0.04,0.05,0.00,0.01,0.01,0.00,0.00,0.00,0.00,0.00,0.00,0.00,0.00,0.00,0.01,0.03,0.05,306522,584424,665666,615664,1135826,1370562,0,0,0,0,524,2620,0,138278,0,148.17,153.54,158.47
2532,2,32,61,100,87766,87766,87766,9513,9513,9513,591,591,591,0.01,0.06,0.11,0.00,0.03,0.06,0.00,0.00,0.01,0.00,0.00,0.00,0.00,0.00,0.00,0.00,0.00,0.00,0.00,0.02,0.05,458632,679822,1218666,476977,1176191,2025869,0,0,0,0,0,0,0,122395,0,151.26,155.64,160.86
2532,3,31,52,74,87769,87769,87769,9510,9510,9510,591,591,591,0.03,0.07,0.12,0.01,0.03,0.06,0.00,0.01,0.01,0.00,0.00,0.00,0.00,0.00,0.00,0.00,0.00,0.00,0.01,0.02,0.05,314476,676674,1119087,631573,1196104,1769049,0,0,0,0,0,0,0,135114,0,166.91,170.54,175.14
2533,0,39,58,100,87884,87884,87884,9395,9395,9395,591,591,591,0.01,0.07,0.11,0.00,0.03,0.06,0.00,0.01,0.01,0.00,0.00,0.00,0.00,0.00,0.00,0.00,0.00,0.00,0.00,0.03,0.05,301380,638934,1082356,314483,1090753,1499050,0,1048,2620,0,524,2620,0,132737,0,166.23,169.05,173.10
2533,1,23,51,100,87863,87863,87863,9416,9416,9416,591,591,591,0.01,0.07,0.11,0.00,0.03,0.06,0.00,0.01,0.01,0.00,0.00,0.00,0.00,0.00,0.00,0.00,0.00,0.00,0.00,0.03,0.05,311892,518377,781010,324997,996825,1438840,0,1048,5241,0,1565,2620,0,120624,0,152.65,154.49,157.29
2533,2,26,55,79,87766,87766,87766,9513,9513,9513,591,591,591,0.01,0.08,0.11,0.00,0.04,0.05,0.00,0.01,0.01,0.00,0.00,0.00,0.00,0.00,0.00,0.00,0.00,0.00,0.00,0.03,0.05,532015,762106,1236953,788864,1252183,1635295,0,2096,7862,0,524,2620,0,121998,0,153.90,157.24,160.79
2533,3,39,61,100,87769,87769,87769,9510,9510,9510,591,591,591,0.01,0.08,0.11,0.00,0.04,0.06,0.00,0.01,0.01,0.00,0.00,0.00,0.00,0.00,0.00,0.00,0.00,0.00,0.00,0.03,0.05,311863,533585,767857,327588,1009518,1499025,0,0,0,0,1572,5241,0,135767,0,170.42,172.80,176.01
2534,0,23,58,100,87884,87884,87884,9395,9395,9395,591,591,591,0.01,0.06,0.09,0.00,0.03,0.05,0.00,0.00,0.01,0.00,0.00,0.00,0.00,0.00,0.00,0.00,0.00,0.00,0.00,0.02,0.05,340702,659923,1179358,657815,1139010,1897457,0,0,0,0,0,0,0,100135,0,159.10,162.07,165.82
2534,1,21,60,100,87863,87863,87863,9416,9416,9416,591,591,591,0.01,0.06,0.11,0.00,0.03,0.06,0.00,0.00,0.01,0.00,0.00,0.00,0.00,0.00,0.00,0.00,0.00,0.00,0.00,0.02,0.05,295267,493581,898916,440319,946102,1588172,0,524,2620,0,0,0,0,91539,0,145.51,146.44,148.95
2534,2,33,67,100,87766,87766,87766,9513,9513,9513,591,591,591,0.01,0.05,0.09,0.00,0.02,0.05,0.00,0.00,0.01,0.00,0.00,0.00,0.00,0.00,0.00,0.00,0.00,0.00,0.00,0.02,0.05,426201,595478,796672,454443,1009647,1574999,0,0,0,0,692,3461,0,120435,0,148.08,150.26,153.30
2534,3,26,71,100,87769,87769,87769,9510,9510,9510,591,591,591,0.01,0.06,0.09,0.00,0.03,0.05,0.00,0.00,0.01,0.00,0.00,0.00,0.00,0.00,0.00,0.00,0.00,0.00,0.00,0.02,0.05,294278,482915,726013,309767,933132,1386502,0,524,2620,0,0,0,0,104041,0,161.36,164.52,168.92
2535,0,30,58,100,87884,87884,87884,9395,9395,9395,591,591,591,0.04,0.08,0.13,0.02,0.04,0.06,0.00,0.01,0.01,0.00,0.00,0.00,0.00,0.00,0.00,0.00,0.00,0.00,0.01,0.03,0.05,330194,558209,647075,835967,1073162,1308127,0,0,0,0,0,0,0,131456,0,161.44,164.43,167.61
2535,1,31,69,100,87863,87863,87863,9416,9416,9416,591,591,591,0.01,0.07,0.12,0.00,0.03,0.06,0.00,0.01,0.01,0.00,0.00,0.00,0.00,0.00,0.00,0.00,0.00,0.00,0.00,0.02,0.05,345936,526784,836048,684010,995246,1465051,0,0,0,0,0,0,0,119976,0,143.82,147.79,152.04
2535,2,22,58,100,87766,87766,87766,9513,9513,9513,591,591,591,0.04,0.08,0.12,0.02,0.04,0.06,0.00,0.01,0.01,0.00,0.00,0.00,0.00,0.00,0.00,0.00,0.00,0.00,0.01,0.03,0.05,490045,986009,2177989,835959,1540691,2681207,0,0,0,0,668,2675,0,102658,0,147.00,150.83,155.46
2535,3,55,59,63,87769,87769,87769,9510,9510,9510,591,591,591,0.03,0.07,0.10,0.01,0.04,0.05,0.00,0.01,0.01,0.00,0.00,0.00,0.00,0.00,0.00,0.00,0.00,0.00,0.01,0.03,0.04,343273,617142,828289,838530,1119840,1541246,0,655,2620,0,0,0,0,149695,0,160.57,165.93,169.94
2536,0,0,35,49,87884,87884,87884,9395,9395,9395,591,591,591,0.02,0.08,0.12,0.01,0.04,0.06,0.00,0.01,0.01,0.00,0.00,0.00,0.00,0.00,0.00,0.00,0.00,0.00,0.01,0.03,0.05,234124,530595,1153112,562596,977327,1695600,0,0,0,0,0,0,0,155010,0,166.43,171.06,178.03
2536,1,39,51,70,87863,87863,87863,9416,9416,9416,591,591,591,0.06,0.09,0.10,0.03,0.04,0.05,0.01,0.01,0.01,0.00,0.00,0.00,0.00,0.00,0.00,0.00,0.00,0.00,0.01,0.04,0.05,398343,624720,880526,739032,1074390,1381064,0,0,0,0,0,0,0,132048,0,151.61,155.63,162.74
2536,2,34,54,62,87766,87766,87766,9513,9513,9513,591,591,591,0.04,0.09,0.10,0.02,0.04,0.05,0.00,0.01,0.01,0.00,0.00,0.00,0.00,0.00,0.00,0.00,0.00,0.00,0.01,0.03,0.05,490049,699729,998485,712799,1137389,1462348,0,0,0,0,0,0,0,132850,0,150.52,155.99,163.39
2536,3,60,69,90,87769,87769,87769,9510,9510,9510,591,591,591,0.06,0.09,0.11,0.02,0.04,0.05,0.00,0.01,0.01,0.00,0.00,0.00,0.00,0.00,0.00,0.00,0.00,0.00,0.01,0.04,0.05,327584,434521,534654,639444,884242,988037,0,0,0,0,0,0,0,145518,0,166.37,170.27,178.54
2537,0,36,59,100,87884,87884,87884,9395,9395,9395,591,591,591,0.05,0.08,0.11,0.02,0.04,0.05,0.00,0.01,0.01,0.00,0.00,0.00,0.00,0.00,0.00,0.00,0.00,0.00,0.01,0.03,0.05,366899,523100,636894,773078,1011082,1396860,0,524,2620,0,524,2620,0,140458,0,166.15,167.06,169.78
2537,1,32,60,100,87863,87863,87863,9416,9416,9416,591,591,591,0.05,0.08,0.11,0.02,0.04,0.05,0.00,0.01,0.01,0.00,0.00,0.00,0.00,0.00,0.00,0.00,0.00,0.00,0.01,0.03,0.05,296118,500016,794127,503139,986342,1572530,0,1048,2620,0,1039,2620,0,129423,0,154.64,155.59,156.59
2537,2,24,59,91,87766,87766,87766,9513,9513,9513,591,591,591,0.01,0.08,0.13,0.00,0.04,0.06,0.00,0.01,0.01,0.00,0.00,0.00,0.00,0.00,0.00,0.00,0.00,0.00,0.00,0.03,0.05,445517,659399,804656,458621,1146354,1509713,0,1048,2621,0,524,2620,0,130885,0,154.93,157.10,159.57
2537,3,32,56,100,87769,87769,87769,9510,9510,9510,591,591,591,0.04,0.08,0.11,0.02,0.04,0.05,0.00,0.01,0.01,0.00,0.00,0.00,0.00,0.00,0.00,0.00,0.00,0.00,0.01,0.03,0.05,314475,530438,804616,458610,1009508,1388974,0,0,0,0,524,2620,0,139935,0,168.40,170.06,172.40
2538,0,55,79,100,87884,87884,87884,9395,9395,9395,591,591,591,0.01,0.06,0.09,0.00,0.03,0.04,0.00,0.00,0.01,0.00,0.00,0.00,0.00,0.00,0.00,0.00,0.00,0.00,0.00,0.02,0.05,309244,592301,893675,324968,1032075,1480724,0,0,0,0,524,2620,0,123861,0,158.97,165.30,172.54
2538,1,51,77,100,87863,87863,87863,9416,9416,9416,591,591,591,0.01,0.06,0.09,0.00,0.03,0.05,0.00,0.00,0.01,0.00,0.00,0.00,0.00,0.00,0.00,0.00,0.00,0.00,0.00,0.02,0.05,319733,450757,613202,479600,878448,1315501,0,524,2620,0,0,0,0,113274,0,145.34,150.65,160.47
2538,2,21,56,100,87766,87766,87766,9513,9513,9513,591,591,591,0.03,0.06,0.09,0.01,0.03,0.05,0.00,0.00,0.01,0.00,0.00,0.00,0.00,0.00,0.00,0.00,0.00,0.00,0.01,0.02,0.05,293755,676294,885855,470009,1189119,1672128,0,0,0,0,0,0,0,114689,0,148.92,156.87,165.06
2538,3,20,54,100,87769,87769,87769,9510,9510,9510,591,591,591,0.01,0.06,0.09,0.00,0.03,0.05,0.00,0.00,0.01,0.00,0.00,0.00,0.00,0.00,0.00,0.00,0.00,0.00,0.00,0.02,0.04,301309,468764,655196,314410,927791,1391843,0,0,0,0,0,0,0,127829,0,164.45,170.66,178.08
2539,0,32,64,100,87884,87884,87884,9395,9395,9395,591,591,591,0.00,0.08,0.13,0.00,0.04,0.06,0.00,0.01,0.01,0.00,0.00,0.00,0.00,0.00,0.00,0.00,0.00,0.00,0.00,0.03,0.05,225360,447422,840282,559032,923403,1327174,0,0,0,0,0,0,0,127929,0,160.60,168.71,173.11
2539,1,45,67,100,87863,87863,87863,9416,9416,9416,591,591,591,0.02,0.07,0.12,0.00,0.03,0.06,0.00,0.01,0.01,0.00,0.00,0.00,0.00,0.00,0.00,0.00,0.00,0.00,0.00,0.03,0.05,324961,466494,681401,670888,899966,1389009,0,0,0,0,524,2620,0,136801,0,148.00,153.81,158.61
2539,2,47,63,81,87766,87766,87766,9513,9513,9513,591,591,591,0.02,0.07,0.10,0.01,0.03,0.05,0.00,0.01,0.01,0.00,0.00,0.00,0.00,0.00,0.00,0.00,0.00,0.00,0.00,0.03,0.04,461118,924044,1910496,665477,1378263,2439879,0,524,2620,0,534,2673,0,122976,0,149.09,154.14,158.90
2539,3,46,60,76,87769,87769,87769,9510,9510,9510,591,591,591,0.01,0.07,0.13,0.00,0.03,0.06,0.00,0.01,0.01,0.00,0.00,0.00,0.00,0.00,0.00,0.00,0.00,0.00,0.00,0.02,0.05,338082,520464,938266,676164,935038,1509612,0,524,2620,0,0,0,0,151719,0,161.52,169.44,174.88
2540,0,26,66,100,87884,87884,87884,9395,9395,9395,591,591,591,0.01,0.07,0.10,0.00,0.03,0.05,0.00,0.00,0.01,0.00,0.00,0.00,0.00,0.00,0.00,0.00,0.00,0.00,0.00,0.03,0.05,324955,601734,1150570,343313,1002190,1624950,0,0,0,0,0,0,0,144737,0,159.03,160.05,162.55
2540,1,26,65,100,87863,87863,87863,9416,9416,9416,591,591,591,0.01,0.07,0.10,0.00,0.03,0.05,0.00,0.00,0.01,0.00,0.00,0.00,0.00,0.00,0.00,0.00,0.00,0.00,0.00,0.03,0.05,298789,424723,670949,314515,795886,1299965,0,0,0,0,0,0,0,120603,0,144.55,147.77,150.94
2540,2,36,73,100,87766,87766,87766,9513,9513,9513,591,591,591,0.01,0.06,0.11,0.00,0.03,0.05,0.00,0.00,0.01,0.00,0.00,0.00,0.00,0.00,0.00,0.00,0.00,0.00,0.00,0.02,0.05,440256,703974,1368122,461223,1119145,2078393,0,0,0,0,0,0,0,120930,0,145.34,148.34,150.89
2540,3,42,67,100,87769,87769,87769,9510,9510,9510,591,591,591,0.01,0.07,0.10,0.00,0.03,0.05,0.00,0.01,0.01,0.00,0.00,0.00,0.00,0.00,0.00,0.00,0.00,0.00,0.00,0.03,0.05,322337,478031,720733,408833,902077,1520092,0,0,0,0,0,0,0,132765,0,160.42,162.17,165.08
2541,0,25,53,70,87884,87884,87884,9395,9395,9395,591,591,591,0.06,0.07,0.10,0.03,0.04,0.05,0.00,0.01,0.01,0.00,0.00,0.00,0.00,0.00,0.00,0.00,0.00,0.00,0.01,0.03,0.04,345977,564504,872662,592355,1058775,1378440,0,0,0,0,524,2620,0,102880,0,163.72,166.65,170.48
2541,1,18,47,65,87863,87863,87863,9416,9416,9416,591,591,591,0.06,0.07,0.10,0.03,0.04,0.05,0.00,0.01,0.01,0.00,0.00,0.00,0.00,0.00,0.00,0.00,0.00,0.00,0.01,0.03,0.04,390559,572361,773253,705104,1083387,1373508,0,1047,2620,0,524,2621,0,94836,0,151.83,154.56,157.08
2541,2,30,47,96,87766,87766,87766,9513,9513,9513,591,591,591,0.05,0.08,0.13,0.02,0.04,0.06,0.00,0.01,0.01,0.00,0.00,0.00,0.00,0.00,0.00,0.00,0.00,0.00,0.01,0.03,0.06,463856,675121,838719,809783,1269526,1664334,0,1572,5241,0,524,2620,0,121280,0,151.15,153.78,156.73
2541,3,26,66,100,87769,87769,87769,9510,9510,9510,591,591,591,0.05,0.07,0.10,0.02,0.04,0.05,0.00,0.01,0.01,0.00,0.00,0.00,0.00,0.00,0.00,0.00,0.00,0.00,0.01,0.03,0.04,324974,492712,820301,733875,1005868,1470253,0,0,0,0,1048,5241,0,104256,0,166.41,170.07,175.50
2542,0,24,58,96,87884,87884,87884,9395,9395,9395,591,591,591,0.04,0.07,0.10,0.02,0.03,0.05,0.00,0.01,0.01,0.00,0.00,0.00,0.00,0.00,0.00,0.00,0.00,0.00,0.01,0.03,0.04,338067,533055,720708,613238,988003,1270971,0,0,0,0,0,0,0,137514,0,158.20,162.74,165.09
2542,1,19,54,97,87863,87863,87863,9416,9416,9416,591,591,591,0.04,0.07,0.10,0.02,0.03,0.05,0.00,0.01,0.01,0.00,0.00,0.00,0.00,0.00,0.00,0.00,0.00,0.00,0.01,0.03,0.04,311859,527297,825532,555581,1000081,1540993,0,0,0,0,0,0,0,125747,0,147.36,150.62,155.89
2542,2,40,65,100,87766,87766,87766,9513,9513,9513,591,591,591,0.04,0.07,0.10,0.02,0.03,0.05,0.00,0.01,0.01,0.00,0.00,0.00,0.00,0.00,0.00,0.00,0.00,0.00,0.01,0.03,0.04,518924,674517,954103,870115,1140640,1654973,0,0,0,0,524,2620,0,108772,0,149.71,152.68,156.44
2542,3,25,64,100,87769,87769,87769,9510,9510,9510,591,591,591,0.04,0.07,0.10,0.02,0.03,0.05,0.00,0.01,0.01,0.00,0.00,0.00,0.00,0.00,0.00,0.00,0.00,0.00,0.01,0.03,0.04,359050,518269,833460,600137,976462,1355029,0,524,2620,0,0,0,0,153057,0,162.47,167.83,170.73
2543,0,34,74,100,87884,87884,87884,9395,9395,9395,591,591,591,0.01,0.06,0.12,0.00,0.03,0.06,0.00,0.00,0.01,0.00,0.00,0.00,0.00,0.00,0.00,0.00,0.00,0.00,0.00,0.02,0.05,298713,524398,668093,335397,933866,1389063,0,524,2620,0,0,0,0,144962,0,158.55,161.23,163.69
2543,1,33,70,100,87863,87863,87863,9416,9416,9416,591,591,591,0.01,0.05,0.12,0.00,0.03,0.06,0.00,0.00,0.01,0.00,0.00,0.00,0.00,0.00,0.00,0.00,0.00,0.00,0.00,0.02,0.05,330200,502672,904218,403567,918861,1632834,0,0,0,0,524,2620,0,133029,0,145.35,148.01,152.51
2543,2,40,68,100,87766,87766,87766,9513,9513,9513,591,591,591,0.00,0.06,0.13,0.00,0.03,0.06,0.00,0.00,0.01,0.00,0.00,0.00,0.00,0.00,0.00,0.00,0.00,0.00,0.00,0.02,0.05,461270,855410,1441343,880562,1273164,1643131,0,0,0,0,0,0,0,121960,0,149.26,151.42,154.90
2543,3,18,57,100,87769,87769,87769,9510,9510,9510,591,591,591,0.01,0.05,0.10,0.00,0.03,0.05,0.00,0.00,0.01,0.00,0.00,0.00,0.00,0.00,0.00,0.00,0.00,0.00,0.00,0.02,0.05,83830,558257,1111426,432249,963424,1795583,0,0,0,0,0,0,0,131462,0,159.28,163.71,167.77
2544,0,51,62,70,87884,87884,87884,9395,9395,9395,591,591,591,0.01,0.06,0.09,0.00,0.03,0.05,0.00,0.00,0.01,0.00,0.00,0.00,0.00,0.00,0.00,0.00,0.00,0.00,0.00,0.02,0.05,83864,586533,1174117,424561,1049369,1784763,0,0,0,0,0,0,0,130764,0,152.53,157.15,159.59
2544,1,44,65,87,87863,87863,87863,9416,9416,9416,591,591,591,0.01,0.06,0.09,0.00,0.03,0.05,0.00,0.00,0.01,0.00,0.00,0.00,0.00,0.00,0.00,0.00,0.00,0.00,0.00,0.02,0.05,314692,521273,797802,594946,962462,1544133,0,0,0,0,0,0,0,118274,0,138.73,143.85,145.34
2544,2,46,80,100,87766,87766,87766,9513,9513,9513,591,591,591,0.01,0.06,0.09,0.00,0.03,0.05,0.00,0.00,0.01,0.00,0.00,0.00,0.00,0.00,0.00,0.00,0.00,0.00,0.00,0.02,0.05,450779,710229,1244870,788864,1093912,1630125,0,0,0,0,0,0,0,119649,0,141.76,147.15,149.10
2544,3,27,66,100,87769,87769,87769,9510,9510,9510,591,591,591,0.01,0.06,0.09,0.00,0.03,0.05,0.00,0.00,0.01,0.00,0.00,0.00,0.00,0.00,0.00,0.00,0.00,0.00,0.00,0.02,0.05,330212,495858,597576,668287,932491,1313095,0,0,0,0,0,0,0,129618,0,157.51,160.65,162.49
2545,0,43,72,100,87884,87884,87884,9395,9395,9395,591,591,591,0.01,0.05,0.12,0.00,0.03,0.06,0.00,0.00,0.01,0.00,0.00,0.00,0.00,0.00,0.00,0.00,0.00,0.00,0.00,0.02,0.05,311852,550366,880565,372126,912049,1399585,0,0,0,0,0,0,0,130417,0,159.01,160.64,164.86
2545,1,39,75,100,87863,87863,87863,9416,9416,9416,591,591,591,0.01,0.05,0.12,0.00,0.03,0.06,0.00,0.00,0.01,0.00,0.00,0.00,0.00,0.00,0.00,0.00,0.00,0.00,0.00,0.02,0.05,371042,524977,723351,536543,908211,1556777,0,0,0,0,0,0,0,119949,0,144.16,146.08,151.33
2545,2,28,54,64,87766,87766,87766,9513,9513,9513,591,591,591,0.01,0.05,0.13,0.00,0.03,0.06,0.00,0.00,0.01,0.00,0.00,0.00,0.00,0.00,0.00,0.00,0.00,0.00,0.00,0.02,0.05,474340,714942,1153148,964403,1164664,1635374,0,0,0,0,0,0,0,121975,0,146.89,148.69,153.54
2545,3,27,69,100,87769,87769,87769,9510,9510,9510,591,591,591,0.01,0.05,0.13,0.00,0.03,0.06,0.00,0.00,0.01,0.00,0.00,0.00,0.00,0.00,0.00,0.00,0.00,0.00,0.00,0.02,0.05,317111,491135,783654,340697,869063,1645936,0,0,0,0,0,0,0,132935,0,160.46,162.89,167.90
2546,0,50,64,100,87884,87884,87884,9395,9395,9395,591,591,591,0.01,0.07,0.13,0.00,0.03,0.07,0.00,0.01,0.01,0.00,0.00,0.00,0.00,0.00,0.00,0.00,0.00,0.00,0.00,0.02,0.05,304016,459667,678692,390485,879503,1370486,0,0,0,0,0,0,0,127690,0,160.34,163.61,166.25
2546,1,41,61,100,87863,87863,87863,9416,9416,9416,591,591,591,0.01,0.07,0.12,0.00,0.03,0.06,0.00,0.01,0.01,0.00,0.00,0.00,0.00,0.00,0.00,0.00,0.00,0.00,0.00,0.02,0.05,314521,449721,872717,356458,855931,1229142,0,524,2620,0,0,0,0,116726,0,144.49,149.13,154.06
2546,2,24,62,100,87766,87766,87766,9513,9513,9513,591,591,591,0.01,0.07,0.10,0.00,0.03,0.05,0.00,0.01,0.01,0.00,0.00,0.00,0.00,0.00,0.00,0.00,0.00,0.00,0.00,0.03,0.05,490089,810526,1422052,998524,1244559,1434909,0,491,2456,0,524,2620,0,139226,0,147.12,152.16,155.87
2546,3,37,68,100,87769,87769,87769,9510,9510,9510,591,591,591,0.01,0.07,0.13,0.00,0.03,0.06,0.00,0.01,0.01,0.00,0.00,0.00,0.00,0.00,0.00,0.00,0.00,0.00,0.00,0.02,0.05,348565,558526,851736,743164,970208,1171465,0,0,0,0,542,2712,0,147916,0,160.20,165.44,168.96
2547,0,31,68,100,87884,87884,87884,9395,9395,9395,591,591,591,0.02,0.06,0.08,0.01,0.03,0.04,0.00,0.00,0.01,0.00,0.00,0.00,0.00,0.00,0.00,0.00,0.00,0.00,0.00,0.02,0.04,311854,637542,1307879,500538,995115,1551632,0,0,0,0,514,2570,0,143461,0,155.95,159.41,163.44
2547,1,0,49,100,87863,87863,87863,9416,9416,9416,591,591,591,0.02,0.06,0.08,0.00,0.03,0.04,0.00,0.00,0.01,0.00,0.00,0.00,0.00,0.00,0.00,0.00,0.00,0.00,0.00,0.02,0.04,348511,450239,639437,463809,815046,1388942,0,524,2620,0,0,0,0,131870,0,143.45,145.91,149.61
2547,2,45,80,100,87766,87766,87766,9513,9513,9513,591,591,591,0.01,0.05,0.10,0.00,0.02,0.05,0.00,0.00,0.01,0.00,0.00,0.00,0.00,0.00,0.00,0.00,0.00,0.00,0.00,0.02,0.05,448145,697140,919979,812427,1016337,1323393,0,0,0,0,0,0,0,119772,0,145.14,148.72,153.00
2547,3,49,75,100,87769,87769,87769,9510,9510,9510,591,591,591,0.01,0.06,0.09,0.00,0.03,0.05,0.00,0.00,0.01,0.00,0.00,0.00,0.00,0.00,0.00,0.00,0.00,0.00,0.00,0.03,0.04,324976,538305,715521,579127,905736,1360165,0,0,0,0,0,0,0,129923,0,158.60,162.10,167.85
2548,0,23,64,90,87884,87884,87884,9395,9395,9395,591,591,591,0.03,0.07,0.10,0.01,0.03,0.05,0.00,0.00,0.01,0.00,0.00,0.00,0.00,0.00,0.00,0.00,0.00,0.00,0.00,0.02,0.04,330209,457313,621132,594890,895629,1344476,0,0,0,0,0,0,0,129144,0,163.59,164.31,165.50
2548,1,23,47,75,87863,87863,87863,9416,9416,9416,591,591,591,0.05,0.08,0.10,0.02,0.04,0.05,0.00,0.01,0.01,0.00,0.00,0.00,0.00,0.00,0.00,0.00,0.00,0.00,0.01,0.03,0.04,267283,458534,589266,597456,962184,1215949,0,0,0,0,436,1746,0,119615,0,150.35,151.50,152.47
2548,2,37,63,100,87766,87766,87766,9513,9513,9513,591,591,591,0.05,0.08,0.10,0.02,0.04,0.05,0.00,0.01,0.01,0.00,0.00,0.00,0.00,0.00,0.00,0.00,0.00,0.00,0.01,0.03,0.04,471709,660374,883034,909350,1162875,1596046,0,655,2620,0,655,2620,0,121517,0,151.41,152.44,153.13
2548,3,48,64,88,87769,87769,87769,9510,9510,9510,591,591,591,0.04,0.07,0.10,0.02,0.03,0.05,0.00,0.00,0.01,0.00,0.00,0.00,0.00,0.00,0.00,0.00,0.00,0.00,0.01,0.02,0.04,393106,530044,678788,694463,969020,1444062,0,655,2620,0,0,0,0,103513,0,167.69,168.12,168.73
2549,0,28,73,100,87884,87884,87884,9395,9395,9395,591,591,591,0.01,0.06,0.13,0.00,0.03,0.06,0.00,0.00,0.01,0.00,0.00,0.00,0.00,0.00,0.00,0.00,0.00,0.00,0.00,0.02,0.05,327583,478565,678770,516316,800411,1210905,0,1048,2620,0,0,0,0,98350,0,157.04,160.11,165.31
2549,1,52,80,100,87863,87863,87863,9416,9416,9416,591,591,591,0.01,0.05,0.10,0.00,0.02,0.05,0.00,0.00,0.01,0.00,0.00,0.00,0.00,0.00,0.00,0.00,0.00,0.00,0.00,0.02,0.04,311854,439857,592324,343322,718321,990702,0,0,0,0,1572,2620,0,90234,0,143.06,145.12,149.27
2549,2,39,64,100,87766,87766,87766,9513,9513,9513,591,591,591,0.03,0.06,0.10,0.01,0.03,0.05,0.00,0.00,0.01,0.00,0.00,0.00,0.00,0.00,0.00,0.00,0.00,0.00,0.00,0.02,0.04,440289,629885,997655,563465,940199,1375052,0,1048,2620,0,0,0,0,138970,0,147.02,149.06,153.42
2549,3,44,73,100,87769,87769,87769,9510,9510,9510,591,591,591,0.01,0.05,0.13,0.00,0.03,0.06,0.00,0.00,0.01,0.00,0.00,0.00,0.00,0.00,0.00,0.00,0.00,0.00,0.00,0.02,0.05,298759,466511,710265,311863,793597,1420556,0,0,0,0,524,2620,0,132239,0,158.81,162.45,167.84
2550,0,25,51,77,87884,87884,87884,9395,9395,9395,591,591,591,0.03,0.07,0.09,0.01,0.03,0.05,0.00,0.01,0.01,0.00,0.00,0.00,0.00,0.00,0.00,0.00,0.00,0.00,0.00,0.03,0.04,283044,557167,828203,398279,1054414,1548949,0,349,1747,0,0,0,0,130348,0,165.50,166.70,168.40
2550,1,25,48,76,87863,87863,87863,9416,9416,9416,591,591,591,0.03,0.07,0.10,0.01,0.03,0.05,0.00,0.01,0.01,0.00,0.00,0.00,0.00,0.00,0.00,0.00,0.00,0.00,0.00,0.03,0.05,298778,505272,673513,390509,1006873,1454474,0,1048,2620,0,524,2620,0,118411,0,149.87,151.07,152.13
2550,2,35,63,100,87766,87766,87766,9513,9513,9513,591,591,591,0.04,0.07,0.09,0.02,0.03,0.05,0.00,0.01,0.01,0.00,0.00,0.00,0.00,0.00,0.00,0.00,0.00,0.00,0.01,0.03,0.04,238492,860252,1477512,576575,1353039,1942137,0,0,0,0,1516,7582,0,91517,0,152.41,152.94,153.83
2550,3,38,70,100,87769,87769,87769,9510,9510,9510,591,591,591,0.05,0.08,0.10,0.02,0.04,0.05,0.00,0.01,0.01,0.00,0.00,0.00,0.00,0.00,0.00,0.00,0.00,0.00,0.01,0.03,0.04,244999,649640,1457161,745279,1145433,1999751,0,493,2465,0,0,0,0,148765,0,165.46,166.48,167.71
2551,0,24,74,100,87884,87884,87884,9395,9395,9395,591,591,591,0.01,0.06,0.10,0.00,0.03,0.05,0.00,0.00,0.01,0.00,0.00,0.00,0.00,0.00,0.00,0.00,0.00,0.00,0.00,0.02,0.04,324479,587842,1040423,491181,1034871,1724429,0,0,0,0,0,0,0,142569,0,156.48,161.72,165.80
2551,1,25,74,100,87863,87863,87863,9416,9416,9416,591,591,591,0.01,0.06,0.10,0.00,0.03,0.05,0.00,0.00,0.01,0.00,0.00,0.00,0.00,0.00,0.00,0.00,0.00,0.00,0.00,0.02,0.05,414059,598584,862303,851757,1071354,1260394,0,0,0,0,0,0,0,118384,0,142.83,146.78,150.21
2551,2,26,69,100,87766,87766,87766,9513,9513,9513,591,591,591,0.01,0.05,0.12,0.00,0.02,0.06,0.00,0.00,0.01,0.00,0.00,0.00,0.00,0.00,0.00,0.00,0.00,0.00,0.00,0.02,0.05,442893,736440,1394205,552961,1172538,2224962,0,524,2620,0,0,0,0,120150,0,147.04,149.89,154.34
2551,3,29,58,87,87769,87769,87769,9510,9510,9510,591,591,591,0.01,0.06,0.09,0.00,0.03,0.05,0.00,0.00,0.01,0.00,0.00,0.00,0.00,0.00,0.00,0.00,0.00,0.00,0.00,0.02,0.05,340701,486948,731236,602764,948737,1268524,0,0,0,0,524,2620,0,129970,0,158.90,163.88,167.40
2552,0,23,58,95,87884,87884,87884,9395,9395,9395,591,591,591,0.01,0.06,0.11,0.00,0.03,0.05,0.00,0.00,0.01,0.00,0.00,0.00,0.00,0.00,0.00,0.00,0.00,0.00,0.00,0.02,0.05,311861,589658,849117,547724,1065575,1430870,0,0,0,0,524,2620,0,131358,0,158.83,160.68,162.54
2552,1,24,58,97,87863,87863,87863,9416,9416,9416,591,591,591,0.03,0.06,0.10,0.01,0.03,0.05,0.00,0.00,0.01,0.00,0.00,0.00,0.00,0.00,0.00,0.00,0.00,0.00,0.00,0.02,0.05,290028,481553,678991,621988,961198,1424350,0,510,2552,0,0,0,0,120503,0,142.38,145.63,148.51
2552,2,2,39,83,87766,87766,87766,9513,9513,9513,591,591,591,0.05,0.06,0.09,0.02,0.03,0.05,0.00,0.00,0.01,0.00,0.00,0.00,0.00,0.00,0.00,0.00,0.00,0.00,0.01,0.02,0.05,458625,622685,830789,804560,1120624,1483314,0,0,0,0,524,2620,0,121946,0,148.02,149.35,150.66
2552,3,25,71,100,87769,87769,87769,9510,9510,9510,591,591,591,0.01,0.06,0.12,0.00,0.03,0.06,0.00,0.00,0.01,0.00,0.00,0.00,0.00,0.00,0.00,0.00,0.00,0.00,0.00,0.02,0.05,322331,494270,678759,518875,961285,1462346,0,0,0,0,0,0,0,133842,0,159.95,161.82,164.69
2553,0,32,63,100,87884,87884,87884,9395,9395,9395,591,591,591,0.01,0.07,0.13,0.00,0.03,0.07,0.00,0.01,0.01,0.00,0.00,0.00,0.00,0.00,0.00,0.00,0.00,0.00,0.00,0.03,0.05,298771,429812,731168,311875,774188,1200269,0,0,0,0,0,0,0,126224,0,158.10,161.33,168.11
2553,1,33,61,100,87863,87863,87863,9416,9416,9416,591,591,591,0.01,0.06,0.10,0.00,0.03,0.05,0.00,0.00,0.01,0.00,0.00,0.00,0.00,0.00,0.00,0.00,0.00,0.00,0.00,0.03,0.05,306605,427714,571363,345960,732251,1074583,0,0,0,0,524,2620,0,115607,0,142.59,146.25,152.09
2553,2,70,80,100,87766,87766,87766,9513,9513,9513,591,591,591,0.01,0.06,0.11,0.00,0.03,0.05,0.00,0.00,0.01,0.00,0.00,0.00,0.00,0.00,0.00,0.00,0.00,0.00,0.00,0.02,0.05,432414,581779,817704,476966,866194,1098106,0,349,1747,0,0,0,0,129763,0,147.40,151.21,157.16
2553,3,44,74,100,87769,87769,87769,9510,9510,9510,591,591,591,0.01,0.07,0.13,0.00,0.03,0.07,0.00,0.01,0.01,0.00,0.00,0.00,0.00,0.00,0.00,0.00,0.00,0.00,0.00,0.03,0.05,340714,362197,382635,369526,710767,1119077,0,524,2620,0,0,0,0,128951,0,159.70,162.71,168.74
2554,0,49,69,100,87884,87884,87884,9395,9395,9395,591,591,591,0.04,0.06,0.09,0.02,0.03,0.04,0.00,0.00,0.01,0.00,0.00,0.00,0.00,0.00,0.00,0.00,0.00,0.00,0.01,0.02,0.04,327588,423523,568755,492693,736978,1147994,0,0,0,0,524,2620,0,129214,0,160.91,163.80,169.08
2554,1,47,66,100,87863,87863,87863,9416,9416,9416,591,591,591,0.01,0.07,0.13,0.00,0.03,0.06,0.00,0.01,0.01,0.00,0.00,0.00,0.00,0.00,0.00,0.00,0.00,0.00,0.00,0.03,0.05,372152,469636,524133,529395,862747,1119025,0,524,2620,0,0,0,0,130905,0,147.23,150.03,155.72
2554,2,36,67,100,87766,87766,87766,9513,9513,9513,591,591,591,0.03,0.07,0.10,0.01,0.03,0.05,0.00,0.01,0.01,0.00,0.00,0.00,0.00,0.00,0.00,0.00,0.00,0.00,0.00,0.03,0.04,432639,867035,1695695,526111,1326557,2460986,0,0,0,0,0,0,0,119303,0,148.51,151.54,157.36
2554,3,27,69,100,87769,87769,87769,9510,9510,9510,591,591,591,0.01,0.06,0.10,0.00,0.03,0.05,0.00,0.00,0.01,0.00,0.00,0.00,0.00,0.00,0.00,0.00,0.00,0.00,0.00,0.03,0.05,393093,629285,942411,663016,1029884,1501342,0,0,0,0,0,0,0,130838,0,163.25,165.82,170.86
2555,0,45,79,100,87884,87884,87884,9395,9395,9395,591,591,591,0.05,0.07,0.09,0.02,0.03,0.05,0.00,0.00,0.01,0.00,0.00,0.00,0.00,0.00,0.00,0.00,0.00,0.00,0.01,0.02,0.05,322343,579365,1202455,500549,942637,1543020,0,0,0,0,524,2621,0,135127,0,156.82,160.71,164.41
2555,1,44,74,100,87863,87863,87863,9416,9416,9416,591,591,591,0.01,0.06,0.09,0.00,0.03,0.05,0.00,0.00,0.01,0.00,0.00,0.00,0.00,0.00,0.00,0.00,0.00,0.00,0.00,0.02,0.05,327589,469645,733872,676107,816638,1035283,0,1048,5241,0,0,0,0,124165,0,141.75,144.98,149.19
2555,2,46,75,100,87766,87766,87766,9513,9513,9513,591,591,591,0.01,0.06,0.10,0.00,0.03,0.05,0.00,0.00,0.01,0.00,0.00,0.00,0.00,0.00,0.00,0.00,0.00,0.00,0.00,0.02,0.04,448180,665107,1006292,461285,977999,1522541,0,524,2620,0,524,2620,0,121554,0,144.29,147.32,151.43
2555,3,41,63,90,87769,87769,87769,9510,9510,9510,591,591,591,0.01,0.06,0.10,0.00,0.03,0.05,0.00,0.00,0.01,0.00,0.00,0.00,0.00,0.00,0.00,0.00,0.00,0.00,0.00,0.02,0.04,225331,457052,594996,651541,833714,1058634,0,0,0,0,524,2620,0,135679,0,159.74,163.13,166.42
2556,0,14,49,100,87884,87884,87884,9395,9395,9395,591,591,591,0.04,0.07,0.10,0.02,0.03,0.05,0.00,0.01,0.01,0.00,0.00,0.00,0.00,0.00,0.00,0.00,0.00,0.00,0.01,0.03,0.04,309145,651545,1271254,539694,1228653,2057597,0,1048,2620,0,0,0,0,104494,0,164.63,166.07,166.60
2556,1,7,47,100,87863,87863,87863,9416,9416,9416,591,591,591,0.04,0.07,0.10,0.02,0.03,0.05,0.00,0.01,0.01,0.00,0.00,0.00,0.00,0.00,0.00,0.00,0.00,0.00,0.01,0.03,0.04,322346,572381,864846,542485,1133757,1551481,0,0,0,0,1572,5241,0,95376,0,151.09,153.01,155.42
2556,2,21,50,87,87766,87766,87766,9513,9513,9513,591,591,591,0.05,0.07,0.12,0.02,0.04,0.06,0.00,0.01,0.01,0.00,0.00,0.00,0.00,0.00,0.00,0.00,0.00,0.00,0.01,0.03,0.05,442887,742732,998505,825501,1337125,1593435,0,524,2620,0,0,0,0,126382,0,152.43,154.28,155.71
2556,3,43,58,100,87769,87769,87769,9510,9510,9510,591,591,591,0.03,0.07,0.10,0.01,0.03,0.05,0.00,0.01,0.01,0.00,0.00,0.00,0.00,0.00,0.00,0.00,0.00,0.00,0.01,0.03,0.05,398326,522587,618525,725898,1066141,1467686,0,0,0,0,0,0,0,105486,0,167.12,168.46,169.38
2557,0,37,69,100,87884,87884,87884,9395,9395,9395,591,591,591,0.01,0.07,0.12,0.00,0.03,0.06,0.00,0.01,0.01,0.00,0.00,0.00,0.00,0.00,0.00,0.00,0.00,0.00,0.00,0.02,0.05,306607,530060,927799,364286,971677,1811043,0,0,0,0,655,2620,0,129857,0,159.80,165.11,169.01
2557,1,37,53,96,87863,87863,87863,9416,9416,9416,591,591,591,0.05,0.06,0.08,0.02,0.03,0.04,0.00,0.01,0.01,0.00,0.00,0.00,0.00,0.00,0.00,0.00,0.00,0.00,0.01,0.02,0.04,311850,492276,642137,542463,927556,1234477,0,436,1747,0,0,0,0,118892,0,149.42,153.06,156.53
2557,2,31,66,100,87766,87766,87766,9513,9513,9513,591,591,591,0.03,0.06,0.08,0.01,0.03,0.04,0.00,0.01,0.01,0.00,0.00,0.00,0.00,0.00,0.00,0.00,0.00,0.00,0.01,0.02,0.04,463879,954638,1860748,697129,1387741,1986545,0,0,0,0,655,2620,0,105349,0,150.10,155.68,158.69
2557,3,52,76,100,87769,87769,87769,9510,9510,9510,591,591,591,0.05,0.06,0.08,0.02,0.03,0.04,0.00,0.01,0.01,0.00,0.00,0.00,0.00,0.00,0.00,0.00,0.00,0.00,0.01,0.02,0.04,314474,509088,594882,657774,910728,1129610,0,655,2620,0,0,0,0,153511,0,162.79,167.43,170.19
2558,0,24,54,100,87884,87884,87884,9395,9395,9395,591,591,591,0.04,0.08,0.13,0.02,0.04,0.06,0.00,0.01,0.01,0.00,0.00,0.00,0.00,0.00,0.00,0.00,0.00,0.00,0.01,0.03,0.05,374791,413376,463850,673500,844753,954015,0,0,0,0,0,0,0,150704,0,162.10,164.24,168.27
2558,1,25,59,100,87863,87863,87863,9416,9416,9416,591,591,591,0.01,0.08,0.10,0.00,0.04,0.05,0.00,0.01,0.01,0.00,0.00,0.00,0.00,0.00,0.00,0.00,0.00,0.00,0.00,0.03,0.04,380007,533592,1019524,424576,988555,1811031,0,0,0,0,0,0,0,137765,0,145.20,151.91,154.75
2558,2,50,58,75,87766,87766,87766,9513,9513,9513,591,591,591,0.04,0.07,0.10,0.02,0.04,0.05,0.00,0.01,0.01,0.00,0.00,0.00,0.00,0.00,0.00,0.00,0.00,0.00,0.01,0.03,0.04,440529,578745,799309,611401,1007164,1493791,0,524,2620,0,0,0,0,124481,0,153.62,154.74,157.81
2558,3,30,63,100,87769,87769,87769,9510,9510,9510,591,591,591,0.01,0.08,0.10,0.00,0.04,0.05,0.00,0.01,0.01,0.00,0.00,0.00,0.00,0.00,0.00,0.00,0.00,0.00,0.00,0.03,0.04,311870,600846,927816,324974,1028413,1554122,0,0,0,0,0,0,0,135948,0,167.28,169.16,171.74
2559,0,24,50,100,87884,87884,87884,9395,9395,9395,591,591,591,0.06,0.08,0.10,0.03,0.04,0.05,0.00,0.01,0.01,0.00,0.00,0.00,0.00,0.00,0.00,0.00,0.00,0.00,0.02,0.03,0.04,364286,595955,972310,547740,1097565,1593436,0,0,0,0,0,0,0,137065,0,162.74,167.83,173.12
2559,1,21,50,100,87863,87863,87863,9416,9416,9416,591,591,591,0.05,0.08,0.11,0.02,0.04,0.05,0.00,0.01,0.01,0.00,0.00,0.00,0.00,0.00,0.00,0.00,0.00,0.00,0.01,0.03,0.04,348559,461253,587048,558219,978592,1189853,0,524,2620,0,524,2620,0,126064,0,148.65,154.64,159.41
2559,2,27,44,71,87766,87766,87766,9513,9513,9513,591,591,591,0.03,0.09,0.13,0.01,0.05,0.07,0.00,0.01,0.01,0.00,0.00,0.00,0.00,0.00,0.00,0.00,0.00,0.00,0.00,0.04,0.05,440294,832337,1339186,534643,1374825,2146367,0,524,2620,0,1572,5241,0,127716,0,154.84,159.36,163.85
2559,3,26,52,100,87769,87769,87769,9510,9510,9510,591,591,591,0.07,0.09,0.13,0.03,0.04,0.06,0.00,0.01,0.01,0.00,0.00,0.00,0.00,0.00,0.00,0.00,0.00,0.00,0.01,0.03,0.05,398336,556443,773144,686711,1132624,1572496,0,698,3494,0,524,2620,0,139032,0,167.08,170.96,175.19
2560,0,23,66,100,87884,87884,87884,9395,9395,9395,591,591,591,0.01,0.07,0.13,0.00,0.03,0.06,0.00,0.01,0.01,0.00,0.00,0.00,0.00,0.00,0.00,0.00,0.00,0.00,0.00,0.03,0.05,390502,552455,649964,497956,1002697,1294569,0,0,0,0,0,0,0,130825,0,159.02,163.49,167.18
2560,1,22,65,100,87863,87863,87863,9416,9416,9416,591,591,591,0.01,0.06,0.11,0.00,0.03,0.05,0.00,0.00,0.01,0.00,0.00,0.00,0.00,0.00,0.00,0.00,0.00,0.00,0.00,0.02,0.05,284767,451160,631591,554063,876065,1273665,0,0,0,0,0,0,0,119589,0,142.90,150.03,154.10
2560,2,40,63,100,87766,87766,87766,9513,9513,9513,591,591,591,0.01,0.06,0.12,0.00,0.03,0.06,0.00,0.00,0.01,0.00,0.00,0.00,0.00,0.00,0.00,0.00,0.00,0.00,0.00,0.02,0.05,432434,675112,1137450,445538,1109109,1868668,0,0,0,0,0,0,0,134485,0,148.25,152.67,156.33
2560,3,28,69,100,87769,87769,87769,9510,9510,9510,591,591,591,0.01,0.06,0.12,0.00,0.03,0.06,0.00,0.00,0.01,0.00,0.00,0.00,0.00,0.00,0.00,0.00,0.00,0.00,0.00,0.02,0.05,306609,388925,566143,435018,751121,1161118,0,0,0,0,0,0,0,132832,0,163.12,167.25,170.04
2561,0,26,41,68,87884,87884,87884,9395,9395,9395,591,591,591,0.05,0.09,0.13,0.02,0.05,0.06,0.00,0.01,0.01,0.00,0.00,0.00,0.00,0.00,0.00,0.00,0.00,0.00,0.01,0.04,0.05,416724,571857,799333,1058846,1206089,1538389,0,524,2620,0,524,2620,0,140922,0,163.58,171.72,175.66
2561,1,27,47,73,87863,87863,87863,9416,9416,9416,591,591,591,0.05,0.09,0.13,0.02,0.04,0.07,0.00,0.01,0.01,0.00,0.00,0.00,0.00,0.00,0.00,0.00,0.00,0.00,0.01,0.04,0.05,335449,582326,893681,739036,1223881,1664187,0,524,2620,0,524,2620,0,143588,0,152.19,159.18,162.72
2561,2,19,43,73,87766,87766,87766,9513,9513,9513,591,591,591,0.08,0.09,0.09,0.04,0.04,0.05,0.01,0.01,0.01,0.00,0.00,0.00,0.00,0.00,0.00,0.00,0.00,0.00,0.02,0.03,0.04,526763,958567,1575011,948698,1597090,2190864,0,0,0,0,524,2620,0,128858,0,151.93,158.00,161.99
2561,3,34,50,79,87769,87769,87769,9510,9510,9510,591,591,591,0.07,0.09,0.13,0.03,0.04,0.07,0.00,0.01,0.01,0.00,0.00,0.00,0.00,0.00,0.00,0.00,0.00,0.00,0.02,0.04,0.05,348553,705518,1250125,794072,1338173,1810978,0,524,2620,0,0,0,0,159896,0,167.23,174.97,178.74
2562,0,41,57,90,87884,87884,87884,9395,9395,9395,591,591,591,0.05,0.07,0.10,0.02,0.04,0.05,0.00,0.01,0.01,0.00,0.00,0.00,0.00,0.00,0.00,0.00,0.00,0.00,0.01,0.03,0.05,411470,677694,1056036,919910,1304741,1643120,0,0,0,0,524,2620,0,149213,0,168.82,170.65,176.09
2562,1,15,56,92,87863,87863,87863,9416,9416,9416,591,591,591,0.04,0.08,0.13,0.02,0.04,0.07,0.00,0.01,0.01,0.00,0.00,0.00,0.00,0.00,0.00,0.00,0.00,0.00,0.01,0.03,0.05,327588,554547,919898,723314,1169895,1577717,0,1048,2620,0,0,0,0,124447,0,156.38,159.38,164.12
2562,2,34,53,64,87766,87766,87766,9513,9513,9513,591,591,591,0.05,0.08,0.10,0.02,0.04,0.05,0.00,0.01,0.01,0.00,0.00,0.00,0.00,0.00,0.00,0.00,0.00,0.00,0.01,0.03,0.05,470248,763010,1336209,822934,1370438,1852352,0,0,0,0,524,2620,0,125133,0,156.52,158.85,161.26
2562,3,43,64,100,87769,87769,87769,9510,9510,9510,591,591,591,0.05,0.09,0.13,0.02,0.04,0.07,0.00,0.01,0.01,0.00,0.00,0.00,0.00,0.00,0.00,0.00,0.00,0.00,0.01,0.03,0.05,353791,504470,686615,762618,1135738,1522609,0,0,0,0,0,0,0,136805,0,171.35,174.19,178.22
2563,0,23,43,55,87884,87884,87884,9395,9395,9395,591,591,591,0.07,0.09,0.10,0.03,0.05,0.05,0.01,0.01,0.01,0.00,0.00,0.00,0.00,0.00,0.00,0.00,0.00,0.00,0.01,0.04,0.05,345941,635262,1174034,883199,1296739,1852773,0,524,2620,0,0,0,0,101757,0,170.20,173.36,175.48
2563,1,20,42,54,87863,87863,87863,9416,9416,9416,591,591,591,0.07,0.09,0.10,0.03,0.05,0.05,0.01,0.01,0.01,0.00,0.00,0.00,0.00,0.00,0.00,0.00,0.00,0.00,0.01,0.04,0.05,487436,652626,954314,980188,1320465,1615189,0,0,0,0,1048,2620,0,93535,0,155.56,158.61,161.76
2563,2,25,46,62,87766,87766,87766,9513,9513,9513,591,591,591,0.05,0.09,0.13,0.02,0.04,0.07,0.00,0.01,0.01,0.00,0.00,0.00,0.00,0.00,0.00,0.00,0.00,0.00,0.01,0.04,0.05,471716,871660,1231791,1158325,1514784,1991833,0,1048,5241,0,0,0,0,127926,0,159.06,161.14,163.33
2563,3,27,49,68,87769,87769,87769,9510,9510,9510,591,591,591,0.06,0.09,0.10,0.03,0.05,0.05,0.01,0.01,0.01,0.00,0.00,0.00,0.00,0.00,0.00,0.00,0.00,0.00,0.01,0.04,0.05,387794,536733,623731,885637,1175150,1423052,0,0,0,0,524,2620,0,104863,0,174.83,175.88,176.78
2564,0,50,56,63,87884,87884,87884,9395,9395,9395,591,591,591,0.04,0.09,0.13,0.02,0.05,0.06,0.00,0.01,0.01,0.00,0.00,0.00,0.00,0.00,0.00,0.00,0.00,0.00,0.01,0.03,0.05,380004,526112,707595,893712,1049605,1236962,0,655,2620,0,655,2620,0,144643,0,173.88,175.89,179.73
2564,1,38,53,63,87863,87863,87863,9416,9416,9416,591,591,591,0.07,0.11,0.13,0.03,0.05,0.06,0.01,0.01,0.01,0.00,0.00,0.00,0.00,0.00,0.00,0.00,0.00,0.00,0.03,0.04,0.05,380003,452289,590521,893693,1012685,1123388,0,1310,5241,0,1310,2620,0,133027,0,162.86,163.89,164.84
2564,2,30,43,64,87766,87766,87766,9513,9513,9513,591,591,591,0.09,0.11,0.13,0.05,0.05,0.06,0.01,0.01,0.01,0.00,0.00,0.00,0.00,0.00,0.00,0.00,0.00,0.00,0.02,0.04,0.05,537223,901457,1624843,1095300,1477956,2099192,0,1310,5240,0,1965,5241,0,117674,0,160.97,163.55,168.00
2564,3,41,50,55,87769,87769,87769,9510,9510,9510,591,591,591,0.08,0.11,0.13,0.04,0.05,0.06,0.01,0.01,0.01,0.00,0.00,0.00,0.00,0.00,0.00,0.00,0.00,0.00,0.04,0.04,0.05,421943,594249,757360,953959,1210120,1470271,0,1310,2620,0,655,2620,0,164138,0,176.94,179.02,182.06
2565,0,26,45,57,87884,87884,87884,9395,9395,9395,591,591,591,0.05,0.09,0.13,0.02,0.05,0.07,0.00,0.01,0.01,0.00,0.00,0.00,0.00,0.00,0.00,0.00,0.00,0.00,0.01,0.04,0.05,422815,538470,783579,1032576,1228596,1464952,0,0,0,0,0,0,0,151713,0,169.31,173.32,179.14
2565,1,25,42,59,87863,87863,87863,9416,9416,9416,591,591,591,0.05,0.08,0.13,0.02,0.04,0.06,0.00,0.01,0.01,0.00,0.00,0.00,0.00,0.00,0.00,0.00,0.00,0.00,0.01,0.03,0.05,408842,610084,956535,953802,1300886,1797763,0,0,0,0,0,0,0,139797,0,155.12,159.45,164.16
2565,2,29,50,65,87766,87766,87766,9513,9513,9513,591,591,591,0.05,0.08,0.11,0.02,0.04,0.05,0.00,0.01,0.01,0.00,0.00,0.00,0.00,0.00,0.00,0.00,0.00,0.00,0.01,0.03,0.05,552988,723634,1145302,1076591,1389305,1845063,0,0,0,0,0,0,0,125253,0,158.42,164.45,170.55
2565,3,27,46,56,87769,87769,87769,9510,9510,9510,591,591,591,0.05,0.08,0.10,0.02,0.04,0.05,0.00,0.01,0.01,0.00,0.00,0.00,0.00,0.00,0.00,0.00,0.00,0.00,0.01,0.03,0.05,330922,727108,1108558,995352,1427622,1653665,0,0,0,0,0,0,0,139759,0,174.01,178.16,182.44
2566,0,52,54,59,87884,87884,87884,9395,9395,9395,591,591,591,0.09,0.10,0.11,0.05,0.05,0.05,0.01,0.01,0.01,0.00,0.00,0.00,0.00,0.00,0.00,0.00,0.00,0.00,0.04,0.04,0.05,432411,610628,1111186,946062,1124813,1640572,0,524,2620,0,524,2620,0,143329,0,172.50,176.00,178.92
2566,1,40,53,66,87863,87863,87863,9416,9416,9416,591,591,591,0.09,0.10,0.10,0.05,0.05,0.05,0.01,0.01,0.01,0.00,0.00,0.00,0.00,0.00,0.00,0.00,0.00,0.00,0.04,0.04,0.05,424552,470159,513656,927772,985920,1103313,0,1048,5241,0,1572,2620,0,132327,0,158.94,163.16,167.27
2566,2,64,65,68,87766,87766,87766,9513,9513,9513,591,591,591,0.10,0.11,0.12,0.05,0.05,0.06,0.01,0.01,0.01,0.00,0.00,0.00,0.00,0.00,0.00,0.00,0.00,0.00,0.04,0.04,0.05,511048,771018,1160999,956578,1286253,1779500,0,1572,2620,0,524,2620,0,132883,0,159.93,163.10,167.02
2566,3,46,61,77,87769,87769,87769,9510,9510,9510,591,591,591,0.09,0.10,0.11,0.04,0.05,0.05,0.01,0.01,0.01,0.00,0.00,0.00,0.00,0.00,0.00,0.00,0.00,0.00,0.03,0.04,0.05,344188,438345,723294,801851,933646,1336522,0,0,0,0,349,1747,0,144210,0,173.25,175.59,177.10
2567,0,22,46,60,87884,87884,87884,9395,9395,9395,591,591,591,0.06,0.10,0.11,0.03,0.05,0.06,0.01,0.01,0.01,0.00,0.00,0.00,0.00,0.00,0.00,0.00,0.00,0.00,0.01,0.04,0.05,403562,609573,822905,872637,1186648,1449256,0,524,2620,0,524,2620,0,143627,0,175.68,176.52,177.68
2567,1,20,47,57,87863,87863,87863,9416,9416,9416,591,591,591,0.06,0.09,0.11,0.03,0.05,0.05,0.01,0.01,0.01,0.00,0.00,0.00,0.00,0.00,0.00,0.00,0.00,0.00,0.01,0.04,0.05,416700,546298,754731,899826,1132321,1444131,0,524,2620,0,524,2620,0,134107,0,160.88,162.14,163.51
2567,2,40,50,55,87766,87766,87766,9513,9513,9513,591,591,591,0.07,0.10,0.13,0.03,0.05,0.07,0.00,0.01,0.01,0.00,0.00,0.00,0.00,0.00,0.00,0.00,0.00,0.00,0.02,0.04,0.05,458621,636830,851753,969615,1190321,1454487,0,0,0,0,524,2620,0,146692,0,163.03,164.69,166.13
2567,3,24,54,69,87769,87769,87769,9510,9510,9510,591,591,591,0.08,0.10,0.12,0.04,0.05,0.06,0.01,0.01,0.01,0.00,0.00,0.00,0.00,0.00,0.00,0.00,0.00,0.00,0.04,0.04,0.05,366900,463864,663052,833387,1044611,1344449,0,524,2620,0,0,0,0,147340,0,176.77,178.59,180.20
2568,0,33,41,50,87884,87884,87884,9395,9395,9395,591,591,591,0.05,0.09,0.13,0.02,0.04,0.07,0.00,0.01,0.01,0.00,0.00,0.00,0.00,0.00,0.00,0.00,0.00,0.00,0.01,0.04,0.05,359038,580740,778187,914682,1290427,1517071,0,0,0,0,0,0,0,141046,0,171.49,171.95,172.56
2568,1,35,44,57,87863,87863,87863,9416,9416,9416,591,591,591,0.05,0.09,0.13,0.02,0.04,0.07,0.00,0.01,0.01,0.00,0.00,0.00,0.00,0.00,0.00,0.00,0.00,0.00,0.01,0.04,0.05,348561,602571,859559,1040442,1319233,1656224,0,524,2620,0,524,2620,0,143135,0,158.05,160.22,161.64
2568,2,21,50,60,87766,87766,87766,9513,9513,9513,591,591,591,0.06,0.08,0.10,0.03,0.04,0.05,0.00,0.01,0.01,0.00,0.00,0.00,0.00,0.00,0.00,0.00,0.00,0.00,0.01,0.04,0.05,712753,1016809,1669300,1451710,1685599,2216998,0,524,2620,0,524,2620,0,129105,0,159.31,162.40,164.33
2568,3,29,47,61,87769,87769,87769,9510,9510,9510,591,591,591,0.05,0.08,0.12,0.02,0.04,0.06,0.00,0.01,0.01,0.00,0.00,0.00,0.00,0.00,0.00,0.00,0.00,0.00,0.01,0.03,0.05,348565,736439,1504325,953943,1431468,2235522,0,0,0,0,0,0,0,158236,0,176.50,177.94,180.20
2569,0,43,51,67,87884,87884,87884,9395,9395,9395,591,591,591,0.05,0.09,0.12,0.02,0.05,0.06,0.00,0.01,0.01,0.00,0.00,0.00,0.00,0.00,0.00,0.00,0.00,0.00,0.01,0.03,0.05,309241,580746,1160956,746022,1138783,1782054,0,0,0,0,0,0,0,158766,0,174.51,176.37,178.61
2569,1,40,48,60,87863,87863,87863,9416,9416,9416,591,591,591,0.05,0.09,0.12,0.02,0.05,0.06,0.00,0.01,0.01,0.00,0.00,0.00,0.00,0.00,0.00,0.00,0.00,0.00,0.01,0.04,0.05,416684,558735,909370,888459,1125859,1459709,0,0,0,0,0,0,0,130919,0,159.01,160.91,162.25
2569,2,37,50,60,87766,87766,87766,9513,9513,9513,591,591,591,0.07,0.09,0.10,0.03,0.04,0.05,0.01,0.01,0.01,0.00,0.00,0.00,0.00,0.00,0.00,0.00,0.00,0.00,0.02,0.03,0.04,368414,697919,1633061,852213,1253861,2409525,0,347,1737,0,523,2619,0,127310,0,160.65,162.63,164.41
2569,3,49,58,66,87769,87769,87769,9510,9510,9510,591,591,591,0.05,0.09,0.11,0.02,0.04,0.06,0.00,0.01,0.01,0.00,0.00,0.00,0.00,0.00,0.00,0.00,0.00,0.00,0.01,0.04,0.05,345937,457926,655177,864843,984480,1276286,0,349,1747,0,524,2620,0,142600,0,173.59,177.53,180.61
2570,0,44,51,60,87884,87884,87884,9395,9395,9395,591,591,591,0.05,0.09,0.13,0.02,0.04,0.06,0.00,0.01,0.01,0.00,0.00,0.00,0.00,0.00,0.00,0.00,0.00,0.00,0.01,0.04,0.05,364134,638887,1160697,793761,1275707,1820958,0,523,2619,0,523,2619,0,102189,0,173.32,174.59,175.87
2570,1,42,52,63,87863,87863,87863,9416,9416,9416,591,591,591,0.05,0.09,0.13,0.02,0.04,0.06,0.00,0.01,0.01,0.00,0.00,0.00,0.00,0.00,0.00,0.00,0.00,0.00,0.01,0.04,0.05,539881,630539,870050,959206,1249548,1540932,0,524,2620,0,1048,2620,0,94296,0,158.49,160.68,162.51
2570,2,24,48,72,87766,87766,87766,9513,9513,9513,591,591,591,0.06,0.09,0.10,0.03,0.04,0.05,0.00,0.01,0.01,0.00,0.00,0.00,0.00,0.00,0.00,0.00,0.00,0.00,0.01,0.04,0.04,503120,848098,1111235,1011482,1486517,1834586,0,524,2621,0,0,0,0,129413,0,160.18,161.55,162.46
2570,3,51,54,59,87769,87769,87769,9510,9510,9510,591,591,591,0.08,0.09,0.10,0.04,0.04,0.05,0.00,0.01,0.01,0.00,0.00,0.00,0.00,0.00,0.00,0.00,0.00,0.00,0.02,0.03,0.04,343316,548253,725933,959130,1208150,1462349,0,0,0,0,0,0,0,106547,0,174.38,177.51,180.12
2571,0,22,47,72,87884,87884,87884,9395,9395,9395,591,591,591,0.08,0.09,0.10,0.04,0.05,0.05,0.01,0.01,0.01,0.00,0.00,0.00,0.00,0.00,0.00,0.00,0.00,0.00,0.02,0.04,0.04,340699,516926,707562,935613,1066617,1284108,0,0,0,0,655,2620,0,139258,0,172.67,173.41,173.74
2571,1,21,49,68,87863,87863,87863,9416,9416,9416,591,591,591,0.07,0.09,0.11,0.04,0.04,0.05,0.01,0.01,0.01,0.00,0.00,0.00,0.00,0.00,0.00,0.00,0.00,0.00,0.01,0.03,0.05,323474,429647,585306,825541,976211,1198568,0,1310,2620,0,0,0,0,128192,0,157.97,160.00,161.43
2571,2,48,57,64,87766,87766,87766,9513,9513,9513,591,591,591,0.05,0.10,0.13,0.02,0.05,0.07,0.00,0.01,0.01,0.00,0.00,0.00,0.00,0.00,0.00,0.00,0.00,0.00,0.01,0.04,0.05,508406,921174,1934071,969661,1474139,2534209,0,0,0,0,655,2620,0,115504,0,162.90,163.16,163.51
2571,3,24,48,63,87769,87769,87769,9510,9510,9510,591,591,591,0.06,0.09,0.10,0.03,0.04,0.05,0.01,0.01,0.01,0.00,0.00,0.00,0.00,0.00,0.00,0.00,0.00,0.00,0.01,0.03,0.05,408830,468450,521520,932971,1031902,1171455,0,0,0,0,0,0,0,160414,0,176.38,178.29,179.89
2572,0,40,52,60,87884,87884,87884,9395,9395,9395,591,591,591,0.06,0.08,0.10,0.03,0.04,0.05,0.00,0.01,0.01,0.00,0.00,0.00,0.00,0.00,0.00,0.00,0.00,0.00,0.01,0.03,0.04,351165,536703,673609,883153,1159369,1417987,0,0,0,0,0,0,0,153907,0,169.28,172.34,173.82
2572,1,20,45,61,87863,87863,87863,9416,9416,9416,591,591,591,0.04,0.09,0.13,0.02,0.04,0.06,0.00,0.01,0.01,0.00,0.00,0.00,0.00,0.00,0.00,0.00,0.00,0.00,0.01,0.04,0.05,505791,646785,699741,1011582,1300909,1436132,0,524,2620,0,0,0,0,142013,0,156.01,158.35,160.90
2572,2,26,48,67,87766,87766,87766,9513,9513,9513,591,591,591,0.05,0.09,0.12,0.02,0.04,0.06,0.00,0.01,0.01,0.00,0.00,0.00,0.00,0.00,0.00,0.00,0.00,0.00,0.01,0.04,0.05,374717,722793,1074464,937642,1355337,1792520,0,524,2620,0,339,1695,0,131247,0,161.09,163.29,165.65
2572,3,35,56,67,87769,87769,87769,9510,9510,9510,591,591,591,0.07,0.09,0.11,0.04,0.05,0.05,0.00,0.01,0.01,0.00,0.00,0.00,0.00,0.00,0.00,0.00,0.00,0.00,0.02,0.04,0.05,393070,731719,1273731,998398,1365938,2059984,0,0,0,0,524,2620,0,140514,0,175.02,178.49,180.81
2573,0,27,44,56,87884,87884,87884,9395,9395,9395,591,591,591,0.05,0.08,0.12,0.02,0.04,0.06,0.00,0.01,0.01,0.00,0.00,0.00,0.00,0.00,0.00,0.00,0.00,0.00,0.01,0.03,0.06,479602,628942,851751,1006358,1246877,1653708,0,0,0,0,0,0,0,139598,0,168.51,170.90,173.60
2573,1,26,44,59,87863,87863,87863,9416,9416,9416,591,591,591,0.05,0.08,0.12,0.02,0.04,0.06,0.00,0.01,0.01,0.00,0.00,0.00,0.00,0.00,0.00,0.00,0.00,0.00,0.01,0.03,0.05,427184,568689,649929,930370,1218096,1423030,0,524,2620,0,0,0,0,128530,0,155.78,158.71,161.16
2573,2,35,48,59,87766,87766,87766,9513,9513,9513,591,591,591,0.05,0.08,0.13,0.02,0.04,0.06,0.00,0.01,0.01,0.00,0.00,0.00,0.00,0.00,0.00,0.00,0.00,0.00,0.01,0.03,0.05,470408,808249,1387899,986254,1472027,2104981,0,0,0,0,1038,2620,0,125634,0,159.43,163.00,165.55
2573,3,33,45,57,87769,87769,87769,9510,9510,9510,591,591,591,0.05,0.08,0.10,0.02,0.04,0.05,0.00,0.01,0.01,0.00,0.00,0.00,0.00,0.00,0.00,0.00,0.00,0.00,0.01,0.03,0.04,359049,507719,697124,875291,1147526,1527907,0,524,2620,0,0,0,0,139848,0,173.37,175.82,177.76
2574,0,28,44,63,87884,87884,87884,9395,9395,9395,591,591,591,0.08,0.09,0.10,0.04,0.05,0.05,0.01,0.01,0.01,0.00,0.00,0.00,0.00,0.00,0.00,0.00,0.00,0.00,0.02,0.04,0.05,369529,715457,1014234,801957,1395800,1740185,0,524,2620,0,524,2620,0,139679,0,170.16,172.84,174.20
2574,1,30,44,55,87863,87863,87863,9416,9416,9416,591,591,591,0.08,0.09,0.10,0.04,0.05,0.05,0.00,0.01,0.01,0.00,0.00,0.00,0.00,0.00,0.00,0.00,0.00,0.00,0.02,0.04,0.05,403605,610712,786253,875351,1269314,1593474,0,515,2575,0,1048,2620,0,129136,0,157.40,159.33,161.28
2574,2,28,50,64,87766,87766,87766,9513,9513,9513,591,591,591,0.05,0.09,0.13,0.02,0.04,0.07,0.00,0.01,0.01,0.00,0.00,0.00,0.00,0.00,0.00,0.00,0.00,0.00,0.01,0.04,0.05,529391,742168,1058401,998505,1381107,1653097,0,524,2620,0,0,0,0,130427,0,158.63,160.78,162.28
2574,3,30,47,66,87769,87769,87769,9510,9510,9510,591,591,591,0.08,0.09,0.10,0.04,0.04,0.05,0.00,0.01,0.01,0.00,0.00,0.00,0.00,0.00,0.00,0.00,0.00,0.00,0.02,0.04,0.05,356364,545632,684008,893532,1180364,1391603,0,0,0,0,0,0,0,141191,0,173.90,176.88,179.17
2575,0,19,45,56,87884,87884,87884,9395,9395,9395,591,591,591,0.07,0.09,0.12,0.03,0.05,0.06,0.00,0.01,0.01,0.00,0.00,0.00,0.00,0.00,0.00,0.00,0.00,0.00,0.02,0.03,0.05,332729,541422,912034,807204,1165124,1792619,0,1048,2620,0,0,0,0,140758,0,172.45,174.62,176.20
2575,1,29,47,55,87863,87863,87863,9416,9416,9416,591,591,591,0.07,0.09,0.11,0.04,0.05,0.06,0.01,0.01,0.01,0.00,0.00,0.00,0.00,0.00,0.00,0.00,0.00,0.00,0.03,0.04,0.05,450760,561701,720680,988003,1144717,1250050,0,524,2620,0,1222,3494,0,143984,0,156.34,160.96,162.69
2575,2,25,45,64,87766,87766,87766,9513,9513,9513,591,591,591,0.05,0.10,0.13,0.02,0.05,0.06,0.00,0.01,0.01,0.00,0.00,0.00,0.00,0.00,0.00,0.00,0.00,0.00,0.01,0.04,0.05,518817,979053,1792429,1029774,1619008,2389905,0,2096,10482,0,524,2620,0,128670,0,159.73,162.16,163.61
2575,3,33,52,60,87769,87769,87769,9510,9510,9510,591,591,591,0.06,0.09,0.11,0.03,0.05,0.06,0.01,0.01,0.01,0.00,0.00,0.00,0.00,0.00,0.00,0.00,0.00,0.00,0.01,0.04,0.05,411441,695530,1100724,911984,1276797,1758538,0,0,0,0,1572,5241,0,157245,0,174.29,176.64,179.53
2576,0,22,42,54,87884,87884,87884,9395,9395,9395,591,591,591,0.05,0.08,0.09,0.02,0.04,0.05,0.00,0.01,0.01,0.00,0.00,0.00,0.00,0.00,0.00,0.00,0.00,0.00,0.01,0.04,0.05,364282,675333,1101950,791463,1387826,1938938,0,0,0,0,0,0,0,153413,0,169.54,172.82,175.09
2576,1,21,45,56,87863,87863,87863,9416,9416,9416,591,591,591,0.05,0.08,0.12,0.02,0.04,0.06,0.00,0.01,0.01,0.00,0.00,0.00,0.00,0.00,0.00,0.00,0.00,0.00,0.01,0.03,0.05,440219,698150,1035200,1131993,1391050,1753289,0,524,2620,0,0,0,0,126071,0,156.03,159.32,163.61
2576,2,25,48,59,87766,87766,87766,9513,9513,9513,591,591,591,0.05,0.08,0.10,0.02,0.04,0.05,0.00,0.01,0.01,0.00,0.00,0.00,0.00,0.00,0.00,0.00,0.00,0.00,0.01,0.03,0.05,486029,706435,1017744,995203,1352357,1788395,0,0,0,0,1572,2620,0,127107,0,157.78,161.01,164.26
2576,3,25,53,66,87769,87769,87769,9510,9510,9510,591,591,591,0.05,0.08,0.13,0.02,0.04,0.07,0.00,0.01,0.01,0.00,0.00,0.00,0.00,0.00,0.00,0.00,0.00,0.00,0.01,0.03,0.05,351180,618008,791490,885814,1314005,1472905,0,1048,2620,0,0,0,0,139233,0,172.88,175.29,178.06
2577,0,34,45,61,87884,87884,87884,9395,9395,9395,591,591,591,0.05,0.09,0.12,0.02,0.04,0.06,0.00,0.01,0.01,0.00,0.00,0.00,0.00,0.00,0.00,0.00,0.00,0.00,0.01,0.03,0.05,442903,657269,1011581,1016843,1333582,1606474,0,0,0,0,0,0,0,139070,0,170.63,172.94,176.29
2577,1,27,45,61,87863,87863,87863,9416,9416,9416,591,591,591,0.05,0.09,0.13,0.02,0.05,0.06,0.00,0.01,0.01,0.00,0.00,0.00,0.00,0.00,0.00,0.00,0.00,0.00,0.01,0.04,0.05,387858,628459,938272,835991,1261112,1706188,0,0,0,0,0,0,0,100117,0,157.16,160.31,162.91
2577,2,25,42,54,87766,87766,87766,9513,9513,9513,591,591,591,0.08,0.10,0.10,0.04,0.05,0.05,0.00,0.01,0.01,0.00,0.00,0.00,0.00,0.00,0.00,0.00,0.00,0.00,0.02,0.04,0.05,547726,770671,1119022,1113797,1434225,1685085,0,0,0,0,0,0,0,133381,0,160.26,163.84,167.45
2577,3,31,49,62,87769,87769,87769,9510,9510,9510,591,591,591,0.05,0.09,0.13,0.02,0.04,0.06,0.00,0.01,0.01,0.00,0.00,0.00,0.00,0.00,0.00,0.00,0.00,0.00,0.01,0.03,0.05,295264,544401,723318,772230,1208480,1407326,0,0,0,0,0,0,0,111203,0,173.98,177.84,181.51
2578,0,30,42,58,87884,87884,87884,9395,9395,9395,591,591,591,0.07,0.09,0.11,0.03,0.05,0.06,0.00,0.01,0.01,0.00,0.00,0.00,0.00,0.00,0.00,0.00,0.00,0.00,0.03,0.04,0.05,353783,580498,946105,898886,1235028,1693030,0,0,0,0,655,2620,0,103741,0,168.28,170.99,172.43
2578,1,46,51,57,87863,87863,87863,9416,9416,9416,591,591,591,0.05,0.08,0.12,0.02,0.04,0.06,0.00,0.01,0.01,0.00,0.00,0.00,0.00,0.00,0.00,0.00,0.00,0.00,0.01,0.03,0.05,421880,553965,614688,1118900,1235267,1318194,0,1310,5241,0,655,2620,0,128181,0,156.20,158.17,162.52
2578,2,27,50,61,87766,87766,87766,9513,9513,9513,591,591,591,0.06,0.09,0.12,0.03,0.05,0.06,0.00,0.01,0.01,0.00,0.00,0.00,0.00,0.00,0.00,0.00,0.00,0.00,0.01,0.04,0.05,497747,812427,1187255,982397,1518711,1973516,0,1309,2620,0,654,2619,0,113300,0,161.24,163.11,165.19
2578,3,52,57,63,87769,87769,87769,9510,9510,9510,591,591,591,0.09,0.09,0.09,0.04,0.05,0.05,0.00,0.01,0.01,0.00,0.00,0.00,0.00,0.00,0.00,0.00,0.00,0.00,0.02,0.04,0.05,382630,523476,649941,995887,1210088,1433539,0,0,0,0,655,2620,0,140462,0,173.11,175.57,177.94
2579,0,33,52,68,87884,87884,87884,9395,9395,9395,591,591,591,0.05,0.09,0.13,0.02,0.05,0.06,0.00,0.01,0.01,0.00,0.00,0.00,0.00,0.00,0.00,0.00,0.00,0.00,0.01,0.04,0.05,395726,511566,788843,864831,1129534,1593411,0,524,2620,0,524,2620,0,138806,0,169.15,172.75,176.40
2579,1,41,50,60,87863,87863,87863,9416,9416,9416,591,591,591,0.07,0.10,0.12,0.04,0.05,0.06,0.01,0.01,0.01,0.00,0.00,0.00,0.00,0.00,0.00,0.00,0.00,0.00,0.03,0.04,0.05,432397,520276,663162,927688,1138209,1457383,0,524,2620,0,524,2620,0,144041,0,156.68,159.63,163.08
2579,2,44,54,63,87766,87766,87766,9513,9513,9513,591,591,591,0.05,0.09,0.10,0.02,0.04,0.05,0.00,0.01,0.01,0.00,0.00,0.00,0.00,0.00,0.00,0.00,0.00,0.00,0.01,0.03,0.05,471720,940307,1716408,964405,1531552,2185473,0,0,0,0,524,2620,0,131699,0,160.62,162.97,165.79
2579,3,24,44,66,87769,87769,87769,9510,9510,9510,591,591,591,0.05,0.09,0.13,0.02,0.05,0.06,0.00,0.01,0.01,0.00,0.00,0.00,0.00,0.00,0.00,0.00,0.00,0.00,0.01,0.04,0.05,390486,697110,1189823,885802,1310882,1989154,0,524,2620,0,0,0,0,145597,0,173.41,176.61,178.70
2580,0,33,52,68,87884,87884,87884,9395,9395,9395,591,591,591,0.05,0.08,0.10,0.02,0.04,0.05,0.00,0.01,0.01,0.00,0.00,0.00,0.00,0.00,0.00,0.00,0.00,0.00,0.01,0.03,0.05,338062,639101,1239531,959191,1287604,1905157,0,0,0,0,0,0,0,137893,0,171.62,174.66,176.03
2580,1,27,40,53,87863,87863,87863,9416,9416,9416,591,591,591,0.05,0.08,0.13,0.02,0.04,0.06,0.00,0.01,0.01,0.00,0.00,0.00,0.00,0.00,0.00,0.00,0.00,0.00,0.01,0.03,0.05,372148,607471,799271,938233,1265787,1533029,0,0,0,0,524,2620,0,127072,0,157.30,161.06,163.04
2580,2,17,41,58,87766,87766,87766,9513,9513,9513,591,591,591,0.05,0.08,0.10,0.03,0.04,0.05,0.00,0.01,0.01,0.00,0.00,0.00,0.00,0.00,0.00,0.00,0.00,0.00,0.01,0.03,0.05,474363,825748,1059139,838653,1447945,1677389,0,514,2573,0,0,0,0,126515,0,160.85,162.23,163.85
2580,3,36,44,53,87769,87769,87769,9510,9510,9510,591,591,591,0.05,0.08,0.13,0.02,0.04,0.06,0.00,0.01,0.01,0.00,0.00,0.00,0.00,0.00,0.00,0.00,0.00,0.00,0.01,0.03,0.05,393094,578148,781280,875290,1214309,1593198,0,0,0,0,0,0,0,139836,0,173.48,177.30,179.12
2582,0,21,48,67,87884,87884,87884,9395,9395,9395,591,591,591,0.05,0.09,0.12,0.02,0.04,0.06,0.00,0.01,0.01,0.00,0.00,0.00,0.00,0.00,0.00,0.00,0.00,0.00,0.01,0.04,0.05,353795,585995,1179342,783591,1222570,1991779,0,0,0,0,262,2620,0,313919,0,169.53,172.66,174.80
2582,1,14,44,62,87863,87863,87863,9416,9416,9416,591,591,591,0.06,0.09,0.11,0.03,0.04,0.06,0.01,0.01,0.01,0.00,0.00,0.00,0.00,0.00,0.00,0.00,0.00,0.00,0.01,0.04,0.05,307424,540224,752116,758080,1183093,1496435,0,524,2620,0,262,2620,0,288184,0,155.03,158.94,162.31
2582,2,32,42,57,87766,87766,87766,9513,9513,9513,591,591,591,0.05,0.09,0.13,0.02,0.05,0.07,0.00,0.01,0.01,0.00,0.00,0.00,0.00,0.00,0.00,0.00,0.00,0.00,0.01,0.04,0.05,503193,871386,2020653,1001228,1511890,2623442,0,786,2621,0,524,2621,0,306929,0,160.10,162.70,164.63
2582,3,32,49,66,87769,87769,87769,9510,9510,9510,591,591,591,0.05,0.09,0.12,0.02,0.04,0.06,0.00,0.01,0.01,0.00,0.00,0.00,0.00,0.00,0.00,0.00,0.00,0.00,0.01,0.04,0.05,398367,586255,1129520,935607,1218375,1766350,0,262,2620,0,524,2620,0,334641,0,172.38,175.44,181.69
2583,0,23,43,62,87884,87884,87884,9395,9395,9395,591,591,591,0.05,0.08,0.12,0.02,0.04,0.06,0.00,0.01,0.01,0.00,0.00,0.00,0.00,0.00,0.00,0.00,0.00,0.00,0.01,0.03,0.05,429791,651505,1192415,909375,1299342,1962898,0,524,2620,0,0,0,0,156370,0,170.70,172.63,173.55
2583,1,24,55,81,87863,87863,87863,9416,9416,9416,591,591,591,0.05,0.09,0.12,0.02,0.04,0.06,0.00,0.01,0.01,0.00,0.00,0.00,0.00,0.00,0.00,0.00,0.00,0.00,0.01,0.03,0.05,435046,678239,1095418,846506,1352813,1907810,0,0,0,0,524,2620,0,130809,0,158.97,160.83,162.90
2583,2,27,45,55,87766,87766,87766,9513,9513,9513,591,591,591,0.06,0.09,0.11,0.03,0.04,0.06,0.00,0.01,0.01,0.00,0.00,0.00,0.00,0.00,0.00,0.00,0.00,0.00,0.02,0.03,0.04,466495,810837,1166240,972301,1492737,1847639,0,0,0,0,0,0,0,126531,0,158.29,161.65,164.36
2583,3,27,53,74,87769,87769,87769,9510,9510,9510,591,591,591,0.05,0.09,0.13,0.02,0.04,0.06,0.00,0.01,0.01,0.00,0.00,0.00,0.00,0.00,0.00,0.00,0.00,0.00,0.01,0.03,0.05,427165,625826,841247,953932,1319266,1614356,0,0,0,0,0,0,0,142267,0,175.26,176.33,177.27
2584,0,30,52,70,87884,87884,87884,9395,9395,9395,591,591,591,0.07,0.09,0.13,0.03,0.04,0.06,0.00,0.01,0.01,0.00,0.00,0.00,0.00,0.00,0.00,0.00,0.00,0.00,0.02,0.04,0.05,366895,623619,1166253,822895,1247079,1805726,0,0,0,0,0,0,0,139188,0,167.74,172.78,175.73
2584,1,32,42,49,87863,87863,87863,9416,9416,9416,591,591,591,0.05,0.09,0.12,0.02,0.05,0.06,0.00,0.01,0.01,0.00,0.00,0.00,0.00,0.00,0.00,0.00,0.00,0.00,0.01,0.04,0.05,539878,660433,891089,1050928,1317720,1585615,0,524,2620,0,0,0,0,96702,0,159.02,160.21,161.46
2584,2,23,43,64,87766,87766,87766,9513,9513,9513,591,591,591,0.07,0.08,0.10,0.03,0.04,0.05,0.01,0.01,0.01,0.00,0.00,0.00,0.00,0.00,0.00,0.00,0.00,0.00,0.01,0.03,0.05,477896,711956,1285263,922463,1324520,2079556,0,0,0,0,524,2620,0,129334,0,156.82,161.01,163.44
2584,3,33,52,62,87769,87769,87769,9510,9510,9510,591,591,591,0.05,0.09,0.13,0.02,0.04,0.06,0.00,0.01,0.01,0.00,0.00,0.00,0.00,0.00,0.00,0.00,0.00,0.00,0.01,0.04,0.05,319732,535684,657802,878827,1212017,1451962,0,0,0,0,0,0,0,103974,0,172.21,174.26,177.06
2585,0,49,53,60,87884,87884,87884,9395,9395,9395,591,591,591,0.06,0.09,0.11,0.03,0.04,0.05,0.00,0.01,0.01,0.00,0.00,0.00,0.00,0.00,0.00,0.00,0.00,0.00,0.01,0.03,0.05,332813,530042,990679,770437,1085631,1766449,0,0,0,0,655,2620,0,100744,0,169.50,172.14,174.24
2585,1,22,45,56,87863,87863,87863,9416,9416,9416,591,591,591,0.08,0.09,0.11,0.04,0.05,0.06,0.01,0.01,0.01,0.00,0.00,0.00,0.00,0.00,0.00,0.00,0.00,0.00,0.03,0.03,0.04,351179,525457,914636,856982,1067295,1567199,0,655,2620,0,0,0,0,125617,0,159.46,162.35,166.21
2585,2,48,51,53,87766,87766,87766,9513,9513,9513,591,591,591,0.05,0.09,0.12,0.02,0.05,0.06,0.00,0.01,0.01,0.00,0.00,0.00,0.00,0.00,0.00,0.00,0.00,0.00,0.01,0.03,0.05,521527,680012,885768,1014226,1243411,1415132,0,655,2620,0,0,0,0,111051,0,160.63,163.06,165.05
2585,3,29,55,72,87769,87769,87769,9510,9510,9510,591,591,591,0.05,0.08,0.10,0.02,0.04,0.05,0.00,0.01,0.01,0.00,0.00,0.00,0.00,0.00,0.00,0.00,0.00,0.00,0.01,0.03,0.04,340682,443556,634248,754742,967045,1412644,0,0,0,0,655,2620,0,139900,0,174.66,176.79,178.78
2586,0,24,49,66,87884,87884,87884,9395,9395,9395,591,591,591,0.09,0.10,0.11,0.05,0.05,0.06,0.01,0.01,0.01,0.00,0.00,0.00,0.00,0.00,0.00,0.00,0.00,0.00,0.04,0.04,0.05,374769,480643,830780,849127,1079744,1643215,0,524,2620,0,0,0,0,141859,0,174.28,176.12,179.74
2586,1,28,43,61,87863,87863,87863,9416,9416,9416,591,591,591,0.08,0.10,0.11,0.04,0.05,0.06,0.01,0.01,0.01,0.00,0.00,0.00,0.00,0.00,0.00,0.00,0.00,0.00,0.03,0.04,0.05,382497,476676,639433,880269,1090406,1347004,0,0,0,0,1047,2620,0,144965,0,160.60,163.19,165.61
2586,2,39,46,62,87766,87766,87766,9513,9513,9513,591,591,591,0.08,0.10,0.11,0.04,0.05,0.06,0.01,0.01,0.01,0.00,0.00,0.00,0.00,0.00,0.00,0.00,0.00,0.00,0.02,0.04,0.05,484843,910446,1918386,974914,1480197,2424190,0,524,2620,0,524,2620,0,130492,0,159.29,161.66,165.43
2586,3,39,51,63,87769,87769,87769,9510,9510,9510,591,591,591,0.07,0.11,0.13,0.03,0.05,0.07,0.00,0.01,0.01,0.00,0.00,0.00,0.00,0.00,0.00,0.00,0.00,0.00,0.04,0.04,0.05,351176,653612,1161028,786215,1250613,1886998,0,524,2620,0,0,0,0,140836,0,173.97,176.47,179.84
2587,0,36,49,57,87884,87884,87884,9395,9395,9395,591,591,591,0.05,0.08,0.11,0.02,0.04,0.06,0.00,0.01,0.01,0.00,0.00,0.00,0.00,0.00,0.00,0.00,0.00,0.00,0.01,0.03,0.05,340447,674007,1100724,845960,1307645,1774262,0,1048,2620,0,0,0,0,139900,0,170.19,172.75,173.94
2587,1,21,53,66,87863,87863,87863,9416,9416,9416,591,591,591,0.05,0.08,0.11,0.02,0.04,0.06,0.00,0.01,0.01,0.00,0.00,0.00,0.00,0.00,0.00,0.00,0.00,0.00,0.01,0.03,0.05,366901,534624,825486,809803,1114327,1517322,0,1048,5241,0,1572,2620,0,129201,0,156.21,159.58,163.36
2587,2,24,49,60,87766,87766,87766,9513,9513,9513,591,591,591,0.08,0.09,0.10,0.04,0.05,0.05,0.01,0.01,0.01,0.00,0.00,0.00,0.00,0.00,0.00,0.00,0.00,0.00,0.03,0.04,0.05,539861,796515,1318243,1029929,1383129,1873845,0,1048,5241,0,1037,5189,0,132029,0,158.31,161.09,163.22
2587,3,42,56,72,87769,87769,87769,9510,9510,9510,591,591,591,0.05,0.08,0.10,0.02,0.04,0.05,0.00,0.01,0.01,0.00,0.00,0.00,0.00,0.00,0.00,0.00,0.00,0.00,0.01,0.03,0.05,356380,527467,681369,814959,1111528,1480668,0,524,2620,0,524,2620,0,141728,0,173.69,175.84,178.30
2588,0,43,54,61,87884,87884,87884,9395,9395,9395,591,591,591,0.07,0.10,0.11,0.04,0.05,0.06,0.01,0.01,0.01,0.00,0.00,0.00,0.00,0.00,0.00,0.00,0.00,0.00,0.03,0.04,0.05,382617,604173,1174227,854273,1214967,1908119,0,0,0,0,524,2620,0,138537,0,172.73,174.16,175.59
2588,1,31,50,69,87863,87863,87863,9416,9416,9416,591,591,591,0.09,0.11,0.12,0.05,0.05,0.06,0.01,0.01,0.01,0.00,0.00,0.00,0.00,0.00,0.00,0.00,0.00,0.00,0.03,0.04,0.05,343314,525171,854293,767861,1080741,1609006,0,524,2620,0,0,0,0,127831,0,161.98,163.79,166.24
2588,2,23,40,57,87766,87766,87766,9513,9513,9513,591,591,591,0.06,0.09,0.12,0.03,0.05,0.06,0.00,0.01,0.01,0.00,0.00,0.00,0.00,0.00,0.00,0.00,0.00,0.00,0.03,0.04,0.05,565977,758165,914625,1108801,1417011,1666799,0,514,2572,0,0,0,0,132594,0,158.97,161.64,163.79
2588,3,35,55,67,87769,87769,87769,9510,9510,9510,591,591,591,0.08,0.10,0.12,0.04,0.05,0.06,0.01,0.01,0.01,0.00,0.00,0.00,0.00,0.00,0.00,0.00,0.00,0.00,0.04,0.04,0.05,398366,519441,673560,917205,1146160,1417884,0,0,0,0,524,2620,0,140930,0,175.31,177.44,180.33
2589,0,32,53,63,87884,87884,87884,9395,9395,9395,591,591,591,0.07,0.09,0.11,0.03,0.04,0.05,0.01,0.01,0.01,0.00,0.00,0.00,0.00,0.00,0.00,0.00,0.00,0.00,0.01,0.03,0.05,345932,541945,634247,754760,1151501,1357587,0,0,0,0,0,0,0,136911,0,172.57,174.48,176.84
2589,1,38,47,53,87863,87863,87863,9416,9416,9416,591,591,591,0.05,0.08,0.10,0.02,0.04,0.05,0.00,0.01,0.01,0.00,0.00,0.00,0.00,0.00,0.00,0.00,0.00,0.00,0.01,0.03,0.05,348547,530829,846546,808845,1148393,1562048,0,0,0,0,516,2584,0,127216,0,156.31,159.25,161.73
2589,2,24,49,60,87766,87766,87766,9513,9513,9513,591,591,591,0.05,0.08,0.13,0.02,0.04,0.06,0.00,0.01,0.01,0.00,0.00,0.00,0.00,0.00,0.00,0.00,0.00,0.00,0.01,0.03,0.05,634006,982744,1721758,1192036,1584968,2274712,0,524,2620,0,523,2619,0,131423,0,161.92,164.30,167.19
2589,3,30,47,66,87769,87769,87769,9510,9510,9510,591,591,591,0.06,0.09,0.11,0.03,0.04,0.05,0.01,0.01,0.01,0.00,0.00,0.00,0.00,0.00,0.00,0.00,0.00,0.00,0.01,0.03,0.05,359041,636324,896330,943466,1259023,1661619,0,524,2620,0,0,0,0,162119,0,176.40,178.90,181.32
2590,0,27,43,52,87884,87884,87884,9395,9395,9395,591,591,591,0.05,0.09,0.11,0.03,0.05,0.06,0.00,0.01,0.01,0.00,0.00,0.00,0.00,0.00,0.00,0.00,0.00,0.00,0.01,0.04,0.05,366900,624774,1108531,833388,1235399,1561902,0,0,0,0,1048,2620,0,160281,0,171.84,173.76,175.31
2590,1,24,53,72,87863,87863,87863,9416,9416,9416,591,591,591,0.05,0.09,0.12,0.03,0.05,0.06,0.00,0.01,0.01,0.00,0.00,0.00,0.00,0.00,0.00,0.00,0.00,0.00,0.01,0.04,0.05,348531,580228,836025,796642,1157836,1617014,0,1572,5241,0,0,0,0,128358,0,159.05,161.18,162.15
2590,2,35,49,60,87766,87766,87766,9513,9513,9513,591,591,591,0.07,0.10,0.12,0.03,0.05,0.06,0.00,0.01,0.01,0.00,0.00,0.00,0.00,0.00,0.00,0.00,0.00,0.00,0.02,0.04,0.05,492657,748982,1451804,974833,1360649,2078123,0,0,0,0,524,2620,0,130399,0,160.80,163.52,166.06
2590,3,27,49,62,87769,87769,87769,9510,9510,9510,591,591,591,0.05,0.09,0.13,0.02,0.05,0.06,0.00,0.01,0.01,0.00,0.00,0.00,0.00,0.00,0.00,0.00,0.00,0.00,0.01,0.04,0.05,463872,581793,746876,1056150,1202900,1354928,0,0,0,0,0,0,0,141263,0,175.27,175.97,176.64
2591,0,58,62,68,87884,87884,87884,9395,9395,9395,591,591,591,0.10,0.10,0.11,0.05,0.05,0.06,0.01,0.01,0.01,0.00,0.00,0.00,0.00,0.00,0.00,0.00,0.00,0.00,0.04,0.04,0.05,351076,491243,676141,814812,989041,1205524,0,1047,2620,0,349,1747,0,141892,0,173.49,175.14,176.52
2591,1,40,44,51,87863,87863,87863,9416,9416,9416,591,591,591,0.10,0.10,0.10,0.05,0.05,0.05,0.01,0.01,0.01,0.00,0.00,0.00,0.00,0.00,0.00,0.00,0.00,0.00,0.04,0.04,0.04,345867,497891,728348,780823,963293,1252339,0,523,2619,0,1572,2621,0,97588,0,159.43,161.98,164.70
2591,2,49,59,71,87766,87766,87766,9513,9513,9513,591,591,591,0.08,0.10,0.11,0.04,0.05,0.05,0.01,0.01,0.01,0.00,0.00,0.00,0.00,0.00,0.00,0.00,0.00,0.00,0.03,0.04,0.04,337694,590448,1045681,800076,1058151,1554108,0,870,2620,0,534,2670,0,132885,0,160.72,163.45,167.15
2591,3,42,48,55,87769,87769,87769,9510,9510,9510,591,591,591,0.10,0.10,0.10,0.05,0.05,0.05,0.01,0.01,0.01,0.00,0.00,0.00,0.00,0.00,0.00,0.00,0.00,0.00,0.04,0.04,0.04,369528,433410,534631,836024,941466,1129545,0,524,2620,0,524,2620,0,107781,0,176.02,178.22,180.16
2592,0,50,55,60,87884,87884,87884,9395,9395,9395,591,591,591,0.05,0.08,0.11,0.02,0.04,0.06,0.00,0.01,0.01,0.00,0.00,0.00,0.00,0.00,0.00,0.00,0.00,0.00,0.01,0.03,0.05,435040,539205,686620,1014194,1176688,1470207,0,0,0,0,0,0,0,102272,0,171.14,171.71,172.49
2592,1,7,37,56,87863,87863,87863,9416,9416,9416,591,591,591,0.07,0.08,0.11,0.03,0.04,0.05,0.00,0.01,0.01,0.00,0.00,0.00,0.00,0.00,0.00,0.00,0.00,0.00,0.02,0.03,0.05,343326,525496,720683,825518,1171551,1457090,0,0,0,0,0,0,0,122926,0,159.30,160.82,161.76
2592,2,20,44,55,87766,87766,87766,9513,9513,9513,591,591,591,0.05,0.08,0.11,0.02,0.04,0.05,0.00,0.01,0.01,0.00,0.00,0.00,0.00,0.00,0.00,0.00,0.00,0.00,0.01,0.03,0.05,524127,769171,1265806,1121713,1429583,2049401,0,0,0,0,0,0,0,113295,0,158.19,161.83,163.89
2592,3,21,49,63,87769,87769,87769,9510,9510,9510,591,591,591,0.06,0.08,0.10,0.03,0.04,0.05,0.00,0.01,0.01,0.00,0.00,0.00,0.00,0.00,0.00,0.00,0.00,0.00,0.01,0.03,0.05,440286,499224,608038,1016867,1142141,1378569,0,0,0,0,0,0,0,136068,0,174.79,176.02,177.80
2593,0,24,49,67,87884,87884,87884,9395,9395,9395,591,591,591,0.05,0.09,0.13,0.02,0.05,0.07,0.00,0.01,0.01,0.00,0.00,0.00,0.00,0.00,0.00,0.00,0.00,0.00,0.01,0.04,0.05,343306,507370,655176,770473,1115375,1399457,0,0,0,0,0,0,0,140278,0,168.02,171.31,173.13
2593,1,38,50,72,87861,87861,87863,9416,9417,9418,591,591,591,0.05,0.08,0.11,0.02,0.04,0.06,0.00,0.01,0.01,0.00,0.00,0.00,0.00,0.00,0.00,0.00,0.00,0.00,0.01,0.03,0.05,377366,496889,673505,826362,1117655,1431034,0,349,1747,0,524,2620,0,141958,0,154.29,158.11,162.29
2593,2,22,43,59,87766,87766,87766,9513,9513,9513,591,591,591,0.08,0.09,0.10,0.04,0.05,0.05,0.00,0.01,0.01,0.00,0.00,0.00,0.00,0.00,0.00,0.00,0.00,0.00,0.02,0.04,0.05,487464,988532,2198821,1064017,1610691,2982429,0,524,2620,0,1572,7862,0,127807,0,156.11,160.35,161.66
2593,3,37,52,60,87769,87769,87769,9510,9510,9510,591,591,591,0.07,0.09,0.13,0.04,0.05,0.07,0.00,0.01,0.01,0.00,0.00,0.00,0.00,0.00,0.00,0.00,0.00,0.00,0.03,0.04,0.05,660405,751126,998500,1176746,1402140,1515000,0,1048,5241,0,0,0,0,158890,0,173.66,175.62,177.65
2594,0,23,47,60,87884,87884,87884,9395,9395,9395,591,591,591,0.07,0.09,0.13,0.03,0.05,0.07,0.00,0.01,0.01,0.00,0.00,0.00,0.00,0.00,0.00,0.00,0.00,0.00,0.01,0.04,0.05,372141,669809,1252470,849110,1317099,1978274,0,0,0,0,0,0,0,137615,0,169.63,172.63,174.89
2594,1,18,46,80,87861,87861,87861,9418,9418,9418,591,591,591,0.06,0.09,0.13,0.03,0.05,0.07,0.01,0.01,0.01,0.00,0.00,0.00,0.00,0.00,0.00,0.00,0.00,0.00,0.01,0.04,0.05,353795,591241,788841,875316,1227561,1433531,0,0,0,0,0,0,0,126565,0,155.72,158.08,160.08
2594,2,38,48,58,87766,87766,87766,9513,9513,9513,591,591,591,0.05,0.08,0.10,0.02,0.04,0.05,0.00,0.01,0.01,0.00,0.00,0.00,0.00,0.00,0.00,0.00,0.00,0.00,0.01,0.03,0.05,587039,871128,1216022,1260562,1527356,1690375,0,524,2620,0,0,0,0,127363,0,155.52,159.09,162.88
2594,3,21,50,71,87769,87769,87769,9510,9510,9510,591,591,591,0.05,0.09,0.13,0.02,0.05,0.07,0.00,0.01,0.01,0.00,0.00,0.00,0.00,0.00,0.00,0.00,0.00,0.00,0.01,0.04,0.05,387870,518913,689272,917271,1160477,1462410,0,0,0,0,524,2620,0,139579,0,172.83,175.19,176.84
2595,0,24,50,63,87884,87884,87884,9395,9395,9395,591,591,591,0.05,0.09,0.10,0.02,0.04,0.05,0.00,0.01,0.01,0.00,0.00,0.00,0.00,0.00,0.00,0.00,0.00,0.00,0.01,0.03,0.05,395035,549996,824543,916585,1175610,1554753,0,524,2620,0,349,1746,0,142611,0,168.95,172.13,174.75
2595,1,13,45,64,87861,87861,87861,9418,9418,9418,591,591,591,0.05,0.08,0.10,0.02,0.04,0.05,0.00,0.01,0.01,0.00,0.00,0.00,0.00,0.00,0.00,0.00,0.00,0.00,0.01,0.03,0.05,411453,578133,914656,846494,1180377,1677307,0,524,2620,0,524,2620,0,130831,0,156.14,159.59,162.52
2595,2,18,45,64,87766,87766,87766,9513,9513,9513,591,591,591,0.07,0.09,0.13,0.03,0.05,0.07,0.00,0.01,0.01,0.00,0.00,0.00,0.00,0.00,0.00,0.00,0.00,0.00,0.02,0.04,0.06,330771,674253,869139,821761,1305141,1560384,0,0,0,0,344,1722,0,131898,0,156.95,160.05,162.46
2595,3,22,52,69,87769,87769,87769,9510,9510,9510,591,591,591,0.05,0.08,0.12,0.02,0.04,0.06,0.00,0.01,0.01,0.00,0.00,0.00,0.00,0.00,0.00,0.00,0.00,0.00,0.01,0.03,0.06,379993,481540,622086,822882,1099943,1360237,0,524,2620,0,0,0,0,143860,0,171.52,173.48,175.93
2596,0,45,54,74,87884,87884,87884,9395,9395,9395,591,591,591,0.05,0.08,0.10,0.02,0.04,0.05,0.00,0.01,0.01,0.00,0.00,0.00,0.00,0.00,0.00,0.00,0.00,0.00,0.01,0.03,0.05,340691,559255,807178,851722,1144194,1409905,0,0,0,0,524,2620,0,139983,0,170.74,172.66,174.94
2596,1,31,50,73,87861,87861,87861,9418,9418,9418,591,591,591,0.05,0.09,0.12,0.02,0.04,0.06,0.00,0.01,0.01,0.00,0.00,0.00,0.00,0.00,0.00,0.00,0.00,0.00,0.01,0.04,0.05,319472,511518,686656,736847,1122288,1446641,0,1039,2620,0,0,0,0,129320,0,156.96,158.86,161.41
2596,2,29,49,65,87766,87766,87766,9513,9513,9513,591,591,591,0.05,0.09,0.12,0.02,0.04,0.06,0.00,0.01,0.01,0.00,0.00,0.00,0.00,0.00,0.00,0.00,0.00,0.00,0.01,0.03,0.05,579169,985309,1614353,1147856,1596417,2083459,0,0,0,0,523,2619,0,130697,0,157.51,159.44,160.64
2596,3,34,50,60,87769,87769,87769,9510,9510,9510,591,591,591,0.05,0.08,0.10,0.02,0.04,0.05,0.00,0.01,0.01,0.00,0.00,0.00,0.00,0.00,0.00,0.00,0.00,0.00,0.01,0.03,0.05,343324,640508,967063,964454,1264242,1582906,0,0,0,0,0,0,0,159742,0,171.57,173.70,175.27
2597,0,43,47,59,87884,87884,87884,9395,9395,9395,591,591,591,0.09,0.10,0.11,0.05,0.05,0.05,0.01,0.01,0.01,0.00,0.00,0.00,0.00,0.00,0.00,0.00,0.00,0.00,0.04,0.04,0.04,359037,601145,1247229,778145,1127367,1713629,0,1048,2620,0,0,0,0,155453,0,175.37,176.35,177.51
2597,1,22,47,59,87861,87861,87861,9418,9418,9418,591,591,591,0.09,0.10,0.10,0.04,0.05,0.05,0.01,0.01,0.01,0.00,0.00,0.00,0.00,0.00,0.00,0.00,0.00,0.00,0.03,0.04,0.04,291782,516431,660323,775758,1055581,1386351,0,0,0,0,2096,2620,0,128110,0,160.30,163.19,165.21
2597,2,42,55,61,87766,87766,87766,9513,9513,9513,591,591,591,0.07,0.10,0.10,0.03,0.05,0.05,0.00,0.01,0.01,0.00,0.00,0.00,0.00,0.00,0.00,0.00,0.00,0.00,0.04,0.04,0.04,518746,674556,974844,1013913,1213891,1551669,0,1048,5241,0,0,0,0,129141,0,163.20,164.16,166.71
2597,3,23,52,62,87769,87769,87769,9510,9510,9510,591,591,591,0.08,0.10,0.11,0.04,0.05,0.05,0.01,0.01,0.01,0.00,0.00,0.00,0.00,0.00,0.00,0.00,0.00,0.00,0.04,0.04,0.04,400972,550874,846550,838592,1120092,1687858,0,0,0,0,524,2620,0,139793,0,177.70,179.65,181.99
2598,0,27,53,61,87884,87884,87884,9395,9395,9395,591,591,591,0.05,0.09,0.12,0.02,0.05,0.06,0.00,0.01,0.01,0.00,0.00,0.00,0.00,0.00,0.00,0.00,0.00,0.00,0.01,0.04,0.05,366909,573892,843651,809822,1130307,1512123,0,0,0,0,524,2620,0,141055,0,172.06,174.72,176.11
2598,1,35,48,57,87861,87861,87861,9418,9418,9418,591,591,591,0.05,0.09,0.12,0.02,0.05,0.06,0.00,0.01,0.01,0.00,0.00,0.00,0.00,0.00,0.00,0.00,0.00,0.00,0.01,0.04,0.05,387771,556594,704975,938332,1126813,1315175,0,1048,5242,0,0,0,0,98584,0,159.50,160.94,163.22
2598,2,41,50,67,87766,87766,87766,9513,9513,9513,591,591,591,0.08,0.09,0.10,0.04,0.05,0.05,0.00,0.01,0.01,0.00,0.00,0.00,0.00,0.00,0.00,0.00,0.00,0.00,0.03,0.04,0.05,497947,649934,888472,974887,1250601,1522721,0,1048,2620,0,1572,5241,0,131870,0,158.55,161.52,163.62
2598,3,44,56,66,87769,87769,87769,9510,9510,9510,591,591,591,0.05,0.09,0.12,0.02,0.05,0.06,0.00,0.01,0.01,0.00,0.00,0.00,0.00,0.00,0.00,0.00,0.00,0.00,0.01,0.04,0.05,338082,479052,613147,773132,1047729,1370410,0,1048,2620,0,524,2620,0,107393,0,173.94,175.98,178.13
2599,0,31,49,63,87884,87884,87884,9395,9395,9395,591,591,591,0.07,0.08,0.11,0.03,0.04,0.05,0.01,0.01,0.01,0.00,0.00,0.00,0.00,0.00,0.00,0.00,0.00,0.00,0.01,0.03,0.05,345935,483497,639351,815019,1098681,1391375,0,436,1747,0,436,1747,0,102362,0,170.22,174.76,179.15
2599,1,22,42,52,87861,87861,87861,9418,9418,9418,591,591,591,0.07,0.09,0.10,0.03,0.04,0.05,0.01,0.01,0.01,0.00,0.00,0.00,0.00,0.00,0.00,0.00,0.00,0.00,0.01,0.03,0.05,327601,504500,660453,888454,1142005,1430982,0,1310,5241,0,0,0,0,125537,0,158.39,161.98,164.12
2599,2,25,46,65,87766,87766,87766,9513,9513,9513,591,591,591,0.05,0.09,0.13,0.02,0.04,0.07,0.00,0.01,0.01,0.00,0.00,0.00,0.00,0.00,0.00,0.00,0.00,0.00,0.01,0.03,0.05,480614,690533,960742,1005460,1316039,1687721,0,0,0,0,655,2620,0,114138,0,159.10,162.72,166.26
2599,3,24,50,68,87769,87769,87769,9510,9510,9510,591,591,591,0.05,0.08,0.12,0.02,0.04,0.06,0.00,0.01,0.01,0.00,0.00,0.00,0.00,0.00,0.00,0.00,0.00,0.00,0.01,0.03,0.06,375655,465383,628994,896141,1054818,1412617,0,0,0,0,0,0,0,140994,0,173.49,176.77,180.50
2600,0,39,48,60,87884,87884,87884,9395,9395,9395,591,591,591,0.05,0.09,0.13,0.02,0.05,0.06,0.00,0.01,0.01,0.00,0.00,0.00,0.00,0.00,0.00,0.00,0.00,0.00,0.01,0.04,0.05,398359,582328,720671,990655,1235419,1409991,0,0,0,0,0,0,0,138336,0,168.29,171.18,173.33
2600,1,31,51,63,87861,87861,87861,9418,9418,9418,591,591,591,0.04,0.09,0.13,0.02,0.05,0.07,0.00,0.01,0.01,0.00,0.00,0.00,0.00,0.00,0.00,0.00,0.00,0.00,0.01,0.04,0.05,353759,527492,657816,767789,1162149,1381126,0,0,0,0,1557,2620,0,141356,0,157.08,159.30,160.06
2600,2,23,48,63,87766,87766,87766,9513,9513,9513,591,591,591,0.08,0.09,0.10,0.04,0.05,0.05,0.01,0.01,0.01,0.00,0.00,0.00,0.00,0.00,0.00,0.00,0.00,0.00,0.02,0.04,0.05,466499,982229,1936701,919895,1598089,2662636,0,1572,2620,0,0,0,0,127302,0,158.59,160.83,162.99
2600,3,34,49,65,87769,87769,87769,9510,9510,9510,591,591,591,0.05,0.09,0.13,0.02,0.05,0.06,0.00,0.01,0.01,0.00,0.00,0.00,0.00,0.00,0.00,0.00,0.00,0.00,0.01,0.04,0.05,390542,736426,951340,980286,1398429,1672045,0,0,0,0,524,2621,0,156932,0,174.09,176.63,178.95
2601,0,39,53,62,87884,87884,87884,9395,9395,9395,591,591,591,0.05,0.09,0.13,0.02,0.05,0.06,0.00,0.01,0.01,0.00,0.00,0.00,0.00,0.00,0.00,0.00,0.00,0.00,0.01,0.04,0.05,369530,684019,1234424,828168,1274210,1784804,0,524,2620,0,0,0,0,155180,0,171.98,174.07,176.12
2601,1,26,44,67,87861,87861,87861,9418,9418,9418,591,591,591,0.05,0.09,0.11,0.02,0.04,0.06,0.00,0.01,0.01,0.00,0.00,0.00,0.00,0.00,0.00,0.00,0.00,0.00,0.01,0.03,0.05,374780,546453,686405,901570,1186556,1402108,0,0,0,0,349,1746,0,129282,0,158.16,160.16,163.17
2601,2,22,47,64,87766,87766,87766,9513,9513,9513,591,591,591,0.06,0.09,0.10,0.03,0.05,0.05,0.01,0.01,0.01,0.00,0.00,0.00,0.00,0.00,0.00,0.00,0.00,0.00,0.01,0.04,0.05,526776,703919,977538,993275,1293051,1569776,0,0,0,0,524,2620,0,127203,0,158.44,160.16,162.11
2601,3,43,48,58,87769,87769,87769,9510,9510,9510,591,591,591,0.06,0.09,0.11,0.03,0.05,0.06,0.00,0.01,0.01,0.00,0.00,0.00,0.00,0.00,0.00,0.00,0.00,0.00,0.02,0.04,0.05,324970,545108,767851,833391,1158355,1483280,0,524,2620,0,0,0,0,143048,0,174.45,177.46,180.40
2602,0,38,53,61,87884,87884,87884,9395,9395,9395,591,591,591,0.05,0.09,0.13,0.02,0.05,0.06,0.00,0.01,0.01,0.00,0.00,0.00,0.00,0.00,0.00,0.00,0.00,0.00,0.01,0.03,0.05,366034,581103,1160989,935612,1228299,2010110,0,0,0,0,524,2620,0,138787,0,173.14,175.83,179.41
2602,1,22,39,52,87861,87861,87861,9418,9418,9418,591,591,591,0.05,0.09,0.13,0.02,0.05,0.06,0.00,0.01,0.01,0.00,0.00,0.00,0.00,0.00,0.00,0.00,0.00,0.00,0.01,0.03,0.05,369523,613765,1017038,977579,1270512,1910879,0,1048,2620,0,524,2620,0,126670,0,163.38,164.36,165.86
2602,2,19,49,64,87766,87766,87766,9513,9513,9513,591,591,591,0.05,0.08,0.10,0.02,0.04,0.05,0.00,0.01,0.01,0.00,0.00,0.00,0.00,0.00,0.00,0.00,0.00,0.00,0.01,0.03,0.05,573928,707075,864838,1150477,1358071,1561903,0,524,2620,0,524,2620,0,128130,0,159.55,161.65,164.45
2602,3,37,45,60,87769,87769,87769,9510,9510,9510,591,591,591,0.05,0.09,0.13,0.02,0.04,0.06,0.00,0.01,0.01,0.00,0.00,0.00,0.00,0.00,0.00,0.00,0.00,0.00,0.01,0.03,0.05,348537,481757,650278,817683,1112229,1399467,0,0,0,0,0,0,0,139464,0,174.39,177.46,181.75
2603,0,17,46,70,87884,87884,87884,9395,9395,9395,591,591,591,0.05,0.08,0.11,0.02,0.04,0.06,0.00,0.01,0.01,0.00,0.00,0.00,0.00,0.00,0.00,0.00,0.00,0.00,0.01,0.03,0.05,364212,577251,1037843,767729,1246750,1860780,0,0,0,0,0,0,0,135524,0,168.01,171.07,175.69
2603,1,23,48,64,87861,87861,87861,9418,9418,9418,591,591,591,0.05,0.08,0.10,0.02,0.04,0.05,0.00,0.01,0.01,0.00,0.00,0.00,0.00,0.00,0.00,0.00,0.00,0.00,0.01,0.04,0.05,398347,607474,809753,875316,1280993,1551371,0,0,0,0,0,0,0,124547,0,156.40,160.40,162.84
2603,2,26,43,60,87766,87766,87766,9513,9513,9513,591,591,591,0.05,0.09,0.13,0.02,0.04,0.06,0.00,0.01,0.01,0.00,0.00,0.00,0.00,0.00,0.00,0.00,0.00,0.00,0.01,0.03,0.06,568696,965544,1923550,1195049,1647312,2612778,0,511,2557,0,0,0,0,138637,0,157.41,159.78,162.10
2603,3,28,51,66,87769,87769,87769,9510,9510,9510,591,591,591,0.05,0.09,0.13,0.02,0.04,0.07,0.00,0.01,0.01,0.00,0.00,0.00,0.00,0.00,0.00,0.00,0.00,0.00,0.01,0.03,0.05,407095,571493,893626,1056162,1241530,1606431,0,0,0,0,524,2620,0,152945,0,171.92,174.36,177.17
2604,0,30,53,78,87884,87884,87884,9395,9395,9395,591,591,591,0.05,0.09,0.13,0.02,0.04,0.06,0.00,0.01,0.01,0.00,0.00,0.00,0.00,0.00,0.00,0.00,0.00,0.00,0.01,0.04,0.05,366888,521523,602769,880532,1105419,1315610,0,524,2620,0,524,2620,0,155056,0,170.96,171.95,173.42
2604,1,26,42,53,87861,87861,87861,9418,9418,9418,591,591,591,0.04,0.09,0.13,0.02,0.05,0.07,0.00,0.01,0.01,0.00,0.00,0.00,0.00,0.00,0.00,0.00,0.00,0.00,0.01,0.04,0.05,348507,543093,647338,1032420,1169049,1339230,0,514,2574,0,1038,2620,0,143631,0,156.05,157.75,160.67
2604,2,26,45,61,87766,87766,87766,9513,9513,9513,591,591,591,0.07,0.09,0.10,0.04,0.05,0.05,0.01,0.01,0.01,0.00,0.00,0.00,0.00,0.00,0.00,0.00,0.00,0.00,0.01,0.04,0.05,531999,732753,977537,1040412,1362775,1514789,0,524,2620,0,524,2620,0,132296,0,158.74,161.41,166.00
2604,3,34,48,63,87769,87769,87769,9510,9510,9510,591,591,591,0.05,0.09,0.13,0.02,0.04,0.06,0.00,0.01,0.01,0.00,0.00,0.00,0.00,0.00,0.00,0.00,0.00,0.00,0.01,0.04,0.05,395731,693964,1153102,940844,1320315,1894756,0,524,2620,0,0,0,0,140092,0,172.85,173.93,176.25
2605,0,26,45,61,87884,87884,87884,9395,9395,9395,591,591,591,0.05,0.10,0.12,0.02,0.05,0.06,0.00,0.01,0.01,0.00,0.00,0.00,0.00,0.00,0.00,0.00,0.00,0.00,0.01,0.04,0.05,474339,668255,1244687,1040402,1303500,2025564,0,0,0,0,524,2620,0,138677,0,170.12,172.35,173.94
2605,1,35,46,58,87861,87861,87861,9418,9418,9418,591,591,591,0.05,0.10,0.13,0.02,0.05,0.06,0.00,0.01,0.01,0.00,0.00,0.00,0.00,0.00,0.00,0.00,0.00,0.00,0.01,0.04,0.05,411435,515231,733824,1016883,1143672,1310401,0,524,2620,0,0,0,0,128141,0,157.71,161.05,163.86
2605,2,20,41,53,87766,87766,87766,9513,9513,9513,591,591,591,0.05,0.09,0.12,0.02,0.04,0.06,0.00,0.01,0.01,0.00,0.00,0.00,0.00,0.00,0.00,0.00,0.00,0.00,0.01,0.03,0.05,542499,883181,1187196,1040446,1506907,1695663,0,0,0,0,0,0,0,130290,0,159.83,162.74,164.71
2605,3,36,51,59,87769,87769,87769,9510,9510,9510,591,591,591,0.05,0.10,0.13,0.02,0.05,0.06,0.00,0.01,0.01,0.00,0.00,0.00,0.00,0.00,0.00,0.00,0.00,0.00,0.01,0.04,0.05,390488,620584,801949,990635,1244840,1485965,0,0,0,0,0,0,0,140090,0,173.91,175.21,176.18
2606,0,26,52,66,87884,87884,87884,9395,9395,9395,591,591,591,0.05,0.08,0.12,0.02,0.04,0.06,0.00,0.01,0.01,0.00,0.00,0.00,0.00,0.00,0.00,0.00,0.00,0.00,0.01,0.03,0.05,340570,569988,909420,817370,1159690,1543656,0,0,0,0,0,0,0,102064,0,170.24,173.06,174.73
2606,1,46,52,57,87861,87861,87861,9418,9418,9418,591,591,591,0.05,0.08,0.12,0.02,0.04,0.06,0.00,0.01,0.01,0.00,0.00,0.00,0.00,0.00,0.00,0.00,0.00,0.00,0.01,0.03,0.05,335452,467008,644689,843871,1024694,1297263,0,1048,2620,0,0,0,0,93588,0,162.75,163.74,165.59
2606,2,23,43,64,87766,87766,87766,9513,9513,9513,591,591,591,0.07,0.09,0.10,0.03,0.05,0.05,0.01,0.01,0.01,0.00,0.00,0.00,0.00,0.00,0.00,0.00,0.00,0.00,0.03,0.04,0.05,497783,654508,935619,1043035,1272566,1491225,0,524,2620,0,1047,2620,0,130321,0,158.45,161.30,164.21
2606,3,48,56,67,87769,87769,87769,9510,9510,9510,591,591,591,0.05,0.08,0.12,0.02,0.04,0.06,0.00,0.01,0.01,0.00,0.00,0.00,0.00,0.00,0.00,0.00,0.00,0.00,0.01,0.03,0.05,356317,476142,623766,833414,1047009,1391680,0,0,0,0,524,2620,0,103020,0,174.15,176.73,179.28
2607,0,17,37,55,87884,87884,87884,9395,9395,9395,591,591,591,0.06,0.08,0.09,0.03,0.04,0.05,0.00,0.01,0.01,0.00,0.00,0.00,0.00,0.00,0.00,0.00,0.00,0.00,0.02,0.03,0.05,356410,609788,820331,956541,1309120,1520103,0,0,0,0,0,0,0,131063,0,168.70,169.44,170.34
2607,1,25,49,61,87861,87861,87861,9418,9418,9418,591,591,591,0.05,0.09,0.13,0.02,0.04,0.07,0.00,0.01,0.01,0.00,0.00,0.00,0.00,0.00,0.00,0.00,0.00,0.00,0.01,0.04,0.05,414101,580495,697070,1158435,1293345,1388899,0,0,0,0,0,0,0,121183,0,153.46,154.83,155.98
2607,2,27,41,55,87766,87766,87766,9513,9513,9513,591,591,591,0.05,0.07,0.09,0.02,0.04,0.05,0.00,0.01,0.01,0.00,0.00,0.00,0.00,0.00,0.00,0.00,0.00,0.00,0.01,0.03,0.05,668276,1176114,2196154,1221241,1881148,2977126,0,0,0,0,1310,2620,0,93787,0,154.29,155.22,155.87
2607,3,51,62,81,87769,87769,87769,9510,9510,9510,591,591,591,0.07,0.08,0.09,0.03,0.04,0.05,0.00,0.01,0.01,0.00,0.00,0.00,0.00,0.00,0.00,0.00,0.00,0.00,0.01,0.03,0.05,490944,796914,1286740,1222994,1481140,1957627,0,655,2620,0,0,0,0,151213,0,173.02,173.80,174.27
2608,0,27,49,62,87884,87884,87884,9395,9395,9395,591,591,591,0.05,0.10,0.13,0.02,0.05,0.06,0.00,0.01,0.01,0.00,0.00,0.00,0.00,0.00,0.00,0.00,0.00,0.00,0.01,0.04,0.05,387864,653081,1462368,927729,1252699,2065136,0,524,2620,0,0,0,0,154371,0,168.20,170.58,174.88
2608,1,32,57,79,87861,87861,87861,9418,9418,9418,591,591,591,0.05,0.08,0.11,0.02,0.04,0.05,0.00,0.01,0.01,0.00,0.00,0.00,0.00,0.00,0.00,0.00,0.00,0.00,0.01,0.03,0.05,412335,607246,754796,1002882,1251996,1564630,0,524,2620,0,859,2552,0,128115,0,155.08,158.02,163.69
2608,2,35,46,61,87766,87766,87766,9513,9513,9513,591,591,591,0.07,0.09,0.10,0.04,0.04,0.05,0.01,0.01,0.01,0.00,0.00,0.00,0.00,0.00,0.00,0.00,0.00,0.00,0.01,0.03,0.04,448148,660943,1171498,864848,1224919,1894839,0,524,2620,0,0,0,0,129553,0,156.09,158.08,161.91
2608,3,34,52,67,87769,87769,87769,9510,9510,9510,591,591,591,0.05,0.10,0.13,0.02,0.05,0.07,0.00,0.01,0.01,0.00,0.00,0.00,0.00,0.00,0.00,0.00,0.00,0.00,0.01,0.04,0.05,366897,532001,642083,880555,1143672,1336527,0,0,0,0,0,0,0,140832,0,171.14,173.64,175.25
2609,0,49,57,65,87884,87884,87884,9395,9395,9395,591,591,591,0.05,0.08,0.12,0.02,0.04,0.06,0.00,0.01,0.01,0.00,0.00,0.00,0.00,0.00,0.00,0.00,0.00,0.00,0.01,0.03,0.05,348475,614295,883221,825336,1186129,1462304,0,1048,2620,0,524,2620,0,142609,0,170.89,172.99,175.80
2609,1,24,52,69,87861,87861,87861,9418,9418,9418,591,591,591,0.08,0.09,0.10,0.04,0.05,0.05,0.01,0.01,0.01,0.00,0.00,0.00,0.00,0.00,0.00,0.00,0.00,0.00,0.02,0.04,0.05,351164,543514,647323,985378,1129488,1344440,0,1048,5241,0,1572,2620,0,130280,0,157.41,160.40,163.95
2609,2,17,48,61,87766,87766,87766,9513,9513,9513,591,591,591,0.05,0.09,0.10,0.02,0.04,0.05,0.00,0.01,0.01,0.00,0.00,0.00,0.00,0.00,0.00,0.00,0.00,0.00,0.01,0.04,0.05,526764,726995,982826,1037805,1355971,1580296,0,1048,5241,0,524,2620,0,130074,0,157.24,159.76,162.43
2609,3,26,52,65,87767,87768,87769,9510,9510,9512,591,591,591,0.05,0.08,0.12,0.02,0.04,0.06,0.00,0.01,0.01,0.00,0.00,0.00,0.00,0.00,0.00,0.00,0.00,0.00,0.01,0.03,0.05,361699,501600,699699,822998,1067677,1399570,0,0,0,0,1048,5242,0,141965,0,171.49,173.56,175.94
2610,0,25,41,59,87884,87884,87884,9395,9395,9395,591,591,591,0.07,0.09,0.10,0.03,0.04,0.05,0.00,0.01,0.01,0.00,0.00,0.00,0.00,0.00,0.00,0.00,0.00,0.00,0.02,0.03,0.04,281276,536886,691895,815877,1159033,1412620,0,0,0,0,0,0,0,135650,0,169.80,174.40,177.26
2610,1,47,52,66,87861,87861,87861,9418,9418,9418,591,591,591,0.05,0.08,0.11,0.02,0.04,0.06,0.00,0.01,0.01,0.00,0.00,0.00,0.00,0.00,0.00,0.00,0.00,0.00,0.01,0.03,0.05,387918,535145,686543,836120,1125850,1532931,0,524,2620,0,0,0,0,124951,0,155.48,159.97,165.93
2610,2,27,44,57,87766,87766,87766,9513,9513,9513,591,591,591,0.05,0.08,0.10,0.03,0.04,0.05,0.00,0.01,0.01,0.00,0.00,0.00,0.00,0.00,0.00,0.00,0.00,0.00,0.01,0.03,0.05,497926,700713,1069304,998473,1306521,1795278,0,1048,5241,0,1358,2620,0,143479,0,160.01,161.96,163.35
2610,3,39,54,68,87767,87767,87767,9512,9512,9512,591,591,591,0.07,0.09,0.12,0.03,0.04,0.06,0.00,0.01,0.01,0.00,0.00,0.00,0.00,0.00,0.00,0.00,0.00,0.00,0.02,0.03,0.05,348562,495134,843825,872698,1107155,1611655,0,873,2620,0,524,2620,0,157142,0,173.60,175.00,176.22
2611,0,30,50,61,87884,87884,87884,9395,9395,9395,591,591,591,0.05,0.09,0.12,0.02,0.05,0.06,0.00,0.01,0.01,0.00,0.00,0.00,0.00,0.00,0.00,0.00,0.00,0.00,0.01,0.04,0.05,437581,589658,710234,1150288,1243252,1349741,0,0,0,0,0,0,0,158430,0,169.91,173.16,174.52
2611,1,25,44,58,87861,87861,87861,9418,9418,9418,591,591,591,0.05,0.09,0.12,0.02,0.05,0.06,0.00,0.01,0.01,0.00,0.00,0.00,0.00,0.00,0.00,0.00,0.00,0.00,0.01,0.04,0.05,408819,648366,817647,1022047,1316649,1517419,0,0,0,0,0,0,0,145268,0,156.92,160.32,162.94
2611,2,19,42,60,87766,87766,87766,9513,9513,9513,591,591,591,0.08,0.09,0.11,0.04,0.05,0.06,0.00,0.01,0.01,0.00,0.00,0.00,0.00,0.00,0.00,0.00,0.00,0.00,0.02,0.03,0.04,474358,954035,1798278,1064050,1575693,2317281,0,0,0,0,0,0,0,130926,0,159.53,163.44,164.84
2611,3,30,53,67,87767,87767,87767,9512,9512,9512,591,591,591,0.05,0.09,0.13,0.02,0.05,0.07,0.00,0.01,0.01,0.00,0.00,0.00,0.00,0.00,0.00,0.00,0.00,0.00,0.01,0.04,0.05,400941,750557,1402092,993180,1445544,2169967,0,0,0,0,0,0,0,142306,0,172.39,175.05,177.24
2612,0,26,44,60,87884,87884,87884,9395,9395,9395,591,591,591,0.05,0.08,0.10,0.02,0.04,0.05,0.00,0.01,0.01,0.00,0.00,0.00,0.00,0.00,0.00,0.00,0.00,0.00,0.01,0.03,0.05,338089,679810,1147901,911997,1298820,1682539,0,0,0,0,524,2620,0,138780,0,170.03,172.78,175.25
2612,1,43,52,61,87861,87861,87861,9418,9418,9418,591,591,591,0.05,0.09,0.10,0.02,0.04,0.05,0.00,0.01,0.01,0.00,0.00,0.00,0.00,0.00,0.00,0.00,0.00,0.00,0.01,0.03,0.05,377381,550741,783597,851729,1170428,1527883,0,1048,5241,0,524,2620,0,127022,0,160.21,163.85,165.79
2612,2,27,43,59,87766,87766,87766,9513,9513,9513,591,591,591,0.05,0.09,0.11,0.02,0.04,0.06,0.00,0.01,0.01,0.00,0.00,0.00,0.00,0.00,0.00,0.00,0.00,0.00,0.01,0.04,0.05,495314,890521,1297271,1001111,1493285,1797835,0,1048,2620,0,524,2620,0,127824,0,160.27,161.84,164.61
2612,3,50,57,70,87767,87767,87767,9512,9512,9512,591,591,591,0.05,0.08,0.10,0.02,0.04,0.05,0.00,0.01,0.01,0.00,0.00,0.00,0.00,0.00,0.00,0.00,0.00,0.00,0.01,0.03,0.05,343335,592801,859592,851716,1198707,1603795,0,0,0,0,524,2620,0,140442,0,174.73,176.19,177.52
2613,0,26,53,70,87884,87884,87884,9395,9395,9395,591,591,591,0.05,0.09,0.13,0.02,0.05,0.06,0.00,0.01,0.01,0.00,0.00,0.00,0.00,0.00,0.00,0.00,0.00,0.00,0.01,0.04,0.05,361667,626340,869843,1066655,1288873,1386452,0,524,2620,0,524,2620,0,102557,0,167.92,170.22,171.56
2613,1,19,51,67,87861,87861,87861,9418,9418,9418,591,591,591,0.05,0.08,0.10,0.02,0.04,0.05,0.00,0.01,0.01,0.00,0.00,0.00,0.00,0.00,0.00,0.00,0.00,0.00,0.01,0.03,0.05,322345,559262,739041,752140,1211820,1478157,0,524,2620,0,524,2620,0,93788,0,155.05,156.33,158.47
2613,2,30,46,64,87766,87766,87766,9513,9513,9513,591,591,591,0.05,0.08,0.12,0.02,0.04,0.06,0.00,0.01,0.01,0.00,0.00,0.00,0.00,0.00,0.00,0.00,0.00,0.00,0.01,0.03,0.05,487454,732732,1129665,982771,1398367,1895007,0,0,0,0,0,0,0,129821,0,156.71,158.30,160.55
2613,3,24,49,77,87767,87767,87767,9512,9512,9512,591,591,591,0.05,0.09,0.10,0.02,0.04,0.05,0.00,0.01,0.01,0.00,0.00,0.00,0.00,0.00,0.00,0.00,0.00,0.00,0.01,0.03,0.05,348567,545119,801958,744136,1225424,1577709,0,0,0,0,0,0,0,105509,0,172.47,174.70,177.05
2614,0,24,46,66,87884,87884,87884,9395,9395,9395,591,591,591,0.05,0.08,0.10,0.03,0.04,0.05,0.00,0.01,0.01,0.00,0.00,0.00,0.00,0.00,0.00,0.00,0.00,0.00,0.01,0.03,0.04,344157,529492,686182,838557,1160699,1390490,0,0,0,0,0,0,0,138498,0,169.68,171.77,174.31
2614,1,23,48,64,87861,87861,87861,9418,9418,9418,591,591,591,0.06,0.09,0.11,0.03,0.04,0.05,0.00,0.01,0.01,0.00,0.00,0.00,0.00,0.00,0.00,0.00,0.00,0.00,0.01,0.03,0.05,345922,471728,778363,778354,1033871,1533139,0,0,0,0,655,2620,0,126822,0,154.53,156.73,159.12
2614,2,32,40,52,87766,87766,87766,9513,9513,9513,591,591,591,0.05,0.09,0.13,0.03,0.04,0.06,0.00,0.01,0.01,0.00,0.00,0.00,0.00,0.00,0.00,0.00,0.00,0.00,0.01,0.04,0.06,595949,954694,1538139,1325820,1656901,2039706,0,667,2671,0,418,1674,0,95255,0,158.08,161.45,164.13
2614,3,34,55,71,87767,87767,87767,9512,9512,9512,591,591,591,0.07,0.08,0.10,0.03,0.04,0.05,0.00,0.01,0.01,0.00,0.00,0.00,0.00,0.00,0.00,0.00,0.00,0.00,0.03,0.04,0.04,272498,621771,974936,793041,1217107,1630135,0,436,1746,0,0,0,0,157048,0,174.25,175.11,175.98
2615,0,31,60,74,87884,87884,87884,9395,9395,9395,591,591,591,0.05,0.08,0.12,0.02,0.04,0.06,0.00,0.01,0.01,0.00,0.00,0.00,0.00,0.00,0.00,0.00,0.00,0.00,0.01,0.03,0.05,343303,648362,1074453,723296,1250084,1493751,0,0,0,0,0,0,0,155818,0,168.52,171.56,174.34
2615,1,16,52,72,87861,87861,87861,9418,9418,9418,591,591,591,0.05,0.08,0.13,0.02,0.04,0.07,0.00,0.01,0.01,0.00,0.00,0.00,0.00,0.00,0.00,0.00,0.00,0.00,0.01,0.03,0.05,353801,577082,762617,846491,1184566,1554091,0,0,0,0,0,0,0,141791,0,155.56,159.26,161.68
2615,2,33,48,57,87766,87766,87766,9513,9513,9513,591,591,591,0.05,0.08,0.10,0.02,0.04,0.05,0.00,0.01,0.01,0.00,0.00,0.00,0.00,0.00,0.00,0.00,0.00,0.00,0.01,0.03,0.05,576535,816598,1179208,1113761,1428266,1779293,0,0,0,0,0,0,0,124569,0,158.27,161.61,165.90
2615,3,25,48,68,87767,87767,87767,9512,9512,9512,591,591,591,0.05,0.08,0.13,0.02,0.04,0.07,0.00,0.01,0.01,0.00,0.00,0.00,0.00,0.00,0.00,0.00,0.00,0.00,0.01,0.03,0.05,484810,648886,906768,943422,1277335,1609121,0,0,0,0,0,0,0,141279,0,172.62,175.49,178.63
2616,0,27,47,70,87884,87884,87884,9395,9395,9395,591,591,591,0.06,0.08,0.10,0.03,0.04,0.05,0.00,0.01,0.01,0.00,0.00,0.00,0.00,0.00,0.00,0.00,0.00,0.00,0.01,0.03,0.05,435034,561370,655202,906759,1226000,1368052,0,0,0,0,524,2620,0,139573,0,168.83,171.50,175.09
2616,1,25,40,59,87861,87861,87861,9418,9418,9418,591,591,591,0.05,0.09,0.11,0.02,0.04,0.06,0.00,0.01,0.01,0.00,0.00,0.00,0.00,0.00,0.00,0.00,0.00,0.00,0.01,0.04,0.05,440258,601176,712814,1014176,1299316,1446594,0,1048,2620,0,524,2620,0,128710,0,154.93,155.99,157.28
2616,2,19,48,67,87766,87766,87766,9513,9513,9513,591,591,591,0.05,0.09,0.13,0.02,0.05,0.06,0.00,0.01,0.01,0.00,0.00,0.00,0.00,0.00,0.00,0.00,0.00,0.00,0.01,0.04,0.05,474334,678775,786266,985357,1342348,1567290,0,1572,5241,0,524,2620,0,130630,0,156.51,158.27,163.02
2616,3,31,53,71,87767,87767,87767,9512,9512,9512,591,591,591,0.05,0.08,0.11,0.02,0.04,0.05,0.00,0.01,0.01,0.00,0.00,0.00,0.00,0.00,0.00,0.00,0.00,0.00,0.01,0.03,0.05,490063,580239,749530,956540,1244344,1590786,0,0,0,0,1048,2620,0,140460,0,170.22,172.12,174.86
2617,0,24,47,63,87884,87884,87884,9395,9395,9395,591,591,591,0.05,0.09,0.11,0.02,0.05,0.06,0.00,0.01,0.01,0.00,0.00,0.00,0.00,0.00,0.00,0.00,0.00,0.00,0.01,0.04,0.05,356393,678649,1213466,825470,1318594,1986626,0,0,0,0,0,0,0,141943,0,171.11,172.70,175.64
2617,1,44,53,65,87861,87861,87861,9418,9418,9418,591,591,591,0.05,0.09,0.12,0.02,0.04,0.06,0.00,0.01,0.01,0.00,0.00,0.00,0.00,0.00,0.00,0.00,0.00,0.00,0.01,0.03,0.05,335346,555066,765244,956560,1130549,1305108,0,0,0,0,524,2621,0,128689,0,156.96,159.52,161.82
2617,2,46,49,53,87766,87766,87766,9513,9513,9513,591,591,591,0.05,0.08,0.12,0.02,0.04,0.06,0.00,0.01,0.01,0.00,0.00,0.00,0.00,0.00,0.00,0.00,0.00,0.00,0.01,0.03,0.05,503158,704445,1074469,940801,1306161,1768944,0,0,0,0,524,2620,0,147141,0,157.93,159.55,162.19
2617,3,40,52,70,87767,87767,87767,9512,9512,9512,591,591,591,0.07,0.09,0.13,0.03,0.05,0.07,0.00,0.01,0.01,0.00,0.00,0.00,0.00,0.00,0.00,0.00,0.00,0.00,0.02,0.04,0.05,335443,510233,740273,744264,1129716,1599611,0,524,2620,0,0,0,0,143562,0,170.76,173.30,175.23
2618,0,38,50,64,87884,87884,87884,9395,9395,9395,591,591,591,0.05,0.09,0.10,0.02,0.04,0.05,0.00,0.01,0.01,0.00,0.00,0.00,0.00,0.00,0.00,0.00,0.00,0.00,0.01,0.03,0.05,351184,499156,686615,775750,1120263,1514747,0,349,1747,0,0,0,0,138656,0,169.43,172.54,174.24
2618,1,43,50,61,87861,87861,87861,9418,9418,9418,591,591,591,0.07,0.09,0.10,0.03,0.04,0.05,0.00,0.01,0.01,0.00,0.00,0.00,0.00,0.00,0.00,0.00,0.00,0.00,0.02,0.03,0.05,327559,489551,718104,723252,1081834,1491246,0,0,0,0,0,0,0,142408,0,159.28,161.35,162.84
2618,2,24,41,56,87766,87766,87766,9513,9513,9513,591,591,591,0.05,0.08,0.10,0.02,0.04,0.05,0.00,0.01,0.01,0.00,0.00,0.00,0.00,0.00,0.00,0.00,0.00,0.00,0.01,0.03,0.04,499985,847707,1166225,939367,1421265,1751072,0,0,0,0,0,0,0,128582,0,156.70,159.17,160.88
2618,3,22,47,65,87767,87767,87767,9512,9512,9512,591,591,591,0.08,0.09,0.11,0.04,0.04,0.06,0.01,0.01,0.01,0.00,0.00,0.00,0.00,0.00,0.00,0.00,0.00,0.00,0.02,0.03,0.05,449033,670531,856992,1112973,1255627,1433490,0,0,0,0,0,0,0,141780,0,171.91,176.02,177.99
2619,0,26,46,59,87884,87884,87884,9395,9395,9395,591,591,591,0.07,0.09,0.11,0.03,0.05,0.05,0.00,0.01,0.01,0.00,0.00,0.00,0.00,0.00,0.00,0.00,0.00,0.00,0.03,0.04,0.05,332839,666714,1326095,836029,1257950,1957693,0,0,0,0,0,0,0,154877,0,169.20,171.33,173.14
2619,1,25,43,57,87861,87861,87861,9418,9418,9418,591,591,591,0.08,0.09,0.10,0.04,0.05,0.05,0.00,0.01,0.01,0.00,0.00,0.00,0.00,0.00,0.00,0.00,0.00,0.00,0.02,0.04,0.05,408826,621086,822675,914618,1247256,1506933,0,523,2619,0,0,0,0,126145,0,156.92,159.28,161.64
2619,2,27,43,58,87766,87766,87766,9513,9513,9513,591,591,591,0.05,0.09,0.12,0.02,0.05,0.06,0.00,0.01,0.01,0.00,0.00,0.00,0.00,0.00,0.00,0.00,0.00,0.00,0.01,0.04,0.05,560830,813455,1378527,1137384,1494824,2046824,0,524,2620,0,524,2620,0,128502,0,158.09,160.68,162.80
2619,3,30,53,63,87767,87767,87767,9512,9512,9512,591,591,591,0.08,0.09,0.11,0.04,0.05,0.05,0.00,0.01,0.01,0.00,0.00,0.00,0.00,0.00,0.00,0.00,0.00,0.00,0.02,0.04,0.05,403602,624791,938256,893690,1278410,1601326,0,0,0,0,524,2620,0,139239,0,172.58,174.73,177.04
2620,0,21,51,65,87884,87884,87884,9395,9395,9395,591,591,591,0.05,0.08,0.12,0.02,0.04,0.06,0.00,0.01,0.01,0.00,0.00,0.00,0.00,0.00,0.00,0.00,0.00,0.00,0.01,0.03,0.05,406234,593271,843527,925240,1201245,1475528,0,0,0,0,524,2620,0,139996,0,169.77,171.25,172.44
2620,1,20,51,62,87861,87861,87861,9418,9418,9418,591,591,591,0.06,0.09,0.10,0.03,0.04,0.05,0.00,0.01,0.01,0.00,0.00,0.00,0.00,0.00,0.00,0.00,0.00,0.00,0.02,0.04,0.05,400941,585461,906771,767860,1156245,1630091,0,349,1747,0,524,2620,0,96723,0,157.06,158.42,160.96
2620,2,46,54,61,87766,87766,87766,9513,9513,9513,591,591,591,0.06,0.09,0.11,0.03,0.04,0.06,0.00,0.01,0.01,0.00,0.00,0.00,0.00,0.00,0.00,0.00,0.00,0.00,0.01,0.03,0.05,492677,575505,767904,909303,1109079,1417871,0,524,2620,0,524,2620,0,131227,0,157.36,159.77,161.97
2620,3,37,56,72,87767,87767,87767,9512,9512,9512,591,591,591,0.05,0.08,0.12,0.02,0.04,0.06,0.00,0.01,0.01,0.00,0.00,0.00,0.00,0.00,0.00,0.00,0.00,0.00,0.01,0.03,0.05,379932,484923,587078,793927,1066583,1339272,0,524,2620,0,0,0,0,107737,0,171.85,173.26,174.30
2621,0,39,56,65,87884,87884,87884,9395,9395,9395,591,591,591,0.07,0.09,0.10,0.03,0.04,0.05,0.00,0.01,0.01,0.00,0.00,0.00,0.00,0.00,0.00,0.00,0.00,0.00,0.04,0.04,0.04,270776,462533,793146,799304,1015930,1518234,0,1308,5235,0,0,0,0,102260,0,173.73,174.13,174.60
2621,1,45,54,67,87861,87861,87861,9418,9418,9418,591,591,591,0.05,0.09,0.10,0.02,0.04,0.05,0.00,0.01,0.01,0.00,0.00,0.00,0.00,0.00,0.00,0.00,0.00,0.00,0.01,0.03,0.05,353792,521507,927729,791447,1071841,1706079,0,0,0,0,1965,2620,0,126438,0,160.19,162.07,164.74
2621,2,39,49,65,87766,87766,87766,9513,9513,9513,591,591,591,0.08,0.10,0.12,0.04,0.05,0.06,0.01,0.01,0.01,0.00,0.00,0.00,0.00,0.00,0.00,0.00,0.00,0.00,0.04,0.04,0.05,537232,739706,838670,1001087,1318234,1551491,0,1310,5241,0,0,0,0,116196,0,163.07,164.11,165.44
2621,3,42,55,74,87767,87767,87767,9512,9512,9512,591,591,591,0.08,0.09,0.10,0.04,0.04,0.05,0.01,0.01,0.01,0.00,0.00,0.00,0.00,0.00,0.00,0.00,0.00,0.00,0.04,0.04,0.04,249841,458826,597520,739042,999770,1268420,0,0,0,0,436,1747,0,155823,0,176.07,177.28,178.95
2622,0,30,46,67,87884,87884,87884,9395,9395,9395,591,591,591,0.05,0.08,0.10,0.02,0.04,0.05,0.00,0.01,0.01,0.00,0.00,0.00,0.00,0.00,0.00,0.00,0.00,0.00,0.01,0.03,0.05,338057,542495,749718,945712,1192950,1431279,0,523,2619,0,0,0,0,134991,0,167.84,171.17,173.41
2622,1,30,47,64,87861,87861,87861,9418,9418,9418,591,591,591,0.05,0.08,0.10,0.02,0.04,0.05,0.00,0.01,0.01,0.00,0.00,0.00,0.00,0.00,0.00,0.00,0.00,0.00,0.01,0.03,0.05,382624,526251,665705,956535,1176725,1320874,0,1048,5241,0,524,2620,0,140438,0,152.70,156.35,159.48
2622,2,18,46,63,87766,87766,87766,9513,9513,9513,591,591,591,0.05,0.08,0.10,0.03,0.04,0.05,0.00,0.01,0.01,0.00,0.00,0.00,0.00,0.00,0.00,0.00,0.00,0.00,0.01,0.03,0.05,521279,918253,1685155,1126866,1532477,2086133,0,524,2620,0,1562,5143,0,127062,0,159.64,163.58,167.04
2622,3,24,53,67,87767,87767,87767,9512,9512,9512,591,591,591,0.05,0.08,0.10,0.02,0.04,0.05,0.00,0.01,0.01,0.00,0.00,0.00,0.00,0.00,0.00,0.00,0.00,0.00,0.01,0.03,0.05,343320,726434,948434,932994,1367455,1682748,0,524,2620,0,0,0,0,140139,0,171.89,173.88,176.89
2623,0,48,54,63,87884,87884,87884,9395,9395,9395,591,591,591,0.06,0.09,0.11,0.03,0.04,0.05,0.01,0.01,0.01,0.00,0.00,0.00,0.00,0.00,0.00,0.00,0.00,0.00,0.01,0.04,0.05,351173,601159,1297245,830875,1124761,2049385,0,0,0,0,523,2619,0,141471,0,167.79,171.09,173.90
2623,1,25,45,57,87861,87861,87861,9418,9418,9418,591,591,591,0.06,0.09,0.11,0.03,0.05,0.06,0.01,0.01,0.01,0.00,0.00,0.00,0.00,0.00,0.00,0.00,0.00,0.00,0.01,0.04,0.05,351081,586646,1019465,895775,1150511,1433541,0,524,2620,0,0,0,0,131570,0,154.90,157.94,159.70
2623,2,26,53,68,87766,87766,87766,9513,9513,9513,591,591,591,0.07,0.09,0.13,0.03,0.05,0.07,0.00,0.01,0.01,0.00,0.00,0.00,0.00,0.00,0.00,0.00,0.00,0.00,0.01,0.04,0.05,490065,828146,1530547,904130,1370625,2204093,0,0,0,0,524,2620,0,128977,0,159.69,162.15,164.82
2623,3,21,56,73,87767,87767,87767,9512,9512,9512,591,591,591,0.06,0.09,0.11,0.03,0.04,0.06,0.01,0.01,0.01,0.00,0.00,0.00,0.00,0.00,0.00,0.00,0.00,0.00,0.01,0.04,0.05,343324,538301,982786,718097,1079746,1810948,0,524,2620,0,524,2620,0,145505,0,174.30,175.98,178.01
2624,0,25,45,66,87884,87884,87884,9395,9395,9395,591,591,591,0.07,0.09,0.10,0.03,0.04,0.05,0.00,0.01,0.01,0.00,0.00,0.00,0.00,0.00,0.00,0.00,0.00,0.00,0.03,0.04,0.05,338079,619551,946098,1027340,1264264,1375890,0,0,0,0,0,0,0,137737,0,171.25,172.48,173.65
2624,1,29,50,66,87861,87861,87861,9418,9418,9418,591,591,591,0.05,0.07,0.10,0.02,0.04,0.05,0.00,0.01,0.01,0.00,0.00,0.00,0.00,0.00,0.00,0.00,0.00,0.00,0.01,0.03,0.05,361657,605388,925112,864833,1222308,1698223,0,0,0,0,524,2620,0,127241,0,155.06,157.55,159.89
2624,2,29,47,61,87766,87766,87766,9513,9513,9513,591,591,591,0.05,0.08,0.10,0.02,0.04,0.05,0.00,0.01,0.01,0.00,0.00,0.00,0.00,0.00,0.00,0.00,0.00,0.00,0.01,0.04,0.05,576550,752681,1092838,1111184,1412589,1753258,0,524,2620,0,0,0,0,130833,0,160.86,161.95,163.56
2624,3,28,49,65,87767,87767,87767,9512,9512,9512,591,591,591,0.07,0.09,0.10,0.03,0.04,0.05,0.00,0.01,0.01,0.00,0.00,0.00,0.00,0.00,0.00,0.00,0.00,0.00,0.02,0.04,0.05,345937,552851,799332,864863,1214195,1499075,0,0,0,0,0,0,0,137830,0,173.79,175.41,177.07
2625,0,33,45,67,87884,87884,87884,9395,9395,9395,591,591,591,0.05,0.09,0.13,0.02,0.04,0.06,0.00,0.01,0.01,0.00,0.00,0.00,0.00,0.00,0.00,0.00,0.00,0.00,0.01,0.03,0.05,348556,553923,770476,867461,1173312,1399261,0,0,0,0,873,2620,0,137910,0,168.24,169.65,173.30
2625,1,32,41,52,87861,87861,87861,9418,9418,9418,591,591,591,0.05,0.09,0.13,0.02,0.05,0.07,0.00,0.01,0.01,0.00,0.00,0.00,0.00,0.00,0.00,0.00,0.00,0.00,0.01,0.03,0.05,338065,531485,880584,843854,1177231,1577713,0,1572,5241,0,0,0,0,124239,0,155.04,158.46,161.21
2625,2,19,50,66,87766,87766,87766,9513,9513,9513,591,591,591,0.06,0.09,0.11,0.03,0.04,0.06,0.01,0.01,0.01,0.00,0.00,0.00,0.00,0.00,0.00,0.00,0.00,0.00,0.01,0.03,0.05,521358,921301,1729669,1100355,1559336,2442503,0,0,0,0,524,2620,0,129429,0,159.80,161.62,163.45
2625,3,47,58,66,87767,87767,87767,9512,9512,9512,591,591,591,0.05,0.08,0.10,0.02,0.04,0.05,0.00,0.01,0.01,0.00,0.00,0.00,0.00,0.00,0.00,0.00,0.00,0.00,0.01,0.03,0.05,410582,602038,877949,1029670,1195161,1441312,0,0,0,0,0,0,0,158774,0,173.36,175.07,178.71
2626,0,35,43,46,87884,87884,87884,9395,9395,9395,591,591,591,0.05,0.09,0.13,0.02,0.04,0.06,0.00,0.01,0.01,0.00,0.00,0.00,0.00,0.00,0.00,0.00,0.00,0.00,0.01,0.04,0.05,330206,670377,1077139,841240,1334985,1569845,0,1048,2620,0,0,0,0,157279,0,170.55,173.61,177.62
2626,1,33,44,53,87861,87861,87861,9418,9418,9418,591,591,591,0.05,0.09,0.13,0.02,0.04,0.06,0.00,0.01,0.01,0.00,0.00,0.00,0.00,0.00,0.00,0.00,0.00,0.00,0.01,0.04,0.05,359044,643658,817643,815057,1301473,1590735,0,0,0,0,1572,5241,0,126902,0,155.55,160.47,163.24
2626,2,23,46,66,87766,87766,87766,9513,9513,9513,591,591,591,0.05,0.08,0.12,0.02,0.04,0.06,0.00,0.01,0.01,0.00,0.00,0.00,0.00,0.00,0.00,0.00,0.00,0.00,0.01,0.03,0.05,490063,767952,1409922,993229,1377156,2093918,0,1037,2620,0,0,0,0,128861,0,157.71,161.98,164.80
2626,3,38,52,67,87767,87767,87767,9512,9512,9512,591,591,591,0.07,0.09,0.13,0.03,0.04,0.06,0.00,0.01,0.01,0.00,0.00,0.00,0.00,0.00,0.00,0.00,0.00,0.00,0.02,0.04,0.05,330211,637349,948661,836011,1301434,1734845,0,0,0,0,524,2620,0,139607,0,171.96,176.68,180.61
2627,0,21,48,65,87884,87884,87884,9395,9395,9395,591,591,591,0.06,0.09,0.13,0.03,0.05,0.07,0.00,0.01,0.01,0.00,0.00,0.00,0.00,0.00,0.00,0.00,0.00,0.00,0.01,0.04,0.05,356416,629500,932982,849097,1265814,1745411,0,0,0,0,524,2620,0,137620,0,169.00,172.98,176.60
2627,1,18,43,58,87861,87861,87861,9418,9418,9418,591,591,591,0.05,0.09,0.12,0.02,0.04,0.06,0.00,0.01,0.01,0.00,0.00,0.00,0.00,0.00,0.00,0.00,0.00,0.00,0.01,0.03,0.06,380874,583022,718095,969656,1206578,1491227,0,524,2620,0,0,0,0,95285,0,156.37,158.97,161.77
2627,2,38,51,66,87766,87766,87766,9513,9513,9513,591,591,591,0.06,0.09,0.13,0.03,0.05,0.07,0.00,0.01,0.01,0.00,0.00,0.00,0.00,0.00,0.00,0.00,0.00,0.00,0.02,0.04,0.05,516284,730137,1029932,1014212,1364357,1724415,0,0,0,0,524,2620,0,129676,0,157.80,161.22,163.89
2627,3,27,56,69,87767,87767,87767,9512,9512,9512,591,591,591,0.05,0.09,0.13,0.02,0.05,0.07,0.00,0.01,0.01,0.00,0.00,0.00,0.00,0.00,0.00,0.00,0.00,0.00,0.01,0.04,0.05,348561,503703,762613,825540,1151550,1543621,0,524,2620,0,0,0,0,105673,0,174.61,177.89,180.10
2628,0,22,35,48,87884,87884,87884,9395,9395,9395,591,591,591,0.07,0.09,0.12,0.03,0.04,0.06,0.00,0.01,0.01,0.00,0.00,0.00,0.00,0.00,0.00,0.00,0.00,0.00,0.02,0.03,0.05,340690,582458,967070,728553,1168847,1758548,0,0,0,0,0,0,0,102788,0,170.23,172.14,173.83
2628,1,30,47,61,87861,87861,87861,9418,9418,9418,591,591,591,0.05,0.08,0.12,0.03,0.04,0.06,0.00,0.01,0.01,0.00,0.00,0.00,0.00,0.00,0.00,0.00,0.00,0.00,0.02,0.03,0.04,335443,611935,940833,841229,1204870,1590767,0,0,0,0,655,2620,0,126653,0,154.75,157.43,158.93
2628,2,23,42,63,87766,87766,87766,9513,9513,9513,591,591,591,0.05,0.09,0.11,0.03,0.04,0.05,0.01,0.01,0.01,0.00,0.00,0.00,0.00,0.00,0.00,0.00,0.00,0.00,0.01,0.03,0.05,558171,834691,1029894,1011522,1484626,1771701,0,655,2620,0,0,0,0,111070,0,159.16,161.02,163.20
2628,3,41,53,58,87767,87767,87767,9512,9512,9512,591,591,591,0.06,0.09,0.13,0.03,0.04,0.06,0.01,0.01,0.01,0.00,0.00,0.00,0.00,0.00,0.00,0.00,0.00,0.00,0.01,0.03,0.05,403569,547121,741919,896280,1144168,1370531,0,0,0,0,0,0,0,139111,0,173.33,176.77,179.13
2629,0,28,39,49,87884,87884,87884,9395,9395,9395,591,591,591,0.05,0.09,0.11,0.02,0.04,0.05,0.00,0.01,0.01,0.00,0.00,0.00,0.00,0.00,0.00,0.00,0.00,0.00,0.01,0.03,0.05,345940,522581,646516,799333,1165400,1409406,0,0,0,0,0,0,0,140755,0,169.61,171.06,173.34
2629,1,38,46,55,87861,87861,87861,9418,9418,9418,591,591,591,0.05,0.09,0.13,0.02,0.05,0.07,0.00,0.01,0.01,0.00,0.00,0.00,0.00,0.00,0.00,0.00,0.00,0.00,0.01,0.04,0.05,380007,525718,647334,912001,1160984,1402121,0,524,2620,0,0,0,0,140537,0,157.99,160.37,162.88
2629,2,32,43,62,87766,87766,87766,9513,9513,9513,591,591,591,0.07,0.09,0.11,0.03,0.04,0.06,0.00,0.01,0.01,0.00,0.00,0.00,0.00,0.00,0.00,0.00,0.00,0.00,0.01,0.03,0.05,357879,904588,1622188,783186,1518532,2159423,0,524,2620,0,1572,7861,0,126530,0,159.01,160.87,162.31
2629,3,22,48,63,87767,87767,87767,9512,9512,9512,591,591,591,0.05,0.09,0.10,0.03,0.04,0.05,0.00,0.01,0.01,0.00,0.00,0.00,0.00,0.00,0.00,0.00,0.00,0.00,0.01,0.03,0.05,437661,689423,1234325,940841,1351770,2054588,0,698,3494,0,524,2620,0,138774,0,174.63,175.48,176.85
2630,0,26,42,63,87884,87884,87884,9395,9395,9395,591,591,591,0.06,0.09,0.10,0.03,0.05,0.05,0.00,0.01,0.01,0.00,0.00,0.00,0.00,0.00,0.00,0.00,0.00,0.00,0.01,0.04,0.05,406208,733790,1501630,938217,1342315,2227549,0,0,0,0,524,2620,0,138783,0,173.66,174.63,175.07
2630,1,24,43,60,87861,87861,87861,9418,9418,9418,591,591,591,0.06,0.09,0.11,0.03,0.05,0.06,0.01,0.01,0.01,0.00,0.00,0.00,0.00,0.00,0.00,0.00,0.00,0.00,0.01,0.04,0.05,429704,611134,849086,951113,1233275,1472798,0,524,2620,0,0,0,0,128552,0,158.06,161.37,162.79
2630,2,26,41,47,87766,87766,87766,9513,9513,9513,591,591,591,0.05,0.09,0.13,0.02,0.05,0.07,0.00,0.01,0.01,0.00,0.00,0.00,0.00,0.00,0.00,0.00,0.00,0.00,0.01,0.04,0.05,481080,684821,1166216,922490,1258853,1779463,0,0,0,0,524,2620,0,130969,0,161.56,163.50,166.57
2630,3,24,54,69,87767,87767,87767,9512,9512,9512,591,591,591,0.05,0.09,0.11,0.02,0.05,0.05,0.00,0.01,0.01,0.00,0.00,0.00,0.00,0.00,0.00,0.00,0.00,0.00,0.01,0.04,0.05,427185,539868,628979,891060,1157834,1423066,0,524,2620,0,0,0,0,141607,0,176.29,177.63,178.31
2631,0,21,45,56,87884,87884,87884,9395,9395,9395,591,591,591,0.09,0.09,0.11,0.04,0.05,0.05,0.00,0.01,0.01,0.00,0.00,0.00,0.00,0.00,0.00,0.00,0.00,0.00,0.02,0.04,0.05,361658,566081,833408,786215,1169377,1407298,0,524,2620,0,524,2620,0,138508,0,171.88,175.33,177.23
2631,1,26,44,60,87861,87861,87861,9418,9418,9418,591,591,591,0.07,0.09,0.10,0.03,0.05,0.05,0.01,0.01,0.01,0.00,0.00,0.00,0.00,0.00,0.00,0.00,0.00,0.00,0.01,0.03,0.05,338038,537732,883075,841164,1145341,1624649,0,1048,2621,0,524,2620,0,128670,0,159.11,161.13,165.15
2631,2,31,51,62,87766,87766,87766,9513,9513,9513,591,591,591,0.05,0.09,0.13,0.02,0.05,0.06,0.00,0.01,0.01,0.00,0.00,0.00,0.00,0.00,0.00,0.00,0.00,0.00,0.01,0.04,0.05,566078,744807,1048322,1098087,1329749,1685178,0,0,0,0,524,2620,0,129725,0,162.93,166.48,170.00
2631,3,24,48,60,87767,87767,87767,9512,9512,9512,591,591,591,0.08,0.09,0.11,0.04,0.05,0.05,0.01,0.01,0.01,0.00,0.00,0.00,0.00,0.00,0.00,0.00,0.00,0.00,0.02,0.04,0.05,351171,473301,628981,794095,1050907,1457140,0,0,0,0,0,0,0,141980,0,176.54,178.16,180.47
2632,0,26,39,55,87884,87884,87884,9395,9395,9395,591,591,591,0.08,0.09,0.10,0.04,0.04,0.05,0.00,0.01,0.01,0.00,0.00,0.00,0.00,0.00,0.00,0.00,0.00,0.00,0.02,0.03,0.05,337725,592017,677788,969349,1217657,1336588,0,349,1746,0,0,0,0,139403,0,170.47,172.98,175.89
2632,1,16,37,52,87861,87861,87861,9418,9418,9418,591,591,591,0.05,0.09,0.13,0.02,0.04,0.06,0.00,0.01,0.01,0.00,0.00,0.00,0.00,0.00,0.00,0.00,0.00,0.00,0.01,0.04,0.05,419315,589657,665703,948701,1268419,1485972,0,0,0,0,1048,2620,0,128484,0,159.07,160.20,162.48
2632,2,23,48,62,87766,87766,87766,9513,9513,9513,591,591,591,0.06,0.10,0.12,0.03,0.05,0.06,0.01,0.01,0.01,0.00,0.00,0.00,0.00,0.00,0.00,0.00,0.00,0.00,0.01,0.04,0.05,576555,900997,1685094,1095456,1537829,2387435,0,1048,5241,0,0,0,0,141927,0,159.82,162.24,163.71
2632,3,31,50,66,87767,87767,87767,9512,9512,9512,591,591,591,0.07,0.09,0.11,0.04,0.04,0.05,0.01,0.01,0.01,0.00,0.00,0.00,0.00,0.00,0.00,0.00,0.00,0.00,0.01,0.03,0.05,420288,633175,829849,921003,1294843,1530537,0,0,0,0,524,2620,0,156432,0,172.73,175.54,178.15
2633,0,31,42,56,87884,87884,87884,9395,9395,9395,591,591,591,0.05,0.08,0.13,0.02,0.04,0.07,0.00,0.01,0.01,0.00,0.00,0.00,0.00,0.00,0.00,0.00,0.00,0.00,0.01,0.03,0.05,359038,693936,1118903,778359,1337042,1852609,0,524,2620,0,524,2620,0,156768,0,170.00,171.91,174.30
2633,1,32,53,64,87861,87861,87861,9418,9418,9418,591,591,591,0.05,0.08,0.13,0.02,0.04,0.07,0.00,0.01,0.01,0.00,0.00,0.00,0.00,0.00,0.00,0.00,0.00,0.00,0.01,0.03,0.05,390489,669316,796635,807185,1297752,1493814,0,1048,5241,0,1048,2620,0,125970,0,156.76,158.27,160.64
2633,2,38,52,60,87766,87766,87766,9513,9513,9513,591,591,591,0.05,0.08,0.11,0.02,0.04,0.06,0.00,0.01,0.01,0.00,0.00,0.00,0.00,0.00,0.00,0.00,0.00,0.00,0.01,0.03,0.05,495341,764276,1095455,1029996,1398129,1737528,0,870,2620,0,1436,5453,0,127067,0,158.13,161.49,163.56
2633,3,28,46,63,87767,87767,87767,9512,9512,9512,591,591,591,0.05,0.08,0.13,0.02,0.04,0.07,0.00,0.01,0.01,0.00,0.00,0.00,0.00,0.00,0.00,0.00,0.00,0.00,0.01,0.03,0.05,351124,603797,883139,914619,1266813,1713867,0,1048,2620,0,524,2620,0,138903,0,175.80,176.89,177.83
2634,0,26,37,52,87884,87884,87884,9395,9395,9395,591,591,591,0.05,0.09,0.13,0.02,0.05,0.06,0.00,0.01,0.01,0.00,0.00,0.00,0.00,0.00,0.00,0.00,0.00,0.00,0.01,0.04,0.05,322326,643127,988064,828090,1367492,1824119,0,0,0,0,0,0,0,136947,0,168.80,171.03,173.21
2634,1,21,44,68,87861,87861,87861,9418,9418,9418,591,591,591,0.07,0.09,0.10,0.04,0.05,0.05,0.00,0.01,0.01,0.00,0.00,0.00,0.00,0.00,0.00,0.00,0.00,0.00,0.02,0.04,0.05,482208,605621,715460,935589,1262867,1588165,0,0,0,0,0,0,0,128788,0,156.91,158.83,160.54
2634,2,25,51,66,87766,87766,87766,9513,9513,9513,591,591,591,0.05,0.09,0.12,0.02,0.04,0.06,0.00,0.01,0.01,0.00,0.00,0.00,0.00,0.00,0.00,0.00,0.00,0.00,0.01,0.04,0.05,602759,756861,925131,1242209,1386355,1509485,0,0,0,0,0,0,0,130112,0,160.35,161.39,162.37
2634,3,37,50,61,87767,87767,87767,9512,9512,9512,591,591,591,0.08,0.09,0.10,0.04,0.05,0.05,0.00,0.01,0.01,0.00,0.00,0.00,0.00,0.00,0.00,0.00,0.00,0.00,0.02,0.04,0.05,324975,552448,762648,796713,1176180,1475501,0,0,0,0,0,0,0,107082,0,174.77,176.33,178.25
2635,0,49,55,63,87884,87884,87884,9395,9395,9395,591,591,591,0.08,0.09,0.10,0.04,0.05,0.05,0.01,0.01,0.01,0.00,0.00,0.00,0.00,0.00,0.00,0.00,0.00,0.00,0.02,0.04,0.04,369526,563974,710227,820295,1075536,1331317,0,524,2620,0,524,2620,0,101301,0,174.88,176.24,177.71
2635,1,47,57,68,87861,87861,87861,9418,9418,9418,591,591,591,0.06,0.09,0.13,0.03,0.04,0.06,0.01,0.01,0.01,0.00,0.00,0.00,0.00,0.00,0.00,0.00,0.00,0.00,0.01,0.03,0.05,332816,503821,654886,838593,1033172,1328775,0,698,3494,0,1571,2620,0,94929,0,161.81,163.48,164.98
2635,2,24,53,65,87766,87766,87766,9513,9513,9513,591,591,591,0.06,0.10,0.13,0.03,0.05,0.06,0.01,0.01,0.01,0.00,0.00,0.00,0.00,0.00,0.00,0.00,0.00,0.00,0.01,0.04,0.05,500547,629489,972287,1001094,1163584,1496431,0,1572,5241,0,524,2620,0,129730,0,161.79,162.88,163.73
2635,3,32,52,69,87767,87767,87767,9512,9512,9512,591,591,591,0.07,0.09,0.12,0.03,0.05,0.06,0.01,0.01,0.01,0.00,0.00,0.00,0.00,0.00,0.00,0.00,0.00,0.00,0.01,0.04,0.05,369521,486384,864824,812422,1015746,1590752,0,0,0,0,524,2620,0,142473,0,176.18,178.38,180.45
2636,0,22,42,70,87884,87884,87884,9395,9395,9395,591,591,591,0.06,0.08,0.10,0.03,0.04,0.05,0.01,0.01,0.01,0.00,0.00,0.00,0.00,0.00,0.00,0.00,0.00,0.00,0.01,0.03,0.04,345932,527217,605442,864832,1197589,1370763,0,648,2593,0,0,0,0,137417,0,168.48,172.68,174.91
2636,1,18,37,54,87861,87861,87861,9418,9418,9418,591,591,591,0.05,0.08,0.11,0.02,0.04,0.05,0.00,0.01,0.01,0.00,0.00,0.00,0.00,0.00,0.00,0.00,0.00,0.00,0.01,0.04,0.05,484848,636216,762677,1226445,1434270,1729783,0,0,0,0,655,2620,0,126421,0,155.87,159.33,162.58
2636,2,20,44,70,87766,87766,87766,9513,9513,9513,591,591,591,0.05,0.08,0.13,0.02,0.04,0.07,0.00,0.01,0.01,0.00,0.00,0.00,0.00,0.00,0.00,0.00,0.00,0.00,0.01,0.04,0.05,733820,1148499,1949786,1381154,1869178,2641646,0,0,0,0,655,2620,0,94846,0,160.97,162.04,163.85
2636,3,43,57,77,87767,87767,87767,9512,9512,9512,591,591,591,0.05,0.08,0.10,0.02,0.04,0.05,0.00,0.01,0.01,0.00,0.00,0.00,0.00,0.00,0.00,0.00,0.00,0.00,0.01,0.03,0.05,566073,727908,885815,1050910,1411045,1690387,0,436,1747,0,0,0,0,157855,0,172.51,174.73,177.15
2637,0,17,40,58,87884,87884,87884,9395,9395,9395,591,591,591,0.05,0.08,0.10,0.03,0.04,0.05,0.00,0.01,0.01,0.00,0.00,0.00,0.00,0.00,0.00,0.00,0.00,0.00,0.01,0.03,0.05,348563,621087,1249974,883187,1246377,2007296,0,0,0,0,524,2620,0,157680,0,169.06,170.49,172.80
2637,1,35,51,60,87861,87861,87861,9418,9418,9418,591,591,591,0.06,0.08,0.10,0.03,0.04,0.05,0.00,0.01,0.01,0.00,0.00,0.00,0.00,0.00,0.00,0.00,0.00,0.00,0.01,0.03,0.04,340679,548260,702333,835974,1132686,1436228,0,524,2620,0,0,0,0,128662,0,156.97,158.03,160.06
2637,2,26,47,54,87766,87766,87766,9513,9513,9513,591,591,591,0.05,0.09,0.13,0.02,0.04,0.06,0.00,0.01,0.01,0.00,0.00,0.00,0.00,0.00,0.00,0.00,0.00,0.00,0.01,0.03,0.05,363531,737485,1486809,857257,1361531,2175004,0,0,0,0,0,0,0,126796,0,158.76,161.26,163.25
2637,3,31,57,68,87767,87767,87767,9512,9512,9512,591,591,591,0.05,0.08,0.10,0.02,0.04,0.05,0.00,0.01,0.01,0.00,0.00,0.00,0.00,0.00,0.00,0.00,0.00,0.00,0.01,0.03,0.05,348500,561342,972300,849125,1130017,1753286,0,0,0,0,0,0,0,143081,0,173.78,174.67,176.69
2638,0,26,37,47,87884,87884,87884,9395,9395,9395,591,591,591,0.04,0.09,0.13,0.02,0.05,0.07,0.00,0.01,0.01,0.00,0.00,0.00,0.00,0.00,0.00,0.00,0.00,0.00,0.01,0.04,0.05,345938,685041,898900,1029952,1385809,1603869,0,0,0,0,0,0,0,137244,0,168.66,171.75,173.69
2638,1,26,43,56,87861,87861,87861,9418,9418,9418,591,591,591,0.04,0.09,0.13,0.02,0.04,0.07,0.00,0.01,0.01,0.00,0.00,0.00,0.00,0.00,0.00,0.00,0.00,0.00,0.01,0.04,0.05,504897,644917,943518,1189740,1338913,1755993,0,349,1747,0,349,1747,0,127435,0,154.87,157.56,161.88
2638,2,24,46,67,87766,87766,87766,9513,9513,9513,591,591,591,0.05,0.08,0.10,0.03,0.04,0.05,0.00,0.01,0.01,0.00,0.00,0.00,0.00,0.00,0.00,0.00,0.00,0.00,0.01,0.03,0.05,476974,783090,1205593,930361,1475499,1970883,0,524,2620,0,524,2620,0,130165,0,157.04,159.50,162.06
2638,3,40,54,61,87767,87767,87767,9512,9512,9512,591,591,591,0.05,0.09,0.13,0.02,0.05,0.07,0.00,0.01,0.01,0.00,0.00,0.00,0.00,0.00,0.00,0.00,0.00,0.00,0.01,0.04,0.05,345943,571083,848875,1027347,1279988,1519591,0,0,0,0,0,0,0,142208,0,171.41,173.60,175.58
2639,0,25,45,60,87884,87884,87884,9395,9395,9395,591,591,591,0.05,0.08,0.12,0.02,0.04,0.06,0.00,0.01,0.01,0.00,0.00,0.00,0.00,0.00,0.00,0.00,0.00,0.00,0.01,0.03,0.05,398345,603820,725947,906759,1248002,1375949,0,0,0,0,0,0,0,138908,0,169.09,170.34,171.63
2639,1,25,49,60,87861,87861,87861,9418,9418,9418,591,591,591,0.05,0.08,0.11,0.02,0.04,0.06,0.00,0.01,0.01,0.00,0.00,0.00,0.00,0.00,0.00,0.00,0.00,0.00,0.01,0.03,0.05,382498,540908,694488,979825,1178768,1376124,0,0,0,0,0,0,0,127667,0,156.25,158.11,161.31
2639,2,26,43,63,87766,87766,87766,9513,9513,9513,591,591,591,0.05,0.08,0.10,0.02,0.04,0.05,0.00,0.01,0.01,0.00,0.00,0.00,0.00,0.00,0.00,0.00,0.00,0.00,0.01,0.03,0.05,495325,995358,1881769,1150512,1636925,2576293,0,524,2620,0,0,0,0,146581,0,159.34,160.36,163.49
2639,3,25,49,65,87767,87767,87767,9512,9512,9512,591,591,591,0.05,0.08,0.12,0.02,0.04,0.06,0.00,0.01,0.01,0.00,0.00,0.00,0.00,0.00,0.00,0.00,0.00,0.00,0.01,0.03,0.05,359036,572233,733862,741659,1232718,1520143,0,0,0,0,523,2618,0,161545,0,170.41,173.05,176.08
2640,0,30,46,60,87884,87884,87884,9395,9395,9395,591,591,591,0.04,0.09,0.13,0.02,0.04,0.07,0.00,0.01,0.01,0.00,0.00,0.00,0.00,0.00,0.00,0.00,0.00,0.00,0.01,0.03,0.05,345931,516723,790108,940828,1207406,1486028,0,524,2620,0,511,2556,0,154357,0,169.58,172.91,174.46
2640,1,25,43,61,87861,87861,87861,9418,9418,9418,591,591,591,0.05,0.09,0.13,0.02,0.04,0.06,0.00,0.01,0.01,0.00,0.00,0.00,0.00,0.00,0.00,0.00,0.00,0.00,0.01,0.03,0.05,330205,703415,867445,846478,1423081,1632683,0,524,2620,0,1048,2620,0,144766,0,156.45,158.85,162.36
2640,2,20,51,74,87766,87766,87766,9513,9513,9513,591,591,591,0.05,0.08,0.10,0.02,0.04,0.05,0.00,0.01,0.01,0.00,0.00,0.00,0.00,0.00,0.00,0.00,0.00,0.00,0.01,0.03,0.05,668141,764697,938222,1268309,1431377,1596079,0,524,2620,0,524,2620,0,132528,0,160.17,162.38,165.90
2640,3,46,54,64,87767,87767,87767,9512,9512,9512,591,591,591,0.05,0.08,0.13,0.02,0.04,0.07,0.00,0.01,0.01,0.00,0.00,0.00,0.00,0.00,0.00,0.00,0.00,0.00,0.01,0.03,0.05,361673,670684,901508,912046,1360070,1643156,0,524,2620,0,0,0,0,141189,0,173.45,175.98,178.08
2641,0,27,53,65,87884,87884,87884,9395,9395,9395,591,591,591,0.05,0.09,0.12,0.02,0.05,0.06,0.00,0.01,0.01,0.00,0.00,0.00,0.00,0.00,0.00,0.00,0.00,0.00,0.01,0.04,0.05,361659,697077,1499044,778355,1298256,2198773,0,0,0,0,523,2619,0,141438,0,168.26,170.87,173.79
2641,1,24,51,66,87861,87861,87861,9418,9418,9418,591,591,591,0.05,0.09,0.12,0.02,0.04,0.06,0.00,0.01,0.01,0.00,0.00,0.00,0.00,0.00,0.00,0.00,0.00,0.00,0.01,0.04,0.05,382561,518816,642067,843730,1139990,1365375,0,1048,2620,0,0,0,0,130256,0,155.27,157.13,159.80
2641,2,33,44,56,87766,87766,87766,9513,9513,9513,591,591,591,0.07,0.09,0.10,0.04,0.04,0.05,0.01,0.01,0.01,0.00,0.00,0.00,0.00,0.00,0.00,0.00,0.00,0.00,0.01,0.04,0.05,470185,690589,854032,919848,1303011,1604419,0,0,0,0,523,2619,0,129982,0,160.08,161.63,162.93
2641,3,23,49,73,87767,87767,87767,9512,9512,9512,591,591,591,0.05,0.09,0.11,0.02,0.05,0.06,0.00,0.01,0.01,0.00,0.00,0.00,0.00,0.00,0.00,0.00,0.00,0.00,0.01,0.04,0.05,369513,548753,647358,815027,1181382,1433623,0,0,0,0,0,0,0,144345,0,173.76,174.94,176.36
2642,0,30,43,60,87884,87884,87884,9395,9395,9395,591,591,591,0.08,0.09,0.13,0.04,0.05,0.06,0.01,0.01,0.01,0.00,0.00,0.00,0.00,0.00,0.00,0.00,0.00,0.00,0.02,0.04,0.05,636843,702352,904166,1210793,1366964,1517427,0,0,0,0,0,0,0,102342,0,171.76,172.86,174.76
2642,1,23,41,62,87861,87861,87861,9418,9418,9418,591,591,591,0.07,0.08,0.10,0.03,0.04,0.05,0.00,0.01,0.01,0.00,0.00,0.00,0.00,0.00,0.00,0.00,0.00,0.00,0.02,0.03,0.04,431549,627231,778395,1065771,1309149,1551549,0,524,2620,0,0,0,0,96667,0,155.10,157.45,159.95
2642,2,21,44,65,87766,87766,87766,9513,9513,9513,591,591,591,0.05,0.09,0.11,0.02,0.05,0.06,0.00,0.01,0.01,0.00,0.00,0.00,0.00,0.00,0.00,0.00,0.00,0.00,0.01,0.04,0.05,579172,792530,1145488,1286272,1497514,1790317,0,524,2620,0,524,2620,0,132440,0,162.92,163.29,164.25
2642,3,35,53,62,87767,87767,87767,9512,9512,9512,591,591,591,0.07,0.09,0.13,0.03,0.05,0.06,0.01,0.01,0.01,0.00,0.00,0.00,0.00,0.00,0.00,0.00,0.00,0.00,0.01,0.04,0.05,343323,569739,788821,888399,1229631,1577642,0,0,0,0,524,2620,0,105689,0,177.17,178.41,179.40
2643,0,36,52,69,87884,87884,87884,9395,9395,9395,591,591,591,0.05,0.07,0.09,0.02,0.04,0.05,0.00,0.01,0.01,0.00,0.00,0.00,0.00,0.00,0.00,0.00,0.00,0.00,0.01,0.03,0.05,327578,634852,964448,859565,1326700,1682543,0,0,0,0,0,0,0,133781,0,167.69,169.23,171.95
2643,1,30,45,53,87861,87861,87861,9418,9418,9418,591,591,591,0.05,0.08,0.10,0.02,0.04,0.05,0.00,0.01,0.01,0.00,0.00,0.00,0.00,0.00,0.00,0.00,0.00,0.00,0.01,0.03,0.05,500510,558859,610646,1116429,1213369,1273652,0,655,2620,0,0,0,0,124652,0,158.89,160.07,162.82
2643,2,37,51,70,87766,87766,87766,9513,9513,9513,591,591,591,0.05,0.08,0.13,0.02,0.04,0.07,0.00,0.01,0.01,0.00,0.00,0.00,0.00,0.00,0.00,0.00,0.00,0.00,0.01,0.03,0.05,647296,1007615,1671911,1289350,1709281,2368977,0,0,0,0,1310,2620,0,94011,0,159.03,160.94,163.21
2643,3,29,54,71,87767,87767,87767,9512,9512,9512,591,591,591,0.05,0.07,0.09,0.02,0.03,0.05,0.00,0.01,0.01,0.00,0.00,0.00,0.00,0.00,0.00,0.00,0.00,0.00,0.01,0.03,0.05,403600,541592,646443,977368,1203864,1450618,0,655,2620,0,0,0,0,157070,0,172.88,175.90,179.55
2644,0,42,52,62,87884,87884,87884,9395,9395,9395,591,591,591,0.05,0.09,0.12,0.02,0.04,0.06,0.00,0.01,0.01,0.00,0.00,0.00,0.00,0.00,0.00,0.00,0.00,0.00,0.01,0.04,0.05,317058,537798,752162,704864,1109309,1430943,0,524,2620,0,0,0,0,158838,0,168.88,171.75,173.79
2644,1,32,52,71,87861,87861,87861,9418,9418,9418,591,591,591,0.05,0.09,0.13,0.02,0.05,0.06,0.00,0.01,0.01,0.00,0.00,0.00,0.00,0.00,0.00,0.00,0.00,0.00,0.01,0.04,0.05,608001,710219,885778,1176716,1274204,1391633,0,0,0,0,1048,2620,0,129455,0,159.94,161.69,164.35
2644,2,25,51,68,87766,87766,87766,9513,9513,9513,591,591,591,0.08,0.09,0.10,0.04,0.05,0.05,0.01,0.01,0.01,0.00,0.00,0.00,0.00,0.00,0.00,0.00,0.00,0.00,0.01,0.04,0.05,500569,760027,1163658,930348,1311440,1873909,0,524,2620,0,0,0,0,129296,0,161.31,163.03,165.59
2644,3,41,52,62,87767,87767,87767,9512,9512,9512,591,591,591,0.05,0.10,0.13,0.02,0.05,0.07,0.00,0.01,0.01,0.00,0.00,0.00,0.00,0.00,0.00,0.00,0.00,0.00,0.01,0.04,0.05,353801,652008,1053509,898917,1235526,1789918,0,0,0,0,0,0,0,145991,0,173.76,177.25,179.77
2645,0,29,44,57,87884,87884,87884,9395,9395,9395,591,591,591,0.05,0.09,0.13,0.02,0.04,0.06,0.00,0.01,0.01,0.00,0.00,0.00,0.00,0.00,0.00,0.00,0.00,0.00,0.01,0.03,0.05,335456,634735,959201,898918,1321360,1792606,0,1048,2620,0,524,2620,0,138730,0,169.07,171.08,173.31
2645,1,30,46,61,87861,87861,87861,9418,9418,9418,591,591,591,0.05,0.08,0.13,0.02,0.04,0.07,0.00,0.01,0.01,0.00,0.00,0.00,0.00,0.00,0.00,0.00,0.00,0.00,0.01,0.03,0.05,327591,563373,749580,1032567,1278267,1501781,0,1048,2620,0,1572,5241,0,128093,0,156.82,159.72,163.53
2645,2,19,43,60,87766,87766,87766,9513,9513,9513,591,591,591,0.05,0.08,0.13,0.02,0.04,0.07,0.00,0.01,0.01,0.00,0.00,0.00,0.00,0.00,0.00,0.00,0.00,0.00,0.01,0.03,0.05,476067,740910,927737,972833,1426214,1645817,0,1572,7861,0,517,2587,0,130478,0,157.88,159.59,160.51
2645,3,25,50,65,87767,87767,87767,9512,9512,9512,591,591,591,0.05,0.08,0.10,0.02,0.04,0.05,0.00,0.01,0.01,0.00,0.00,0.00,0.00,0.00,0.00,0.00,0.00,0.00,0.01,0.03,0.05,345927,593335,843886,998471,1295168,1551494,0,0,0,0,1572,7862,0,141083,0,171.94,175.24,178.65
2646,0,26,42,67,87884,87884,87884,9395,9395,9395,591,591,591,0.05,0.08,0.12,0.02,0.04,0.06,0.00,0.01,0.01,0.00,0.00,0.00,0.00,0.00,0.00,0.00,0.00,0.00,0.01,0.03,0.05,516304,698165,1019460,1268483,1385328,1651054,0,0,0,0,0,0,0,141446,0,168.92,171.63,175.43
2646,1,25,43,69,87861,87861,87861,9418,9418,9418,591,591,591,0.05,0.09,0.13,0.02,0.05,0.07,0.00,0.01,0.01,0.00,0.00,0.00,0.00,0.00,0.00,0.00,0.00,0.00,0.01,0.04,0.05,469108,620573,925063,1003716,1299853,1640480,0,524,2620,0,0,0,0,130438,0,156.69,159.52,161.57
2646,2,32,46,60,87766,87766,87766,9513,9513,9513,591,591,591,0.08,0.09,0.10,0.04,0.04,0.05,0.00,0.01,0.01,0.00,0.00,0.00,0.00,0.00,0.00,0.00,0.00,0.00,0.02,0.03,0.05,487462,757374,1184582,1142654,1475961,1863358,0,524,2620,0,1572,5241,0,147688,0,159.11,162.31,167.28
2646,3,32,51,74,87767,87767,87767,9512,9512,9512,591,591,591,0.05,0.10,0.13,0.02,0.05,0.07,0.00,0.01,0.01,0.00,0.00,0.00,0.00,0.00,0.00,0.00,0.00,0.00,0.01,0.04,0.05,377386,619556,809882,1040403,1338701,1606516,0,1048,2620,0,0,0,0,142811,0,172.80,175.19,179.19
2647,0,33,46,63,87884,87884,87884,9395,9395,9395,591,591,591,0.05,0.09,0.13,0.02,0.05,0.07,0.00,0.01,0.01,0.00,0.00,0.00,0.00,0.00,0.00,0.00,0.00,0.00,0.01,0.04,0.05,343325,569201,770533,775758,1205506,1538446,0,0,0,0,0,0,0,138936,0,170.07,173.82,175.23
2647,1,32,49,63,87861,87861,87861,9418,9418,9418,591,591,591,0.05,0.08,0.10,0.02,0.04,0.05,0.00,0.01,0.01,0.00,0.00,0.00,0.00,0.00,0.00,0.00,0.00,0.00,0.01,0.03,0.05,390483,535155,833420,836000,1149456,1622286,0,0,0,0,0,0,0,140448,0,161.18,162.02,163.77
2647,2,23,41,55,87766,87766,87766,9513,9513,9513,591,591,591,0.05,0.09,0.11,0.02,0.04,0.05,0.00,0.01,0.01,0.00,0.00,0.00,0.00,0.00,0.00,0.00,0.00,0.00,0.01,0.04,0.05,243728,859092,1716687,733806,1423087,2387636,0,0,0,0,0,0,0,126530,0,157.81,162.95,166.55
2647,3,44,51,69,87767,87767,87767,9512,9512,9512,591,591,591,0.05,0.08,0.12,0.02,0.04,0.06,0.00,0.01,0.01,0.00,0.00,0.00,0.00,0.00,0.00,0.00,0.00,0.00,0.01,0.03,0.07,0,586140,1006009,252631,1192162,1673860,0,0,0,0,0,0,0,134622,0,174.13,176.89,179.53
2648,0,26,50,85,87884,87884,87884,9395,9395,9395,591,591,591,0.05,0.09,0.13,0.02,0.05,0.06,0.00,0.01,0.01,0.00,0.00,0.00,0.00,0.00,0.00,0.00,0.00,0.00,0.01,0.04,0.05,351178,731674,1661562,820290,1317734,2251233,0,0,0,0,524,2620,0,136238,0,171.27,172.79,175.23
2648,1,17,42,67,87861,87861,87861,9418,9418,9418,591,591,591,0.05,0.08,0.11,0.02,0.04,0.06,0.00,0.01,0.01,0.00,0.00,0.00,0.00,0.00,0.00,0.00,0.00,0.00,0.01,0.04,0.05,453398,589135,828170,998469,1239071,1559371,0,1048,5241,0,524,2620,0,128123,0,156.17,157.54,158.92
2648,2,32,47,61,87766,87766,87766,9513,9513,9513,591,591,591,0.08,0.09,0.10,0.04,0.05,0.05,0.00,0.01,0.01,0.00,0.00,0.00,0.00,0.00,0.00,0.00,0.00,0.00,0.02,0.04,0.05,490087,825329,1208218,1158388,1528016,1776872,0,524,2620,0,524,2620,0,128760,0,158.07,159.85,161.76
2648,3,23,46,68,87767,87767,87767,9512,9512,9512,591,591,591,0.05,0.09,0.13,0.02,0.04,0.07,0.00,0.01,0.01,0.00,0.00,0.00,0.00,0.00,0.00,0.00,0.00,0.00,0.01,0.04,0.05,445521,604347,820326,1087625,1250100,1486022,0,0,0,0,0,0,0,138349,0,173.29,174.42,175.55
2649,0,44,55,63,87884,87884,87884,9395,9395,9395,591,591,591,0.05,0.08,0.11,0.02,0.04,0.05,0.00,0.01,0.01,0.00,0.00,0.00,0.00,0.00,0.00,0.00,0.00,0.00,0.01,0.03,0.05,335457,637361,1234377,872712,1311936,2017984,0,524,2620,0,0,0,0,103731,0,171.10,173.29,176.41
2649,1,37,53,65,87861,87861,87861,9418,9418,9418,591,591,591,0.05,0.09,0.13,0.02,0.04,0.07,0.00,0.01,0.01,0.00,0.00,0.00,0.00,0.00,0.00,0.00,0.00,0.00,0.01,0.03,0.05,508419,601581,705026,1140013,1264848,1512267,0,0,0,0,524,2620,0,95786,0,155.18,157.48,159.43
2649,2,33,49,66,87766,87766,87766,9513,9513,9513,591,591,591,0.05,0.08,0.13,0.02,0.04,0.07,0.00,0.01,0.01,0.00,0.00,0.00,0.00,0.00,0.00,0.00,0.00,0.00,0.01,0.03,0.05,444130,653850,988018,962283,1295308,1690668,0,510,2552,0,0,0,0,130105,0,155.94,159.21,163.67
2649,3,31,49,76,87767,87767,87767,9512,9512,9512,591,591,591,0.05,0.09,0.12,0.02,0.04,0.06,0.00,0.01,0.01,0.00,0.00,0.00,0.00,0.00,0.00,0.00,0.00,0.00,0.01,0.03,0.05,359012,516797,678781,836026,1185589,1504247,0,0,0,0,524,2620,0,105725,0,169.54,172.78,175.80
2650,0,21,41,58,87884,87884,87884,9395,9395,9395,591,591,591,0.05,0.09,0.12,0.02,0.04,0.06,0.00,0.01,0.01,0.00,0.00,0.00,0.00,0.00,0.00,0.00,0.00,0.00,0.01,0.03,0.05,390486,491997,668284,856973,1074326,1250007,0,0,0,0,524,2620,0,138010,0,169.64,172.48,176.61
2650,1,18,39,59,87861,87861,87861,9418,9418,9418,591,591,591,0.07,0.09,0.12,0.03,0.04,0.06,0.00,0.01,0.01,0.00,0.00,0.00,0.00,0.00,0.00,0.00,0.00,0.00,0.01,0.04,0.05,393112,545645,649974,951313,1169390,1336642,0,524,2620,0,0,0,0,126225,0,157.49,159.84,161.56
2650,2,19,47,59,87766,87766,87766,9513,9513,9513,591,591,591,0.05,0.08,0.10,0.02,0.04,0.05,0.00,0.01,0.01,0.00,0.00,0.00,0.00,0.00,0.00,0.00,0.00,0.00,0.01,0.03,0.05,484812,709697,1111227,880523,1303033,1839814,0,0,0,0,524,2620,0,109497,0,158.81,161.27,163.22
2650,3,23,46,63,87767,87767,87767,9512,9512,9512,591,591,591,0.07,0.08,0.10,0.03,0.04,0.05,0.00,0.01,0.01,0.00,0.00,0.00,0.00,0.00,0.00,0.00,0.00,0.00,0.01,0.03,0.04,348520,553031,655200,890955,1160698,1328747,0,524,2620,0,0,0,0,155201,0,172.85,175.35,177.35
2651,0,26,45,57,87884,87884,87884,9395,9395,9395,591,591,591,0.05,0.08,0.13,0.02,0.04,0.07,0.00,0.01,0.01,0.00,0.00,0.00,0.00,0.00,0.00,0.00,0.00,0.00,0.01,0.03,0.05,347588,535717,626929,1006374,1163193,1341896,0,0,0,0,0,0,0,154548,0,170.64,173.70,176.59
2651,1,25,41,59,87861,87861,87861,9418,9418,9418,591,591,591,0.05,0.08,0.13,0.02,0.04,0.07,0.00,0.01,0.01,0.00,0.00,0.00,0.00,0.00,0.00,0.00,0.00,0.00,0.01,0.03,0.05,387921,587024,843908,857096,1239040,1575121,0,0,0,0,523,2619,0,141932,0,157.10,158.61,160.75
2651,2,32,52,62,87766,87766,87766,9513,9513,9513,591,591,591,0.05,0.08,0.10,0.02,0.04,0.05,0.00,0.01,0.01,0.00,0.00,0.00,0.00,0.00,0.00,0.00,0.00,0.00,0.01,0.03,0.05,331968,934870,1983709,807208,1559819,2730548,0,524,2620,0,0,0,0,127448,0,156.60,159.99,162.78
2651,3,34,48,69,87767,87767,87767,9512,9512,9512,591,591,591,0.05,0.08,0.13,0.02,0.04,0.06,0.00,0.01,0.01,0.00,0.00,0.00,0.00,0.00,0.00,0.00,0.00,0.00,0.01,0.03,0.05,338060,614385,904635,835978,1214371,1467181,0,0,0,0,0,0,0,137418,0,172.27,175.16,178.21
2652,0,29,56,64,87884,87884,87884,9395,9395,9395,591,591,591,0.05,0.08,0.10,0.02,0.04,0.05,0.00,0.01,0.01,0.00,0.00,0.00,0.00,0.00,0.00,0.00,0.00,0.00,0.01,0.03,0.05,463873,799276,1679828,1024715,1450745,2379539,0,0,0,0,524,2620,0,139979,0,167.21,168.98,171.61
2652,1,23,52,64,87861,87861,87861,9418,9418,9418,591,591,591,0.07,0.09,0.11,0.03,0.04,0.05,0.01,0.01,0.01,0.00,0.00,0.00,0.00,0.00,0.00,0.00,0.00,0.00,0.01,0.04,0.05,393090,531990,649917,1014226,1197981,1386315,0,1048,2620,0,349,1747,0,127070,0,155.28,157.53,159.95
2652,2,33,46,54,87766,87766,87766,9513,9513,9513,591,591,591,0.05,0.08,0.13,0.02,0.04,0.06,0.00,0.01,0.01,0.00,0.00,0.00,0.00,0.00,0.00,0.00,0.00,0.00,0.01,0.03,0.05,712842,906294,1244889,1388994,1567434,1803124,0,1562,5241,0,524,2620,0,124572,0,157.06,158.97,162.17
2652,3,24,55,71,87767,87767,87767,9512,9512,9512,591,591,591,0.05,0.09,0.12,0.02,0.04,0.06,0.00,0.01,0.01,0.00,0.00,0.00,0.00,0.00,0.00,0.00,0.00,0.00,0.01,0.03,0.05,571306,672471,749540,1045648,1369056,1582946,0,0,0,0,1048,5241,0,140860,0,171.15,172.52,176.08
2653,0,40,52,58,87884,87884,87884,9395,9395,9395,591,591,591,0.06,0.09,0.12,0.03,0.05,0.06,0.01,0.01,0.01,0.00,0.00,0.00,0.00,0.00,0.00,0.00,0.00,0.00,0.01,0.04,0.05,348559,612737,1166242,859604,1179355,1921024,0,524,2620,0,0,0,0,142443,0,168.24,172.91,175.78
2653,1,24,48,59,87861,87861,87861,9418,9418,9418,591,591,591,0.07,0.09,0.10,0.03,0.04,0.05,0.00,0.01,0.01,0.00,0.00,0.00,0.00,0.00,0.00,0.00,0.00,0.00,0.02,0.04,0.05,416692,543537,898951,922524,1102790,1527955,0,0,0,0,524,2620,0,130206,0,155.49,159.36,162.19
2653,2,23,46,63,87766,87766,87766,9513,9513,9513,591,591,591,0.07,0.10,0.13,0.03,0.05,0.07,0.00,0.01,0.01,0.00,0.00,0.00,0.00,0.00,0.00,0.00,0.00,0.00,0.01,0.04,0.05,469082,654869,1006351,918631,1214183,1493802,0,0,0,0,524,2620,0,131065,0,158.56,162.85,165.61
2653,3,29,48,69,87767,87767,87767,9512,9512,9512,591,591,591,0.08,0.10,0.11,0.04,0.05,0.05,0.00,0.01,0.01,0.00,0.00,0.00,0.00,0.00,0.00,0.00,0.00,0.00,0.04,0.04,0.05,379992,467012,673535,822880,1035183,1391624,0,524,2620,0,0,0,0,145010,0,172.93,177.14,179.78
2654,0,26,46,59,87884,87884,87884,9395,9395,9395,591,591,591,0.07,0.10,0.13,0.03,0.05,0.07,0.00,0.01,0.01,0.00,0.00,0.00,0.00,0.00,0.00,0.00,0.00,0.00,0.04,0.04,0.05,356341,509440,780967,817508,1096436,1360140,0,0,0,0,0,0,0,143816,0,172.34,174.38,177.18
2654,1,47,56,64,87861,87861,87861,9418,9418,9418,591,591,591,0.05,0.09,0.12,0.02,0.05,0.06,0.00,0.01,0.01,0.00,0.00,0.00,0.00,0.00,0.00,0.00,0.00,0.00,0.01,0.04,0.05,351182,533051,775709,773124,1060863,1375835,0,0,0,0,0,0,0,148092,0,156.53,160.26,162.35
2654,2,13,36,53,87766,87766,87766,9513,9513,9513,591,591,591,0.08,0.09,0.10,0.04,0.05,0.05,0.00,0.01,0.01,0.00,0.00,0.00,0.00,0.00,0.00,0.00,0.00,0.00,0.03,0.04,0.05,573948,952355,1651029,1103343,1533623,2117511,0,0,0,0,0,0,0,133138,0,161.33,163.07,164.73
2654,3,47,55,65,87767,87767,87767,9512,9512,9512,591,591,591,0.05,0.09,0.12,0.02,0.05,0.06,0.00,0.01,0.01,0.00,0.00,0.00,0.00,0.00,0.00,0.00,0.00,0.00,0.01,0.04,0.05,358995,677451,1024724,867354,1218778,1485981,0,0,0,0,0,0,0,164865,0,176.60,180.23,181.73
2655,0,40,53,68,87884,87884,87884,9395,9395,9395,591,591,591,0.07,0.09,0.10,0.03,0.04,0.05,0.00,0.01,0.01,0.00,0.00,0.00,0.00,0.00,0.00,0.00,0.00,0.00,0.01,0.03,0.05,434978,708541,1127244,888299,1274991,1587477,0,0,0,0,524,2620,0,157000,0,172.10,175.91,179.26
2655,1,35,48,65,87861,87861,87861,9418,9418,9418,591,591,591,0.07,0.09,0.10,0.03,0.04,0.05,0.01,0.01,0.01,0.00,0.00,0.00,0.00,0.00,0.00,0.00,0.00,0.00,0.02,0.04,0.05,403586,667246,959190,925104,1314576,1648444,0,1048,2620,0,0,0,0,129017,0,160.16,162.94,164.53
2655,2,30,44,55,87766,87766,87766,9513,9513,9513,591,591,591,0.05,0.09,0.12,0.02,0.05,0.06,0.00,0.01,0.01,0.00,0.00,0.00,0.00,0.00,0.00,0.00,0.00,0.00,0.01,0.04,0.05,534593,643785,821224,1134701,1277435,1518391,0,524,2620,0,524,2620,0,131436,0,160.80,162.87,165.63
2655,3,44,53,60,87767,87767,87767,9512,9512,9512,591,591,591,0.06,0.09,0.11,0.03,0.04,0.05,0.01,0.01,0.01,0.00,0.00,0.00,0.00,0.00,0.00,0.00,0.00,0.00,0.01,0.03,0.05,241064,490597,626364,730180,1085843,1425699,0,0,0,0,349,1746,0,141295,0,173.94,177.54,183.69
2656,0,22,52,80,87884,87884,87884,9395,9395,9395,591,591,591,0.05,0.09,0.13,0.02,0.05,0.07,0.00,0.01,0.01,0.00,0.00,0.00,0.00,0.00,0.00,0.00,0.00,0.00,0.01,0.04,0.05,361622,581271,1137414,935595,1208658,1800470,0,0,0,0,0,0,0,139934,0,173.01,174.90,175.68
2656,1,21,46,59,87861,87861,87861,9418,9418,9418,591,591,591,0.05,0.09,0.12,0.02,0.04,0.06,0.00,0.01,0.01,0.00,0.00,0.00,0.00,0.00,0.00,0.00,0.00,0.00,0.01,0.03,0.06,416678,551045,830745,964388,1175821,1533079,0,0,0,0,524,2620,0,95875,0,155.39,158.68,162.17
2656,2,33,46,64,87766,87766,87766,9513,9513,9513,591,591,591,0.06,0.09,0.11,0.03,0.04,0.05,0.00,0.01,0.01,0.00,0.00,0.00,0.00,0.00,0.00,0.00,0.00,0.00,0.02,0.04,0.05,516299,684062,813792,1137430,1303255,1522649,0,524,2620,0,524,2620,0,129945,0,160.58,161.55,162.62
2656,3,26,52,67,87767,87767,87767,9512,9512,9512,591,591,591,0.05,0.09,0.13,0.02,0.05,0.07,0.00,0.01,0.01,0.00,0.00,0.00,0.00,0.00,0.00,0.00,0.00,0.00,0.01,0.04,0.05,395722,512612,707582,938217,1164646,1475440,0,524,2620,0,0,0,0,106753,0,175.76,176.81,177.60
2657,0,38,49,65,87884,87884,87884,9395,9395,9395,591,591,591,0.05,0.09,0.10,0.02,0.04,0.05,0.00,0.01,0.01,0.00,0.00,0.00,0.00,0.00,0.00,0.00,0.00,0.00,0.01,0.03,0.04,359047,560159,757326,815064,1115735,1527754,0,1310,2620,0,0,0,0,106022,0,174.44,176.08,177.71
2657,1,36,47,62,87861,87861,87861,9418,9418,9418,591,591,591,0.07,0.10,0.13,0.04,0.05,0.06,0.01,0.01,0.01,0.00,0.00,0.00,0.00,0.00,0.00,0.00,0.00,0.00,0.04,0.04,0.05,377392,508423,843853,877944,1063369,1483295,0,0,0,0,2620,5241,0,130412,0,157.70,161.12,165.29
2657,2,23,48,61,87766,87766,87766,9513,9513,9513,591,591,591,0.07,0.09,0.10,0.03,0.04,0.05,0.01,0.01,0.01,0.00,0.00,0.00,0.00,0.00,0.00,0.00,0.00,0.00,0.01,0.03,0.04,524139,685973,980132,1022072,1228464,1475439,0,1310,5241,0,0,0,0,115812,0,161.45,163.86,168.01
2657,3,41,49,63,87767,87767,87767,9512,9512,9512,591,591,591,0.09,0.10,0.11,0.04,0.05,0.06,0.01,0.01,0.01,0.00,0.00,0.00,0.00,0.00,0.00,0.00,0.00,0.00,0.03,0.04,0.04,327567,463870,639485,780985,1031258,1378563,0,0,0,0,655,2620,0,159383,0,176.28,178.20,181.36
2658,0,29,45,53,87884,87884,87884,9395,9395,9395,591,591,591,0.07,0.09,0.13,0.03,0.05,0.06,0.00,0.01,0.01,0.00,0.00,0.00,0.00,0.00,0.00,0.00,0.00,0.00,0.02,0.04,0.06,345942,612045,814379,752162,1229906,1670911,0,524,2620,0,0,0,0,159137,0,171.66,173.26,173.97
2658,1,42,50,61,87861,87861,87861,9418,9418,9418,591,591,591,0.04,0.08,0.13,0.02,0.04,0.06,0.00,0.01,0.01,0.00,0.00,0.00,0.00,0.00,0.00,0.00,0.00,0.00,0.01,0.03,0.05,382590,621632,914591,904067,1182463,1533054,0,1048,5241,0,0,0,0,146792,0,157.50,160.44,164.58
2658,2,25,53,81,87766,87766,87766,9513,9513,9513,591,591,591,0.06,0.09,0.12,0.03,0.04,0.06,0.00,0.01,0.01,0.00,0.00,0.00,0.00,0.00,0.00,0.00,0.00,0.00,0.01,0.04,0.05,608000,1001101,1784668,1179311,1587615,2403144,0,524,2620,0,1572,5241,0,128864,0,156.93,161.04,162.69
2658,3,45,52,64,87767,87767,87767,9512,9512,9512,591,591,591,0.06,0.08,0.09,0.03,0.04,0.05,0.00,0.01,0.01,0.00,0.00,0.00,0.00,0.00,0.00,0.00,0.00,0.00,0.02,0.03,0.04,320605,719823,1014205,798928,1297171,1588189,0,524,2620,0,524,2620,0,143194,0,173.88,175.75,177.96
2659,0,33,42,52,87884,87884,87884,9395,9395,9395,591,591,591,0.05,0.08,0.13,0.02,0.04,0.06,0.00,0.01,0.01,0.00,0.00,0.00,0.00,0.00,0.00,0.00,0.00,0.00,0.01,0.03,0.05,374750,692771,901540,940806,1415116,1687768,0,0,0,0,509,2548,0,138659,0,170.93,173.11,176.31
2659,1,28,38,50,87861,87861,87861,9418,9418,9418,591,591,591,0.04,0.09,0.13,0.02,0.04,0.07,0.00,0.01,0.01,0.00,0.00,0.00,0.00,0.00,0.00,0.00,0.00,0.00,0.01,0.03,0.05,395733,612207,859604,1092853,1301466,1530516,0,524,2620,0,0,0,0,127649,0,155.90,160.26,162.45
2659,2,19,41,59,87766,87766,87766,9513,9513,9513,591,591,591,0.07,0.09,0.13,0.03,0.05,0.06,0.01,0.01,0.01,0.00,0.00,0.00,0.00,0.00,0.00,0.00,0.00,0.00,0.01,0.04,0.05,555605,757749,948716,1195077,1471117,1753291,0,0,0,0,349,1747,0,129866,0,157.04,161.08,163.65
2659,3,22,42,54,87767,87767,87767,9512,9512,9512,591,591,591,0.05,0.09,0.13,0.02,0.04,0.06,0.00,0.01,0.01,0.00,0.00,0.00,0.00,0.00,0.00,0.00,0.00,0.00,0.01,0.04,0.05,489194,634051,838674,1058739,1362624,1606586,0,524,2620,0,0,0,0,141818,0,174.53,176.80,180.34
2660,0,24,46,66,87884,87884,87884,9395,9395,9395,591,591,591,0.05,0.08,0.13,0.02,0.04,0.07,0.00,0.01,0.01,0.00,0.00,0.00,0.00,0.00,0.00,0.00,0.00,0.00,0.01,0.03,0.05,332825,590178,917264,825512,1220191,1619626,0,0,0,0,0,0,0,139424,0,168.64,169.65,170.39
2660,1,24,44,64,87861,87861,87861,9418,9418,9418,591,591,591,0.05,0.08,0.10,0.02,0.04,0.05,0.00,0.01,0.01,0.00,0.00,0.00,0.00,0.00,0.00,0.00,0.00,0.00,0.01,0.04,0.05,435038,581103,678798,938215,1252010,1402151,0,0,0,0,524,2620,0,128891,0,155.96,156.97,158.60
2660,2,19,48,70,87766,87766,87766,9513,9513,9513,591,591,591,0.05,0.08,0.11,0.02,0.04,0.06,0.00,0.01,0.01,0.00,0.00,0.00,0.00,0.00,0.00,0.00,0.00,0.00,0.01,0.03,0.05,479522,684475,812942,1049276,1364789,1635350,0,524,2620,0,0,0,0,131470,0,157.93,158.92,159.78
2660,3,38,56,73,87767,87767,87767,9512,9512,9512,591,591,591,0.05,0.08,0.13,0.02,0.04,0.07,0.00,0.01,0.01,0.00,0.00,0.00,0.00,0.00,0.00,0.00,0.00,0.00,0.01,0.03,0.05,343314,543508,752102,964199,1185029,1512066,0,0,0,0,0,0,0,142846,0,171.74,173.54,174.47
2661,0,46,59,72,87884,87884,87884,9395,9395,9395,591,591,591,0.05,0.09,0.10,0.02,0.04,0.05,0.00,0.01,0.01,0.00,0.00,0.00,0.00,0.00,0.00,0.00,0.00,0.00,0.01,0.03,0.05,348444,514686,673540,851709,1150431,1496464,0,523,2619,0,1048,2620,0,136393,0,167.38,170.37,172.17
2661,1,24,42,54,87861,87861,87861,9418,9418,9418,591,591,591,0.05,0.09,0.10,0.02,0.04,0.05,0.00,0.01,0.01,0.00,0.00,0.00,0.00,0.00,0.00,0.00,0.00,0.00,0.01,0.03,0.05,343323,550326,718086,982797,1193945,1407337,0,1572,5241,0,524,2620,0,124705,0,155.45,158.61,160.39
2661,2,27,54,70,87766,87766,87766,9513,9513,9513,591,591,591,0.05,0.08,0.09,0.02,0.04,0.05,0.00,0.01,0.01,0.00,0.00,0.00,0.00,0.00,0.00,0.00,0.00,0.00,0.01,0.03,0.05,516279,954455,1690349,964419,1523143,2169936,0,524,2620,0,524,2620,0,146478,0,157.34,161.53,164.38
2661,3,30,48,60,87767,87767,87767,9512,9512,9512,591,591,591,0.05,0.09,0.10,0.02,0.04,0.05,0.00,0.01,0.01,0.00,0.00,0.00,0.00,0.00,0.00,0.00,0.00,0.00,0.01,0.03,0.05,364297,617981,964475,825566,1224956,1748111,0,0,0,0,524,2620,0,155156,0,170.62,175.40,177.90
2662,0,40,48,61,87884,87884,87884,9395,9395,9395,591,591,591,0.07,0.09,0.12,0.03,0.05,0.06,0.00,0.01,0.01,0.00,0.00,0.00,0.00,0.00,0.00,0.00,0.00,0.00,0.03,0.04,0.05,435040,744705,982400,995876,1373437,1591020,0,524,2620,0,343,1719,0,157712,0,169.73,174.05,176.93
2662,1,40,53,66,87861,87861,87861,9418,9418,9418,591,591,591,0.07,0.09,0.12,0.03,0.04,0.06,0.00,0.01,0.01,0.00,0.00,0.00,0.00,0.00,0.00,0.00,0.00,0.00,0.02,0.04,0.05,387872,681913,925095,870091,1321897,1577641,0,524,2620,0,1048,2620,0,126752,0,157.01,159.82,163.56
2662,2,29,42,59,87766,87766,87766,9513,9513,9513,591,591,591,0.05,0.09,0.11,0.02,0.05,0.05,0.00,0.01,0.01,0.00,0.00,0.00,0.00,0.00,0.00,0.00,0.00,0.00,0.01,0.04,0.05,555598,732765,927715,1124300,1371710,1501742,0,524,2620,0,524,2620,0,128556,0,159.31,160.35,161.72
2662,3,36,53,61,87767,87767,87767,9512,9512,9512,591,591,591,0.07,0.09,0.11,0.04,0.05,0.06,0.00,0.01,0.01,0.00,0.00,0.00,0.00,0.00,0.00,0.00,0.00,0.00,0.02,0.04,0.05,330080,521925,901568,841275,1129217,1548915,0,349,1747,0,0,0,0,141953,0,171.98,174.55,176.64
2663,0,32,45,58,87884,87884,87884,9395,9395,9395,591,591,591,0.05,0.09,0.10,0.03,0.04,0.05,0.00,0.01,0.01,0.00,0.00,0.00,0.00,0.00,0.00,0.00,0.00,0.00,0.02,0.03,0.05,319725,516737,833405,812416,1110502,1572463,0,0,0,0,0,0,0,141365,0,170.95,172.51,174.75
2663,1,45,57,66,87861,87861,87861,9418,9418,9418,591,591,591,0.08,0.09,0.11,0.04,0.05,0.05,0.01,0.01,0.01,0.00,0.00,0.00,0.00,0.00,0.00,0.00,0.00,0.00,0.02,0.04,0.05,335468,505807,736412,843899,1077137,1365377,0,0,0,0,0,0,0,130123,0,159.10,161.21,164.48
2663,2,50,55,61,87766,87766,87766,9513,9513,9513,591,591,591,0.05,0.09,0.11,0.02,0.05,0.06,0.00,0.01,0.01,0.00,0.00,0.00,0.00,0.00,0.00,0.00,0.00,0.00,0.01,0.04,0.05,443707,829910,1391682,927749,1425510,2130768,0,0,0,0,0,0,0,134076,0,158.75,161.85,164.70
2663,3,41,58,64,87767,87767,87767,9512,9512,9512,591,591,591,0.08,0.09,0.10,0.04,0.04,0.05,0.00,0.01,0.01,0.00,0.00,0.00,0.00,0.00,0.00,0.00,0.00,0.00,0.02,0.04,0.05,319726,536198,767877,762627,1111184,1483340,0,0,0,0,0,0,0,104741,0,172.15,174.33,176.33
2664,0,43,53,62,87884,87884,87884,9395,9395,9395,591,591,591,0.08,0.09,0.11,0.04,0.04,0.06,0.01,0.01,0.01,0.00,0.00,0.00,0.00,0.00,0.00,0.00,0.00,0.00,0.02,0.03,0.05,406210,703664,1108563,901526,1308399,1729673,0,0,0,0,0,0,0,102822,0,175.31,176.53,177.88
2664,1,30,43,50,87861,87861,87861,9418,9418,9418,591,591,591,0.08,0.08,0.10,0.04,0.04,0.05,0.01,0.01,0.01,0.00,0.00,0.00,0.00,0.00,0.00,0.00,0.00,0.00,0.01,0.03,0.04,295250,562589,930377,791412,1203199,1673158,0,655,2620,0,633,2535,0,94387,0,158.47,160.88,162.47
2664,2,23,48,58,87766,87766,87766,9513,9513,9513,591,591,591,0.05,0.09,0.12,0.02,0.04,0.06,0.00,0.01,0.01,0.00,0.00,0.00,0.00,0.00,0.00,0.00,0.00,0.00,0.01,0.03,0.05,522694,754565,1108361,1088315,1377910,1797343,0,1302,2620,0,2042,8169,0,146372,0,160.23,162.61,164.11
2664,3,27,47,62,87767,87767,87767,9512,9512,9512,591,591,591,0.06,0.09,0.10,0.03,0.04,0.05,0.01,0.01,0.01,0.00,0.00,0.00,0.00,0.00,0.00,0.00,0.00,0.00,0.01,0.03,0.05,348545,551672,775774,893638,1190483,1541066,0,1310,2620,0,655,2620,0,141213,0,175.86,177.06,178.00
2665,0,34,47,62,87884,87884,87884,9395,9395,9395,591,591,591,0.05,0.09,0.13,0.02,0.05,0.06,0.00,0.01,0.01,0.00,0.00,0.00,0.00,0.00,0.00,0.00,0.00,0.00,0.01,0.04,0.05,427168,525718,613251,956573,1122720,1320849,0,0,0,0,0,0,0,143744,0,172.48,174.19,177.78
2665,1,21,47,57,87861,87861,87861,9418,9418,9418,591,591,591,0.05,0.09,0.13,0.02,0.05,0.06,0.00,0.01,0.01,0.00,0.00,0.00,0.00,0.00,0.00,0.00,0.00,0.00,0.01,0.04,0.05,359050,630017,885804,904179,1246934,1606502,0,0,0,0,0,0,0,148007,0,156.18,161.17,164.37
2665,2,25,50,69,87766,87766,87766,9513,9513,9513,591,591,591,0.07,0.10,0.12,0.03,0.05,0.06,0.01,0.01,0.01,0.00,0.00,0.00,0.00,0.00,0.00,0.00,0.00,0.00,0.01,0.04,0.05,715472,991157,1826681,1289356,1615934,2350836,0,0,0,0,0,0,0,100778,0,159.08,163.37,165.56
2665,3,24,50,62,87767,87767,87767,9512,9512,9512,591,591,591,0.05,0.10,0.13,0.02,0.05,0.06,0.00,0.01,0.01,0.00,0.00,0.00,0.00,0.00,0.00,0.00,0.00,0.00,0.01,0.04,0.05,600172,740615,1077035,1113857,1380604,1632586,0,0,0,0,0,0,0,164564,0,175.55,177.29,178.32
2666,0,23,55,77,87884,87884,87884,9395,9395,9395,591,591,591,0.05,0.09,0.11,0.02,0.04,0.06,0.00,0.01,0.01,0.00,0.00,0.00,0.00,0.00,0.00,0.00,0.00,0.00,0.01,0.03,0.05,347199,677472,1488691,964408,1333731,2238278,0,518,2591,0,524,2620,0,153516,0,170.70,173.97,177.05
2666,1,22,39,57,87861,87861,87861,9418,9418,9418,591,591,591,0.05,0.09,0.10,0.02,0.04,0.05,0.00,0.01,0.01,0.00,0.00,0.00,0.00,0.00,0.00,0.00,0.00,0.00,0.01,0.03,0.05,340700,716504,1066599,1019480,1417810,1858031,0,524,2620,0,524,2620,0,128474,0,157.93,160.39,163.78
2666,2,31,39,48,87766,87766,87766,9513,9513,9513,591,591,591,0.05,0.08,0.13,0.02,0.04,0.06,0.00,0.01,0.01,0.00,0.00,0.00,0.00,0.00,0.00,0.00,0.00,0.00,0.01,0.03,0.05,461249,736942,1179344,943464,1390546,1965574,0,0,0,0,524,2620,0,129925,0,158.36,161.71,164.56
2666,3,26,48,73,87767,87767,87767,9512,9512,9512,591,591,591,0.05,0.09,0.13,0.02,0.04,0.06,0.00,0.01,0.01,0.00,0.00,0.00,0.00,0.00,0.00,0.00,0.00,0.00,0.01,0.03,0.05,458621,586518,757436,948692,1256900,1530599,0,524,2620,0,0,0,0,141878,0,172.44,176.14,178.87
2667,0,28,49,59,87884,87884,87884,9395,9395,9395,591,591,591,0.05,0.08,0.10,0.02,0.04,0.05,0.00,0.01,0.01,0.00,0.00,0.00,0.00,0.00,0.00,0.00,0.00,0.00,0.01,0.03,0.05,403584,664033,1035170,1050891,1321778,1779140,0,0,0,0,524,2620,0,137550,0,170.52,172.21,176.02
2667,1,25,45,61,87861,87861,87861,9418,9418,9418,591,591,591,0.05,0.08,0.12,0.02,0.04,0.06,0.00,0.01,0.01,0.00,0.00,0.00,0.00,0.00,0.00,0.00,0.00,0.00,0.01,0.03,0.05,395634,658857,980326,909174,1329761,1790275,0,1048,2621,0,0,0,0,127261,0,154.25,156.03,158.39
2667,2,31,43,60,87766,87766,87766,9513,9513,9513,591,591,591,0.05,0.09,0.12,0.02,0.05,0.06,0.00,0.01,0.01,0.00,0.00,0.00,0.00,0.00,0.00,0.00,0.00,0.00,0.01,0.04,0.05,529372,743751,1126917,1095435,1420408,1784722,0,0,0,0,0,0,0,131118,0,159.07,159.66,160.67
2667,3,30,49,65,87767,87767,87767,9512,9512,9512,591,591,591,0.05,0.08,0.11,0.02,0.04,0.05,0.00,0.01,0.01,0.00,0.00,0.00,0.00,0.00,0.00,0.00,0.00,0.00,0.01,0.03,0.05,461242,542661,636875,1014209,1205177,1347136,0,0,0,0,0,0,0,143724,0,175.37,176.67,180.82
2668,0,16,44,58,87884,87884,87884,9395,9395,9395,591,591,591,0.07,0.09,0.12,0.04,0.05,0.06,0.01,0.01,0.01,0.00,0.00,0.00,0.00,0.00,0.00,0.00,0.00,0.00,0.02,0.04,0.05,393101,556624,670701,961799,1204981,1412763,0,524,2620,0,0,0,0,138692,0,170.70,174.20,176.64
2668,1,23,49,61,87861,87861,87861,9418,9418,9418,591,591,591,0.06,0.09,0.13,0.03,0.05,0.06,0.00,0.01,0.01,0.00,0.00,0.00,0.00,0.00,0.00,0.00,0.00,0.00,0.02,0.04,0.05,303997,505168,828134,696969,1139744,1567165,0,0,0,0,873,2620,0,127928,0,157.81,160.07,162.14
2668,2,31,46,56,87766,87766,87766,9513,9513,9513,591,591,591,0.05,0.09,0.13,0.02,0.05,0.07,0.00,0.01,0.01,0.00,0.00,0.00,0.00,0.00,0.00,0.00,0.00,0.00,0.01,0.04,0.05,364332,641870,956917,886029,1280362,1559358,0,856,2572,0,342,1710,0,144570,0,159.89,162.28,163.17
2668,3,27,57,72,87767,87767,87767,9512,9512,9512,591,591,591,0.07,0.09,0.11,0.03,0.05,0.06,0.01,0.01,0.01,0.00,0.00,0.00,0.00,0.00,0.00,0.00,0.00,0.00,0.01,0.04,0.05,359031,528870,854404,898916,1172003,1632803,0,0,0,0,524,2620,0,155275,0,173.82,176.73,179.43
2669,0,36,57,70,87884,87884,87884,9395,9395,9395,591,591,591,0.05,0.08,0.10,0.02,0.04,0.05,0.00,0.01,0.01,0.00,0.00,0.00,0.00,0.00,0.00,0.00,0.00,0.00,0.01,0.03,0.05,374764,554547,702349,836012,1145263,1480752,0,524,2620,0,524,2620,0,153786,0,169.47,173.85,175.64
2669,1,21,41,55,87861,87861,87861,9418,9418,9418,591,591,591,0.05,0.08,0.10,0.02,0.04,0.05,0.00,0.01,0.01,0.00,0.00,0.00,0.00,0.00,0.00,0.00,0.00,0.00,0.01,0.03,0.05,340692,638932,1001107,760005,1203439,1795180,0,1048,5241,0,1048,2620,0,141278,0,154.75,158.09,161.05
2669,2,23,52,76,87766,87766,87766,9513,9513,9513,591,591,591,0.05,0.08,0.13,0.02,0.04,0.07,0.00,0.01,0.01,0.00,0.00,0.00,0.00,0.00,0.00,0.00,0.00,0.00,0.01,0.03,0.05,521427,969116,1842372,1045605,1541973,2196170,0,1048,2620,0,1572,5241,0,126359,0,157.15,160.94,164.38
2669,3,28,47,57,87767,87767,87767,9512,9512,9512,591,591,591,0.05,0.08,0.10,0.02,0.04,0.05,0.00,0.01,0.01,0.00,0.00,0.00,0.00,0.00,0.00,0.00,0.00,0.00,0.01,0.03,0.05,361654,694500,961850,728549,1255867,1666858,0,1048,2620,0,524,2620,0,139816,0,171.50,175.17,177.01
2670,0,29,42,52,87884,87884,87884,9395,9395,9395,591,591,591,0.05,0.09,0.13,0.02,0.05,0.07,0.00,0.01,0.01,0.00,0.00,0.00,0.00,0.00,0.00,0.00,0.00,0.00,0.01,0.04,0.05,600025,726945,1058714,1088181,1434661,1795097,0,0,0,0,0,0,0,140267,0,169.29,171.26,173.48
2670,1,30,42,60,87861,87861,87861,9418,9418,9418,591,591,591,0.05,0.09,0.13,0.02,0.05,0.07,0.00,0.01,0.01,0.00,0.00,0.00,0.00,0.00,0.00,0.00,0.00,0.00,0.01,0.04,0.05,359051,617443,951335,841282,1318751,1771633,0,0,0,0,0,0,0,128441,0,156.97,158.48,160.13
2670,2,22,46,56,87766,87766,87766,9513,9513,9513,591,591,591,0.07,0.09,0.12,0.03,0.05,0.06,0.01,0.01,0.01,0.00,0.00,0.00,0.00,0.00,0.00,0.00,0.00,0.00,0.01,0.04,0.05,668258,912023,1223873,1352241,1586082,1774222,0,0,0,0,0,0,0,126841,0,157.82,159.36,161.55
2670,3,36,52,70,87767,87767,87767,9512,9512,9512,591,591,591,0.06,0.09,0.12,0.03,0.05,0.06,0.00,0.01,0.01,0.00,0.00,0.00,0.00,0.00,0.00,0.00,0.00,0.00,0.02,0.04,0.05,372139,555468,849145,843865,1225762,1588216,0,0,0,0,0,0,0,140510,0,170.70,172.57,175.09
2671,0,23,53,74,87884,87884,87884,9395,9395,9395,591,591,591,0.05,0.09,0.12,0.02,0.05,0.06,0.00,0.01,0.01,0.00,0.00,0.00,0.00,0.00,0.00,0.00,0.00,0.00,0.01,0.04,0.05,258548,529189,990606,766910,1090521,1551426,0,524,2620,0,524,2620,0,103385,0,170.77,173.17,174.91
2671,1,33,45,59,87861,87861,87861,9418,9418,9418,591,591,591,0.08,0.09,0.12,0.04,0.05,0.06,0.00,0.01,0.01,0.00,0.00,0.00,0.00,0.00,0.00,0.00,0.00,0.00,0.02,0.04,0.05,348542,556333,990693,899742,1159003,1784820,0,1048,5241,0,1048,2620,0,95287,0,157.53,160.12,162.11
2671,2,39,48,55,87766,87766,87766,9513,9513,9513,591,591,591,0.05,0.09,0.11,0.02,0.04,0.06,0.00,0.01,0.01,0.00,0.00,0.00,0.00,0.00,0.00,0.00,0.00,0.00,0.01,0.03,0.05,458621,613110,746914,932967,1187838,1480724,0,691,3456,0,524,2620,0,128505,0,159.12,162.40,164.09
2671,3,41,51,64,87767,87767,87767,9512,9512,9512,591,591,591,0.05,0.09,0.12,0.02,0.05,0.06,0.00,0.01,0.01,0.00,0.00,0.00,0.00,0.00,0.00,0.00,0.00,0.00,0.01,0.04,0.05,382633,550355,739072,812440,1130062,1336620,0,0,0,0,524,2620,0,107131,0,173.97,176.12,177.13
2672,0,33,49,66,87884,87884,87884,9395,9395,9395,591,591,591,0.07,0.10,0.13,0.03,0.05,0.07,0.00,0.01,0.01,0.00,0.00,0.00,0.00,0.00,0.00,0.00,0.00,0.00,0.04,0.04,0.05,393072,539203,715458,893659,1156364,1336563,0,655,2620,0,0,0,0,140748,0,173.99,175.31,177.05
2672,1,33,39,48,87861,87861,87861,9418,9418,9418,591,591,591,0.07,0.10,0.13,0.03,0.05,0.07,0.00,0.01,0.01,0.00,0.00,0.00,0.00,0.00,0.00,0.00,0.00,0.00,0.03,0.04,0.05,366903,474321,681385,835780,1071156,1368011,0,0,0,0,1091,2620,0,131966,0,158.74,161.26,162.35
2672,2,32,55,76,87766,87766,87766,9513,9513,9513,591,591,591,0.07,0.10,0.10,0.03,0.05,0.05,0.01,0.01,0.01,0.00,0.00,0.00,0.00,0.00,0.00,0.00,0.00,0.00,0.01,0.03,0.04,492071,905949,1944536,938679,1461157,2678324,0,668,2674,0,655,2620,0,102481,0,163.51,165.97,168.40
2672,3,45,48,55,87767,87767,87767,9512,9512,9512,591,591,591,0.07,0.10,0.13,0.03,0.05,0.07,0.00,0.01,0.01,0.00,0.00,0.00,0.00,0.00,0.00,0.00,0.00,0.00,0.04,0.04,0.05,400958,694476,1040361,867432,1299195,1768875,0,655,2620,0,0,0,0,163580,0,179.07,180.54,182.27
2673,0,43,52,64,87884,87884,87884,9395,9395,9395,591,591,591,0.05,0.09,0.12,0.02,0.05,0.06,0.00,0.01,0.01,0.00,0.00,0.00,0.00,0.00,0.00,0.00,0.00,0.00,0.01,0.04,0.05,359045,639465,1276314,872716,1157851,1805709,0,0,0,0,524,2620,0,161695,0,173.77,175.78,177.11
2673,1,34,45,65,87861,87861,87861,9418,9418,9418,591,591,591,0.04,0.09,0.12,0.02,0.05,0.06,0.00,0.01,0.01,0.00,0.00,0.00,0.00,0.00,0.00,0.00,0.00,0.00,0.01,0.04,0.05,372144,552935,754718,843876,1090672,1383595,0,524,2620,0,0,0,0,147104,0,161.89,162.47,162.86
2673,2,33,51,71,87766,87766,87766,9513,9513,9513,591,591,591,0.09,0.10,0.11,0.05,0.05,0.05,0.01,0.01,0.01,0.00,0.00,0.00,0.00,0.00,0.00,0.00,0.00,0.00,0.04,0.04,0.05,505802,712822,995887,969650,1228044,1530522,0,0,0,0,0,0,0,131336,0,163.94,166.32,169.17
2673,3,33,50,72,87767,87767,87767,9512,9512,9512,591,591,591,0.07,0.09,0.12,0.03,0.05,0.06,0.00,0.01,0.01,0.00,0.00,0.00,0.00,0.00,0.00,0.00,0.00,0.00,0.02,0.04,0.05,364297,558639,696565,857015,1067241,1409993,0,0,0,0,0,0,0,146701,0,177.67,180.46,183.65
2674,0,24,48,67,87884,87884,87884,9395,9395,9395,591,591,591,0.05,0.09,0.13,0.02,0.04,0.06,0.00,0.01,0.01,0.00,0.00,0.00,0.00,0.00,0.00,0.00,0.00,0.00,0.01,0.04,0.05,437619,576044,704948,1029847,1219273,1378449,0,0,0,0,0,0,0,138763,0,172.62,174.55,178.53
2674,1,27,39,53,87861,87861,87861,9418,9418,9418,591,591,591,0.05,0.09,0.13,0.02,0.04,0.06,0.00,0.01,0.01,0.00,0.00,0.00,0.00,0.00,0.00,0.00,0.00,0.00,0.01,0.04,0.05,406208,603297,752166,1019453,1256386,1404742,0,524,2620,0,524,2620,0,128299,0,160.19,161.87,163.36
2674,2,26,40,54,87766,87766,87766,9513,9513,9513,591,591,591,0.05,0.09,0.12,0.02,0.05,0.06,0.00,0.01,0.01,0.00,0.00,0.00,0.00,0.00,0.00,0.00,0.00,0.00,0.01,0.04,0.05,497947,744812,1137358,1006379,1423062,1913067,0,1048,2620,0,524,2620,0,129490,0,161.36,163.02,166.25
2674,3,31,47,61,87767,87767,87767,9512,9512,9512,591,591,591,0.05,0.09,0.13,0.02,0.04,0.06,0.00,0.01,0.01,0.00,0.00,0.00,0.00,0.00,0.00,0.00,0.00,0.00,0.01,0.04,0.05,369512,612703,862202,922471,1280441,1540957,0,0,0,0,524,2620,0,141774,0,174.50,176.13,179.15
2675,0,22,44,72,87884,87884,87884,9395,9395,9395,591,591,591,0.08,0.09,0.11,0.04,0.05,0.05,0.01,0.01,0.01,0.00,0.00,0.00,0.00,0.00,0.00,0.00,0.00,0.00,0.02,0.04,0.05,359004,581800,925122,822900,1222472,1622239,0,524,2620,0,524,2620,0,139435,0,169.15,171.49,173.39
2675,1,37,51,60,87861,87861,87861,9418,9418,9418,591,591,591,0.05,0.09,0.13,0.02,0.04,0.07,0.00,0.01,0.01,0.00,0.00,0.00,0.00,0.00,0.00,0.00,0.00,0.00,0.01,0.03,0.05,380012,584106,717893,864856,1231715,1412600,0,517,2588,0,1041,2620,0,129299,0,153.98,158.26,161.83
2675,2,42,52,77,87766,87766,87766,9513,9513,9513,591,591,591,0.07,0.09,0.13,0.03,0.05,0.07,0.00,0.01,0.01,0.00,0.00,0.00,0.00,0.00,0.00,0.00,0.00,0.00,0.01,0.04,0.05,483716,661713,966505,1064035,1300277,1686244,0,514,2570,0,349,1745,0,145469,0,159.63,163.44,165.64
2675,3,50,57,65,87767,87767,87767,9512,9512,9512,591,591,591,0.08,0.09,0.12,0.04,0.05,0.06,0.01,0.01,0.01,0.00,0.00,0.00,0.00,0.00,0.00,0.00,0.00,0.00,0.01,0.04,0.05,345905,475909,613264,932897,1113609,1341843,0,524,2620,0,0,0,0,142931,0,174.16,175.95,178.77
2676,0,41,57,68,87884,87884,87884,9395,9395,9395,591,591,591,0.05,0.08,0.10,0.02,0.04,0.05,0.00,0.01,0.01,0.00,0.00,0.00,0.00,0.00,0.00,0.00,0.00,0.00,0.01,0.03,0.05,356405,533578,896279,788836,1129531,1569799,0,0,0,0,524,2620,0,133492,0,170.45,171.75,174.31
2676,1,33,48,66,87861,87861,87861,9418,9418,9418,591,591,591,0.05,0.09,0.11,0.02,0.04,0.06,0.00,0.01,0.01,0.00,0.00,0.00,0.00,0.00,0.00,0.00,0.00,0.00,0.01,0.03,0.05,316264,556964,1008994,780648,1163548,1789982,0,524,2620,0,0,0,0,140645,0,155.69,158.66,161.19
2676,2,19,52,71,87766,87766,87766,9513,9513,9513,591,591,591,0.05,0.08,0.11,0.02,0.04,0.05,0.00,0.01,0.01,0.00,0.00,0.00,0.00,0.00,0.00,0.00,0.00,0.00,0.01,0.03,0.05,589664,956037,1645794,1053534,1543602,2028415,0,0,0,0,0,0,0,130296,0,162.19,164.46,167.20
2676,3,35,46,54,87767,87767,87767,9512,9512,9512,591,591,591,0.05,0.08,0.10,0.02,0.04,0.05,0.00,0.01,0.01,0.00,0.00,0.00,0.00,0.00,0.00,0.00,0.00,0.00,0.01,0.03,0.05,332782,693970,1111182,841225,1297255,1858086,0,0,0,0,0,0,0,141392,0,175.11,175.98,177.70
2677,0,20,48,67,87884,87884,87884,9395,9395,9395,591,591,591,0.05,0.08,0.12,0.02,0.04,0.06,0.00,0.01,0.01,0.00,0.00,0.00,0.00,0.00,0.00,0.00,0.00,0.00,0.01,0.03,0.05,586870,755260,1032562,1163260,1453389,1771603,0,0,0,0,0,0,0,141328,0,169.99,170.47,171.26
2677,1,29,44,55,87861,87861,87861,9418,9418,9418,591,591,591,0.05,0.08,0.12,0.02,0.04,0.06,0.00,0.01,0.01,0.00,0.00,0.00,0.00,0.00,0.00,0.00,0.00,0.00,0.01,0.03,0.05,343318,660935,1273718,930366,1360644,1991822,0,524,2620,0,0,0,0,128250,0,156.12,157.21,157.89
2677,2,31,44,61,87766,87766,87766,9513,9513,9513,591,591,591,0.05,0.08,0.10,0.02,0.04,0.05,0.00,0.01,0.01,0.00,0.00,0.00,0.00,0.00,0.00,0.00,0.00,0.00,0.01,0.03,0.05,490082,823431,1475425,1168811,1506923,2086036,0,524,2620,0,524,2620,0,130482,0,159.28,159.94,160.96
2677,3,34,53,77,87767,87767,87767,9512,9512,9512,591,591,591,0.05,0.08,0.13,0.02,0.04,0.06,0.00,0.01,0.01,0.00,0.00,0.00,0.00,0.00,0.00,0.00,0.00,0.00,0.01,0.03,0.05,337936,549108,780989,864488,1220403,1483356,0,0,0,0,516,2581,0,141329,0,171.90,172.70,173.46
2678,0,20,39,56,87884,87884,87884,9395,9395,9395,591,591,591,0.06,0.09,0.11,0.03,0.04,0.05,0.01,0.01,0.01,0.00,0.00,0.00,0.00,0.00,0.00,0.00,0.00,0.00,0.01,0.04,0.04,387464,577957,673624,880836,1206779,1427392,0,0,0,0,0,0,0,140525,0,170.40,173.42,175.74
2678,1,21,51,65,87861,87861,87861,9418,9418,9418,591,591,591,0.06,0.09,0.11,0.03,0.04,0.05,0.00,0.01,0.01,0.00,0.00,0.00,0.00,0.00,0.00,0.00,0.00,0.00,0.01,0.04,0.05,463857,675111,828178,998472,1317201,1535798,0,1048,2620,0,0,0,0,99897,0,157.23,160.06,165.33
2678,2,32,50,60,87766,87766,87766,9513,9513,9513,591,591,591,0.05,0.09,0.13,0.02,0.05,0.06,0.00,0.01,0.01,0.00,0.00,0.00,0.00,0.00,0.00,0.00,0.00,0.00,0.01,0.04,0.05,495327,832880,1284181,959165,1502222,2162142,0,0,0,0,1572,2620,0,129738,0,159.30,160.16,161.81
2678,3,23,62,88,87767,87767,87767,9512,9512,9512,591,591,591,0.05,0.09,0.12,0.02,0.04,0.06,0.00,0.01,0.01,0.00,0.00,0.00,0.00,0.00,0.00,0.00,0.00,0.00,0.01,0.04,0.05,373887,477340,584466,925070,1083444,1347156,0,349,1747,0,0,0,0,108772,0,172.82,174.10,176.19
2679,0,34,55,78,87884,87884,87884,9395,9395,9395,591,591,591,0.05,0.09,0.13,0.02,0.04,0.07,0.00,0.01,0.01,0.00,0.00,0.00,0.00,0.00,0.00,0.00,0.00,0.00,0.01,0.03,0.05,400969,532688,621202,925111,1137447,1273714,0,0,0,0,0,0,0,102975,0,170.82,173.96,175.92
2679,1,19,38,58,87861,87861,87861,9418,9418,9418,591,591,591,0.05,0.09,0.12,0.02,0.05,0.06,0.00,0.01,0.01,0.00,0.00,0.00,0.00,0.00,0.00,0.00,0.00,0.00,0.01,0.03,0.05,422728,477177,503185,1032557,1118706,1205604,0,0,0,0,436,1747,0,128069,0,155.84,158.12,160.77
2679,2,40,53,67,87766,87766,87766,9513,9513,9513,591,591,591,0.07,0.08,0.11,0.03,0.04,0.05,0.00,0.01,0.01,0.00,0.00,0.00,0.00,0.00,0.00,0.00,0.00,0.00,0.01,0.03,0.05,481537,909290,1976085,1021920,1494901,2686323,0,670,2682,0,0,0,0,111074,0,157.99,160.78,163.20
2679,3,28,44,61,87767,87767,87767,9512,9512,9512,591,591,591,0.07,0.09,0.13,0.03,0.04,0.07,0.00,0.01,0.01,0.00,0.00,0.00,0.00,0.00,0.00,0.00,0.00,0.00,0.01,0.04,0.05,345942,552983,770492,922510,1206867,1501674,0,0,0,0,0,0,0,141214,0,172.57,175.00,177.54
2680,0,24,47,59,87884,87884,87884,9395,9395,9395,591,591,591,0.05,0.08,0.10,0.02,0.04,0.05,0.00,0.01,0.01,0.00,0.00,0.00,0.00,0.00,0.00,0.00,0.00,0.00,0.01,0.03,0.05,359045,560824,652562,1053549,1242204,1483334,0,1048,2620,0,524,2620,0,155071,0,168.57,169.74,172.54
2680,1,31,51,67,87861,87861,87861,9418,9418,9418,591,591,591,0.04,0.08,0.13,0.02,0.04,0.07,0.00,0.01,0.01,0.00,0.00,0.00,0.00,0.00,0.00,0.00,0.00,0.00,0.01,0.03,0.05,390482,632620,875467,943135,1325524,1719481,0,1048,2621,0,1048,2620,0,143442,0,155.94,158.11,160.99
2680,2,13,39,55,87766,87766,87766,9513,9513,9513,591,591,591,0.05,0.08,0.13,0.02,0.04,0.07,0.00,0.01,0.01,0.00,0.00,0.00,0.00,0.00,0.00,0.00,0.00,0.00,0.01,0.03,0.05,466480,758948,1197613,1061326,1475444,1973310,0,0,0,0,524,2620,0,128973,0,157.26,159.54,161.36
2680,3,33,49,66,87767,87767,87767,9512,9512,9512,591,591,591,0.05,0.08,0.10,0.02,0.04,0.05,0.00,0.01,0.01,0.00,0.00,0.00,0.00,0.00,0.00,0.00,0.00,0.00,0.01,0.03,0.05,345951,772061,1195019,1016889,1461839,1753219,0,0,0,0,0,0,0,142701,0,170.08,173.34,176.89
2681,0,40,48,61,87884,87884,87884,9395,9395,9395,591,591,591,0.08,0.09,0.10,0.04,0.05,0.05,0.00,0.01,0.01,0.00,0.00,0.00,0.00,0.00,0.00,0.00,0.00,0.00,0.02,0.04,0.04,353801,708128,1499083,773111,1320337,2180485,0,524,2620,0,0,0,0,138320,0,168.62,173.42,176.17
2681,1,26,46,67,87861,87861,87861,9418,9418,9418,591,591,591,0.08,0.09,0.10,0.04,0.05,0.05,0.01,0.01,0.01,0.00,0.00,0.00,0.00,0.00,0.00,0.00,0.00,0.00,0.02,0.04,0.04,343323,501081,628976,859615,1097035,1362782,0,524,2620,0,1048,2620,0,126901,0,159.26,161.48,162.80
2681,2,22,46,62,87766,87766,87766,9513,9513,9513,591,591,591,0.05,0.09,0.12,0.02,0.04,0.06,0.00,0.01,0.01,0.00,0.00,0.00,0.00,0.00,0.00,0.00,0.00,0.00,0.01,0.04,0.05,487458,769435,1168780,977537,1368002,1970679,0,2096,7862,0,1048,5241,0,129641,0,160.00,163.22,165.70
2681,3,25,52,74,87767,87767,87767,9512,9512,9512,591,591,591,0.08,0.09,0.10,0.04,0.04,0.05,0.01,0.01,0.01,0.00,0.00,0.00,0.00,0.00,0.00,0.00,0.00,0.00,0.02,0.04,0.05,377267,525169,634266,780734,1102898,1355023,0,523,2619,0,1572,5241,0,141146,0,173.00,177.13,180.60
2682,0,24,45,58,87884,87884,87884,9395,9395,9395,591,591,591,0.08,0.09,0.10,0.04,0.05,0.05,0.01,0.01,0.01,0.00,0.00,0.00,0.00,0.00,0.00,0.00,0.00,0.00,0.02,0.04,0.05,411061,615715,998170,1000508,1181179,1556202,0,0,0,0,0,0,0,143518,0,177.43,178.20,178.61
2682,1,47,55,68,87861,87861,87861,9418,9418,9418,591,591,591,0.08,0.09,0.10,0.04,0.05,0.05,0.01,0.01,0.01,0.00,0.00,0.00,0.00,0.00,0.00,0.00,0.00,0.00,0.02,0.04,0.05,353794,539343,689240,739036,1065583,1271081,0,0,0,0,0,0,0,132083,0,159.93,162.64,165.24
2682,2,42,50,58,87766,87766,87766,9513,9513,9513,591,591,591,0.07,0.10,0.13,0.03,0.05,0.07,0.00,0.01,0.01,0.00,0.00,0.00,0.00,0.00,0.00,0.00,0.00,0.00,0.03,0.04,0.05,490003,634200,1126901,956571,1187677,1732283,0,0,0,0,524,2620,0,131996,0,162.62,163.80,164.75
2682,3,59,65,69,87767,87767,87767,9512,9512,9512,591,591,591,0.06,0.09,0.10,0.03,0.05,0.05,0.01,0.01,0.01,0.00,0.00,0.00,0.00,0.00,0.00,0.00,0.00,0.00,0.01,0.04,0.05,338065,473823,655213,773094,994818,1273735,0,524,2620,0,0,0,0,144318,0,176.40,177.07,177.53
2683,0,26,53,67,87884,87884,87884,9395,9395,9395,591,591,591,0.05,0.08,0.10,0.02,0.04,0.05,0.00,0.01,0.01,0.00,0.00,0.00,0.00,0.00,0.00,0.00,0.00,0.00,0.01,0.04,0.05,372150,550351,775718,969676,1170941,1428265,0,0,0,0,524,2620,0,140203,0,171.74,174.03,175.55
2683,1,22,45,62,87861,87861,87861,9418,9418,9418,591,591,591,0.05,0.09,0.11,0.02,0.04,0.05,0.00,0.01,0.01,0.00,0.00,0.00,0.00,0.00,0.00,0.00,0.00,0.00,0.01,0.04,0.05,374702,556242,784319,946127,1210453,1581539,0,1048,5240,0,524,2620,0,128711,0,156.22,158.19,159.49
2683,2,21,40,56,87766,87766,87766,9513,9513,9513,591,591,591,0.06,0.08,0.10,0.03,0.04,0.05,0.00,0.01,0.01,0.00,0.00,0.00,0.00,0.00,0.00,0.00,0.00,0.00,0.01,0.03,0.05,227957,871014,1700203,641949,1538864,2344656,0,523,2619,0,523,2619,0,126288,0,157.46,160.11,161.90
2683,3,25,48,64,87767,87767,87767,9512,9512,9512,591,591,591,0.05,0.09,0.12,0.02,0.04,0.06,0.00,0.01,0.01,0.00,0.00,0.00,0.00,0.00,0.00,0.00,0.00,0.00,0.01,0.04,0.05,172968,671429,1061333,660425,1341294,1640480,0,0,0,0,0,0,0,163742,0,175.80,177.21,178.53
2684,0,33,47,60,87884,87884,87884,9395,9395,9395,591,591,591,0.05,0.09,0.13,0.02,0.04,0.07,0.00,0.01,0.01,0.00,0.00,0.00,0.00,0.00,0.00,0.00,0.00,0.00,0.01,0.03,0.05,28828,596486,1281577,707610,1308809,1852915,0,524,2620,0,0,0,0,154575,0,170.31,173.08,177.24
2684,1,32,47,60,87861,87861,87861,9418,9418,9418,591,591,591,0.05,0.09,0.13,0.02,0.04,0.07,0.00,0.01,0.01,0.00,0.00,0.00,0.00,0.00,0.00,0.00,0.00,0.00,0.01,0.03,0.05,288284,490055,594883,993270,1181375,1305132,0,0,0,0,524,2620,0,128287,0,157.13,157.73,159.09
2684,2,21,49,64,87766,87766,87766,9513,9513,9513,591,591,591,0.06,0.08,0.10,0.03,0.04,0.05,0.01,0.01,0.01,0.00,0.00,0.00,0.00,0.00,0.00,0.00,0.00,0.00,0.01,0.03,0.05,537229,950282,1522680,1092803,1663646,2204086,0,524,2620,0,0,0,0,132429,0,155.73,158.82,161.82
2684,3,41,52,70,87767,87767,87767,9512,9512,9512,591,591,591,0.05,0.09,0.13,0.02,0.04,0.07,0.00,0.01,0.01,0.00,0.00,0.00,0.00,0.00,0.00,0.00,0.00,0.00,0.01,0.03,0.05,340714,590724,917311,967103,1281559,1567186,0,0,0,0,524,2620,0,141499,0,173.15,175.47,179.24
2685,0,18,44,76,87884,87884,87884,9395,9395,9395,591,591,591,0.07,0.09,0.10,0.03,0.04,0.05,0.00,0.01,0.01,0.00,0.00,0.00,0.00,0.00,0.00,0.00,0.00,0.00,0.02,0.04,0.05,330210,582436,925128,961784,1249899,1787358,0,0,0,0,524,2620,0,139857,0,169.55,172.31,176.02
2685,1,26,44,54,87861,87861,87861,9418,9418,9418,591,591,591,0.06,0.09,0.11,0.03,0.04,0.05,0.00,0.01,0.01,0.00,0.00,0.00,0.00,0.00,0.00,0.00,0.00,0.00,0.02,0.04,0.05,440288,584427,749535,988027,1243809,1575072,0,524,2620,0,0,0,0,95366,0,155.32,157.84,160.66
2685,2,25,45,66,87766,87766,87766,9513,9513,9513,591,591,591,0.05,0.10,0.13,0.02,0.05,0.06,0.00,0.01,0.01,0.00,0.00,0.00,0.00,0.00,0.00,0.00,0.00,0.00,0.01,0.04,0.05,518909,745348,1079762,1098095,1376430,1716613,0,0,0,0,524,2620,0,126184,0,158.53,162.15,165.50
2685,3,36,48,55,87767,87767,87767,9512,9512,9512,591,591,591,0.07,0.09,0.12,0.03,0.05,0.06,0.00,0.01,0.01,0.00,0.00,0.00,0.00,0.00,0.00,0.00,0.00,0.00,0.02,0.04,0.05,336551,572550,770528,940208,1209569,1409415,0,514,2571,0,0,0,0,106128,0,174.24,177.28,180.12
2686,0,51,56,69,87884,87884,87884,9395,9395,9395,591,591,591,0.05,0.09,0.12,0.02,0.05,0.06,0.00,0.01,0.01,0.00,0.00,0.00,0.00,0.00,0.00,0.00,0.00,0.00,0.01,0.04,0.05,353801,601741,874575,788846,1140258,1394176,0,0,0,0,0,0,0,107792,0,171.24,174.57,176.62
2686,1,31,46,65,87861,87861,87861,9418,9418,9418,591,591,591,0.05,0.09,0.12,0.03,0.05,0.06,0.00,0.01,0.01,0.00,0.00,0.00,0.00,0.00,0.00,0.00,0.00,0.00,0.02,0.04,0.05,343341,549793,736283,754827,1102678,1438713,0,516,2583,0,524,2620,0,129566,0,156.58,159.36,162.80
2686,2,36,49,58,87766,87766,87766,9513,9513,9513,591,591,591,0.05,0.09,0.12,0.02,0.04,0.06,0.00,0.01,0.01,0.00,0.00,0.00,0.00,0.00,0.00,0.00,0.00,0.00,0.01,0.04,0.05,508406,732483,1014239,1003727,1355217,1750676,0,524,2620,0,491,2458,0,117242,0,161.28,164.01,166.45
2686,3,34,50,63,87767,87767,87767,9512,9512,9512,591,591,591,0.08,0.09,0.10,0.04,0.05,0.05,0.00,0.01,0.01,0.00,0.00,0.00,0.00,0.00,0.00,0.00,0.00,0.00,0.02,0.04,0.05,343306,446572,613271,778337,997975,1297304,0,0,0,0,0,0,0,143805,0,175.52,177.26,178.47
2687,0,28,50,58,87884,87884,87884,9395,9395,9395,591,591,591,0.05,0.09,0.10,0.02,0.04,0.05,0.00,0.01,0.01,0.00,0.00,0.00,0.00,0.00,0.00,0.00,0.00,0.00,0.01,0.04,0.04,356408,527829,804629,830746,1131135,1572565,0,0,0,0,524,2620,0,138417,0,175.45,177.69,179.89
2687,1,27,42,60,87861,87861,87861,9418,9418,9418,591,591,591,0.05,0.09,0.10,0.03,0.04,0.05,0.00,0.01,0.01,0.00,0.00,0.00,0.00,0.00,0.00,0.00,0.00,0.00,0.01,0.04,0.04,344606,533745,733815,785382,1143928,1491217,0,534,2671,0,534,2671,0,142266,0,159.78,163.17,165.93
2687,2,45,47,51,87766,87766,87766,9513,9513,9513,591,591,591,0.05,0.09,0.13,0.02,0.04,0.07,0.00,0.01,0.01,0.00,0.00,0.00,0.00,0.00,0.00,0.00,0.00,0.00,0.01,0.04,0.05,492664,904220,1489255,1073859,1544436,1967669,0,1563,5144,0,0,0,0,128708,0,163.51,165.37,168.30
2687,3,29,47,70,87767,87767,87767,9512,9512,9512,591,591,591,0.05,0.09,0.10,0.02,0.04,0.05,0.00,0.01,0.01,0.00,0.00,0.00,0.00,0.00,0.00,0.00,0.00,0.00,0.01,0.04,0.05,366888,708084,1056178,830740,1311869,1779515,0,0,0,0,1048,5240,0,140417,0,175.89,177.92,180.57
2688,0,32,45,58,87884,87884,87884,9395,9395,9395,591,591,591,0.05,0.09,0.13,0.02,0.04,0.07,0.00,0.01,0.01,0.00,0.00,0.00,0.00,0.00,0.00,0.00,0.00,0.00,0.01,0.03,0.05,377381,689254,1365351,851729,1376420,2130576,0,524,2620,0,0,0,0,139899,0,170.88,173.74,175.99
2688,1,41,49,65,87861,87861,87861,9418,9418,9418,591,591,591,0.05,0.09,0.13,0.02,0.04,0.07,0.00,0.01,0.01,0.00,0.00,0.00,0.00,0.00,0.00,0.00,0.00,0.00,0.01,0.03,0.05,340672,596447,838530,935540,1253696,1580106,0,0,0,0,524,2620,0,129196,0,157.46,159.16,161.20
2688,2,34,47,70,87766,87766,87766,9513,9513,9513,591,591,591,0.06,0.09,0.13,0.03,0.05,0.07,0.01,0.01,0.01,0.00,0.00,0.00,0.00,0.00,0.00,0.00,0.00,0.00,0.01,0.04,0.05,495316,862726,1202898,1189808,1484352,1706072,0,0,0,0,524,2620,0,129833,0,157.37,160.20,162.69
2688,3,52,60,72,87767,87767,87767,9512,9512,9512,591,591,591,0.05,0.09,0.13,0.02,0.04,0.07,0.00,0.01,0.01,0.00,0.00,0.00,0.00,0.00,0.00,0.00,0.00,0.00,0.01,0.03,0.05,355330,527084,728639,734176,1166327,1530667,0,524,2620,0,0,0,0,141510,0,170.66,173.58,176.15
2689,0,37,46,65,87884,87884,87884,9395,9395,9395,591,591,591,0.07,0.09,0.11,0.03,0.04,0.05,0.00,0.01,0.01,0.00,0.00,0.00,0.00,0.00,0.00,0.00,0.00,0.00,0.02,0.03,0.04,358211,534123,663065,801684,1144266,1410942,0,0,0,0,0,0,0,135205,0,172.44,174.78,175.92
2689,1,23,45,67,87861,87861,87861,9418,9418,9418,591,591,591,0.06,0.09,0.13,0.03,0.04,0.07,0.00,0.01,0.01,0.00,0.00,0.00,0.00,0.00,0.00,0.00,0.00,0.00,0.02,0.04,0.05,369527,596458,838653,801952,1235368,1580338,0,0,0,0,0,0,0,124359,0,155.59,159.42,162.51
2689,2,22,48,76,87766,87766,87766,9513,9513,9513,591,591,591,0.05,0.08,0.10,0.02,0.04,0.05,0.00,0.01,0.01,0.00,0.00,0.00,0.00,0.00,0.00,0.00,0.00,0.00,0.01,0.03,0.05,487452,689775,1056109,935594,1282587,1729608,0,0,0,0,524,2620,0,124151,0,157.67,162.40,164.23
2689,3,42,54,68,87767,87767,87767,9512,9512,9512,591,591,591,0.08,0.09,0.10,0.04,0.04,0.05,0.01,0.01,0.01,0.00,0.00,0.00,0.00,0.00,0.00,0.00,0.00,0.00,0.02,0.03,0.05,403572,483086,634205,917209,1100529,1402065,0,0,0,0,0,0,0,137192,0,170.78,174.59,177.62
2690,0,17,50,63,87884,87884,87884,9395,9395,9395,591,591,591,0.07,0.09,0.11,0.03,0.04,0.05,0.00,0.01,0.01,0.00,0.00,0.00,0.00,0.00,0.00,0.00,0.00,0.00,0.01,0.04,0.05,324956,573934,720716,775702,1178263,1417884,0,0,0,0,524,2620,0,139861,0,174.48,176.15,179.62
2690,1,25,41,53,87861,87861,87861,9418,9418,9418,591,591,591,0.06,0.09,0.10,0.03,0.04,0.05,0.01,0.01,0.01,0.00,0.00,0.00,0.00,0.00,0.00,0.00,0.00,0.00,0.01,0.04,0.05,403597,538592,655190,904162,1148474,1292034,0,1041,2620,0,0,0,0,127576,0,156.08,161.27,164.26
2690,2,39,58,69,87766,87766,87766,9513,9513,9513,591,591,591,0.05,0.10,0.13,0.02,0.05,0.06,0.00,0.01,0.01,0.00,0.00,0.00,0.00,0.00,0.00,0.00,0.00,0.00,0.01,0.04,0.05,518920,898241,1529318,980183,1497764,2106371,0,349,1747,0,0,0,0,131222,0,161.11,164.01,166.84
2690,3,29,47,65,87767,87767,87767,9512,9512,9512,591,591,591,0.05,0.09,0.11,0.03,0.04,0.06,0.00,0.01,0.01,0.00,0.00,0.00,0.00,0.00,0.00,0.00,0.00,0.00,0.01,0.04,0.05,379987,659896,990619,877902,1272622,1575051,0,0,0,0,524,2620,0,159014,0,173.14,175.46,179.95
2691,0,20,51,62,87884,87884,87884,9395,9395,9395,591,591,591,0.08,0.09,0.10,0.04,0.05,0.05,0.00,0.01,0.01,0.00,0.00,0.00,0.00,0.00,0.00,0.00,0.00,0.00,0.02,0.04,0.04,330219,665145,1292032,859600,1270538,1732318,0,524,2620,0,0,0,0,158758,0,170.94,174.39,177.06
2691,1,19,41,52,87861,87861,87861,9418,9418,9418,591,591,591,0.08,0.09,0.10,0.04,0.05,0.05,0.00,0.01,0.01,0.00,0.00,0.00,0.00,0.00,0.00,0.00,0.00,0.00,0.02,0.04,0.04,348555,556640,762656,744283,1160979,1593454,0,0,0,0,1048,2620,0,130372,0,159.46,162.00,164.81
2691,2,27,47,61,87766,87766,87766,9513,9513,9513,591,591,591,0.04,0.09,0.12,0.02,0.05,0.06,0.00,0.01,0.01,0.00,0.00,0.00,0.00,0.00,0.00,0.00,0.00,0.00,0.01,0.04,0.05,495295,715973,974899,977523,1336553,1669414,0,524,2620,0,524,2620,0,133905,0,159.31,161.92,163.52
2691,3,35,49,63,87767,87767,87767,9512,9512,9512,591,591,591,0.08,0.10,0.10,0.04,0.05,0.05,0.01,0.01,0.01,0.00,0.00,0.00,0.00,0.00,0.00,0.00,0.00,0.00,0.02,0.04,0.04,345943,561897,867504,767866,1160486,1551549,0,524,2620,0,0,0,0,144199,0,172.13,175.34,177.40
2692,0,22,47,65,87884,87884,87884,9395,9395,9395,591,591,591,0.05,0.09,0.11,0.02,0.04,0.06,0.00,0.01,0.01,0.00,0.00,0.00,0.00,0.00,0.00,0.00,0.00,0.00,0.01,0.04,0.05,442893,643641,859629,1058751,1261587,1601339,0,1048,2620,0,0,0,0,140612,0,170.04,172.69,175.76
2692,1,26,49,58,87861,87861,87861,9418,9418,9418,591,591,591,0.05,0.09,0.11,0.02,0.04,0.06,0.00,0.01,0.01,0.00,0.00,0.00,0.00,0.00,0.00,0.00,0.00,0.00,0.01,0.04,0.05,579166,636296,723326,1158333,1269446,1357569,0,524,2620,0,1572,2620,0,96080,0,156.53,158.62,160.84
2692,2,39,51,61,87766,87766,87766,9513,9513,9513,591,591,591,0.05,0.08,0.10,0.02,0.04,0.05,0.00,0.01,0.01,0.00,0.00,0.00,0.00,0.00,0.00,0.00,0.00,0.00,0.01,0.03,0.05,534632,698165,867509,951332,1313517,1719293,0,1048,2620,0,1572,7862,0,130775,0,158.50,160.57,162.52
2692,3,31,57,72,87767,87767,87767,9512,9512,9512,591,591,591,0.05,0.09,0.12,0.02,0.04,0.06,0.00,0.01,0.01,0.00,0.00,0.00,0.00,0.00,0.00,0.00,0.00,0.00,0.01,0.04,0.05,356393,531216,841293,804505,1128775,1538440,0,0,0,0,524,2620,0,105969,0,170.59,174.46,176.48
2693,0,25,44,59,87884,87884,87884,9395,9395,9395,591,591,591,0.06,0.09,0.13,0.03,0.05,0.07,0.01,0.01,0.01,0.00,0.00,0.00,0.00,0.00,0.00,0.00,0.00,0.00,0.01,0.04,0.05,365117,566945,689209,914089,1276170,1436072,0,0,0,0,0,0,0,102569,0,172.19,172.71,173.23
2693,1,25,46,66,87861,87861,87861,9418,9418,9418,591,591,591,0.06,0.09,0.12,0.03,0.05,0.06,0.01,0.01,0.01,0.00,0.00,0.00,0.00,0.00,0.00,0.00,0.00,0.00,0.01,0.04,0.05,343306,596228,744329,891025,1292046,1483418,0,655,2620,0,0,0,0,126793,0,160.02,160.80,161.99
2693,2,34,45,58,87766,87766,87766,9513,9513,9513,591,591,591,0.05,0.08,0.13,0.02,0.04,0.07,0.00,0.01,0.01,0.00,0.00,0.00,0.00,0.00,0.00,0.00,0.00,0.00,0.01,0.04,0.05,825500,835981,849008,1522695,1597271,1692776,0,655,2620,0,0,0,0,112024,0,161.83,162.83,165.49
2693,3,26,44,60,87767,87767,87767,9512,9512,9512,591,591,591,0.05,0.08,0.10,0.02,0.04,0.05,0.00,0.01,0.01,0.00,0.00,0.00,0.00,0.00,0.00,0.00,0.00,0.00,0.01,0.03,0.05,435029,522622,670920,904127,1202054,1488605,0,655,2620,0,655,2620,0,140397,0,170.53,172.39,175.44
2694,0,26,44,64,87884,87884,87884,9395,9395,9395,591,591,591,0.05,0.08,0.10,0.02,0.04,0.05,0.00,0.01,0.01,0.00,0.00,0.00,0.00,0.00,0.00,0.00,0.00,0.00,0.01,0.03,0.05,361551,512425,760047,825280,1151862,1572511,0,0,0,0,524,2620,0,133162,0,167.87,170.40,171.95
2694,1,28,50,69,87861,87861,87861,9418,9418,9418,591,591,591,0.05,0.08,0.09,0.02,0.04,0.05,0.00,0.01,0.01,0.00,0.00,0.00,0.00,0.00,0.00,0.00,0.00,0.00,0.01,0.03,0.05,349976,609841,739049,975301,1265327,1580328,0,514,2573,0,0,0,0,142611,0,158.18,159.33,163.68
2694,2,22,46,60,87766,87766,87766,9513,9513,9513,591,591,591,0.07,0.09,0.12,0.03,0.05,0.06,0.00,0.01,0.01,0.00,0.00,0.00,0.00,0.00,0.00,0.00,0.00,0.00,0.01,0.04,0.05,478255,811493,1301688,1014301,1416951,1948165,0,0,0,0,505,2529,0,128485,0,158.38,160.55,162.99
2694,3,39,54,77,87767,87767,87767,9512,9512,9512,591,591,591,0.05,0.08,0.12,0.02,0.04,0.06,0.00,0.01,0.01,0.00,0.00,0.00,0.00,0.00,0.00,0.00,0.00,0.00,0.01,0.03,0.05,345943,698674,990624,901284,1344931,1632800,0,524,2620,0,0,0,0,140600,0,171.57,174.59,176.47
2695,0,25,49,66,87884,87884,87884,9395,9395,9395,591,591,591,0.06,0.09,0.11,0.03,0.05,0.06,0.01,0.01,0.01,0.00,0.00,0.00,0.00,0.00,0.00,0.00,0.00,0.00,0.01,0.04,0.05,372036,716013,1006338,814813,1379609,1819104,0,0,0,0,0,0,0,156418,0,171.52,173.52,175.54
2695,1,24,45,67,87861,87861,87861,9418,9418,9418,591,591,591,0.06,0.09,0.11,0.03,0.04,0.05,0.01,0.01,0.01,0.00,0.00,0.00,0.00,0.00,0.00,0.00,0.00,0.00,0.01,0.04,0.05,395710,622162,1176706,867419,1267563,1986511,0,0,0,0,524,2620,0,128350,0,157.50,160.48,164.45
2695,2,42,50,60,87766,87766,87766,9513,9513,9513,591,591,591,0.05,0.08,0.13,0.02,0.04,0.07,0.00,0.01,0.01,0.00,0.00,0.00,0.00,0.00,0.00,0.00,0.00,0.00,0.01,0.03,0.05,474348,803514,1181919,912006,1466035,1873774,0,524,2620,0,0,0,0,130427,0,159.10,162.23,164.38
2695,3,26,44,68,87767,87767,87767,9512,9512,9512,591,591,591,0.05,0.09,0.12,0.02,0.05,0.06,0.00,0.01,0.01,0.00,0.00,0.00,0.00,0.00,0.00,0.00,0.00,0.00,0.01,0.04,0.05,432296,590722,684097,953673,1272126,1472908,0,0,0,0,0,0,0,139150,0,172.42,174.52,176.73
2696,0,30,52,69,87884,87884,87884,9395,9395,9395,591,591,591,0.05,0.10,0.13,0.02,0.05,0.06,0.00,0.01,0.01,0.00,0.00,0.00,0.00,0.00,0.00,0.00,0.00,0.00,0.01,0.04,0.05,364284,536727,883195,893676,1124821,1391622,0,524,2620,0,1048,2620,0,144492,0,169.95,173.14,175.30
2696,1,37,43,53,87861,87861,87861,9418,9418,9418,591,591,591,0.05,0.10,0.13,0.02,0.05,0.07,0.00,0.01,0.01,0.00,0.00,0.00,0.00,0.00,0.00,0.00,0.00,0.00,0.01,0.04,0.05,372141,566569,707588,838627,1166153,1375415,0,1572,5242,0,524,2620,0,131624,0,157.23,159.65,162.50
2696,2,34,42,48,87766,87766,87766,9513,9513,9513,591,591,591,0.06,0.09,0.11,0.03,0.05,0.06,0.01,0.01,0.01,0.00,0.00,0.00,0.00,0.00,0.00,0.00,0.00,0.00,0.01,0.04,0.05,479572,570787,841252,940866,1127423,1601263,0,524,2620,0,524,2620,0,129581,0,159.63,161.55,163.80
2696,3,46,51,58,87767,87767,87767,9512,9512,9512,591,591,591,0.05,0.10,0.13,0.02,0.05,0.07,0.00,0.01,0.01,0.00,0.00,0.00,0.00,0.00,0.00,0.00,0.00,0.00,0.01,0.04,0.05,330212,479340,910819,767875,1057008,1595220,0,0,0,0,524,2620,0,144142,0,171.80,174.50,176.37
2697,0,31,49,68,87884,87884,87884,9395,9395,9395,591,591,591,0.07,0.08,0.10,0.04,0.04,0.05,0.01,0.01,0.01,0.00,0.00,0.00,0.00,0.00,0.00,0.00,0.00,0.00,0.01,0.03,0.05,338722,532805,712843,915325,1174866,1512172,0,517,2585,0,349,1747,0,137786,0,166.78,173.45,180.89
2697,1,23,48,63,87861,87861,87861,9418,9418,9418,591,591,591,0.07,0.09,0.13,0.03,0.04,0.07,0.00,0.01,0.01,0.00,0.00,0.00,0.00,0.00,0.00,0.00,0.00,0.00,0.01,0.04,0.05,332839,516814,681390,838652,1157329,1412588,0,524,2620,0,1048,5241,0,126264,0,160.40,163.00,165.21
2697,2,19,42,52,87766,87766,87766,9513,9513,9513,591,591,591,0.05,0.09,0.13,0.02,0.04,0.06,0.00,0.01,0.01,0.00,0.00,0.00,0.00,0.00,0.00,0.00,0.00,0.00,0.01,0.04,0.05,508404,1042527,1868574,898899,1737020,2636445,0,524,2620,0,524,2620,0,145614,0,160.79,162.88,165.35
2697,3,26,51,63,87767,87767,87767,9512,9512,9512,591,591,591,0.05,0.08,0.11,0.02,0.04,0.06,0.00,0.01,0.01,0.00,0.00,0.00,0.00,0.00,0.00,0.00,0.00,0.00,0.01,0.03,0.05,353798,585102,901479,896290,1240267,1674550,0,524,2620,0,0,0,0,156813,0,169.64,175.39,182.72
2698,0,34,45,57,87884,87884,87884,9395,9395,9395,591,591,591,0.07,0.09,0.10,0.04,0.04,0.05,0.00,0.01,0.01,0.00,0.00,0.00,0.00,0.00,0.00,0.00,0.00,0.00,0.02,0.03,0.04,353805,546685,752177,859604,1187192,1462332,0,0,0,0,0,0,0,155725,0,168.72,171.32,174.39
2698,1,48,53,62,87861,87861,87861,9418,9418,9418,591,591,591,0.05,0.08,0.10,0.02,0.04,0.05,0.00,0.01,0.01,0.00,0.00,0.00,0.00,0.00,0.00,0.00,0.00,0.00,0.01,0.03,0.05,455981,582732,783570,961829,1244060,1580243,0,0,0,0,0,0,0,143336,0,155.76,157.81,159.62
2698,2,28,53,70,87766,87766,87766,9513,9513,9513,591,591,591,0.05,0.08,0.12,0.02,0.04,0.06,0.00,0.01,0.01,0.00,0.00,0.00,0.00,0.00,0.00,0.00,0.00,0.00,0.01,0.03,0.05,555579,667604,766067,1126882,1305084,1480720,0,0,0,0,0,0,0,124334,0,157.09,159.02,160.82
2698,3,34,55,73,87767,87767,87767,9512,9512,9512,591,591,591,0.07,0.09,0.10,0.04,0.04,0.05,0.00,0.01,0.01,0.00,0.00,0.00,0.00,0.00,0.00,0.00,0.00,0.00,0.02,0.03,0.04,340690,648379,943464,822898,1289422,1567199,0,0,0,0,0,0,0,140031,0,170.88,174.48,178.47
2700,0,33,47,67,87884,87884,87884,9395,9395,9395,591,591,591,0.05,0.09,0.12,0.02,0.04,0.06,0.00,0.01,0.01,0.00,0.00,0.00,0.00,0.00,0.00,0.00,0.00,0.00,0.01,0.04,0.05,369529,615609,1221296,843896,1197937,1771665,0,0,0,0,0,0,0,277507,0,168.65,172.32,176.12
2700,1,18,53,68,87861,87861,87861,9418,9418,9418,591,591,591,0.05,0.09,0.13,0.02,0.04,0.06,0.00,0.01,0.01,0.00,0.00,0.00,0.00,0.00,0.00,0.00,0.00,0.00,0.01,0.04,0.05,353800,509203,780990,815050,1061390,1546255,0,262,2620,0,262,2620,0,255404,0,156.81,159.29,162.28
2700,2,26,42,61,87766,87766,87766,9513,9513,9513,591,591,591,0.07,0.09,0.12,0.03,0.05,0.06,0.00,0.01,0.01,0.00,0.00,0.00,0.00,0.00,0.00,0.00,0.00,0.00,0.01,0.04,0.05,482065,765525,1326078,938208,1345754,1910768,0,524,2620,0,1047,7859,0,311355,0,157.20,159.94,162.77
2700,3,24,52,70,87767,87767,87767,9512,9512,9512,591,591,591,0.05,0.09,0.13,0.02,0.04,0.06,0.00,0.01,0.01,0.00,0.00,0.00,0.00,0.00,0.00,0.00,0.00,0.00,0.01,0.04,0.05,260333,541430,843915,756539,1123994,1538442,0,698,2620,0,261,2616,0,282415,0,173.22,177.17,182.59
2701,0,30,46,61,87884,87884,87884,9395,9395,9395,591,591,591,0.05,0.08,0.10,0.02,0.04,0.05,0.00,0.01,0.01,0.00,0.00,0.00,0.00,0.00,0.00,0.00,0.00,0.00,0.01,0.03,0.05,482190,573270,788831,1037758,1254165,1559317,0,655,2620,0,429,1719,0,136395,0,168.35,170.48,172.61
2701,1,28,50,68,87861,87861,87861,9418,9418,9418,591,591,591,0.05,0.08,0.13,0.02,0.04,0.07,0.00,0.01,0.01,0.00,0.00,0.00,0.00,0.00,0.00,0.00,0.00,0.00,0.01,0.03,0.05,343325,469767,608024,786240,1107262,1318169,0,655,2620,0,655,2620,0,124555,0,156.31,158.74,162.15
2701,2,18,39,65,87766,87766,87766,9513,9513,9513,591,591,591,0.07,0.08,0.10,0.03,0.04,0.05,0.00,0.01,0.01,0.00,0.00,0.00,0.00,0.00,0.00,0.00,0.00,0.00,0.03,0.04,0.05,851766,1132154,1745397,1567225,1838442,2434646,0,0,0,0,0,0,0,96292,0,162.36,164.18,166.91
2701,3,24,56,78,87767,87767,87767,9512,9512,9512,591,591,591,0.05,0.08,0.11,0.02,0.04,0.06,0.00,0.01,0.01,0.00,0.00,0.00,0.00,0.00,0.00,0.00,0.00,0.00,0.01,0.04,0.05,456000,811769,1320854,1187172,1501675,2059903,0,0,0,0,0,0,0,157137,0,172.82,175.33,177.28
2702,0,27,47,58,87884,87884,87884,9395,9395,9395,591,591,591,0.05,0.09,0.13,0.02,0.05,0.06,0.00,0.01,0.01,0.00,0.00,0.00,0.00,0.00,0.00,0.00,0.00,0.00,0.01,0.04,0.05,343323,643121,1071883,859618,1221250,1554099,0,0,0,0,524,2620,0,155229,0,169.28,171.35,174.33
2702,1,40,52,61,87861,87861,87861,9418,9418,9418,591,591,591,0.05,0.08,0.10,0.02,0.04,0.05,0.00,0.01,0.01,0.00,0.00,0.00,0.00,0.00,0.00,0.00,0.00,0.00,0.01,0.03,0.04,365146,579539,768890,875303,1180623,1358969,0,873,2620,0,524,2620,0,128449,0,155.01,158.02,161.08
2702,2,21,47,61,87766,87766,87766,9513,9513,9513,591,591,591,0.06,0.08,0.10,0.03,0.04,0.05,0.00,0.01,0.01,0.00,0.00,0.00,0.00,0.00,0.00,0.00,0.00,0.00,0.01,0.03,0.04,514715,783889,1294626,942363,1354709,1889525,0,524,2620,0,524,2620,0,127369,0,160.39,161.95,164.59
2702,3,34,51,63,87767,87767,87767,9512,9512,9512,591,591,591,0.06,0.09,0.11,0.03,0.05,0.06,0.00,0.01,0.01,0.00,0.00,0.00,0.00,0.00,0.00,0.00,0.00,0.00,0.02,0.04,0.05,361676,545638,741668,796736,1132686,1575062,0,0,0,0,0,0,0,139823,0,172.07,174.15,176.86
2703,0,24,48,59,87884,87884,87884,9395,9395,9395,591,591,591,0.07,0.09,0.10,0.04,0.05,0.05,0.01,0.01,0.01,0.00,0.00,0.00,0.00,0.00,0.00,0.00,0.00,0.00,0.01,0.04,0.05,374756,618498,1184582,752134,1230183,2038949,0,1048,2620,0,0,0,0,138458,0,174.91,176.90,179.68
2703,1,25,45,55,87861,87861,87861,9418,9418,9418,591,591,591,0.07,0.09,0.10,0.03,0.05,0.05,0.01,0.01,0.01,0.00,0.00,0.00,0.00,0.00,0.00,0.00,0.00,0.00,0.01,0.04,0.05,343321,612716,896326,927753,1241159,1685198,0,0,0,0,1048,2620,0,128853,0,161.09,162.81,164.54
2703,2,35,48,63,87766,87766,87766,9513,9513,9513,591,591,591,0.07,0.09,0.13,0.04,0.05,0.07,0.00,0.01,0.01,0.00,0.00,0.00,0.00,0.00,0.00,0.00,0.00,0.00,0.02,0.04,0.05,497903,688718,906765,943396,1287285,1478109,0,1048,2620,0,0,0,0,127406,0,161.93,164.01,166.50
2703,3,28,48,67,87767,87767,87767,9512,9512,9512,591,591,591,0.06,0.09,0.12,0.03,0.05,0.06,0.01,0.01,0.01,0.00,0.00,0.00,0.00,0.00,0.00,0.00,0.00,0.00,0.01,0.04,0.05,395621,526237,689369,851502,1135285,1499141,0,0,0,0,524,2620,0,141227,0,174.99,176.89,178.43
2704,0,31,46,61,87884,87884,87884,9395,9395,9395,591,591,591,0.07,0.09,0.11,0.03,0.04,0.05,0.01,0.01,0.01,0.00,0.00,0.00,0.00,0.00,0.00,0.00,0.00,0.00,0.01,0.03,0.05,356422,516078,670905,891056,1083359,1316389,0,0,0,0,524,2620,0,137895,0,173.19,174.85,176.71
2704,1,23,50,61,87861,87861,87861,9418,9418,9418,591,591,591,0.06,0.09,0.11,0.03,0.05,0.06,0.01,0.01,0.01,0.00,0.00,0.00,0.00,0.00,0.00,0.00,0.00,0.00,0.01,0.04,0.05,364266,491649,898892,822903,1071884,1635302,0,1048,5241,0,524,2620,0,126873,0,161.77,162.82,165.01
2704,2,33,42,50,87766,87766,87766,9513,9513,9513,591,591,591,0.06,0.09,0.13,0.03,0.05,0.07,0.00,0.01,0.01,0.00,0.00,0.00,0.00,0.00,0.00,0.00,0.00,0.00,0.02,0.04,0.05,532005,972289,1918394,969661,1590254,2589308,0,524,2620,0,1572,5241,0,143732,0,162.98,164.53,166.07
2704,3,26,58,70,87767,87767,87767,9512,9512,9512,591,591,591,0.05,0.08,0.11,0.02,0.04,0.06,0.00,0.01,0.01,0.00,0.00,0.00,0.00,0.00,0.00,0.00,0.00,0.00,0.01,0.03,0.05,356431,439231,618502,799296,1000590,1375905,0,873,2620,0,524,2620,0,155721,0,173.57,177.12,179.31
2705,0,33,53,61,87884,87884,87884,9395,9395,9395,591,591,591,0.05,0.10,0.13,0.02,0.05,0.06,0.00,0.01,0.01,0.00,0.00,0.00,0.00,0.00,0.00,0.00,0.00,0.00,0.01,0.04,0.05,374755,544039,652563,935577,1165126,1417819,0,524,2620,0,524,2620,0,156382,0,173.28,173.70,174.05
2705,1,28,44,54,87861,87861,87861,9418,9418,9418,591,591,591,0.05,0.09,0.13,0.02,0.04,0.07,0.00,0.01,0.01,0.00,0.00,0.00,0.00,0.00,0.00,0.00,0.00,0.00,0.01,0.03,0.05,356424,554861,828210,856990,1172680,1504407,0,698,3494,0,349,1747,0,142870,0,156.50,160.51,162.31
2705,2,19,43,56,87766,87766,87766,9513,9513,9513,591,591,591,0.08,0.09,0.11,0.03,0.05,0.06,0.01,0.01,0.01,0.00,0.00,0.00,0.00,0.00,0.00,0.00,0.00,0.00,0.03,0.04,0.04,466481,690647,943823,972274,1270474,1615044,0,534,2671,0,514,2571,0,129624,0,157.07,160.76,164.05
2705,3,40,44,50,87767,87767,87767,9512,9512,9512,591,591,591,0.05,0.10,0.13,0.02,0.05,0.06,0.00,0.01,0.01,0.00,0.00,0.00,0.00,0.00,0.00,0.00,0.00,0.00,0.01,0.04,0.05,400975,705456,904117,1001128,1332302,1498983,0,0,0,0,0,0,0,139940,0,172.34,174.83,175.88
2706,0,45,58,68,87884,87884,87884,9395,9395,9395,591,591,591,0.05,0.08,0.10,0.02,0.04,0.05,0.00,0.01,0.01,0.00,0.00,0.00,0.00,0.00,0.00,0.00,0.00,0.00,0.01,0.03,0.05,340701,642600,1082354,932998,1243797,1535737,0,0,0,0,0,0,0,139523,0,172.09,173.28,175.36
2706,1,27,38,53,87861,87861,87861,9418,9418,9418,591,591,591,0.05,0.08,0.10,0.02,0.04,0.05,0.00,0.01,0.01,0.00,0.00,0.00,0.00,0.00,0.00,0.00,0.00,0.00,0.01,0.03,0.05,351150,517329,875500,775675,1140005,1751000,0,0,0,0,1047,2620,0,126997,0,160.31,161.10,162.01
2706,2,25,44,66,87766,87766,87766,9513,9513,9513,591,591,591,0.06,0.09,0.13,0.03,0.05,0.07,0.01,0.01,0.01,0.00,0.00,0.00,0.00,0.00,0.00,0.00,0.00,0.00,0.01,0.04,0.05,508417,747420,1037738,1058767,1384777,1603928,0,1048,2620,0,0,0,0,130940,0,160.31,162.24,164.15
2706,3,27,41,53,87767,87767,87767,9512,9512,9512,591,591,591,0.05,0.08,0.10,0.02,0.04,0.05,0.00,0.01,0.01,0.00,0.00,0.00,0.00,0.00,0.00,0.00,0.00,0.00,0.01,0.03,0.05,340690,529387,783586,770485,1131632,1562062,0,0,0,0,524,2620,0,140471,0,175.15,176.23,176.70
2707,0,19,48,57,87884,87884,87884,9395,9395,9395,591,591,591,0.05,0.09,0.10,0.02,0.04,0.05,0.00,0.01,0.01,0.00,0.00,0.00,0.00,0.00,0.00,0.00,0.00,0.00,0.01,0.04,0.05,432417,697062,1069224,953939,1318137,1750592,0,524,2620,0,523,2619,0,105775,0,171.32,174.27,177.12
2707,1,24,49,66,87861,87861,87861,9418,9418,9418,591,591,591,0.05,0.09,0.11,0.02,0.04,0.05,0.00,0.01,0.01,0.00,0.00,0.00,0.00,0.00,0.00,0.00,0.00,0.00,0.01,0.04,0.05,474347,578128,780957,995867,1173030,1491156,0,524,2620,0,524,2620,0,97698,0,156.21,160.21,162.63
2707,2,42,50,56,87766,87766,87766,9513,9513,9513,591,591,591,0.05,0.08,0.11,0.02,0.04,0.06,0.00,0.01,0.01,0.00,0.00,0.00,0.00,0.00,0.00,0.00,0.00,0.00,0.01,0.03,0.05,492702,693961,1171491,990560,1304582,1868621,0,0,0,0,524,2620,0,128952,0,157.17,160.86,162.74
2707,3,26,47,60,87767,87767,87767,9512,9512,9512,591,591,591,0.05,0.09,0.13,0.02,0.05,0.06,0.00,0.01,0.01,0.00,0.00,0.00,0.00,0.00,0.00,0.00,0.00,0.00,0.01,0.04,0.05,424477,567091,725973,969547,1204927,1491258,0,524,2620,0,0,0,0,110399,0,172.09,174.32,177.28
2708,0,34,41,48,87884,87884,87884,9395,9395,9395,591,591,591,0.08,0.10,0.12,0.04,0.05,0.06,0.01,0.01,0.01,0.00,0.00,0.00,0.00,0.00,0.00,0.00,0.00,0.00,0.03,0.04,0.05,385198,555103,969661,880454,1201151,1750632,0,0,0,0,0,0,0,137451,0,173.80,176.00,178.78
2708,1,11,48,66,87861,87861,87861,9418,9418,9418,591,591,591,0.07,0.10,0.12,0.03,0.05,0.06,0.00,0.01,0.01,0.00,0.00,0.00,0.00,0.00,0.00,0.00,0.00,0.00,0.02,0.04,0.05,395737,511027,689324,851454,1142608,1457279,0,655,2620,0,655,2620,0,126675,0,159.82,162.47,166.68
2708,2,22,49,70,87766,87766,87766,9513,9513,9513,591,591,591,0.08,0.10,0.11,0.04,0.05,0.06,0.01,0.01,0.01,0.00,0.00,0.00,0.00,0.00,0.00,0.00,0.00,0.00,0.04,0.04,0.05,581781,932302,1965493,948671,1522610,2707139,0,655,2620,0,655,2620,0,95146,0,161.84,164.18,167.06
2708,3,32,55,65,87767,87767,87767,9512,9512,9512,591,591,591,0.06,0.09,0.13,0.03,0.05,0.06,0.00,0.01,0.01,0.00,0.00,0.00,0.00,0.00,0.00,0.00,0.00,0.00,0.02,0.04,0.06,267113,727856,1250051,817052,1401940,2070316,0,0,0,0,0,0,0,156470,0,172.66,175.37,178.35
2709,0,42,57,66,87884,87884,87884,9395,9395,9395,591,591,591,0.06,0.10,0.13,0.03,0.05,0.07,0.00,0.01,0.01,0.00,0.00,0.00,0.00,0.00,0.00,0.00,0.00,0.00,0.01,0.04,0.05,343343,617441,1674697,754575,1157303,2350866,0,0,0,0,0,0,0,158383,0,172.32,174.02,175.59
2709,1,25,45,56,87861,87861,87861,9418,9418,9418,591,591,591,0.07,0.09,0.13,0.03,0.05,0.07,0.00,0.01,0.01,0.00,0.00,0.00,0.00,0.00,0.00,0.00,0.00,0.00,0.04,0.04,0.05,353786,607254,906753,1048255,1308078,1713921,0,0,0,0,0,0,0,126654,0,154.21,157.38,161.51
2709,2,36,48,58,87766,87766,87766,9513,9513,9513,591,591,591,0.05,0.09,0.10,0.02,0.04,0.05,0.00,0.01,0.01,0.00,0.00,0.00,0.00,0.00,0.00,0.00,0.00,0.00,0.01,0.03,0.05,350177,793527,1386236,890251,1375661,1992196,0,524,2620,0,0,0,0,132730,0,157.98,161.35,162.83
2709,3,33,52,67,87767,87767,87767,9512,9512,9512,591,591,591,0.06,0.09,0.12,0.03,0.04,0.06,0.00,0.01,0.01,0.00,0.00,0.00,0.00,0.00,0.00,0.00,0.00,0.00,0.01,0.03,0.05,352225,451698,594919,775422,1005635,1218667,0,0,0,0,525,2628,0,139987,0,173.08,175.54,177.47
2710,0,33,52,63,87884,87884,87884,9395,9395,9395,591,591,591,0.05,0.07,0.09,0.03,0.04,0.05,0.00,0.01,0.01,0.00,0.00,0.00,0.00,0.00,0.00,0.00,0.00,0.00,0.01,0.03,0.04,340698,682438,1189854,822918,1290445,1897477,0,524,2620,0,524,2620,0,137048,0,170.73,173.17,176.07
2710,1,24,44,61,87861,87861,87861,9418,9418,9418,591,591,591,0.05,0.08,0.10,0.02,0.04,0.05,0.00,0.01,0.01,0.00,0.00,0.00,0.00,0.00,0.00,0.00,0.00,0.00,0.01,0.03,0.05,503022,627561,754771,1016523,1245338,1438976,0,523,2619,0,873,2619,0,124271,0,156.04,158.27,160.64
2710,2,21,45,64,87766,87766,87766,9513,9513,9513,591,591,591,0.05,0.08,0.12,0.02,0.04,0.06,0.00,0.01,0.01,0.00,0.00,0.00,0.00,0.00,0.00,0.00,0.00,0.00,0.01,0.03,0.04,484854,758940,1357530,1082305,1383180,2067743,0,524,2620,0,524,2620,0,125018,0,155.03,158.64,162.24
2710,3,25,51,72,87767,87767,87767,9512,9512,9512,591,591,591,0.05,0.08,0.10,0.02,0.04,0.05,0.00,0.01,0.01,0.00,0.00,0.00,0.00,0.00,0.00,0.00,0.00,0.00,0.01,0.03,0.05,424553,573412,660843,888417,1182185,1478101,0,521,2605,0,0,0,0,136792,0,171.90,174.79,178.20
2711,0,42,49,56,87884,87884,87884,9395,9395,9395,591,591,591,0.05,0.09,0.13,0.02,0.05,0.07,0.00,0.01,0.01,0.00,0.00,0.00,0.00,0.00,0.00,0.00,0.00,0.00,0.01,0.03,0.05,343996,538938,922383,767887,1170811,1525077,0,0,0,0,524,2620,0,139762,0,170.47,173.24,174.92
2711,1,29,48,64,87861,87861,87861,9418,9418,9418,591,591,591,0.05,0.09,0.12,0.02,0.05,0.06,0.00,0.01,0.01,0.00,0.00,0.00,0.00,0.00,0.00,0.00,0.00,0.00,0.01,0.04,0.05,403524,559252,888427,896138,1180348,1603887,0,1048,2620,0,0,0,0,126756,0,156.89,159.12,162.68
2711,2,24,45,61,87766,87766,87766,9513,9513,9513,591,591,591,0.08,0.09,0.10,0.04,0.05,0.05,0.01,0.01,0.01,0.00,0.00,0.00,0.00,0.00,0.00,0.00,0.00,0.00,0.02,0.04,0.05,500529,756320,1140028,966991,1383703,1897427,0,0,0,0,0,0,0,144481,0,158.16,160.82,163.68
2711,3,34,48,56,87767,87767,87767,9512,9512,9512,591,591,591,0.06,0.09,0.12,0.03,0.05,0.06,0.00,0.01,0.01,0.00,0.00,0.00,0.00,0.00,0.00,0.00,0.00,0.00,0.02,0.04,0.04,312739,492310,631595,882310,1108275,1347055,0,0,0,0,0,0,0,156846,0,171.57,173.66,175.70
2712,0,19,47,67,87884,87884,87884,9395,9395,9395,591,591,591,0.07,0.09,0.10,0.04,0.04,0.05,0.00,0.01,0.01,0.00,0.00,0.00,0.00,0.00,0.00,0.00,0.00,0.00,0.01,0.04,0.05,332810,474687,628936,699687,1033761,1360075,0,0,0,0,0,0,0,139225,0,171.10,172.65,174.16
2712,1,20,46,56,87861,87861,87861,9418,9418,9418,591,591,591,0.08,0.09,0.10,0.04,0.05,0.05,0.01,0.01,0.01,0.00,0.00,0.00,0.00,0.00,0.00,0.00,0.00,0.00,0.02,0.04,0.05,361656,523095,712865,801933,1158357,1475526,0,524,2620,0,0,0,0,143668,0,157.05,160.33,162.03
2712,2,35,46,54,87766,87766,87766,9513,9513,9513,591,591,591,0.05,0.09,0.10,0.02,0.04,0.05,0.00,0.01,0.01,0.00,0.00,0.00,0.00,0.00,0.00,0.00,0.00,0.00,0.01,0.03,0.04,466449,899929,1632656,977478,1463893,2112232,0,524,2620,0,1048,2620,0,130090,0,158.94,161.65,164.34
2712,3,40,53,69,87767,87767,87767,9512,9512,9512,591,591,591,0.07,0.09,0.11,0.03,0.05,0.05,0.01,0.01,0.01,0.00,0.00,0.00,0.00,0.00,0.00,0.00,0.00,0.00,0.01,0.04,0.05,479424,691961,1058836,985391,1279698,1716678,0,0,0,0,524,2620,0,141237,0,174.48,176.69,178.44
2713,0,33,51,74,87884,87884,87884,9395,9395,9395,591,591,591,0.05,0.08,0.10,0.02,0.04,0.05,0.00,0.01,0.01,0.00,0.00,0.00,0.00,0.00,0.00,0.00,0.00,0.00,0.01,0.03,0.05,345939,652571,1187254,830760,1262681,1834609,0,0,0,0,0,0,0,139459,0,171.28,173.00,174.98
2713,1,18,46,67,87861,87861,87861,9418,9418,9418,591,591,591,0.05,0.09,0.10,0.02,0.04,0.05,0.00,0.01,0.01,0.00,0.00,0.00,0.00,0.00,0.00,0.00,0.00,0.00,0.01,0.03,0.05,335435,617827,816960,931182,1262197,1504296,0,349,1747,0,0,0,0,126945,0,160.63,162.14,163.87
2713,2,22,45,56,87766,87766,87766,9513,9513,9513,591,591,591,0.07,0.09,0.13,0.03,0.05,0.07,0.00,0.01,0.01,0.00,0.00,0.00,0.00,0.00,0.00,0.00,0.00,0.00,0.01,0.04,0.05,434915,763738,1505256,945982,1399783,2247609,0,0,0,0,852,2568,0,127480,0,159.49,161.74,162.85
2713,3,28,43,63,87767,87767,87767,9512,9512,9512,591,591,591,0.05,0.08,0.10,0.02,0.04,0.05,0.00,0.01,0.01,0.00,0.00,0.00,0.00,0.00,0.00,0.00,0.00,0.00,0.01,0.03,0.05,338084,581486,757323,849142,1191215,1525252,0,524,2620,0,0,0,0,140898,0,172.15,175.99,178.48
2714,0,30,45,61,87884,87884,87884,9395,9395,9395,591,591,591,0.06,0.09,0.11,0.03,0.05,0.05,0.01,0.01,0.01,0.00,0.00,0.00,0.00,0.00,0.00,0.00,0.00,0.00,0.01,0.04,0.05,429676,610606,930334,911751,1220690,1496397,0,524,2620,0,524,2620,0,106315,0,168.81,170.68,173.57
2714,1,33,50,62,87861,87861,87861,9418,9418,9418,591,591,591,0.08,0.09,0.10,0.04,0.05,0.05,0.00,0.01,0.01,0.00,0.00,0.00,0.00,0.00,0.00,0.00,0.00,0.00,0.02,0.04,0.05,356413,453902,731288,757379,988512,1428501,0,1048,5241,0,1048,2620,0,98672,0,158.06,160.76,162.49
2714,2,30,53,66,87766,87766,87766,9513,9513,9513,591,591,591,0.04,0.08,0.13,0.02,0.04,0.07,0.00,0.01,0.01,0.00,0.00,0.00,0.00,0.00,0.00,0.00,0.00,0.00,0.01,0.03,0.05,490035,686083,854339,906747,1255285,1598611,0,524,2620,0,524,2620,0,128741,0,157.24,160.84,162.95
2714,3,27,59,71,87767,87767,87767,9512,9512,9512,591,591,591,0.06,0.10,0.12,0.03,0.05,0.06,0.00,0.01,0.01,0.00,0.00,0.00,0.00,0.00,0.00,0.00,0.00,0.00,0.01,0.04,0.05,348561,516307,794863,822919,1123549,1558351,0,0,0,0,0,0,0,109740,0,172.10,176.28,179.92
2715,0,26,47,65,87884,87884,87884,9395,9395,9395,591,591,591,0.07,0.08,0.09,0.03,0.04,0.05,0.00,0.01,0.01,0.00,0.00,0.00,0.00,0.00,0.00,0.00,0.00,0.00,0.01,0.03,0.04,393102,547180,689257,775723,1148011,1430929,0,1310,2620,0,0,0,0,135592,0,171.99,172.81,173.75
2715,1,25,48,65,87861,87861,87861,9418,9418,9418,591,591,591,0.05,0.07,0.10,0.02,0.03,0.05,0.00,0.01,0.01,0.00,0.00,0.00,0.00,0.00,0.00,0.00,0.00,0.00,0.01,0.03,0.05,395728,536596,655221,864836,1137402,1446728,0,0,0,0,1965,2620,0,124368,0,155.89,159.11,160.26
2715,2,21,45,73,87766,87766,87766,9513,9513,9513,591,591,591,0.07,0.09,0.12,0.03,0.04,0.06,0.00,0.01,0.01,0.00,0.00,0.00,0.00,0.00,0.00,0.00,0.00,0.00,0.01,0.03,0.05,479574,993928,2185819,846462,1636649,3021882,0,2620,10482,0,0,0,0,112958,0,157.61,160.74,162.65
2715,3,40,54,66,87767,87767,87767,9512,9512,9512,591,591,591,0.05,0.07,0.12,0.02,0.04,0.06,0.00,0.01,0.01,0.00,0.00,0.00,0.00,0.00,0.00,0.00,0.00,0.00,0.01,0.03,0.06,321480,525225,807180,842139,1146760,1514774,0,0,0,0,1310,5241,0,157311,0,172.16,175.67,177.93
2716,0,46,53,62,87884,87884,87884,9395,9395,9395,591,591,591,0.07,0.09,0.11,0.03,0.04,0.06,0.00,0.01,0.01,0.00,0.00,0.00,0.00,0.00,0.00,0.00,0.00,0.00,0.01,0.03,0.05,274284,453723,673532,825515,1007553,1373272,0,0,0,0,0,0,0,157320,0,170.11,173.76,176.79
2716,1,45,55,66,87861,87861,87861,9418,9418,9418,591,591,591,0.07,0.09,0.12,0.03,0.05,0.06,0.00,0.01,0.01,0.00,0.00,0.00,0.00,0.00,0.00,0.00,0.00,0.00,0.01,0.04,0.05,395712,547212,752205,940756,1127442,1423162,0,524,2620,0,0,0,0,144249,0,157.07,159.95,161.01
2716,2,33,49,72,87766,87766,87766,9513,9513,9513,591,591,591,0.05,0.09,0.12,0.02,0.05,0.06,0.00,0.01,0.01,0.00,0.00,0.00,0.00,0.00,0.00,0.00,0.00,0.00,0.01,0.04,0.05,529389,673000,906751,1071830,1240126,1533182,0,0,0,0,1572,5241,0,130104,0,160.29,163.26,164.89
2716,3,38,52,61,87767,87767,87767,9512,9512,9512,591,591,591,0.05,0.09,0.12,0.02,0.05,0.06,0.00,0.01,0.01,0.00,0.00,0.00,0.00,0.00,0.00,0.00,0.00,0.00,0.01,0.04,0.05,338075,624760,1187178,804566,1165128,1776835,0,1048,2620,0,0,0,0,141968,0,173.49,177.65,180.25
2717,0,31,47,61,87884,87884,87884,9395,9395,9395,591,591,591,0.05,0.09,0.12,0.02,0.04,0.06,0.00,0.01,0.01,0.00,0.00,0.00,0.00,0.00,0.00,0.00,0.00,0.00,0.01,0.04,0.05,366902,750051,1496520,898911,1418847,2240849,0,0,0,0,0,0,0,141143,0,171.15,172.58,173.33
2717,1,26,39,57,87861,87861,87861,9418,9418,9418,591,591,591,0.07,0.09,0.13,0.03,0.04,0.07,0.00,0.01,0.01,0.00,0.00,0.00,0.00,0.00,0.00,0.00,0.00,0.00,0.02,0.04,0.05,365106,532683,631673,1007972,1212648,1357704,0,0,0,0,0,0,0,129392,0,156.18,158.17,160.20
2717,2,28,50,63,87766,87766,87766,9513,9513,9513,591,591,591,0.06,0.08,0.12,0.03,0.04,0.06,0.01,0.01,0.01,0.00,0.00,0.00,0.00,0.00,0.00,0.00,0.00,0.00,0.01,0.03,0.05,464468,739836,1082580,968978,1364216,1769351,0,0,0,0,0,0,0,129325,0,157.85,160.45,162.43
2717,3,26,51,65,87767,87767,87767,9512,9512,9512,591,591,591,0.05,0.09,0.13,0.02,0.04,0.07,0.00,0.01,0.01,0.00,0.00,0.00,0.00,0.00,0.00,0.00,0.00,0.00,0.01,0.04,0.05,366904,594385,765233,864846,1279450,1459709,0,0,0,0,0,0,0,142031,0,174.49,176.68,178.02
2718,0,22,51,70,87884,87884,87884,9395,9395,9395,591,591,591,0.05,0.08,0.11,0.02,0.04,0.06,0.00,0.01,0.01,0.00,0.00,0.00,0.00,0.00,0.00,0.00,0.00,0.00,0.01,0.03,0.05,338079,596486,943434,893681,1202413,1381083,0,524,2620,0,524,2620,0,139276,0,174.31,175.19,175.69
2718,1,19,48,63,87861,87861,87861,9418,9418,9418,591,591,591,0.06,0.09,0.12,0.03,0.05,0.06,0.01,0.01,0.01,0.00,0.00,0.00,0.00,0.00,0.00,0.00,0.00,0.00,0.01,0.04,0.05,408823,570256,841232,969659,1174580,1480673,0,1048,5241,0,1048,2620,0,129012,0,157.79,159.81,161.46
2718,2,29,45,63,87766,87766,87766,9513,9513,9513,591,591,591,0.05,0.09,0.13,0.02,0.04,0.06,0.00,0.01,0.01,0.00,0.00,0.00,0.00,0.00,0.00,0.00,0.00,0.00,0.01,0.03,0.05,474308,695510,1291987,880512,1319211,2104393,0,1048,2620,0,524,2620,0,127050,0,160.49,162.93,165.14
2718,3,25,52,66,87767,87767,87767,9512,9512,9512,591,591,591,0.05,0.08,0.13,0.02,0.04,0.06,0.00,0.01,0.01,0.00,0.00,0.00,0.00,0.00,0.00,0.00,0.00,0.00,0.01,0.03,0.05,390706,483378,577970,852212,1055275,1318163,0,0,0,0,524,2620,0,141442,0,176.53,178.06,179.40
2719,0,48,56,69,87884,87884,87884,9395,9395,9395,591,591,591,0.07,0.09,0.12,0.03,0.05,0.06,0.00,0.01,0.01,0.00,0.00,0.00,0.00,0.00,0.00,0.00,0.00,0.00,0.02,0.04,0.05,348561,512114,639466,977455,1129930,1336589,0,0,0,0,524,2620,0,136795,0,170.88,172.97,174.47
2719,1,49,55,67,87861,87861,87861,9418,9418,9418,591,591,591,0.05,0.08,0.10,0.02,0.04,0.05,0.00,0.01,0.01,0.00,0.00,0.00,0.00,0.00,0.00,0.00,0.00,0.00,0.01,0.03,0.05,343299,539854,697116,883199,1149937,1488369,0,524,2620,0,0,0,0,124314,0,155.62,158.33,160.63
2719,2,28,53,68,87766,87766,87766,9513,9513,9513,591,591,591,0.05,0.09,0.12,0.02,0.04,0.06,0.00,0.01,0.01,0.00,0.00,0.00,0.00,0.00,0.00,0.00,0.00,0.00,0.01,0.04,0.05,600134,961253,1768746,1126890,1562441,2499827,0,0,0,0,524,2620,0,125757,0,157.00,160.28,163.69
2719,3,22,45,67,87767,87767,87767,9512,9512,9512,591,591,591,0.06,0.09,0.12,0.03,0.05,0.06,0.01,0.01,0.01,0.00,0.00,0.00,0.00,0.00,0.00,0.00,0.00,0.00,0.01,0.04,0.05,403640,655014,953917,1030068,1267403,1800389,0,524,2620,0,0,0,0,159261,0,173.47,175.05,176.98
2720,0,25,51,67,87884,87884,87884,9395,9395,9395,591,591,591,0.05,0.09,0.13,0.02,0.04,0.07,0.00,0.01,0.01,0.00,0.00,0.00,0.00,0.00,0.00,0.00,0.00,0.00,0.01,0.04,0.05,338070,670893,1312933,725933,1344412,2038847,0,0,0,0,0,0,0,152366,0,168.48,172.37,174.61
2720,1,25,45,60,87861,87861,87861,9418,9418,9418,591,591,591,0.05,0.09,0.13,0.02,0.04,0.07,0.00,0.01,0.01,0.00,0.00,0.00,0.00,0.00,0.00,0.00,0.00,0.00,0.01,0.04,0.05,429803,607490,697115,867468,1277355,1449279,0,0,0,0,524,2620,0,122440,0,158.46,159.61,160.76
2720,2,26,47,68,87766,87766,87766,9513,9513,9513,591,591,591,0.07,0.08,0.10,0.03,0.04,0.05,0.01,0.01,0.01,0.00,0.00,0.00,0.00,0.00,0.00,0.00,0.00,0.00,0.01,0.03,0.04,503200,722640,1002692,1048335,1355629,1588320,0,524,2620,0,0,0,0,127275,0,155.94,159.03,160.78
2720,3,28,52,69,87767,87767,87767,9512,9512,9512,591,591,591,0.07,0.09,0.10,0.03,0.04,0.05,0.00,0.01,0.01,0.00,0.00,0.00,0.00,0.00,0.00,0.00,0.00,0.00,0.02,0.04,0.05,332834,554025,705036,951315,1263724,1562088,0,0,0,0,0,0,0,136673,0,171.63,174.94,178.52
2721,0,28,48,63,87884,87884,87884,9395,9395,9395,591,591,591,0.05,0.09,0.13,0.02,0.04,0.07,0.00,0.01,0.01,0.00,0.00,0.00,0.00,0.00,0.00,0.00,0.00,0.00,0.01,0.03,0.05,377389,650465,974914,1079754,1315608,1577683,0,0,0,0,0,0,0,134824,0,170.98,172.17,173.27
2721,1,28,47,61,87861,87861,87861,9418,9418,9418,591,591,591,0.05,0.08,0.10,0.02,0.04,0.05,0.00,0.01,0.01,0.00,0.00,0.00,0.00,0.00,0.00,0.00,0.00,0.00,0.01,0.03,0.05,342426,563798,691866,964384,1189268,1436161,0,1048,2620,0,0,0,0,125284,0,155.55,156.93,158.47
2721,2,27,48,59,87766,87766,87766,9513,9513,9513,591,591,591,0.06,0.09,0.11,0.03,0.04,0.05,0.00,0.01,0.01,0.00,0.00,0.00,0.00,0.00,0.00,0.00,0.00,0.00,0.01,0.03,0.05,486385,727315,1339276,1129500,1395134,2067885,0,1048,5241,0,524,2620,0,129084,0,157.55,160.12,162.57
2721,3,43,57,64,87767,87767,87767,9512,9512,9512,591,591,591,0.05,0.08,0.11,0.02,0.04,0.05,0.00,0.01,0.01,0.00,0.00,0.00,0.00,0.00,0.00,0.00,0.00,0.00,0.01,0.03,0.05,359042,538295,754746,880568,1162553,1509493,0,0,0,0,524,2620,0,102602,0,172.22,173.91,175.17
2722,0,47,55,61,87884,87884,87884,9395,9395,9395,591,591,591,0.05,0.09,0.13,0.02,0.04,0.06,0.00,0.01,0.01,0.00,0.00,0.00,0.00,0.00,0.00,0.00,0.00,0.00,0.01,0.03,0.05,445529,607998,697126,959199,1242856,1412596,0,0,0,0,655,2620,0,105986,0,170.79,172.80,174.11
2722,1,38,47,59,87861,87861,87861,9418,9418,9418,591,591,591,0.08,0.10,0.13,0.04,0.05,0.07,0.01,0.01,0.01,0.00,0.00,0.00,0.00,0.00,0.00,0.00,0.00,0.00,0.04,0.04,0.05,400939,580486,663063,880494,1253352,1415233,0,0,0,0,655,2620,0,97576,0,156.85,159.81,162.66
2722,2,25,43,53,87766,87766,87766,9513,9513,9513,591,591,591,0.06,0.09,0.12,0.03,0.04,0.06,0.00,0.01,0.01,0.00,0.00,0.00,0.00,0.00,0.00,0.00,0.00,0.00,0.01,0.03,0.05,704993,792757,896269,1362748,1438759,1517440,0,655,2620,0,0,0,0,114567,0,157.91,161.53,164.02
2722,3,25,48,66,87767,87767,87767,9512,9512,9512,591,591,591,0.07,0.09,0.10,0.04,0.05,0.05,0.00,0.01,0.01,0.00,0.00,0.00,0.00,0.00,0.00,0.00,0.00,0.00,0.02,0.03,0.04,356426,514325,655399,859200,1146222,1443996,0,0,0,0,654,2619,0,141572,0,174.66,176.49,177.58
2723,0,33,44,53,87884,87884,87884,9395,9395,9395,591,591,591,0.08,0.09,0.11,0.04,0.05,0.05,0.01,0.01,0.01,0.00,0.00,0.00,0.00,0.00,0.00,0.00,0.00,0.00,0.02,0.04,0.05,246347,471212,610662,766997,1109455,1399544,0,524,2620,0,0,0,0,139413,0,174.28,176.85,179.14
2723,1,11,46,75,87861,87861,87861,9418,9418,9418,591,591,591,0.05,0.09,0.12,0.02,0.04,0.06,0.00,0.01,0.01,0.00,0.00,0.00,0.00,0.00,0.00,0.00,0.00,0.00,0.01,0.03,0.05,345928,537195,867282,820270,1196506,1655958,0,0,0,0,524,2620,0,146166,0,159.84,161.38,162.42
2723,2,24,48,59,87766,87766,87766,9513,9513,9513,591,591,591,0.05,0.09,0.12,0.02,0.05,0.06,0.00,0.01,0.01,0.00,0.00,0.00,0.00,0.00,0.00,0.00,0.00,0.00,0.01,0.04,0.05,510964,924559,1928962,1134603,1551918,2704740,0,0,0,0,524,2620,0,136129,0,160.85,163.12,164.97
2723,3,38,47,59,87767,87767,87767,9512,9512,9512,591,591,591,0.08,0.09,0.11,0.04,0.05,0.05,0.01,0.01,0.01,0.00,0.00,0.00,0.00,0.00,0.00,0.00,0.00,0.00,0.01,0.04,0.05,353806,697459,1022079,964449,1358751,1884294,0,349,1747,0,0,0,0,145784,0,173.13,178.07,180.73
2724,0,35,51,63,87884,87884,87884,9395,9395,9395,591,591,591,0.08,0.09,0.11,0.04,0.05,0.05,0.00,0.01,0.01,0.00,0.00,0.00,0.00,0.00,0.00,0.00,0.00,0.00,0.02,0.04,0.05,356424,719644,1257977,993272,1397354,1994418,0,0,0,0,0,0,0,140916,0,172.69,175.04,178.34
2724,1,44,54,61,87861,87861,87861,9418,9418,9418,591,591,591,0.08,0.10,0.13,0.04,0.05,0.06,0.00,0.01,0.01,0.00,0.00,0.00,0.00,0.00,0.00,0.00,0.00,0.00,0.02,0.04,0.06,337945,557353,859724,979779,1174436,1528107,0,349,1747,0,0,0,0,128575,0,160.96,162.23,163.64
2724,2,29,43,62,87766,87766,87766,9513,9513,9513,591,591,591,0.05,0.09,0.12,0.02,0.05,0.06,0.00,0.01,0.01,0.00,0.00,0.00,0.00,0.00,0.00,0.00,0.00,0.00,0.01,0.04,0.05,439024,896794,1420464,1062993,1565961,2162146,0,0,0,0,502,2512,0,133120,0,160.33,162.73,164.54
2724,3,19,41,54,87767,87767,87767,9512,9512,9512,591,591,591,0.07,0.09,0.12,0.03,0.05,0.06,0.01,0.01,0.01,0.00,0.00,0.00,0.00,0.00,0.00,0.00,0.00,0.00,0.01,0.04,0.05,374769,591755,767861,904163,1231210,1483291,0,0,0,0,0,0,0,143750,0,178.15,179.73,181.17
2725,0,30,42,51,87884,87884,87884,9395,9395,9395,591,591,591,0.05,0.09,0.12,0.02,0.04,0.06,0.00,0.01,0.01,0.00,0.00,0.00,0.00,0.00,0.00,0.00,0.00,0.00,0.01,0.04,0.05,393012,585976,909387,943511,1157792,1365391,0,0,0,0,524,2620,0,141495,0,175.56,177.50,180.12
2725,1,26,40,59,87861,87861,87861,9418,9418,9418,591,591,591,0.05,0.09,0.12,0.02,0.04,0.06,0.00,0.01,0.01,0.00,0.00,0.00,0.00,0.00,0.00,0.00,0.00,0.00,0.01,0.04,0.05,345925,558741,684016,1029915,1148405,1375895,0,524,2620,0,524,2620,0,130475,0,159.98,162.18,163.98
2725,2,24,46,63,87766,87766,87766,9513,9513,9513,591,591,591,0.06,0.09,0.12,0.03,0.04,0.06,0.00,0.01,0.01,0.00,0.00,0.00,0.00,0.00,0.00,0.00,0.00,0.00,0.01,0.03,0.04,497777,680846,1158386,980159,1264199,1900068,0,1047,2620,0,523,2619,0,129908,0,163.91,164.99,166.22
2725,3,46,56,65,87767,87767,87767,9512,9512,9512,591,591,591,0.05,0.09,0.13,0.02,0.04,0.06,0.00,0.01,0.01,0.00,0.00,0.00,0.00,0.00,0.00,0.00,0.00,0.00,0.01,0.04,0.05,387798,529952,781465,872546,1133812,1531567,0,522,2613,0,524,2620,0,142954,0,176.09,180.05,182.37
2726,0,36,52,63,87884,87884,87884,9395,9395,9395,591,591,591,0.05,0.09,0.12,0.02,0.05,0.06,0.00,0.01,0.01,0.00,0.00,0.00,0.00,0.00,0.00,0.00,0.00,0.00,0.01,0.04,0.06,330216,505460,699749,788849,1088670,1336598,0,873,2620,0,0,0,0,141106,0,172.42,174.54,176.17
2726,1,8,50,66,87861,87861,87861,9418,9418,9418,591,591,591,0.07,0.09,0.10,0.04,0.04,0.05,0.00,0.01,0.01,0.00,0.00,0.00,0.00,0.00,0.00,0.00,0.00,0.00,0.02,0.04,0.05,351154,515229,707608,794028,1088113,1446667,0,0,0,0,1572,5241,0,130930,0,159.19,161.18,163.06
2726,2,45,52,58,87766,87766,87766,9513,9513,9513,591,591,591,0.07,0.10,0.13,0.03,0.05,0.07,0.00,0.01,0.01,0.00,0.00,0.00,0.00,0.00,0.00,0.00,0.00,0.00,0.02,0.04,0.05,479581,924053,1939346,1071928,1492218,2660049,0,1048,5240,0,0,0,0,127724,0,162.37,164.27,166.44
2726,3,26,48,71,87767,87767,87767,9512,9512,9512,591,591,591,0.09,0.10,0.11,0.04,0.05,0.06,0.01,0.01,0.01,0.00,0.00,0.00,0.00,0.00,0.00,0.00,0.00,0.00,0.03,0.04,0.05,377269,562917,898962,882916,1126697,1431000,0,0,0,0,524,2620,0,161079,0,174.73,176.16,177.76
2727,0,32,50,59,87884,87884,87884,9395,9395,9395,591,591,591,0.05,0.08,0.13,0.02,0.04,0.07,0.00,0.01,0.01,0.00,0.00,0.00,0.00,0.00,0.00,0.00,0.00,0.00,0.01,0.03,0.05,353806,701804,1401938,1061419,1410438,2159246,0,524,2620,0,0,0,0,157755,0,169.79,172.23,176.00
2727,1,31,47,59,87861,87861,87861,9418,9418,9418,591,591,591,0.05,0.08,0.13,0.02,0.04,0.07,0.00,0.01,0.01,0.00,0.00,0.00,0.00,0.00,0.00,0.00,0.00,0.00,0.01,0.03,0.05,623735,684017,757400,1247435,1412063,1617010,0,1048,2620,0,524,2620,0,121697,0,156.47,158.40,161.62
2727,2,33,47,68,87766,87766,87766,9513,9513,9513,591,591,591,0.07,0.09,0.13,0.03,0.04,0.07,0.00,0.01,0.01,0.00,0.00,0.00,0.00,0.00,0.00,0.00,0.00,0.00,0.01,0.04,0.05,466433,806156,1475612,1021961,1517424,2204245,0,0,0,0,1572,5241,0,126337,0,157.21,158.94,161.99
2727,3,26,48,60,87767,87767,87767,9512,9512,9512,591,591,591,0.05,0.08,0.10,0.02,0.04,0.05,0.00,0.01,0.01,0.00,0.00,0.00,0.00,0.00,0.00,0.00,0.00,0.00,0.01,0.03,0.05,340698,643613,888187,1029957,1390500,1564747,0,524,2620,0,0,0,0,136446,0,171.47,174.21,177.62
2728,0,45,51,69,87884,87884,87884,9395,9395,9395,591,591,591,0.05,0.09,0.12,0.02,0.04,0.06,0.00,0.01,0.01,0.00,0.00,0.00,0.00,0.00,0.00,0.00,0.00,0.00,0.01,0.04,0.05,335359,565534,1174108,804642,1084928,1892201,0,0,0,0,524,2620,0,138598,0,171.37,173.96,177.00
2728,1,31,46,66,87861,87861,87861,9418,9418,9418,591,591,591,0.05,0.09,0.12,0.02,0.04,0.06,0.00,0.01,0.01,0.00,0.00,0.00,0.00,0.00,0.00,0.00,0.00,0.00,0.01,0.04,0.05,416677,548778,925173,885766,1082878,1585638,0,524,2620,0,0,0,0,126796,0,157.21,160.05,162.44
2728,2,21,46,64,87766,87766,87766,9513,9513,9513,591,591,591,0.05,0.09,0.11,0.02,0.04,0.05,0.00,0.01,0.01,0.00,0.00,0.00,0.00,0.00,0.00,0.00,0.00,0.00,0.01,0.03,0.05,560802,715040,1062165,1081949,1295763,1533958,0,504,2522,0,0,0,0,132117,0,156.70,160.03,163.68
2728,3,36,53,68,87767,87767,87767,9512,9512,9512,591,591,591,0.05,0.09,0.12,0.02,0.04,0.06,0.00,0.01,0.01,0.00,0.00,0.00,0.00,0.00,0.00,0.00,0.00,0.00,0.01,0.04,0.05,372223,520949,639464,962013,1090669,1402104,0,0,0,0,523,2619,0,107210,0,172.59,174.18,176.56
2729,0,23,45,70,87884,87884,87884,9395,9395,9395,591,591,591,0.06,0.08,0.10,0.03,0.04,0.05,0.00,0.01,0.01,0.00,0.00,0.00,0.00,0.00,0.00,0.00,0.00,0.00,0.01,0.03,0.05,351181,592300,914703,846495,1264271,1729811,0,0,0,0,0,0,0,102759,0,170.26,173.20,178.11
2729,1,24,45,69,87861,87861,87861,9418,9418,9418,591,591,591,0.06,0.08,0.10,0.03,0.04,0.05,0.00,0.01,0.01,0.00,0.00,0.00,0.00,0.00,0.00,0.00,0.00,0.00,0.01,0.03,0.05,366883,570265,712805,1042996,1222823,1381102,0,0,0,0,524,2620,0,95498,0,155.50,158.94,163.70
2729,2,39,54,63,87766,87766,87766,9513,9513,9513,591,591,591,0.04,0.08,0.13,0.02,0.04,0.07,0.00,0.01,0.01,0.00,0.00,0.00,0.00,0.00,0.00,0.00,0.00,0.00,0.01,0.03,0.05,445499,737935,961440,1071818,1386796,1537780,0,524,2620,0,523,2619,0,110857,0,157.77,161.54,165.97
2729,3,28,53,70,87767,87767,87767,9512,9512,9512,591,591,591,0.05,0.08,0.11,0.02,0.04,0.06,0.00,0.01,0.01,0.00,0.00,0.00,0.00,0.00,0.00,0.00,0.00,0.00,0.01,0.03,0.05,343052,529322,691867,807158,1187257,1493866,0,523,2618,0,0,0,0,141955,0,176.59,178.16,179.95
2730,0,35,54,61,87884,87884,87884,9395,9395,9395,591,591,591,0.05,0.09,0.11,0.02,0.04,0.06,0.00,0.01,0.01,0.00,0.00,0.00,0.00,0.00,0.00,0.00,0.00,0.00,0.01,0.04,0.05,343242,532996,723281,749368,1151361,1551386,0,0,0,0,1048,2620,0,141951,0,170.95,174.27,176.82
2730,1,36,53,65,87861,87861,87861,9418,9418,9418,591,591,591,0.05,0.09,0.11,0.02,0.04,0.06,0.00,0.01,0.01,0.00,0.00,0.00,0.00,0.00,0.00,0.00,0.00,0.00,0.01,0.04,0.05,435048,505273,723337,864843,1124805,1520056,0,1572,5240,0,0,0,0,145963,0,159.46,160.70,161.84
2730,2,28,46,62,87766,87766,87766,9513,9513,9513,591,591,591,0.07,0.09,0.10,0.04,0.04,0.05,0.00,0.01,0.01,0.00,0.00,0.00,0.00,0.00,0.00,0.00,0.00,0.00,0.02,0.03,0.05,581793,854896,1538402,948690,1446668,2185737,0,0,0,0,524,2620,0,130640,0,161.65,164.01,166.87
2730,3,35,46,53,87767,87767,87767,9512,9512,9512,591,591,591,0.07,0.09,0.13,0.03,0.05,0.06,0.00,0.01,0.01,0.00,0.00,0.00,0.00,0.00,0.00,0.00,0.00,0.00,0.02,0.04,0.05,500519,604300,864823,888357,1219601,1598613,0,0,0,0,0,0,0,140402,0,172.70,176.19,179.87
2731,0,25,48,61,87884,87884,87884,9395,9395,9395,591,591,591,0.06,0.10,0.13,0.03,0.05,0.06,0.01,0.01,0.01,0.00,0.00,0.00,0.00,0.00,0.00,0.00,0.00,0.00,0.01,0.04,0.05,86481,591230,1119034,615850,1194514,1648414,0,1048,2620,0,0,0,0,142920,0,170.37,173.95,177.56
2731,1,24,52,62,87861,87861,87861,9418,9418,9418,591,591,591,0.07,0.10,0.13,0.03,0.05,0.06,0.01,0.01,0.01,0.00,0.00,0.00,0.00,0.00,0.00,0.00,0.00,0.00,0.01,0.04,0.05,397859,540607,695859,844489,1163754,1527579,0,0,0,0,1561,5241,0,132174,0,156.50,159.09,162.75
2731,2,30,45,57,87766,87766,87766,9513,9513,9513,591,591,591,0.05,0.08,0.13,0.02,0.04,0.06,0.00,0.01,0.01,0.00,0.00,0.00,0.00,0.00,0.00,0.00,0.00,0.00,0.01,0.03,0.05,589590,917529,1299823,1176580,1563091,1944494,0,1041,2620,0,0,0,0,131099,0,156.31,159.92,164.65
2731,3,34,53,60,87767,87767,87767,9512,9512,9512,591,591,591,0.05,0.09,0.12,0.02,0.05,0.06,0.00,0.01,0.01,0.00,0.00,0.00,0.00,0.00,0.00,0.00,0.00,0.00,0.01,0.03,0.05,327598,515560,778366,817686,1103901,1556732,0,0,0,0,524,2620,0,144890,0,174.23,178.24,181.04
2732,0,18,44,60,87884,87884,87884,9395,9395,9395,591,591,591,0.05,0.08,0.10,0.02,0.04,0.05,0.00,0.01,0.01,0.00,0.00,0.00,0.00,0.00,0.00,0.00,0.00,0.00,0.01,0.03,0.05,385255,655701,1145265,838652,1314545,1928867,0,0,0,0,524,2620,0,136627,0,171.22,174.77,177.23
2732,1,17,44,70,87861,87861,87861,9418,9418,9418,591,591,591,0.05,0.08,0.09,0.03,0.04,0.05,0.00,0.01,0.01,0.00,0.00,0.00,0.00,0.00,0.00,0.00,0.00,0.00,0.01,0.03,0.05,369522,623741,917274,786217,1278405,1727096,0,524,2620,0,0,0,0,126534,0,158.41,161.97,166.01
2732,2,34,43,52,87766,87766,87766,9513,9513,9513,591,591,591,0.05,0.09,0.13,0.02,0.04,0.07,0.00,0.01,0.01,0.00,0.00,0.00,0.00,0.00,0.00,0.00,0.00,0.00,0.01,0.04,0.05,495279,767805,1210794,979913,1466675,1957713,0,0,0,0,534,2670,0,128438,0,158.18,161.95,166.52
2732,3,25,52,63,87767,87767,87767,9512,9512,9512,591,591,591,0.05,0.08,0.09,0.02,0.04,0.05,0.00,0.01,0.01,0.00,0.00,0.00,0.00,0.00,0.00,0.00,0.00,0.00,0.01,0.04,0.05,417870,565263,707588,885363,1211210,1417831,0,524,2620,0,0,0,0,140206,0,171.87,175.23,178.07
2733,0,33,43,53,87884,87884,87884,9395,9395,9395,591,591,591,0.06,0.10,0.12,0.03,0.05,0.06,0.00,0.01,0.01,0.00,0.00,0.00,0.00,0.00,0.00,0.00,0.00,0.00,0.01,0.04,0.05,424442,568714,922445,964166,1170880,1721723,0,0,0,0,0,0,0,139842,0,171.06,175.16,178.14
2733,1,32,47,69,87861,87861,87861,9418,9418,9418,591,591,591,0.06,0.10,0.12,0.03,0.05,0.06,0.01,0.01,0.01,0.00,0.00,0.00,0.00,0.00,0.00,0.00,0.00,0.00,0.01,0.04,0.05,353816,497403,725927,754809,1042505,1365372,0,524,2620,0,524,2620,0,128063,0,159.46,161.32,162.72
2733,2,35,49,67,87766,87766,87766,9513,9513,9513,591,591,591,0.05,0.10,0.13,0.02,0.05,0.06,0.00,0.01,0.01,0.00,0.00,0.00,0.00,0.00,0.00,0.00,0.00,0.00,0.01,0.04,0.05,503165,922474,1713862,909367,1480679,2214394,0,524,2620,0,524,2620,0,130015,0,158.19,160.36,162.55
2733,3,24,53,68,87767,87767,87767,9512,9512,9512,591,591,591,0.05,0.10,0.12,0.02,0.05,0.06,0.00,0.01,0.01,0.00,0.00,0.00,0.00,0.00,0.00,0.00,0.00,0.00,0.01,0.04,0.05,395727,623380,959175,904144,1196803,1441384,0,524,2620,0,0,0,0,160166,0,171.69,177.12,180.71
2734,0,35,47,65,87884,87884,87884,9395,9395,9395,591,591,591,0.05,0.09,0.12,0.02,0.04,0.06,0.00,0.01,0.01,0.00,0.00,0.00,0.00,0.00,0.00,0.00,0.00,0.00,0.01,0.04,0.05,445521,641366,1048278,935594,1242230,1580280,0,0,0,0,0,0,0,156756,0,170.32,173.59,176.07
2734,1,33,45,58,87861,87861,87861,9418,9418,9418,591,591,591,0.05,0.08,0.13,0.02,0.04,0.06,0.00,0.01,0.01,0.00,0.00,0.00,0.00,0.00,0.00,0.00,0.00,0.00,0.01,0.03,0.06,320363,624378,948681,938578,1256439,1506882,0,0,0,0,0,0,0,129008,0,158.62,160.50,163.59
2734,2,21,37,54,87766,87766,87766,9513,9513,9513,591,591,591,0.05,0.09,0.12,0.02,0.04,0.06,0.00,0.01,0.01,0.00,0.00,0.00,0.00,0.00,0.00,0.00,0.00,0.00,0.01,0.03,0.05,490045,785846,1132207,1032501,1461968,1808247,0,524,2620,0,1048,5240,0,129595,0,161.38,162.62,165.07
2734,3,27,51,61,87767,87767,87767,9512,9512,9512,591,591,591,0.05,0.09,0.12,0.02,0.04,0.06,0.00,0.01,0.01,0.00,0.00,0.00,0.00,0.00,0.00,0.00,0.00,0.00,0.01,0.04,0.05,387866,565705,757398,980148,1196454,1430931,0,522,2613,0,524,2620,0,141386,0,179.18,180.66,182.12
2735,0,37,52,70,87884,87884,87884,9395,9395,9395,591,591,591,0.05,0.09,0.12,0.02,0.04,0.06,0.00,0.01,0.01,0.00,0.00,0.00,0.00,0.00,0.00,0.00,0.00,0.00,0.01,0.03,0.05,343329,627403,912009,990676,1251664,1451955,0,0,0,0,524,2620,0,140267,0,171.57,174.96,177.33
2735,1,20,36,48,87861,87861,87861,9418,9418,9418,591,591,591,0.05,0.09,0.13,0.02,0.05,0.07,0.00,0.01,0.01,0.00,0.00,0.00,0.00,0.00,0.00,0.00,0.00,0.00,0.01,0.04,0.05,455999,647297,796721,1158343,1348579,1493790,0,524,2620,0,0,0,0,129341,0,154.62,157.73,161.60
2735,2,23,46,59,87766,87766,87766,9513,9513,9513,591,591,591,0.06,0.09,0.13,0.03,0.05,0.07,0.00,0.01,0.01,0.00,0.00,0.00,0.00,0.00,0.00,0.00,0.00,0.00,0.01,0.04,0.05,515653,738244,1058818,991230,1369472,1624826,0,0,0,0,524,2620,0,129808,0,157.83,160.72,163.01
2735,3,31,46,61,87767,87767,87767,9512,9512,9512,591,591,591,0.05,0.09,0.13,0.02,0.04,0.06,0.00,0.01,0.01,0.00,0.00,0.00,0.00,0.00,0.00,0.00,0.00,0.00,0.01,0.03,0.05,385250,518051,647328,833399,1133025,1454522,0,524,2620,0,0,0,0,106225,0,174.05,176.47,178.04
2736,0,21,44,62,87884,87884,87884,9395,9395,9395,591,591,591,0.05,0.09,0.12,0.02,0.04,0.06,0.00,0.01,0.01,0.00,0.00,0.00,0.00,0.00,0.00,0.00,0.00,0.00,0.01,0.04,0.05,385236,615870,904135,925091,1295297,1561926,0,655,2620,0,0,0,0,106988,0,171.35,173.20,174.59
2736,1,38,53,62,87861,87861,87861,9418,9418,9418,591,591,591,0.05,0.08,0.13,0.02,0.04,0.07,0.00,0.01,0.01,0.00,0.00,0.00,0.00,0.00,0.00,0.00,0.00,0.00,0.01,0.03,0.05,335448,526098,644699,1040415,1160300,1375869,0,655,2620,0,655,2620,0,96093,0,155.18,158.58,161.46
2736,2,49,53,56,87766,87766,87766,9513,9513,9513,591,591,591,0.05,0.08,0.11,0.02,0.04,0.05,0.00,0.01,0.01,0.00,0.00,0.00,0.00,0.00,0.00,0.00,0.00,0.00,0.01,0.03,0.05,516268,791454,1142663,1037778,1417801,1852896,0,0,0,0,0,0,0,113303,0,157.06,159.45,162.10
2736,3,33,54,75,87767,87767,87767,9512,9512,9512,591,591,591,0.05,0.09,0.13,0.02,0.04,0.07,0.00,0.01,0.01,0.00,0.00,0.00,0.00,0.00,0.00,0.00,0.00,0.00,0.01,0.04,0.05,406389,548679,635205,940427,1207192,1340989,0,0,0,0,0,0,0,137596,0,172.44,173.74,175.35
2737,0,41,51,59,87884,87884,87884,9395,9395,9395,591,591,591,0.05,0.09,0.13,0.02,0.04,0.06,0.00,0.01,0.01,0.00,0.00,0.00,0.00,0.00,0.00,0.00,0.00,0.00,0.01,0.04,0.05,353802,559757,673527,815055,1230249,1475471,0,0,0,0,524,2620,0,138461,0,171.26,174.32,176.14
2737,1,42,49,55,87861,87861,87861,9418,9418,9418,591,591,591,0.07,0.09,0.11,0.04,0.04,0.05,0.00,0.01,0.01,0.00,0.00,0.00,0.00,0.00,0.00,0.00,0.00,0.00,0.02,0.04,0.04,385247,554030,689443,896289,1165708,1389065,0,524,2620,0,524,2620,0,140199,0,157.90,161.35,162.75
2737,2,25,45,67,87766,87766,87766,9513,9513,9513,591,591,591,0.05,0.09,0.11,0.02,0.04,0.05,0.00,0.01,0.01,0.00,0.00,0.00,0.00,0.00,0.00,0.00,0.00,0.00,0.01,0.04,0.05,571207,989589,1750635,1063809,1634819,2243329,0,1048,5240,0,524,2620,0,126056,0,159.80,160.95,162.65
2737,3,25,42,53,87767,87767,87767,9512,9512,9512,591,591,591,0.07,0.09,0.10,0.03,0.04,0.05,0.01,0.01,0.01,0.00,0.00,0.00,0.00,0.00,0.00,0.00,0.00,0.00,0.01,0.03,0.05,403590,674930,866632,893664,1325232,1691373,0,0,0,0,524,2620,0,137045,0,173.60,176.29,179.20
2738,0,26,47,61,87884,87884,87884,9395,9395,9395,591,591,591,0.05,0.09,0.13,0.02,0.05,0.07,0.00,0.01,0.01,0.00,0.00,0.00,0.00,0.00,0.00,0.00,0.00,0.00,0.01,0.04,0.05,272526,647840,1171419,803604,1312283,1779405,0,1048,2620,0,0,0,0,138360,0,171.24,173.35,176.06
2738,1,25,47,69,87861,87861,87861,9418,9418,9418,591,591,591,0.05,0.09,0.13,0.02,0.05,0.07,0.00,0.01,0.01,0.00,0.00,0.00,0.00,0.00,0.00,0.00,0.00,0.00,0.01,0.04,0.05,440277,568149,676106,982762,1207056,1441260,0,0,0,0,1572,2620,0,125956,0,155.06,157.18,159.44
2738,2,29,51,58,87766,87766,87766,9513,9513,9513,591,591,591,0.07,0.09,0.13,0.03,0.04,0.07,0.00,0.01,0.01,0.00,0.00,0.00,0.00,0.00,0.00,0.00,0.00,0.00,0.01,0.03,0.05,495271,788814,1210704,1187079,1473329,1721715,0,524,2620,0,524,2620,0,127669,0,157.89,160.68,163.00
2738,3,33,52,65,87767,87767,87767,9512,9512,9512,591,591,591,0.05,0.09,0.13,0.02,0.05,0.07,0.00,0.01,0.01,0.00,0.00,0.00,0.00,0.00,0.00,0.00,0.00,0.00,0.01,0.04,0.05,353797,550294,823020,943618,1217907,1648662,0,524,2620,0,0,0,0,141636,0,174.16,176.32,178.69
2739,0,22,46,59,87884,87884,87884,9395,9395,9395,591,591,591,0.05,0.08,0.11,0.02,0.04,0.05,0.00,0.01,0.01,0.00,0.00,0.00,0.00,0.00,0.00,0.00,0.00,0.00,0.01,0.03,0.05,385246,622677,896270,809803,1256886,1653618,0,0,0,0,524,2620,0,143016,0,170.15,172.07,174.16
2739,1,15,44,57,87861,87861,87861,9418,9418,9418,591,591,591,0.06,0.09,0.10,0.03,0.04,0.05,0.00,0.01,0.01,0.00,0.00,0.00,0.00,0.00,0.00,0.00,0.00,0.00,0.01,0.04,0.05,390479,554025,822955,854338,1165532,1569904,0,1048,5241,0,0,0,0,131489,0,157.54,160.24,163.64
2739,2,23,46,61,87766,87766,87766,9513,9513,9513,591,591,591,0.07,0.10,0.13,0.04,0.05,0.07,0.01,0.01,0.01,0.00,0.00,0.00,0.00,0.00,0.00,0.00,0.00,0.00,0.02,0.04,0.05,457265,630384,767791,1098874,1235256,1389008,0,524,2620,0,862,2568,0,129792,0,157.03,159.20,162.13
2739,3,35,52,67,87767,87767,87767,9512,9512,9512,591,591,591,0.05,0.08,0.12,0.02,0.04,0.06,0.00,0.01,0.01,0.00,0.00,0.00,0.00,0.00,0.00,0.00,0.00,0.00,0.01,0.03,0.05,380012,543803,747164,917270,1198715,1606274,0,524,2620,0,520,2603,0,144444,0,174.10,177.07,180.16
2740,0,45,56,67,87884,87884,87884,9395,9395,9395,591,591,591,0.07,0.10,0.10,0.03,0.05,0.05,0.00,0.01,0.01,0.00,0.00,0.00,0.00,0.00,0.00,0.00,0.00,0.00,0.04,0.04,0.04,343291,546159,912046,778302,1058771,1588219,0,524,2620,0,524,2620,0,137911,0,173.24,176.59,179.16
2740,1,35,53,62,87861,87861,87861,9418,9418,9418,591,591,591,0.05,0.09,0.10,0.02,0.04,0.05,0.00,0.01,0.01,0.00,0.00,0.00,0.00,0.00,0.00,0.00,0.00,0.00,0.01,0.03,0.04,393117,501078,660415,864859,1049330,1438762,0,1048,5241,0,1048,2620,0,128012,0,158.50,163.14,165.43
2740,2,49,52,56,87766,87766,87766,9513,9513,9513,591,591,591,0.09,0.10,0.10,0.04,0.05,0.05,0.01,0.01,0.01,0.00,0.00,0.00,0.00,0.00,0.00,0.00,0.00,0.00,0.04,0.04,0.04,516251,862194,1664163,980092,1419864,2143757,0,1048,5241,0,524,2620,0,144782,0,160.75,163.95,165.85
2740,3,34,40,47,87767,87767,87767,9512,9512,9512,591,591,591,0.07,0.10,0.10,0.03,0.05,0.05,0.00,0.01,0.01,0.00,0.00,0.00,0.00,0.00,0.00,0.00,0.00,0.00,0.04,0.04,0.04,366658,436858,599990,826932,978742,1150200,0,0,0,0,524,2620,0,159789,0,177.33,179.17,182.57
2741,0,20,45,62,87884,87884,87884,9395,9395,9395,591,591,591,0.05,0.08,0.13,0.02,0.04,0.07,0.00,0.01,0.01,0.00,0.00,0.00,0.00,0.00,0.00,0.00,0.00,0.00,0.01,0.03,0.05,353805,667712,1116402,775752,1326357,1716535,0,524,2620,0,0,0,0,153883,0,169.44,170.79,172.57
2741,1,18,42,54,87861,87861,87861,9418,9418,9418,591,591,591,0.07,0.09,0.12,0.03,0.05,0.06,0.01,0.01,0.01,0.00,0.00,0.00,0.00,0.00,0.00,0.00,0.00,0.00,0.01,0.04,0.05,550337,674047,799300,1160920,1362249,1548932,0,0,0,0,1048,2620,0,125673,0,157.45,159.36,162.54
2741,2,24,49,63,87766,87766,87766,9513,9513,9513,591,591,591,0.05,0.09,0.12,0.02,0.04,0.06,0.00,0.01,0.01,0.00,0.00,0.00,0.00,0.00,0.00,0.00,0.00,0.00,0.01,0.04,0.05,657832,848029,1179217,1294698,1496900,1884127,0,524,2620,0,524,2620,0,127604,0,158.55,161.12,162.87
2741,3,31,47,61,87767,87767,87767,9512,9512,9512,591,591,591,0.06,0.09,0.12,0.03,0.05,0.06,0.01,0.01,0.01,0.00,0.00,0.00,0.00,0.00,0.00,0.00,0.00,0.00,0.01,0.04,0.05,343313,665308,905018,862214,1340928,1533018,0,524,2620,0,0,0,0,140548,0,173.46,175.94,178.42
2742,0,32,45,55,87884,87884,87884,9395,9395,9395,591,591,591,0.05,0.09,0.13,0.02,0.05,0.07,0.00,0.01,0.01,0.00,0.00,0.00,0.00,0.00,0.00,0.00,0.00,0.00,0.01,0.04,0.05,322325,562935,739068,817606,1252190,1538415,0,0,0,0,524,2620,0,134740,0,170.54,173.21,175.30
2742,1,33,49,67,87861,87861,87861,9418,9418,9418,591,591,591,0.05,0.08,0.09,0.02,0.04,0.05,0.00,0.01,0.01,0.00,0.00,0.00,0.00,0.00,0.00,0.00,0.00,0.00,0.01,0.03,0.05,340688,537362,794065,990616,1130306,1580269,0,349,1747,0,0,0,0,124230,0,157.79,159.43,161.40
2742,2,19,47,58,87766,87766,87766,9513,9513,9513,591,591,591,0.05,0.08,0.10,0.02,0.04,0.05,0.00,0.01,0.01,0.00,0.00,0.00,0.00,0.00,0.00,0.00,0.00,0.00,0.01,0.03,0.05,328829,731443,982774,779447,1359352,1548922,0,0,0,0,0,0,0,130306,0,156.33,157.97,159.94
2742,3,53,60,65,87767,87767,87767,9512,9512,9512,591,591,591,0.05,0.08,0.09,0.02,0.04,0.05,0.00,0.01,0.01,0.00,0.00,0.00,0.00,0.00,0.00,0.00,0.00,0.00,0.01,0.03,0.05,348560,561874,725931,859521,1201324,1454551,0,0,0,0,0,0,0,101515,0,173.47,174.14,174.77
2743,0,20,45,61,87884,87884,87884,9395,9395,9395,591,591,591,0.08,0.09,0.09,0.04,0.04,0.05,0.00,0.01,0.01,0.00,0.00,0.00,0.00,0.00,0.00,0.00,0.00,0.00,0.02,0.03,0.05,359043,663571,972309,754777,1251663,1436162,0,0,0,0,0,0,0,104807,0,168.85,172.62,175.07
2743,1,20,44,60,87861,87861,87861,9418,9418,9418,591,591,591,0.08,0.09,0.09,0.04,0.04,0.05,0.01,0.01,0.01,0.00,0.00,0.00,0.00,0.00,0.00,0.00,0.00,0.00,0.02,0.04,0.05,390456,596514,731396,917180,1267989,1606975,0,524,2620,0,524,2620,0,95494,0,155.26,158.67,160.35
2743,2,26,40,54,87766,87766,87766,9513,9513,9513,591,591,591,0.05,0.09,0.13,0.02,0.04,0.07,0.00,0.01,0.01,0.00,0.00,0.00,0.00,0.00,0.00,0.00,0.00,0.00,0.01,0.04,0.06,558209,788847,975964,1134763,1438161,1698395,0,1048,2620,0,524,2620,0,117086,0,160.59,162.27,165.25
2743,3,23,47,72,87767,87767,87767,9512,9512,9512,591,591,591,0.06,0.09,0.11,0.03,0.05,0.06,0.01,0.01,0.01,0.00,0.00,0.00,0.00,0.00,0.00,0.00,0.00,0.00,0.01,0.04,0.05,338083,520406,689240,767894,1165542,1480687,0,0,0,0,0,0,0,142688,0,171.44,175.23,177.94
2744,0,18,40,57,87884,87884,87884,9395,9395,9395,591,591,591,0.06,0.09,0.10,0.03,0.05,0.05,0.01,0.01,0.01,0.00,0.00,0.00,0.00,0.00,0.00,0.00,0.00,0.00,0.01,0.04,0.05,642066,672485,725964,1297301,1455565,1606519,0,0,0,0,0,0,0,139418,0,170.45,173.61,177.12
2744,1,9,36,53,87861,87861,87861,9418,9418,9418,591,591,591,0.06,0.09,0.11,0.03,0.05,0.06,0.00,0.01,0.01,0.00,0.00,0.00,0.00,0.00,0.00,0.00,0.00,0.00,0.01,0.03,0.05,440274,682966,904169,1053514,1434069,1648471,0,0,0,0,524,2620,0,144480,0,157.57,160.50,162.91
2744,2,38,47,56,87766,87766,87766,9513,9513,9513,591,591,591,0.05,0.09,0.13,0.02,0.04,0.07,0.00,0.01,0.01,0.00,0.00,0.00,0.00,0.00,0.00,0.00,0.00,0.00,0.01,0.03,0.05,597501,966448,1708341,1276242,1678202,2455085,0,0,0,0,524,2620,0,128424,0,158.81,161.01,161.99
2744,3,29,46,60,87767,87767,87767,9512,9512,9512,591,591,591,0.06,0.09,0.11,0.03,0.04,0.06,0.01,0.01,0.01,0.00,0.00,0.00,0.00,0.00,0.00,0.00,0.00,0.00,0.01,0.03,0.05,353792,783031,1237473,953928,1586309,2274951,0,524,2620,0,507,2536,0,143670,0,174.66,178.08,180.17
2745,0,36,46,55,87884,87884,87884,9395,9395,9395,591,591,591,0.05,0.10,0.12,0.02,0.05,0.06,0.00,0.01,0.01,0.00,0.00,0.00,0.00,0.00,0.00,0.00,0.00,0.00,0.01,0.04,0.05,524142,717373,974286,1147871,1432167,1893892,0,497,2485,0,497,2485,0,141675,0,175.28,177.71,180.49
2745,1,26,42,51,87861,87861,87861,9418,9418,9418,591,591,591,0.08,0.10,0.13,0.04,0.05,0.07,0.00,0.01,0.01,0.00,0.00,0.00,0.00,0.00,0.00,0.00,0.00,0.00,0.03,0.04,0.05,398256,600787,838625,990614,1240257,1403011,0,524,2620,0,524,2620,0,130786,0,163.63,164.57,165.43
2745,2,24,43,63,87766,87766,87766,9513,9513,9513,591,591,591,0.09,0.10,0.12,0.05,0.05,0.06,0.01,0.01,0.01,0.00,0.00,0.00,0.00,0.00,0.00,0.00,0.00,0.00,0.02,0.04,0.05,537240,901495,1590765,1103307,1591246,2445113,0,524,2620,0,0,0,0,129711,0,158.95,161.78,163.76
2745,3,38,47,59,87767,87767,87767,9512,9512,9512,591,591,591,0.08,0.10,0.13,0.04,0.05,0.07,0.01,0.01,0.01,0.00,0.00,0.00,0.00,0.00,0.00,0.00,0.00,0.00,0.04,0.04,0.05,374753,549819,778390,870058,1176162,1459809,0,0,0,0,0,0,0,142446,0,175.28,177.29,179.10
2746,0,18,39,69,87884,87884,87884,9395,9395,9395,591,591,591,0.07,0.09,0.12,0.03,0.05,0.06,0.01,0.01,0.01,0.00,0.00,0.00,0.00,0.00,0.00,0.00,0.00,0.00,0.01,0.04,0.05,429807,626870,891022,1037827,1262129,1438809,0,0,0,0,524,2620,0,140375,0,170.93,174.23,176.59
2746,1,19,45,67,87861,87861,87861,9418,9418,9418,591,591,591,0.06,0.08,0.11,0.03,0.04,0.06,0.01,0.01,0.01,0.00,0.00,0.00,0.00,0.00,0.00,0.00,0.00,0.00,0.01,0.03,0.05,364276,545629,626385,930345,1180888,1454578,0,1048,2620,0,0,0,0,130217,0,157.94,160.44,162.04
2746,2,33,44,55,87766,87766,87766,9513,9513,9513,591,591,591,0.05,0.09,0.13,0.02,0.04,0.06,0.00,0.01,0.01,0.00,0.00,0.00,0.00,0.00,0.00,0.00,0.00,0.00,0.01,0.03,0.05,545161,734026,884898,1069355,1368200,1498495,0,0,0,0,507,2535,0,129798,0,162.16,163.82,168.13
2746,3,21,50,81,87767,87767,87767,9512,9512,9512,591,591,591,0.05,0.08,0.12,0.02,0.04,0.06,0.00,0.01,0.01,0.00,0.00,0.00,0.00,0.00,0.00,0.00,0.00,0.00,0.01,0.03,0.05,364289,581794,704957,788857,1187179,1444059,0,0,0,0,524,2620,0,143516,0,174.97,177.03,179.83
2747,0,29,44,57,87884,87884,87884,9395,9395,9395,591,591,591,0.10,0.11,0.13,0.05,0.05,0.06,0.01,0.01,0.01,0.00,0.00,0.00,0.00,0.00,0.00,0.00,0.00,0.00,0.04,0.04,0.05,395719,493738,746918,888404,1103835,1462388,0,0,0,0,0,0,0,142726,0,172.99,176.21,179.31
2747,1,33,44,56,87861,87861,87861,9418,9418,9418,591,591,591,0.07,0.10,0.11,0.04,0.05,0.06,0.01,0.01,0.01,0.00,0.00,0.00,0.00,0.00,0.00,0.00,0.00,0.00,0.04,0.04,0.05,364279,489550,655186,843869,1080261,1365408,0,1048,2620,0,0,0,0,131309,0,160.46,162.74,164.25
2747,2,32,40,44,87766,87766,87766,9513,9513,9513,591,591,591,0.07,0.10,0.13,0.03,0.05,0.06,0.00,0.01,0.01,0.00,0.00,0.00,0.00,0.00,0.00,0.00,0.00,0.00,0.04,0.04,0.05,492679,811354,1509518,1085027,1433498,2156829,0,524,2620,0,1048,2620,0,148546,0,162.99,165.16,167.65
2747,3,39,45,62,87767,87767,87767,9512,9512,9512,591,591,591,0.08,0.10,0.11,0.04,0.05,0.06,0.01,0.01,0.01,0.00,0.00,0.00,0.00,0.00,0.00,0.00,0.00,0.00,0.04,0.04,0.05,335452,438702,631602,812423,1039887,1368035,0,524,2620,0,0,0,0,160676,0,179.71,180.64,182.31
2748,0,25,41,51,87884,87884,87884,9395,9395,9395,591,591,591,0.05,0.10,0.13,0.03,0.05,0.06,0.00,0.01,0.01,0.00,0.00,0.00,0.00,0.00,0.00,0.00,0.00,0.00,0.01,0.04,0.05,421936,720085,1024233,1008978,1377421,1577674,0,510,2554,0,0,0,0,159251,0,174.86,177.92,179.80
2748,1,26,42,56,87861,87861,87861,9418,9418,9418,591,591,591,0.08,0.10,0.12,0.04,0.05,0.06,0.01,0.01,0.01,0.00,0.00,0.00,0.00,0.00,0.00,0.00,0.00,0.00,0.02,0.04,0.05,214905,599620,948765,728581,1268947,1721930,0,0,0,0,1048,2620,0,147225,0,159.90,162.35,165.03
2748,2,25,40,50,87766,87766,87766,9513,9513,9513,591,591,591,0.04,0.10,0.13,0.02,0.05,0.06,0.00,0.01,0.01,0.00,0.00,0.00,0.00,0.00,0.00,0.00,0.00,0.00,0.01,0.04,0.05,518841,873746,1417847,1035061,1498519,2183118,0,524,2620,0,524,2620,0,131964,0,161.97,164.62,166.82
2748,3,30,45,69,87767,87767,87767,9512,9512,9512,591,591,591,0.06,0.10,0.13,0.03,0.05,0.06,0.01,0.01,0.01,0.00,0.00,0.00,0.00,0.00,0.00,0.00,0.00,0.00,0.01,0.04,0.05,389917,706233,1071279,942746,1335453,1732877,0,0,0,0,0,0,0,140867,0,177.62,180.41,183.31
2749,0,17,41,55,87884,87884,87884,9395,9395,9395,591,591,591,0.05,0.08,0.11,0.02,0.04,0.05,0.00,0.01,0.01,0.00,0.00,0.00,0.00,0.00,0.00,0.00,0.00,0.00,0.01,0.03,0.05,415820,545974,652484,917251,1188739,1428127,0,1048,2620,0,349,1747,0,141043,0,175.05,176.88,178.91
2749,1,40,51,59,87861,87861,87861,9418,9418,9418,591,591,591,0.07,0.09,0.12,0.03,0.05,0.06,0.00,0.01,0.01,0.00,0.00,0.00,0.00,0.00,0.00,0.00,0.00,0.00,0.02,0.04,0.05,323880,551197,812464,948322,1186091,1548923,0,1048,5241,0,1572,2620,0,129815,0,158.07,161.53,163.15
2749,2,25,43,52,87766,87766,87766,9513,9513,9513,591,591,591,0.05,0.09,0.12,0.02,0.05,0.06,0.00,0.01,0.01,0.00,0.00,0.00,0.00,0.00,0.00,0.00,0.00,0.00,0.01,0.04,0.05,534615,751086,1271063,1105919,1379521,1931492,0,2096,7861,0,524,2620,0,132812,0,159.54,161.98,164.21
2749,3,36,53,62,87767,87767,87767,9512,9512,9512,591,591,591,0.07,0.09,0.11,0.03,0.05,0.06,0.01,0.01,0.01,0.00,0.00,0.00,0.00,0.00,0.00,0.00,0.00,0.00,0.01,0.04,0.05,387871,555075,736463,880572,1167807,1522723,0,0,0,0,1572,5241,0,147244,0,175.77,178.97,181.13
2750,0,36,45,55,87884,87884,87884,9395,9395,9395,591,591,591,0.07,0.10,0.13,0.03,0.05,0.07,0.00,0.01,0.01,0.00,0.00,0.00,0.00,0.00,0.00,0.00,0.00,0.00,0.02,0.04,0.05,393085,651238,880526,877892,1263822,1585471,0,0,0,0,0,0,0,103943,0,173.87,176.87,180.73
2750,1,41,45,54,87861,87861,87861,9418,9418,9418,591,591,591,0.06,0.10,0.13,0.03,0.05,0.07,0.00,0.01,0.01,0.00,0.00,0.00,0.00,0.00,0.00,0.00,0.00,0.00,0.02,0.04,0.05,369521,527418,720714,830767,1176046,1611780,0,655,2620,0,0,0,0,96859,0,159.74,162.49,165.41
2750,2,24,48,62,87766,87766,87766,9513,9513,9513,591,591,591,0.06,0.09,0.11,0.03,0.05,0.06,0.01,0.01,0.01,0.00,0.00,0.00,0.00,0.00,0.00,0.00,0.00,0.00,0.01,0.04,0.05,576575,705803,815830,1202946,1366535,1558179,0,0,0,0,1956,2676,0,118677,0,163.17,163.65,164.91
2750,3,48,57,77,87767,87767,87767,9512,9512,9512,591,591,591,0.08,0.09,0.10,0.04,0.05,0.05,0.00,0.01,0.01,0.00,0.00,0.00,0.00,0.00,0.00,0.00,0.00,0.00,0.03,0.04,0.05,343297,465173,744312,846494,1077758,1522695,0,1310,2620,0,0,0,0,108073,0,177.83,179.73,182.86
2751,0,37,42,54,87884,87884,87884,9395,9395,9395,591,591,591,0.04,0.10,0.13,0.02,0.05,0.06,0.00,0.01,0.01,0.00,0.00,0.00,0.00,0.00,0.00,0.00,0.00,0.00,0.01,0.04,0.05,356408,519410,647227,893642,1125824,1409750,0,0,0,0,0,0,0,142514,0,171.39,174.62,177.08
2751,1,33,45,61,87861,87861,87861,9418,9418,9418,591,591,591,0.04,0.10,0.13,0.02,0.05,0.06,0.00,0.01,0.01,0.00,0.00,0.00,0.00,0.00,0.00,0.00,0.00,0.00,0.01,0.04,0.05,359043,558741,825581,843882,1138968,1509635,0,0,0,0,0,0,0,149464,0,157.15,159.68,161.34
2751,2,30,48,59,87766,87766,87766,9513,9513,9513,591,591,591,0.07,0.10,0.11,0.03,0.05,0.05,0.01,0.01,0.01,0.00,0.00,0.00,0.00,0.00,0.00,0.00,0.00,0.00,0.01,0.04,0.04,516277,947609,1826485,1058761,1519432,2426579,0,0,0,0,0,0,0,134980,0,162.19,164.51,165.64
2751,3,32,53,65,87767,87767,87767,9512,9512,9512,591,591,591,0.05,0.10,0.12,0.02,0.05,0.06,0.00,0.01,0.01,0.00,0.00,0.00,0.00,0.00,0.00,0.00,0.00,0.00,0.01,0.04,0.05,335440,689251,974953,843843,1278380,1522709,0,0,0,0,0,0,0,164296,0,176.82,178.38,179.93
2752,0,25,42,72,87884,87884,87884,9395,9395,9395,591,591,591,0.05,0.09,0.13,0.02,0.04,0.07,0.00,0.01,0.01,0.00,0.00,0.00,0.00,0.00,0.00,0.00,0.00,0.00,0.01,0.03,0.05,466486,713652,1147911,1236976,1411773,1664209,0,0,0,0,524,2620,0,157848,0,171.36,173.67,175.58
2752,1,19,40,58,87861,87861,87861,9418,9418,9418,591,591,591,0.05,0.09,0.13,0.02,0.05,0.06,0.00,0.01,0.01,0.00,0.00,0.00,0.00,0.00,0.00,0.00,0.00,0.00,0.01,0.04,0.05,526760,641561,788838,1074485,1328725,1504295,0,1048,5241,0,524,2620,0,128714,0,159.71,160.17,160.86
2752,2,43,50,58,87766,87766,87766,9513,9513,9513,591,591,591,0.08,0.09,0.13,0.04,0.05,0.06,0.00,0.01,0.01,0.00,0.00,0.00,0.00,0.00,0.00,0.00,0.00,0.00,0.02,0.04,0.05,469070,823426,1527926,1155643,1489078,2080915,0,1048,2620,0,524,2620,0,129631,0,162.32,163.94,166.19
2752,3,25,45,67,87767,87767,87767,9512,9512,9512,591,591,591,0.05,0.09,0.13,0.02,0.04,0.07,0.00,0.01,0.01,0.00,0.00,0.00,0.00,0.00,0.00,0.00,0.00,0.00,0.01,0.03,0.05,432328,601759,783576,1069239,1290656,1459705,0,0,0,0,349,1747,0,142262,0,175.41,178.88,180.47
2753,0,26,46,60,87884,87884,87884,9395,9395,9395,591,591,591,0.05,0.09,0.10,0.02,0.04,0.05,0.00,0.01,0.01,0.00,0.00,0.00,0.00,0.00,0.00,0.00,0.00,0.00,0.01,0.04,0.05,398339,606951,1098070,893655,1252164,1837106,0,524,2620,0,524,2620,0,139607,0,173.65,174.86,176.60
2753,1,33,46,54,87861,87861,87861,9418,9418,9418,591,591,591,0.06,0.09,0.11,0.03,0.04,0.05,0.01,0.01,0.01,0.00,0.00,0.00,0.00,0.00,0.00,0.00,0.00,0.00,0.01,0.03,0.05,421848,569478,672627,922302,1186996,1478079,0,349,1747,0,511,2557,0,126520,0,158.43,160.17,162.42
2753,2,36,43,48,87766,87766,87766,9513,9513,9513,591,591,591,0.05,0.09,0.12,0.02,0.04,0.06,0.00,0.01,0.01,0.00,0.00,0.00,0.00,0.00,0.00,0.00,0.00,0.00,0.01,0.03,0.05,526750,797198,1268428,1029926,1434013,2010091,0,0,0,0,524,2620,0,130271,0,161.20,163.11,165.75
2753,3,34,51,66,87767,87767,87767,9512,9512,9512,591,591,591,0.05,0.09,0.11,0.02,0.04,0.05,0.00,0.01,0.01,0.00,0.00,0.00,0.00,0.00,0.00,0.00,0.00,0.00,0.01,0.04,0.05,353787,493744,665659,788815,1104375,1446630,0,524,2620,0,0,0,0,139109,0,175.01,177.18,179.99
2754,0,30,39,46,87884,87884,87884,9395,9395,9395,591,591,591,0.05,0.10,0.13,0.02,0.05,0.07,0.00,0.01,0.01,0.00,0.00,0.00,0.00,0.00,0.00,0.00,0.00,0.00,0.01,0.04,0.05,393111,555071,694485,1121679,1228077,1501698,0,0,0,0,0,0,0,139986,0,169.64,173.83,176.19
2754,1,28,47,57,87861,87861,87861,9418,9418,9418,591,591,591,0.04,0.10,0.13,0.02,0.05,0.07,0.00,0.01,0.01,0.00,0.00,0.00,0.00,0.00,0.00,0.00,0.00,0.00,0.01,0.04,0.05,382620,562404,912006,859585,1256892,1564562,0,0,0,0,524,2620,0,129834,0,159.96,162.76,163.91
2754,2,19,37,58,87766,87766,87766,9513,9513,9513,591,591,591,0.08,0.09,0.10,0.04,0.05,0.05,0.01,0.01,0.01,0.00,0.00,0.00,0.00,0.00,0.00,0.00,0.00,0.00,0.02,0.04,0.04,479547,900980,1986502,956641,1590952,2851338,0,538,2693,0,0,0,0,147486,0,162.40,163.01,164.22
2754,3,31,50,67,87767,87767,87767,9512,9512,9512,591,591,591,0.07,0.10,0.13,0.03,0.05,0.07,0.00,0.01,0.01,0.00,0.00,0.00,0.00,0.00,0.00,0.00,0.00,0.00,0.02,0.04,0.05,379992,581280,788835,828121,1259005,1614360,0,0,0,0,0,0,0,158038,0,174.03,177.73,181.34
2755,0,40,48,57,87884,87884,87884,9395,9395,9395,591,591,591,0.05,0.09,0.13,0.02,0.05,0.07,0.00,0.01,0.01,0.00,0.00,0.00,0.00,0.00,0.00,0.00,0.00,0.00,0.01,0.04,0.05,406217,653075,1113788,927747,1308771,1834475,0,0,0,0,524,2620,0,164521,0,170.72,173.92,175.83
2755,1,27,43,60,87861,87861,87861,9418,9418,9418,591,591,591,0.05,0.09,0.13,0.02,0.05,0.07,0.00,0.01,0.01,0.00,0.00,0.00,0.00,0.00,0.00,0.00,0.00,0.00,0.01,0.04,0.05,395730,545636,809811,914625,1163079,1506931,0,1048,2620,0,524,2620,0,148666,0,156.16,161.44,165.79
2755,2,25,48,59,87766,87766,87766,9513,9513,9513,591,591,591,0.08,0.09,0.12,0.04,0.05,0.06,0.00,0.01,0.01,0.00,0.00,0.00,0.00,0.00,0.00,0.00,0.00,0.00,0.02,0.04,0.05,476964,848569,1257953,953929,1476483,2036311,0,1048,5240,0,524,2620,0,131708,0,160.41,161.38,161.97
2755,3,35,48,64,87767,87767,87767,9512,9512,9512,591,591,591,0.05,0.10,0.13,0.02,0.05,0.07,0.00,0.01,0.01,0.00,0.00,0.00,0.00,0.00,0.00,0.00,0.00,0.00,0.01,0.04,0.05,366919,626958,985381,828189,1257471,1588141,0,0,0,0,1039,2620,0,141336,0,173.25,176.08,177.63
2756,0,34,45,58,87884,87884,87884,9395,9395,9395,591,591,591,0.05,0.10,0.13,0.02,0.05,0.06,0.00,0.01,0.01,0.00,0.00,0.00,0.00,0.00,0.00,0.00,0.00,0.00,0.01,0.04,0.06,246347,451341,600610,791455,998693,1239179,0,524,2620,0,0,0,0,141333,0,175.12,179.35,181.01
2756,1,35,50,64,87861,87861,87861,9418,9418,9418,591,591,591,0.05,0.09,0.12,0.02,0.05,0.06,0.00,0.01,0.01,0.00,0.00,0.00,0.00,0.00,0.00,0.00,0.00,0.00,0.01,0.04,0.05,345933,499253,791451,780970,1057046,1512144,0,0,0,0,0,0,0,131105,0,161.78,165.02,169.78
2756,2,37,49,57,87766,87766,87766,9513,9513,9513,591,591,591,0.09,0.10,0.10,0.04,0.05,0.05,0.01,0.01,0.01,0.00,0.00,0.00,0.00,0.00,0.00,0.00,0.00,0.00,0.04,0.04,0.05,521459,695002,1354936,982649,1261588,2101854,0,524,2620,0,524,2620,0,129433,0,160.06,161.99,164.20
2756,3,44,52,60,87767,87767,87767,9512,9512,9512,591,591,591,0.07,0.10,0.13,0.03,0.05,0.07,0.01,0.01,0.01,0.00,0.00,0.00,0.00,0.00,0.00,0.00,0.00,0.00,0.02,0.04,0.05,359040,456706,585290,836010,997452,1158351,0,524,2620,0,0,0,0,142768,0,176.55,180.49,183.47
2757,0,40,44,50,87884,87884,87884,9395,9395,9395,591,591,591,0.05,0.08,0.12,0.02,0.04,0.06,0.00,0.01,0.01,0.00,0.00,0.00,0.00,0.00,0.00,0.00,0.00,0.00,0.01,0.03,0.05,382625,712172,1174071,919874,1373898,1902625,0,0,0,0,0,0,0,104700,0,173.28,175.50,177.62
2757,1,43,48,56,87861,87861,87861,9418,9418,9418,591,591,591,0.07,0.09,0.11,0.04,0.04,0.05,0.01,0.01,0.01,0.00,0.00,0.00,0.00,0.00,0.00,0.00,0.00,0.00,0.02,0.03,0.04,307499,535498,927724,919004,1200068,1658897,0,0,0,0,655,2620,0,96436,0,159.81,162.64,164.64
2757,2,23,43,56,87766,87766,87766,9513,9513,9513,591,591,591,0.06,0.09,0.11,0.03,0.04,0.05,0.01,0.01,0.01,0.00,0.00,0.00,0.00,0.00,0.00,0.00,0.00,0.00,0.01,0.03,0.05,557899,710130,1037767,1126921,1372635,1706027,0,0,0,0,0,0,0,115054,0,161.33,163.16,166.65
2757,3,34,49,59,87767,87767,87767,9512,9512,9512,591,591,591,0.07,0.09,0.11,0.04,0.04,0.06,0.00,0.01,0.01,0.00,0.00,0.00,0.00,0.00,0.00,0.00,0.00,0.00,0.02,0.03,0.05,345925,529391,678759,967017,1221267,1512139,0,0,0,0,0,0,0,105978,0,175.48,177.51,181.22
2758,0,25,52,71,87884,87884,87884,9395,9395,9395,591,591,591,0.08,0.09,0.10,0.04,0.05,0.05,0.00,0.01,0.01,0.00,0.00,0.00,0.00,0.00,0.00,0.00,0.00,0.00,0.04,0.04,0.05,348470,508944,673562,754582,1074496,1451959,0,0,0,0,0,0,0,142608,0,173.08,174.83,176.79
2758,1,31,44,60,87861,87861,87861,9418,9418,9418,591,591,591,0.08,0.09,0.11,0.04,0.05,0.05,0.00,0.01,0.01,0.00,0.00,0.00,0.00,0.00,0.00,0.00,0.00,0.00,0.04,0.04,0.05,387745,574983,836045,817409,1139485,1582982,0,523,2619,0,0,0,0,147897,0,158.86,161.62,164.28
2758,2,25,48,63,87766,87766,87766,9513,9513,9513,591,591,591,0.07,0.10,0.13,0.03,0.05,0.06,0.00,0.01,0.01,0.00,0.00,0.00,0.00,0.00,0.00,0.00,0.00,0.00,0.01,0.04,0.08,639466,954635,1540565,1250103,1514244,1738074,0,524,2620,0,524,2620,0,127636,0,160.34,162.88,164.83
2758,3,44,54,66,87767,87767,87767,9512,9512,9512,591,591,591,0.09,0.10,0.11,0.04,0.05,0.05,0.01,0.01,0.01,0.00,0.00,0.00,0.00,0.00,0.00,0.00,0.00,0.00,0.04,0.04,0.05,385243,700784,1003726,867454,1278393,1514892,0,0,0,0,524,2620,0,159819,0,174.48,176.64,178.60
2759,0,18,47,59,87884,87884,87884,9395,9395,9395,591,591,591,0.05,0.08,0.10,0.02,0.04,0.05,0.00,0.01,0.01,0.00,0.00,0.00,0.00,0.00,0.00,0.00,0.00,0.00,0.01,0.03,0.05,364275,652025,1040384,951308,1276799,1606437,0,0,0,0,524,2620,0,160030,0,170.14,172.57,173.93
2759,1,26,52,68,87861,87861,87861,9418,9418,9418,591,591,591,0.05,0.08,0.10,0.02,0.04,0.05,0.00,0.01,0.01,0.00,0.00,0.00,0.00,0.00,0.00,0.00,0.00,0.00,0.01,0.03,0.05,374732,505270,804591,911937,1123752,1501729,0,524,2620,0,524,2620,0,129477,0,157.37,159.78,162.25
2759,2,35,46,59,87766,87766,87766,9513,9513,9513,591,591,591,0.05,0.08,0.13,0.02,0.04,0.07,0.00,0.01,0.01,0.00,0.00,0.00,0.00,0.00,0.00,0.00,0.00,0.00,0.01,0.03,0.05,511032,794544,1218330,961790,1461748,1923128,0,524,2620,0,524,2620,0,126434,0,159.25,161.78,164.01
2759,3,29,55,67,87767,87767,87767,9512,9512,9512,591,591,591,0.07,0.09,0.10,0.03,0.05,0.05,0.01,0.01,0.01,0.00,0.00,0.00,0.00,0.00,0.00,0.00,0.00,0.00,0.01,0.04,0.05,340575,496365,639593,911694,1131791,1365689,0,524,2620,0,0,0,0,142827,0,177.62,178.66,179.93
2760,0,26,46,62,87884,87884,87884,9395,9395,9395,591,591,591,0.07,0.09,0.12,0.03,0.05,0.06,0.00,0.01,0.01,0.00,0.00,0.00,0.00,0.00,0.00,0.00,0.00,0.00,0.02,0.04,0.05,351474,593544,914596,878686,1250366,1546165,0,698,3494,0,0,0,0,134625,0,170.74,172.39,175.38
2760,1,15,38,62,87861,87861,87861,9418,9418,9418,591,591,591,0.05,0.09,0.13,0.02,0.05,0.06,0.00,0.01,0.01,0.00,0.00,0.00,0.00,0.00,0.00,0.00,0.00,0.00,0.01,0.04,0.05,442218,653479,951308,1118401,1357947,1732273,0,0,0,0,1562,2620,0,123619,0,155.99,158.44,160.28
2760,2,19,48,71,87766,87766,87766,9513,9513,9513,591,591,591,0.06,0.09,0.12,0.03,0.05,0.06,0.01,0.01,0.01,0.00,0.00,0.00,0.00,0.00,0.00,0.00,0.00,0.00,0.01,0.04,0.05,463862,800889,1029962,1008966,1447683,1779503,0,1048,5241,0,0,0,0,126588,0,159.60,162.20,165.46
2760,3,18,47,61,87767,87767,87767,9512,9512,9512,591,591,591,0.05,0.08,0.10,0.02,0.04,0.05,0.00,0.01,0.01,0.00,0.00,0.00,0.00,0.00,0.00,0.00,0.00,0.00,0.01,0.03,0.05,345822,566074,825530,872724,1243254,1666784,0,0,0,0,523,2619,0,137973,0,173.94,176.33,178.25
2761,0,26,38,54,87884,87884,87884,9395,9395,9395,591,591,591,0.05,0.08,0.13,0.02,0.04,0.07,0.00,0.01,0.01,0.00,0.00,0.00,0.00,0.00,0.00,0.00,0.00,0.00,0.01,0.03,0.05,393101,644694,825510,1124271,1406273,1745365,0,524,2620,0,0,0,0,134728,0,169.36,171.03,173.53
2761,1,28,51,67,87861,87861,87861,9418,9418,9418,591,591,591,0.05,0.08,0.13,0.02,0.04,0.07,0.00,0.01,0.01,0.00,0.00,0.00,0.00,0.00,0.00,0.00,0.00,0.00,0.01,0.03,0.05,380010,540849,830777,1048278,1238365,1535758,0,1048,2620,0,524,2620,0,124455,0,154.31,155.60,157.12
2761,2,24,43,56,87766,87766,87766,9513,9513,9513,591,591,591,0.05,0.07,0.09,0.02,0.04,0.05,0.00,0.01,0.01,0.00,0.00,0.00,0.00,0.00,0.00,0.00,0.00,0.00,0.01,0.03,0.05,483411,882596,1609793,1020238,1640257,2468692,0,534,2670,0,1184,3352,0,143048,0,158.15,160.23,161.99
2761,3,33,56,73,87767,87767,87767,9512,9512,9512,591,591,591,0.05,0.08,0.13,0.02,0.04,0.07,0.00,0.01,0.01,0.00,0.00,0.00,0.00,0.00,0.00,0.00,0.00,0.00,0.01,0.03,0.05,340693,590198,896316,967012,1299379,1582968,0,524,2620,0,0,0,0,153376,0,174.39,175.80,179.71
2762,0,32,49,61,87884,87884,87884,9395,9395,9395,591,591,591,0.09,0.09,0.10,0.04,0.05,0.05,0.00,0.01,0.01,0.00,0.00,0.00,0.00,0.00,0.00,0.00,0.00,0.00,0.02,0.04,0.05,330205,635780,1108489,720704,1269471,1768866,0,0,0,0,524,2620,0,156499,0,168.83,173.09,176.76
2762,1,19,47,68,87861,87861,87861,9418,9418,9418,591,591,591,0.09,0.09,0.10,0.04,0.05,0.05,0.00,0.01,0.01,0.00,0.00,0.00,0.00,0.00,0.00,0.00,0.00,0.00,0.02,0.04,0.05,421953,596492,951357,864873,1238060,1656358,0,524,2620,0,0,0,0,143995,0,154.54,158.74,162.11
2762,2,31,49,62,87766,87766,87766,9513,9513,9513,591,591,591,0.05,0.10,0.12,0.02,0.05,0.06,0.00,0.01,0.01,0.00,0.00,0.00,0.00,0.00,0.00,0.00,0.00,0.00,0.01,0.04,0.05,513652,874249,1286787,982752,1512643,2046804,0,0,0,0,524,2620,0,131515,0,157.93,161.30,163.35
2762,3,23,50,70,87767,87767,87767,9512,9512,9512,591,591,591,0.08,0.09,0.11,0.04,0.05,0.05,0.01,0.01,0.01,0.00,0.00,0.00,0.00,0.00,0.00,0.00,0.00,0.00,0.01,0.04,0.05,374793,675083,1176765,783658,1352261,2059994,0,0,0,0,524,2620,0,142597,0,172.64,175.14,178.07
2763,0,25,43,61,87884,87884,87884,9395,9395,9395,591,591,591,0.07,0.09,0.10,0.04,0.05,0.05,0.01,0.01,0.01,0.00,0.00,0.00,0.00,0.00,0.00,0.00,0.00,0.00,0.01,0.04,0.04,410692,485726,699727,880793,1031555,1333937,0,0,0,0,0,0,0,141924,0,174.82,177.72,179.44
2763,1,38,55,68,87861,87861,87861,9418,9418,9418,591,591,591,0.07,0.10,0.10,0.03,0.05,0.05,0.01,0.01,0.01,0.00,0.00,0.00,0.00,0.00,0.00,0.00,0.00,0.00,0.01,0.04,0.04,380009,480088,553000,841263,985339,1166228,0,0,0,0,524,2620,0,132240,0,161.72,163.10,165.34
2763,2,32,41,53,87766,87766,87766,9513,9513,9513,591,591,591,0.07,0.10,0.13,0.04,0.05,0.06,0.01,0.01,0.01,0.00,0.00,0.00,0.00,0.00,0.00,0.00,0.00,0.00,0.04,0.04,0.05,524062,682404,953880,977376,1225393,1535766,0,524,2620,0,0,0,0,131121,0,160.72,163.76,166.07
2763,3,48,58,64,87767,87767,87767,9512,9512,9512,591,591,591,0.08,0.10,0.11,0.04,0.05,0.06,0.01,0.01,0.01,0.00,0.00,0.00,0.00,0.00,0.00,0.00,0.00,0.00,0.03,0.04,0.05,374756,444471,550344,835996,951315,1142619,0,524,2620,0,0,0,0,144157,0,178.82,181.32,183.93
2764,0,33,46,61,87884,87884,87884,9395,9395,9395,591,591,591,0.10,0.10,0.11,0.05,0.05,0.06,0.01,0.01,0.01,0.00,0.00,0.00,0.00,0.00,0.00,0.00,0.00,0.00,0.04,0.04,0.05,351177,653211,990625,822909,1119041,1483318,0,0,0,0,1310,2620,0,104686,0,177.60,179.90,182.29
2764,1,24,42,51,87861,87861,87861,9418,9418,9418,591,591,591,0.10,0.10,0.11,0.05,0.05,0.05,0.01,0.01,0.01,0.00,0.00,0.00,0.00,0.00,0.00,0.00,0.00,0.00,0.04,0.04,0.04,227137,506266,718153,719851,1088095,1527943,0,1528,3494,0,655,2620,0,97033,0,161.25,164.08,166.82
2764,2,49,50,52,87766,87766,87766,9513,9513,9513,591,591,591,0.05,0.09,0.12,0.03,0.04,0.06,0.00,0.01,0.01,0.00,0.00,0.00,0.00,0.00,0.00,0.00,0.00,0.00,0.01,0.03,0.05,534534,692498,1113825,1024523,1248064,1748050,0,655,2620,0,655,2620,0,98165,0,161.75,162.58,163.69
2764,3,26,41,52,87767,87767,87767,9512,9512,9512,591,591,591,0.07,0.10,0.11,0.03,0.05,0.05,0.01,0.01,0.01,0.00,0.00,0.00,0.00,0.00,0.00,0.00,0.00,0.00,0.01,0.04,0.04,393019,452021,508270,827960,1016069,1160639,0,0,0,0,655,2620,0,106979,0,180.53,181.26,182.17
2765,0,16,39,55,87884,87884,87884,9395,9395,9395,591,591,591,0.08,0.09,0.10,0.04,0.05,0.05,0.01,0.01,0.01,0.00,0.00,0.00,0.00,0.00,0.00,0.00,0.00,0.00,0.02,0.04,0.05,369415,466451,626389,825289,1176639,1564781,0,1047,2620,0,523,2619,0,141754,0,175.61,177.86,179.96
2765,1,16,48,64,87861,87861,87861,9418,9418,9418,591,591,591,0.09,0.09,0.10,0.04,0.05,0.05,0.01,0.01,0.01,0.00,0.00,0.00,0.00,0.00,0.00,0.00,0.00,0.00,0.04,0.04,0.05,351243,568193,775786,791608,1151063,1509638,0,524,2621,0,1048,2620,0,146134,0,159.18,162.05,166.36
2765,2,33,48,66,87766,87766,87766,9513,9513,9513,591,591,591,0.07,0.09,0.12,0.03,0.05,0.06,0.00,0.01,0.01,0.00,0.00,0.00,0.00,0.00,0.00,0.00,0.00,0.00,0.03,0.04,0.05,465335,842829,1406169,973663,1439055,2072976,0,345,1727,0,543,2718,0,131070,0,161.24,163.69,167.77
2765,3,22,49,63,87767,87767,87767,9512,9512,9512,591,591,591,0.09,0.10,0.10,0.04,0.05,0.05,0.01,0.01,0.01,0.00,0.00,0.00,0.00,0.00,0.00,0.00,0.00,0.00,0.04,0.04,0.05,385244,700221,972254,794075,1319207,1609121,0,524,2620,0,0,0,0,159190,0,176.80,177.83,178.56
2766,0,23,40,52,87884,87884,87884,9395,9395,9395,591,591,591,0.05,0.09,0.10,0.02,0.04,0.05,0.00,0.01,0.01,0.00,0.00,0.00,0.00,0.00,0.00,0.00,0.00,0.00,0.01,0.04,0.05,406220,677733,1134741,1011620,1331323,1692939,0,0,0,0,0,0,0,159282,0,171.94,173.98,175.19
2766,1,32,47,58,87861,87861,87861,9418,9418,9418,591,591,591,0.05,0.08,0.12,0.02,0.04,0.06,0.00,0.01,0.01,0.00,0.00,0.00,0.00,0.00,0.00,0.00,0.00,0.00,0.01,0.03,0.05,421940,588079,741573,1037804,1245877,1475592,0,0,0,0,0,0,0,128963,0,158.55,161.28,164.23
2766,2,42,49,54,87766,87766,87766,9513,9513,9513,591,591,591,0.05,0.09,0.13,0.02,0.04,0.07,0.00,0.01,0.01,0.00,0.00,0.00,0.00,0.00,0.00,0.00,0.00,0.00,0.01,0.03,0.05,500524,701797,1195076,1035185,1388386,1968207,0,0,0,0,0,0,0,126556,0,163.00,165.05,170.06
2766,3,34,53,67,87767,87767,87767,9512,9512,9512,591,591,591,0.05,0.08,0.13,0.02,0.04,0.07,0.00,0.01,0.01,0.00,0.00,0.00,0.00,0.00,0.00,0.00,0.00,0.00,0.01,0.03,0.05,366904,546518,838624,799326,1203359,1677249,0,0,0,0,0,0,0,140374,0,172.58,175.84,177.63
2767,0,34,41,48,87884,87884,87884,9395,9395,9395,591,591,591,0.05,0.10,0.13,0.02,0.05,0.07,0.00,0.01,0.01,0.00,0.00,0.00,0.00,0.00,0.00,0.00,0.00,0.00,0.01,0.04,0.06,440351,651353,976371,786173,1204491,1720406,0,0,0,0,0,0,0,140547,0,168.99,174.09,176.41
2767,1,24,48,64,87861,87861,87861,9418,9418,9418,591,591,591,0.05,0.10,0.13,0.02,0.05,0.06,0.00,0.01,0.01,0.00,0.00,0.00,0.00,0.00,0.00,0.00,0.00,0.00,0.01,0.04,0.05,400972,598027,807201,974914,1237459,1666818,0,524,2620,0,524,2620,0,130332,0,156.46,159.49,161.21
2767,2,21,45,60,87766,87766,87766,9513,9513,9513,591,591,591,0.07,0.09,0.11,0.03,0.05,0.05,0.01,0.01,0.01,0.00,0.00,0.00,0.00,0.00,0.00,0.00,0.00,0.00,0.01,0.04,0.05,484809,702886,893685,1022052,1317189,1567268,0,1048,2620,0,1572,5241,0,129793,0,158.92,160.49,162.84
2767,3,27,52,71,87767,87767,87767,9512,9512,9512,591,591,591,0.05,0.10,0.13,0.02,0.05,0.06,0.00,0.01,0.01,0.00,0.00,0.00,0.00,0.00,0.00,0.00,0.00,0.00,0.01,0.04,0.05,377386,512606,649931,938225,1141570,1454484,0,1048,5241,0,524,2620,0,144888,0,175.94,179.08,182.05
2768,0,21,42,51,87884,87884,87884,9395,9395,9395,591,591,591,0.05,0.09,0.12,0.02,0.04,0.06,0.00,0.01,0.01,0.00,0.00,0.00,0.00,0.00,0.00,0.00,0.00,0.00,0.01,0.04,0.06,338073,544589,699770,773113,1156274,1541067,0,0,0,0,0,0,0,139072,0,171.37,174.36,179.31
2768,1,14,41,58,87861,87861,87861,9418,9418,9418,591,591,591,0.08,0.09,0.10,0.04,0.04,0.05,0.01,0.01,0.01,0.00,0.00,0.00,0.00,0.00,0.00,0.00,0.00,0.00,0.02,0.04,0.04,369514,562408,995863,867487,1199245,1808277,0,0,0,0,0,0,0,128664,0,157.54,159.59,163.24
2768,2,23,47,60,87766,87766,87766,9513,9513,9513,591,591,591,0.05,0.09,0.11,0.02,0.04,0.06,0.00,0.01,0.01,0.00,0.00,0.00,0.00,0.00,0.00,0.00,0.00,0.00,0.01,0.04,0.05,558216,991666,1994258,1155743,1623259,2513133,0,0,0,0,524,2620,0,148613,0,162.06,164.00,166.73
2768,3,43,53,62,87767,87767,87767,9512,9512,9512,591,591,591,0.08,0.09,0.10,0.04,0.04,0.05,0.01,0.01,0.01,0.00,0.00,0.00,0.00,0.00,0.00,0.00,0.00,0.00,0.01,0.04,0.05,348545,515761,757409,867460,1103329,1375916,0,524,2620,0,0,0,0,161961,0,176.76,178.85,181.85
2769,0,22,48,60,87884,87884,87884,9395,9395,9395,591,591,591,0.07,0.09,0.10,0.03,0.04,0.05,0.00,0.01,0.01,0.00,0.00,0.00,0.00,0.00,0.00,0.00,0.00,0.00,0.02,0.03,0.05,343307,551388,938241,1090216,1433522,2219828,0,524,2620,0,524,2620,0,155204,0,172.67,173.08,173.73
2769,1,21,39,60,87861,87861,87861,9418,9418,9418,591,591,591,0.07,0.09,0.11,0.03,0.04,0.05,0.01,0.01,0.01,0.00,0.00,0.00,0.00,0.00,0.00,0.00,0.00,0.00,0.01,0.04,0.05,400854,609066,872746,833148,1259023,1677349,0,524,2620,0,523,2619,0,144786,0,157.73,159.14,160.24
2769,2,26,42,62,87766,87766,87766,9513,9513,9513,591,591,591,0.05,0.09,0.13,0.02,0.04,0.07,0.00,0.01,0.01,0.00,0.00,0.00,0.00,0.00,0.00,0.00,0.00,0.00,0.01,0.04,0.05,453297,741184,878236,880393,1380925,1572506,0,0,0,0,0,0,0,128621,0,158.69,161.29,162.30
2769,3,23,49,78,87767,87767,87767,9512,9512,9512,591,591,591,0.06,0.09,0.11,0.03,0.05,0.06,0.01,0.01,0.01,0.00,0.00,0.00,0.00,0.00,0.00,0.00,0.00,0.00,0.01,0.04,0.05,476999,633692,843837,1155771,1275781,1352236,0,0,0,0,0,0,0,143310,0,175.36,177.10,178.12
2770,0,21,48,83,87884,87884,87884,9395,9395,9395,591,591,591,0.05,0.08,0.10,0.02,0.04,0.05,0.00,0.01,0.01,0.00,0.00,0.00,0.00,0.00,0.00,0.00,0.00,0.00,0.01,0.04,0.05,469099,743773,1415238,1029987,1124813,1339183,0,0,0,0,524,2620,0,137000,0,168.48,172.36,174.98
2770,1,48,56,74,87861,87861,87861,9418,9418,9418,591,591,591,0.02,0.08,0.10,0.01,0.04,0.05,0.00,0.01,0.01,0.00,0.00,0.00,0.00,0.00,0.00,0.00,0.00,0.00,0.00,0.03,0.05,332829,576053,746917,649935,1114370,1480788,0,1048,2620,0,524,2620,0,126344,0,155.25,159.04,162.68
2770,2,28,59,100,87766,87766,87766,9513,9513,9513,591,591,591,0.05,0.08,0.13,0.02,0.04,0.06,0.00,0.01,0.01,0.00,0.00,0.00,0.00,0.00,0.00,0.00,0.00,0.00,0.01,0.03,0.05,521522,868519,1260570,969665,1439318,1837131,0,1048,5241,0,524,2620,0,123054,0,157.82,160.87,164.07
2770,3,53,66,86,87767,87767,87767,9512,9512,9512,591,591,591,0.04,0.07,0.10,0.02,0.04,0.05,0.00,0.01,0.01,0.00,0.00,0.00,0.00,0.00,0.00,0.00,0.00,0.00,0.01,0.03,0.05,327598,541167,900761,663059,1069019,1614316,0,0,0,0,0,0,0,139429,0,171.27,174.95,179.31
2771,0,44,52,56,87884,87884,87884,9395,9395,9395,591,591,591,0.05,0.08,0.13,0.02,0.04,0.06,0.00,0.01,0.01,0.00,0.00,0.00,0.00,0.00,0.00,0.00,0.00,0.00,0.01,0.03,0.06,344634,606162,1100017,1018624,1293175,1811944,0,1038,2620,0,0,0,0,101319,0,170.93,173.06,176.85
2771,1,25,36,50,87861,87861,87861,9418,9418,9418,591,591,591,0.05,0.09,0.12,0.02,0.05,0.06,0.00,0.01,0.01,0.00,0.00,0.00,0.00,0.00,0.00,0.00,0.00,0.00,0.01,0.04,0.05,442890,579700,780949,982740,1222823,1462315,0,0,0,0,1048,2620,0,94189,0,153.74,157.06,159.90
2771,2,25,48,61,87766,87766,87766,9513,9513,9513,591,591,591,0.06,0.09,0.11,0.03,0.04,0.05,0.01,0.01,0.01,0.00,0.00,0.00,0.00,0.00,0.00,0.00,0.00,0.00,0.01,0.04,0.05,521506,691285,932940,961773,1285082,1517338,0,524,2620,0,0,0,0,145526,0,155.14,157.52,160.58
2771,3,34,47,74,87767,87767,87767,9512,9512,9512,591,591,591,0.05,0.10,0.13,0.02,0.05,0.07,0.00,0.01,0.01,0.00,0.00,0.00,0.00,0.00,0.00,0.00,0.00,0.00,0.01,0.04,0.05,348557,530439,760051,796702,1159416,1459823,0,0,0,0,524,2620,0,103944,0,168.91,172.80,175.81
2772,0,33,45,60,87884,87884,87884,9395,9395,9395,591,591,591,0.06,0.09,0.11,0.03,0.05,0.06,0.00,0.01,0.01,0.00,0.00,0.00,0.00,0.00,0.00,0.00,0.00,0.00,0.02,0.04,0.05,398347,567113,718000,870074,1163055,1423062,0,0,0,0,524,2620,0,139077,0,172.01,172.65,173.44
2772,1,23,47,64,87861,87861,87861,9418,9418,9418,591,591,591,0.07,0.09,0.13,0.04,0.05,0.06,0.00,0.01,0.01,0.00,0.00,0.00,0.00,0.00,0.00,0.00,0.00,0.00,0.02,0.04,0.05,332829,502123,644696,843867,1072382,1423050,0,1048,5241,0,524,2620,0,129482,0,160.48,160.94,161.70
2772,2,40,49,59,87766,87766,87766,9513,9513,9513,591,591,591,0.05,0.09,0.12,0.02,0.04,0.06,0.00,0.01,0.01,0.00,0.00,0.00,0.00,0.00,0.00,0.00,0.00,0.00,0.01,0.04,0.05,421947,866425,1640540,1087628,1467923,2214467,0,524,2620,0,1572,5241,0,96160,0,159.46,160.92,162.79
2772,3,25,43,67,87767,87767,87767,9512,9512,9512,591,591,591,0.08,0.09,0.10,0.04,0.05,0.05,0.01,0.01,0.01,0.00,0.00,0.00,0.00,0.00,0.00,0.00,0.00,0.00,0.02,0.04,0.05,330200,635771,1134755,767847,1211269,1742754,0,1048,2620,0,524,2620,0,159031,0,176.09,176.72,177.49
2773,0,30,71,100,87884,87884,87884,9395,9395,9395,591,591,591,0.01,0.06,0.09,0.00,0.03,0.05,0.00,0.00,0.01,0.00,0.00,0.00,0.00,0.00,0.00,0.00,0.00,0.00,0.00,0.02,0.05,319723,658362,1216141,668274,1133774,1386391,0,0,0,0,0,0,0,144045,0,157.85,163.91,169.63
2773,1,20,57,100,87861,87861,87861,9418,9418,9418,591,591,591,0.01,0.06,0.09,0.00,0.03,0.05,0.00,0.00,0.01,0.00,0.00,0.00,0.00,0.00,0.00,0.00,0.00,0.00,0.00,0.02,0.05,440272,556136,670979,458646,1012684,1402242,0,0,0,0,0,0,0,111621,0,146.04,150.97,155.43
2773,2,18,52,100,87766,87766,87766,9513,9513,9513,591,591,591,0.01,0.06,0.10,0.00,0.03,0.05,0.00,0.00,0.01,0.00,0.00,0.00,0.00,0.00,0.00,0.00,0.00,0.00,0.00,0.02,0.05,458638,688229,917206,804582,1149484,1551457,0,0,0,0,0,0,0,117711,0,147.73,155.55,165.14
2773,3,25,54,100,87767,87767,87767,9512,9512,9512,591,591,591,0.01,0.06,0.09,0.00,0.03,0.05,0.00,0.00,0.01,0.00,0.00,0.00,0.00,0.00,0.00,0.00,0.00,0.00,0.00,0.02,0.05,311897,531599,720646,361696,1012380,1462485,0,0,0,0,0,0,0,125953,0,161.89,167.75,172.45
2774,0,26,52,73,87884,87884,87884,9395,9395,9395,591,591,591,0.07,0.09,0.10,0.03,0.05,0.05,0.01,0.01,0.01,0.00,0.00,0.00,0.00,0.00,0.00,0.00,0.00,0.00,0.01,0.04,0.04,400951,618509,1100779,835970,1175689,1873946,0,524,2620,0,524,2620,0,138596,0,164.20,168.86,173.25
2774,1,19,49,68,87861,87861,87861,9418,9418,9418,591,591,591,0.07,0.09,0.10,0.03,0.05,0.05,0.01,0.01,0.01,0.00,0.00,0.00,0.00,0.00,0.00,0.00,0.00,0.00,0.01,0.04,0.04,387862,592301,786268,851724,1158275,1511664,0,1048,5241,0,1048,2620,0,128047,0,151.27,155.84,161.01
2774,2,32,49,63,87766,87766,87766,9513,9513,9513,591,591,591,0.04,0.09,0.13,0.02,0.05,0.06,0.00,0.01,0.01,0.00,0.00,0.00,0.00,0.00,0.00,0.00,0.00,0.00,0.01,0.04,0.05,505795,719121,938214,990613,1318739,1601270,0,1048,5241,0,524,2620,0,128452,0,151.51,158.55,163.18
2774,3,23,48,68,87767,87767,87767,9512,9512,9512,591,591,591,0.06,0.08,0.12,0.03,0.04,0.06,0.01,0.01,0.01,0.00,0.00,0.00,0.00,0.00,0.00,0.00,0.00,0.00,0.01,0.03,0.05,300504,493516,652576,791444,1052386,1383776,0,0,0,0,524,2620,0,138917,0,167.07,173.60,179.57
2775,0,49,63,85,87884,87884,87884,9395,9395,9395,591,591,591,0.02,0.06,0.13,0.01,0.03,0.07,0.00,0.00,0.01,0.00,0.00,0.00,0.00,0.00,0.00,0.00,0.00,0.00,0.00,0.02,0.05,327593,492237,720705,573943,995441,1409961,0,349,1747,0,0,0,0,125065,0,162.42,167.97,172.47
2775,1,35,66,100,87861,87861,87861,9418,9418,9418,591,591,591,0.02,0.06,0.09,0.01,0.03,0.05,0.00,0.00,0.01,0.00,0.00,0.00,0.00,0.00,0.00,0.00,0.00,0.00,0.00,0.02,0.05,327594,497589,639494,503184,999542,1420517,0,0,0,0,873,2620,0,114156,0,147.06,154.10,157.77
2775,2,36,56,93,87766,87766,87766,9513,9513,9513,591,591,591,0.01,0.06,0.11,0.00,0.03,0.05,0.00,0.01,0.01,0.00,0.00,0.00,0.00,0.00,0.00,0.00,0.00,0.00,0.00,0.02,0.05,466487,717024,1137421,668298,1244300,1866000,0,524,2620,0,524,2620,0,134274,0,151.28,157.02,162.98
2775,3,41,65,100,87767,87767,87767,9512,9512,9512,591,591,591,0.03,0.06,0.12,0.01,0.03,0.06,0.00,0.00,0.01,0.00,0.00,0.00,0.00,0.00,0.00,0.00,0.00,0.00,0.00,0.02,0.05,306626,474349,686606,440284,980148,1417806,0,524,2620,0,0,0,0,147857,0,165.79,171.97,177.38
2776,0,27,48,66,87884,87884,87884,9395,9395,9395,591,591,591,0.05,0.09,0.12,0.02,0.05,0.06,0.00,0.01,0.01,0.00,0.00,0.00,0.00,0.00,0.00,0.00,0.00,0.00,0.01,0.04,0.05,406222,547197,733736,914656,1147337,1331392,0,0,0,0,524,2620,0,159859,0,161.02,166.96,173.11
2776,1,32,53,65,87861,87861,87861,9418,9418,9418,591,591,591,0.05,0.09,0.13,0.02,0.05,0.06,0.00,0.01,0.01,0.00,0.00,0.00,0.00,0.00,0.00,0.00,0.00,0.00,0.01,0.04,0.05,372077,618992,898917,956396,1231689,1561967,0,524,2620,0,0,0,0,145350,0,149.84,156.62,163.14
2776,2,15,48,63,87766,87766,87766,9513,9513,9513,591,591,591,0.06,0.09,0.10,0.03,0.04,0.05,0.01,0.01,0.01,0.00,0.00,0.00,0.00,0.00,0.00,0.00,0.00,0.00,0.01,0.03,0.05,363404,920440,1955025,805429,1538273,2722884,0,0,0,0,0,0,0,128371,0,148.64,155.87,160.12
2776,3,32,52,62,87767,87767,87767,9512,9512,9512,591,591,591,0.05,0.09,0.13,0.02,0.05,0.06,0.00,0.01,0.01,0.00,0.00,0.00,0.00,0.00,0.00,0.00,0.00,0.00,0.01,0.04,0.05,369522,672460,880485,828148,1254248,1606500,0,0,0,0,0,0,0,144331,0,163.40,170.48,176.18
2777,0,14,41,62,87884,87884,87884,9395,9395,9395,591,591,591,0.05,0.09,0.11,0.02,0.05,0.06,0.00,0.01,0.01,0.00,0.00,0.00,0.00,0.00,0.00,0.00,0.00,0.00,0.01,0.04,0.05,382592,736450,1423139,904070,1415758,2193679,0,0,0,0,0,0,0,136582,0,173.41,175.28,177.85
2777,1,26,46,61,87861,87861,87861,9418,9418,9418,591,591,591,0.06,0.09,0.11,0.03,0.05,0.06,0.00,0.01,0.01,0.00,0.00,0.00,0.00,0.00,0.00,0.00,0.00,0.00,0.01,0.04,0.05,343298,646817,885821,820246,1296780,1485979,0,524,2620,0,524,2620,0,125539,0,158.71,161.80,165.01
2777,2,41,49,59,87766,87766,87766,9513,9513,9513,591,591,591,0.06,0.09,0.11,0.03,0.04,0.06,0.00,0.01,0.01,0.00,0.00,0.00,0.00,0.00,0.00,0.00,0.00,0.00,0.02,0.04,0.05,484832,931381,1522598,1047397,1592687,2243277,0,1048,2620,0,524,2620,0,125753,0,157.28,160.04,163.16
2777,3,31,50,64,87767,87767,87767,9512,9512,9512,591,591,591,0.05,0.09,0.12,0.02,0.05,0.06,0.00,0.01,0.01,0.00,0.00,0.00,0.00,0.00,0.00,0.00,0.00,0.00,0.01,0.04,0.05,387885,592289,833438,919917,1224845,1614459,0,0,0,0,0,0,0,140203,0,171.65,174.50,177.95
2778,0,24,58,79,87884,87884,87884,9395,9395,9395,591,591,591,0.01,0.06,0.09,0.00,0.03,0.05,0.00,0.00,0.01,0.00,0.00,0.00,0.00,0.00,0.00,0.00,0.00,0.00,0.00,0.02,0.05,311875,570315,1216074,485588,1048491,1989225,0,0,0,0,0,0,0,100664,0,161.47,167.68,171.48
2778,1,21,64,100,87861,87861,87861,9418,9418,9418,591,591,591,0.01,0.06,0.09,0.00,0.03,0.05,0.00,0.00,0.01,0.00,0.00,0.00,0.00,0.00,0.00,0.00,0.00,0.00,0.00,0.02,0.05,448056,588411,969732,699596,1109500,1721930,0,0,0,0,0,0,0,93323,0,148.04,153.65,156.58
2778,2,33,57,100,87766,87766,87766,9513,9513,9513,591,591,591,0.05,0.06,0.09,0.02,0.03,0.05,0.00,0.01,0.01,0.00,0.00,0.00,0.00,0.00,0.00,0.00,0.00,0.00,0.01,0.02,0.05,453392,700267,1286888,794092,1235945,2083658,0,0,0,0,0,0,0,124154,0,152.37,154.06,156.46
2778,3,56,70,100,87767,87767,87767,9512,9512,9512,591,591,591,0.02,0.06,0.08,0.01,0.03,0.04,0.00,0.00,0.01,0.00,0.00,0.00,0.00,0.00,0.00,0.00,0.00,0.00,0.00,0.02,0.04,311751,489559,702415,513473,1001679,1441523,0,0,0,0,524,2620,0,104339,0,164.88,168.48,170.26
2779,0,34,57,100,87884,87884,87884,9395,9395,9395,591,591,591,0.03,0.08,0.13,0.01,0.04,0.07,0.00,0.01,0.01,0.00,0.00,0.00,0.00,0.00,0.00,0.00,0.00,0.00,0.01,0.03,0.05,356424,536786,728427,803692,1182337,1546287,0,655,2620,0,655,2620,0,133385,0,161.60,164.57,168.34
2779,1,38,52,59,87861,87861,87861,9418,9418,9418,591,591,591,0.03,0.08,0.13,0.01,0.04,0.07,0.00,0.01,0.01,0.00,0.00,0.00,0.00,0.00,0.00,0.00,0.00,0.00,0.01,0.03,0.05,348561,496197,639475,914645,1115570,1394265,0,655,2620,0,1310,2620,0,122704,0,149.13,151.83,156.63
2779,2,22,42,61,87766,87766,87766,9513,9513,9513,591,591,591,0.04,0.07,0.10,0.02,0.03,0.05,0.00,0.01,0.01,0.00,0.00,0.00,0.00,0.00,0.00,0.00,0.00,0.00,0.01,0.03,0.05,571337,980147,1826607,767898,1562602,2536809,0,655,2620,0,655,2620,0,95463,0,149.67,152.48,156.16
2779,3,24,46,66,87767,87767,87767,9512,9512,9512,591,591,591,0.05,0.07,0.09,0.02,0.04,0.05,0.00,0.01,0.01,0.00,0.00,0.00,0.00,0.00,0.00,0.00,0.00,0.00,0.01,0.03,0.05,324968,692543,1108574,663041,1322847,1651068,0,655,2620,0,0,0,0,156044,0,167.28,169.51,171.02
2780,0,22,59,100,87884,87884,87884,9395,9395,9395,591,591,591,0.05,0.09,0.10,0.02,0.04,0.05,0.00,0.01,0.01,0.00,0.00,0.00,0.00,0.00,0.00,0.00,0.00,0.00,0.01,0.04,0.05,332820,692938,1315692,678744,1322449,2115067,0,0,0,0,0,0,0,149987,0,165.90,169.59,173.07
2780,1,17,33,48,87861,87861,87861,9418,9418,9418,591,591,591,0.05,0.09,0.10,0.02,0.04,0.05,0.00,0.01,0.01,0.00,0.00,0.00,0.00,0.00,0.00,0.00,0.00,0.00,0.01,0.04,0.05,432407,686648,883239,932952,1320887,1677369,0,0,0,0,0,0,0,139560,0,154.12,156.81,159.68
2780,2,31,49,75,87766,87766,87766,9513,9513,9513,591,591,591,0.05,0.08,0.12,0.02,0.04,0.06,0.00,0.01,0.01,0.00,0.00,0.00,0.00,0.00,0.00,0.00,0.00,0.00,0.01,0.03,0.05,441304,834240,1604765,802825,1443072,2444436,0,0,0,0,0,0,0,125956,0,154.60,157.48,162.14
2780,3,10,35,64,87767,87767,87767,9512,9512,9512,591,591,591,0.07,0.09,0.11,0.04,0.04,0.05,0.00,0.01,0.01,0.00,0.00,0.00,0.00,0.00,0.00,0.00,0.00,0.00,0.02,0.04,0.05,340698,588103,809850,754778,1198744,1546298,0,0,0,0,0,0,0,134196,0,171.52,172.84,173.98
2781,0,24,77,100,87884,87884,87884,9395,9395,9395,591,591,591,0.01,0.05,0.09,0.00,0.02,0.05,0.00,0.00,0.01,0.00,0.00,0.00,0.00,0.00,0.00,0.00,0.00,0.00,0.00,0.02,0.05,317134,464927,608028,335481,796195,1257990,0,0,0,0,524,2620,0,130279,0,157.81,158.84,161.83
2781,1,46,65,100,87861,87861,87861,9418,9418,9418,591,591,591,0.01,0.05,0.09,0.00,0.02,0.05,0.00,0.00,0.01,0.00,0.00,0.00,0.00,0.00,0.00,0.00,0.00,0.00,0.00,0.02,0.05,311836,457587,778389,453419,808771,1488637,0,1048,2620,0,0,0,0,122331,0,145.54,146.48,148.09
2781,2,29,62,100,87766,87766,87766,9513,9513,9513,591,591,591,0.01,0.06,0.09,0.00,0.03,0.05,0.00,0.00,0.01,0.00,0.00,0.00,0.00,0.00,0.00,0.00,0.00,0.00,0.00,0.02,0.05,435052,568693,788783,448156,953409,1496329,0,0,0,0,524,2620,0,122406,0,148.22,149.30,151.50
2781,3,49,66,100,87767,87767,87767,9512,9512,9512,591,591,591,0.01,0.05,0.09,0.00,0.02,0.05,0.00,0.00,0.01,0.00,0.00,0.00,0.00,0.00,0.00,0.00,0.00,0.00,0.00,0.02,0.05,401241,544126,699705,613298,891022,1339232,0,0,0,0,0,0,0,133850,0,160.97,163.40,167.15
2782,0,57,82,100,87884,87884,87884,9395,9395,9395,591,591,591,0.01,0.05,0.11,0.00,0.02,0.06,0.00,0.00,0.01,0.00,0.00,0.00,0.00,0.00,0.00,0.00,0.00,0.00,0.00,0.02,0.05,356412,557383,1011669,568746,907435,1784836,0,0,0,0,0,0,0,124931,0,158.79,162.24,165.83
2782,1,21,64,100,87861,87861,87861,9418,9418,9418,591,591,591,0.01,0.05,0.11,0.00,0.03,0.06,0.00,0.00,0.01,0.00,0.00,0.00,0.00,0.00,0.00,0.00,0.00,0.00,0.00,0.02,0.05,330220,517496,830836,566091,862003,1577803,0,0,0,0,0,0,0,113035,0,144.95,148.29,153.16
2782,2,41,79,100,87766,87766,87766,9513,9513,9513,591,591,591,0.01,0.05,0.09,0.00,0.03,0.05,0.00,0.00,0.01,0.00,0.00,0.00,0.00,0.00,0.00,0.00,0.00,0.00,0.00,0.02,0.05,445556,637909,896301,458661,992769,1674762,0,524,2620,0,0,0,0,130890,0,144.80,148.80,154.50
2782,3,26,69,100,87767,87767,87767,9512,9512,9512,591,591,591,0.01,0.06,0.13,0.00,0.03,0.06,0.00,0.00,0.01,0.00,0.00,0.00,0.00,0.00,0.00,0.00,0.00,0.00,0.00,0.02,0.05,279554,380854,529313,479552,741429,1310182,0,0,0,0,524,2620,0,126746,0,161.68,164.15,168.16
2783,0,32,70,100,87884,87884,87884,9395,9395,9395,591,591,591,0.01,0.07,0.12,0.00,0.03,0.06,0.00,0.01,0.01,0.00,0.00,0.00,0.00,0.00,0.00,0.00,0.00,0.00,0.00,0.03,0.05,403602,499526,634267,867477,1067889,1184664,0,0,0,0,0,0,0,132692,0,160.13,164.29,167.51
2783,1,21,41,58,87861,87861,87861,9418,9418,9418,591,591,591,0.01,0.07,0.12,0.00,0.03,0.06,0.00,0.01,0.01,0.00,0.00,0.00,0.00,0.00,0.00,0.00,0.00,0.00,0.00,0.03,0.05,338052,485005,673583,932974,1053509,1176806,0,524,2620,0,0,0,0,133455,0,146.14,150.74,154.82
2783,2,28,43,73,87766,87766,87766,9513,9513,9513,591,591,591,0.04,0.07,0.09,0.02,0.03,0.05,0.00,0.01,0.01,0.00,0.00,0.00,0.00,0.00,0.00,0.00,0.00,0.00,0.01,0.03,0.04,739056,1000588,1658941,1268551,1583962,2298407,0,0,0,0,1048,2620,0,119515,0,143.75,150.16,153.89
2783,3,25,44,60,87767,87767,87767,9512,9512,9512,591,591,591,0.01,0.07,0.13,0.00,0.03,0.07,0.00,0.01,0.01,0.00,0.00,0.00,0.00,0.00,0.00,0.00,0.00,0.00,0.00,0.03,0.05,573993,717579,1082386,1085084,1294159,1465022,0,524,2620,0,0,0,0,131366,0,162.82,167.20,170.09
2784,0,38,64,100,87884,87884,87884,9395,9395,9395,591,591,591,0.01,0.06,0.13,0.00,0.03,0.07,0.00,0.00,0.01,0.00,0.00,0.00,0.00,0.00,0.00,0.00,0.00,0.00,0.00,0.02,0.05,330214,631075,1263234,400970,1025754,1637897,0,0,0,0,0,0,0,148409,0,157.35,158.58,159.98
2784,1,39,70,100,87861,87861,87861,9418,9418,9418,591,591,591,0.01,0.06,0.13,0.00,0.03,0.07,0.00,0.00,0.01,0.00,0.00,0.00,0.00,0.00,0.00,0.00,0.00,0.00,0.00,0.02,0.05,332823,460722,678749,424556,871646,1493772,0,524,2620,0,0,0,0,120384,0,143.02,145.41,147.13
2784,2,22,57,100,87766,87766,87766,9513,9513,9513,591,591,591,0.01,0.05,0.10,0.00,0.02,0.05,0.00,0.00,0.01,0.00,0.00,0.00,0.00,0.00,0.00,0.00,0.00,0.00,0.00,0.02,0.04,389394,587905,931304,442953,931758,1406624,0,0,0,0,341,1707,0,120870,0,145.16,147.11,149.60
2784,3,27,65,100,87767,87767,87767,9512,9512,9512,591,591,591,0.01,0.06,0.13,0.00,0.03,0.06,0.00,0.00,0.01,0.00,0.00,0.00,0.00,0.00,0.00,0.00,0.00,0.00,0.00,0.02,0.05,301381,480129,815057,314485,908888,1703496,0,0,0,0,0,0,0,132409,0,162.35,163.46,164.79
2785,0,31,56,94,87884,87884,87884,9395,9395,9395,591,591,591,0.04,0.07,0.10,0.02,0.04,0.05,0.00,0.01,0.01,0.00,0.00,0.00,0.00,0.00,0.00,0.00,0.00,0.00,0.01,0.03,0.05,311835,567135,932943,545056,1022115,1396930,0,524,2620,0,0,0,0,133943,0,162.68,166.27,168.43
2785,1,24,67,100,87861,87861,87861,9418,9418,9418,591,591,591,0.04,0.07,0.10,0.02,0.03,0.05,0.00,0.01,0.01,0.00,0.00,0.00,0.00,0.00,0.00,0.00,0.00,0.00,0.01,0.03,0.05,364264,583391,802016,649911,1061959,1551614,0,0,0,0,1048,2620,0,92655,0,146.40,150.47,152.29
2785,2,48,62,100,87766,87766,87766,9513,9513,9513,591,591,591,0.05,0.07,0.09,0.02,0.04,0.05,0.00,0.01,0.01,0.00,0.00,0.00,0.00,0.00,0.00,0.00,0.00,0.00,0.01,0.03,0.05,450755,684010,885757,841236,1167278,1609232,0,524,2620,0,0,0,0,121878,0,151.14,153.29,155.25
2785,3,25,68,100,87767,87767,87767,9512,9512,9512,591,591,591,0.04,0.07,0.09,0.02,0.03,0.05,0.00,0.01,0.01,0.00,0.00,0.00,0.00,0.00,0.00,0.00,0.00,0.00,0.01,0.03,0.05,327578,478014,597540,495298,921804,1292099,0,0,0,0,0,0,0,101507,0,162.77,167.00,170.10
2786,0,5,43,84,87884,87884,87884,9395,9395,9395,591,591,591,0.03,0.06,0.08,0.01,0.03,0.04,0.00,0.00,0.01,0.00,0.00,0.00,0.00,0.00,0.00,0.00,0.00,0.00,0.01,0.02,0.04,330204,564785,972384,559799,1012026,1433678,0,655,2620,0,655,2620,0,93307,0,161.01,163.47,166.67
2786,1,55,78,100,87861,87861,87861,9418,9418,9418,591,591,591,0.01,0.06,0.09,0.00,0.03,0.05,0.00,0.00,0.01,0.00,0.00,0.00,0.00,0.00,0.00,0.00,0.00,0.00,0.00,0.02,0.04,366295,565932,660455,477215,1029370,1430948,0,1299,2620,0,655,2620,0,115331,0,145.66,147.86,151.39
2786,2,64,80,100,87766,87766,87766,9513,9513,9513,591,591,591,0.01,0.06,0.08,0.00,0.03,0.04,0.00,0.00,0.01,0.00,0.00,0.00,0.00,0.00,0.00,0.00,0.00,0.00,0.00,0.02,0.04,429833,763324,1182004,442937,1177417,1868668,0,0,0,0,655,2620,0,99210,0,148.34,150.69,153.66
2786,3,57,79,100,87767,87767,87767,9512,9512,9512,591,591,591,0.01,0.06,0.10,0.00,0.03,0.05,0.00,0.00,0.01,0.00,0.00,0.00,0.00,0.00,0.00,0.00,0.00,0.00,0.00,0.02,0.04,211412,466952,673568,221895,911846,1467698,0,0,0,0,0,0,0,143295,0,160.45,165.02,168.98
2787,0,27,69,100,87884,87884,87884,9395,9395,9395,591,591,591,0.01,0.05,0.13,0.00,0.03,0.06,0.00,0.00,0.01,0.00,0.00,0.00,0.00,0.00,0.00,0.00,0.00,0.00,0.00,0.02,0.05,221894,411292,799405,317105,743085,1462518,0,524,2621,0,0,0,0,129290,0,152.68,157.15,161.21
2787,1,32,72,100,87861,87861,87861,9418,9418,9418,591,591,591,0.01,0.05,0.13,0.00,0.02,0.06,0.00,0.00,0.01,0.00,0.00,0.00,0.00,0.00,0.00,0.00,0.00,0.00,0.00,0.02,0.05,216658,396616,636889,364280,725443,1255432,0,0,0,0,1048,2620,0,130615,0,137.32,141.42,144.77
2787,2,49,71,100,87766,87766,87766,9513,9513,9513,591,591,591,0.01,0.04,0.09,0.00,0.02,0.05,0.00,0.00,0.01,0.00,0.00,0.00,0.00,0.00,0.00,0.00,0.00,0.00,0.00,0.01,0.05,437696,830265,1671983,450801,1130088,2010048,0,2096,7862,0,0,0,0,119039,0,140.74,144.78,147.44
2787,3,44,74,100,87767,87767,87767,9512,9512,9512,591,591,591,0.01,0.06,0.13,0.00,0.03,0.06,0.00,0.00,0.01,0.00,0.00,0.00,0.00,0.00,0.00,0.00,0.00,0.00,0.00,0.02,0.05,314482,593317,901264,330206,914640,1470549,0,0,0,0,1572,5241,0,130375,0,152.72,158.62,162.76
2788,0,39,55,74,87884,87884,87884,9395,9395,9395,591,591,591,0.01,0.07,0.10,0.00,0.03,0.05,0.00,0.01,0.01,0.00,0.00,0.00,0.00,0.00,0.00,0.00,0.00,0.00,0.00,0.02,0.04,366906,646279,1022099,576566,1134264,1674671,0,0,0,0,0,0,0,137611,0,159.28,163.35,167.00
2788,1,21,66,100,87861,87861,87861,9418,9418,9418,591,591,591,0.01,0.07,0.11,0.00,0.03,0.05,0.00,0.01,0.01,0.00,0.00,0.00,0.00,0.00,0.00,0.00,0.00,0.00,0.00,0.02,0.04,351184,557166,932984,511049,1048813,1344373,0,524,2620,0,0,0,0,125684,0,143.44,148.07,153.12
2788,2,43,67,100,87766,87766,87766,9513,9513,9513,591,591,591,0.04,0.08,0.13,0.01,0.04,0.06,0.00,0.01,0.01,0.00,0.00,0.00,0.00,0.00,0.00,0.00,0.00,0.00,0.01,0.03,0.05,437948,747325,1260637,576810,1266207,1885810,0,0,0,0,1572,5241,0,129521,0,144.29,151.80,156.49
2788,3,24,67,100,87767,87767,87767,9512,9512,9512,591,591,591,0.00,0.06,0.10,0.00,0.03,0.05,0.00,0.01,0.01,0.00,0.00,0.00,0.00,0.00,0.00,0.00,0.00,0.00,0.00,0.02,0.04,345947,530417,691829,718085,1032535,1331193,0,1048,2620,0,0,0,0,137909,0,159.84,165.99,171.25
2789,0,51,75,98,87884,87884,87884,9395,9395,9395,591,591,591,0.04,0.06,0.11,0.02,0.03,0.05,0.00,0.00,0.01,0.00,0.00,0.00,0.00,0.00,0.00,0.00,0.00,0.00,0.01,0.02,0.04,322346,462842,917357,469156,752174,1161112,0,0,0,0,0,0,0,134771,0,162.16,164.26,166.88
2789,1,40,66,100,87861,87861,87861,9418,9418,9418,591,591,591,0.04,0.06,0.11,0.02,0.03,0.05,0.00,0.00,0.01,0.00,0.00,0.00,0.00,0.00,0.00,0.00,0.00,0.00,0.01,0.03,0.04,332822,460738,702435,534682,777325,1014220,0,0,0,0,0,0,0,123654,0,149.09,150.63,153.22
2789,2,47,71,100,87766,87766,87766,9513,9513,9513,591,591,591,0.01,0.06,0.10,0.00,0.03,0.05,0.00,0.00,0.01,0.00,0.00,0.00,0.00,0.00,0.00,0.00,0.00,0.00,0.00,0.02,0.04,448186,611114,1027117,461291,956495,1679545,0,0,0,0,0,0,0,125451,0,150.66,152.07,153.60
2789,3,44,66,100,87767,87767,87767,9512,9512,9512,591,591,591,0.04,0.07,0.11,0.02,0.03,0.05,0.00,0.00,0.01,0.00,0.00,0.00,0.00,0.00,0.00,0.00,0.00,0.00,0.01,0.03,0.04,324967,370038,424425,479628,652557,898919,0,0,0,0,0,0,0,135634,0,164.80,166.55,169.03
2790,0,37,60,100,87884,87884,87884,9395,9395,9395,591,591,591,0.03,0.06,0.10,0.01,0.03,0.05,0.00,0.00,0.01,0.00,0.00,0.00,0.00,0.00,0.00,0.00,0.00,0.00,0.01,0.03,0.05,301380,488942,938315,482209,936412,1362916,0,0,0,0,0,0,0,134416,0,159.42,163.36,167.12
2790,1,24,63,100,87861,87861,87861,9418,9418,9418,591,591,591,0.03,0.06,0.11,0.01,0.03,0.05,0.00,0.00,0.01,0.00,0.00,0.00,0.00,0.00,0.00,0.00,0.00,0.00,0.01,0.03,0.05,337126,505027,668355,726655,983842,1192555,0,0,0,0,0,0,0,121496,0,146.81,150.61,154.27
2790,2,41,73,100,87766,87766,87766,9513,9513,9513,591,591,591,0.01,0.06,0.11,0.00,0.03,0.06,0.00,0.00,0.01,0.00,0.00,0.00,0.00,0.00,0.00,0.00,0.00,0.00,0.00,0.02,0.05,448153,828176,1832016,707610,1232823,2563251,0,0,0,0,0,0,0,137478,0,145.67,150.54,155.13
2790,3,25,71,100,87767,87767,87767,9512,9512,9512,591,591,591,0.03,0.06,0.12,0.02,0.03,0.06,0.00,0.00,0.01,0.00,0.00,0.00,0.00,0.00,0.00,0.00,0.00,0.00,0.01,0.02,0.05,348515,567475,896363,700663,1019113,1572567,0,0,0,0,0,0,0,154058,0,161.74,163.91,166.81
2791,0,49,74,100,87884,87884,87884,9395,9395,9395,591,591,591,0.04,0.07,0.10,0.02,0.03,0.05,0.00,0.01,0.01,0.00,0.00,0.00,0.00,0.00,0.00,0.00,0.00,0.00,0.01,0.03,0.05,306617,557689,1247404,568702,876380,1402019,0,0,0,0,524,2620,0,147525,0,161.78,164.99,168.07
2791,1,41,67,100,87861,87861,87861,9418,9418,9418,591,591,591,0.04,0.07,0.10,0.02,0.03,0.05,0.00,0.01,0.01,0.00,0.00,0.00,0.00,0.00,0.00,0.00,0.00,0.00,0.01,0.03,0.05,332788,461256,754779,479530,798820,1284173,0,1048,5241,0,524,2621,0,135514,0,145.41,150.38,155.11
2791,2,32,68,100,87766,87766,87766,9513,9513,9513,591,591,591,0.04,0.06,0.09,0.01,0.03,0.05,0.00,0.00,0.01,0.00,0.00,0.00,0.00,0.00,0.00,0.00,0.00,0.00,0.01,0.02,0.05,435018,618510,1014180,602736,970146,1538304,0,1048,2620,0,524,2620,0,118946,0,149.51,152.16,155.34
2791,3,40,72,100,87767,87767,87767,9512,9512,9512,591,591,591,0.03,0.07,0.10,0.01,0.03,0.05,0.00,0.00,0.01,0.00,0.00,0.00,0.00,0.00,0.00,0.00,0.00,0.00,0.00,0.03,0.05,335427,469118,673576,558228,767364,1142720,0,0,0,0,524,2620,0,133468,0,166.31,168.36,171.06
2792,0,41,62,100,87884,87884,87884,9395,9395,9395,591,591,591,0.01,0.06,0.10,0.00,0.03,0.05,0.00,0.00,0.01,0.00,0.00,0.00,0.00,0.00,0.00,0.00,0.00,0.00,0.00,0.03,0.05,298786,450780,843949,314512,844946,1522778,0,524,2620,0,524,2620,0,123031,0,158.11,161.74,163.88
2792,1,40,72,100,87861,87861,87861,9418,9418,9418,591,591,591,0.01,0.06,0.10,0.00,0.03,0.05,0.00,0.00,0.01,0.00,0.00,0.00,0.00,0.00,0.00,0.00,0.00,0.00,0.00,0.03,0.05,369532,474876,589723,500594,869031,1229246,0,524,2620,0,524,2620,0,114078,0,143.82,147.87,150.81
2792,2,39,77,100,87766,87766,87766,9513,9513,9513,591,591,591,0.01,0.06,0.10,0.00,0.03,0.05,0.00,0.00,0.01,0.00,0.00,0.00,0.00,0.00,0.00,0.00,0.00,0.00,0.00,0.03,0.05,427191,626916,919957,440295,1007992,1347170,0,0,0,0,0,0,0,117227,0,145.55,147.81,150.68
2792,3,51,78,100,87767,87767,87767,9512,9512,9512,591,591,591,0.01,0.06,0.10,0.00,0.03,0.05,0.00,0.00,0.01,0.00,0.00,0.00,0.00,0.00,0.00,0.00,0.00,0.00,0.00,0.03,0.04,309152,490388,691916,411485,899651,1499151,0,0,0,0,0,0,0,126093,0,159.11,163.72,166.12
2793,0,21,62,100,87884,87884,87884,9395,9395,9395,591,591,591,0.02,0.05,0.10,0.00,0.02,0.05,0.00,0.00,0.01,0.00,0.00,0.00,0.00,0.00,0.00,0.00,0.00,0.00,0.00,0.02,0.04,322363,571332,870091,495339,916760,1454620,0,0,0,0,0,0,0,97728,0,156.95,160.59,164.93
2793,1,44,77,100,87861,87861,87861,9418,9418,9418,591,591,591,0.01,0.05,0.10,0.00,0.02,0.05,0.00,0.00,0.01,0.00,0.00,0.00,0.00,0.00,0.00,0.00,0.00,0.00,0.00,0.02,0.04,335456,511052,631648,579137,856475,1454627,0,0,0,0,0,0,0,89843,0,142.42,146.68,150.96
2793,2,46,59,86,87766,87766,87766,9513,9513,9513,591,591,591,0.01,0.05,0.10,0.00,0.02,0.05,0.00,0.00,0.01,0.00,0.00,0.00,0.00,0.00,0.00,0.00,0.00,0.00,0.00,0.02,0.04,434994,607472,1174141,487458,960212,1866046,0,0,0,0,524,2620,0,120855,0,144.33,149.56,153.55
2793,3,43,67,100,87767,87767,87767,9512,9512,9512,591,591,591,0.02,0.05,0.10,0.01,0.02,0.05,0.00,0.00,0.01,0.00,0.00,0.00,0.00,0.00,0.00,0.00,0.00,0.00,0.00,0.02,0.04,216657,411818,705013,511941,792710,1496514,0,524,2620,0,0,0,0,101786,0,159.34,164.96,168.12
2794,0,52,63,80,87884,87884,87884,9395,9395,9395,591,591,591,0.04,0.07,0.11,0.02,0.03,0.06,0.00,0.01,0.01,0.00,0.00,0.00,0.00,0.00,0.00,0.00,0.00,0.00,0.01,0.03,0.05,314426,434529,749549,485637,903027,1462407,0,0,0,0,0,0,0,133823,0,158.59,162.59,164.53
2794,1,38,58,100,87861,87861,87861,9418,9418,9418,591,591,591,0.04,0.08,0.10,0.02,0.04,0.05,0.00,0.01,0.01,0.00,0.00,0.00,0.00,0.00,0.00,0.00,0.00,0.00,0.01,0.03,0.05,303941,390243,480477,471633,857129,1221286,0,0,0,0,655,2620,0,124908,0,145.24,148.38,151.14
2794,2,45,64,100,87766,87766,87766,9513,9513,9513,591,591,591,0.05,0.08,0.11,0.02,0.04,0.05,0.00,0.01,0.01,0.00,0.00,0.00,0.00,0.00,0.00,0.00,0.00,0.00,0.01,0.03,0.05,532050,1012933,1894789,1011681,1505647,2141138,0,655,2620,0,0,0,0,94955,0,149.72,152.34,154.29
2794,3,51,63,100,87767,87767,87767,9512,9512,9512,591,591,591,0.05,0.08,0.12,0.02,0.04,0.06,0.00,0.01,0.01,0.00,0.00,0.00,0.00,0.00,0.00,0.00,0.00,0.00,0.01,0.03,0.06,385272,682698,875319,655225,1132808,1575050,0,0,0,0,0,0,0,152619,0,159.71,163.76,167.84
2795,0,49,85,100,87884,87884,87884,9395,9395,9395,591,591,591,0.01,0.05,0.10,0.00,0.02,0.05,0.00,0.00,0.01,0.00,0.00,0.00,0.00,0.00,0.00,0.00,0.00,0.00,0.00,0.02,0.05,296150,519950,1179315,309254,774679,1462351,0,0,0,0,0,0,0,142832,0,157.16,161.25,164.86
2795,1,33,53,100,87861,87861,87861,9418,9418,9418,591,591,591,0.01,0.05,0.10,0.00,0.02,0.05,0.00,0.00,0.01,0.00,0.00,0.00,0.00,0.00,0.00,0.00,0.00,0.00,0.00,0.02,0.04,364276,439243,550391,566116,688733,909364,0,524,2620,0,0,0,0,119210,0,141.25,145.97,149.86
2795,2,57,77,100,87766,87766,87766,9513,9513,9513,591,591,591,0.01,0.06,0.11,0.00,0.03,0.06,0.00,0.00,0.01,0.00,0.00,0.00,0.00,0.00,0.00,0.00,0.00,0.00,0.00,0.02,0.05,376379,551193,932936,437696,831448,1098035,0,0,0,0,345,1726,0,116338,0,142.29,149.87,156.77
2795,3,43,69,100,87767,87767,87767,9512,9512,9512,591,591,591,0.01,0.05,0.10,0.00,0.02,0.05,0.00,0.00,0.01,0.00,0.00,0.00,0.00,0.00,0.00,0.00,0.00,0.00,0.00,0.02,0.04,296148,353277,466481,309252,592811,946066,0,0,0,0,0,0,0,130019,0,158.67,163.72,168.06
2796,0,38,51,61,87884,87884,87884,9395,9395,9395,591,591,591,0.07,0.10,0.10,0.03,0.05,0.05,0.00,0.01,0.01,0.00,0.00,0.00,0.00,0.00,0.00,0.00,0.00,0.00,0.04,0.04,0.04,421927,566606,927762,833435,1053015,1459783,0,0,0,0,524,2620,0,136109,0,161.78,171.19,178.09
2796,1,25,52,95,87861,87861,87861,9418,9418,9418,591,591,591,0.07,0.10,0.10,0.03,0.05,0.05,0.00,0.01,0.01,0.00,0.00,0.00,0.00,0.00,0.00,0.00,0.00,0.00,0.04,0.04,0.04,414015,495833,636855,859677,923000,1027355,0,524,2620,0,524,2620,0,124074,0,152.80,159.75,166.06
2796,2,38,56,75,87766,87766,87766,9513,9513,9513,591,591,591,0.05,0.08,0.13,0.02,0.04,0.06,0.00,0.01,0.01,0.00,0.00,0.00,0.00,0.00,0.00,0.00,0.00,0.00,0.02,0.03,0.06,519134,651191,849116,702397,1138030,1554122,0,1562,5139,0,524,2620,0,126598,0,150.38,157.84,164.99
2796,3,39,65,100,87767,87767,87767,9512,9512,9512,591,591,591,0.07,0.10,0.10,0.03,0.05,0.05,0.00,0.01,0.01,0.00,0.00,0.00,0.00,0.00,0.00,0.00,0.00,0.00,0.04,0.04,0.04,382624,403551,427195,728306,854281,953982,0,0,0,0,1048,5240,0,138633,0,161.52,171.55,176.74
2797,0,38,72,100,87884,87884,87884,9395,9395,9395,591,591,591,0.01,0.04,0.09,0.00,0.02,0.05,0.00,0.00,0.01,0.00,0.00,0.00,0.00,0.00,0.00,0.00,0.00,0.00,0.00,0.01,0.05,301389,493247,969762,314493,849685,1774403,0,0,0,0,0,0,0,124890,0,151.59,160.14,167.88
2797,1,25,70,100,87861,87861,87861,9418,9418,9418,591,591,591,0.00,0.04,0.09,0.00,0.02,0.05,0.00,0.00,0.01,0.00,0.00,0.00,0.00,0.00,0.00,0.00,0.00,0.00,0.00,0.01,0.05,332854,511593,657863,600159,916259,1520162,0,0,0,0,0,0,0,113205,0,139.03,146.26,151.59
2797,2,23,66,100,87766,87766,87766,9513,9513,9513,591,591,591,0.01,0.04,0.07,0.00,0.02,0.04,0.00,0.00,0.01,0.00,0.00,0.00,0.00,0.00,0.00,0.00,0.00,0.00,0.00,0.01,0.04,442941,642619,867388,456046,947681,1404593,0,0,0,0,0,0,0,129041,0,139.83,145.55,149.89
2797,3,40,73,100,87767,87767,87767,9512,9512,9512,591,591,591,0.01,0.04,0.09,0.00,0.02,0.05,0.00,0.00,0.01,0.00,0.00,0.00,0.00,0.00,0.00,0.00,0.00,0.00,0.00,0.01,0.05,204426,408845,613294,295282,758286,1391705,0,524,2620,0,0,0,0,147124,0,155.95,163.00,168.81
2798,0,52,80,100,87884,87884,87884,9395,9395,9395,591,591,591,0.03,0.06,0.09,0.01,0.03,0.05,0.00,0.00,0.01,0.00,0.00,0.00,0.00,0.00,0.00,0.00,0.00,0.00,0.00,0.03,0.05,227129,506697,655230,548604,920998,1346862,0,524,2620,0,0,0,0,143973,0,155.79,160.44,165.94
2798,1,20,46,76,87861,87861,87861,9418,9418,9418,591,591,591,0.02,0.06,0.09,0.01,0.03,0.05,0.00,0.00,0.01,0.00,0.00,0.00,0.00,0.00,0.00,0.00,0.00,0.00,0.00,0.03,0.05,272536,576624,1040529,345913,961933,1541099,0,0,0,0,514,2572,0,130705,0,142.03,145.32,149.91
2798,2,25,60,100,87766,87766,87766,9513,9513,9513,591,591,591,0.04,0.07,0.09,0.02,0.03,0.05,0.00,0.01,0.01,0.00,0.00,0.00,0.00,0.00,0.00,0.00,0.00,0.00,0.01,0.03,0.05,440257,879008,1622260,605354,1300434,2065172,0,0,0,0,0,0,0,119326,0,143.88,147.50,151.74
2798,3,34,53,86,87767,87767,87767,9512,9512,9512,591,591,591,0.05,0.07,0.09,0.02,0.03,0.05,0.00,0.01,0.01,0.00,0.00,0.00,0.00,0.00,0.00,0.00,0.00,0.00,0.01,0.03,0.05,327593,635831,1100798,644691,1043640,1509667,0,0,0,0,0,0,0,131694,0,160.51,163.11,166.52
2799,0,54,73,100,87884,87884,87884,9395,9395,9395,591,591,591,0.05,0.07,0.08,0.02,0.03,0.04,0.00,0.01,0.01,0.00,0.00,0.00,0.00,0.00,0.00,0.00,0.00,0.00,0.01,0.02,0.04,325193,576540,1250219,660395,934025,1777042,0,0,0,0,0,0,0,130499,0,159.33,164.33,169.11
2799,1,24,61,88,87861,87861,87861,9418,9418,9418,591,591,591,0.05,0.07,0.08,0.02,0.03,0.04,0.00,0.01,0.01,0.00,0.00,0.00,0.00,0.00,0.00,0.00,0.00,0.00,0.01,0.02,0.04,343312,502136,749487,639452,874813,1132272,0,524,2620,0,0,0,0,118049,0,146.06,151.08,155.87
2799,2,33,66,100,87766,87766,87766,9513,9513,9513,591,591,591,0.03,0.07,0.10,0.01,0.03,0.05,0.00,0.01,0.01,0.00,0.00,0.00,0.00,0.00,0.00,0.00,0.00,0.00,0.01,0.03,0.04,319943,786273,1530648,610486,1178552,2251415,0,0,0,0,524,2620,0,120352,0,146.84,150.57,153.12
2799,3,28,68,99,87767,87767,87767,9512,9512,9512,591,591,591,0.05,0.06,0.09,0.02,0.03,0.04,0.00,0.01,0.01,0.00,0.00,0.00,0.00,0.00,0.00,0.00,0.00,0.00,0.01,0.02,0.04,322350,479075,799470,592060,851753,1465259,0,0,0,0,0,0,0,132588,0,160.99,164.79,168.73
2800,0,29,66,100,87884,87884,87884,9395,9395,9395,591,591,591,0.01,0.06,0.10,0.00,0.03,0.05,0.00,0.00,0.01,0.00,0.00,0.00,0.00,0.00,0.00,0.00,0.00,0.00,0.00,0.02,0.04,305418,514696,1174187,318470,912852,1952611,0,0,0,0,525,2628,0,133315,0,159.95,163.75,167.18
2800,1,46,62,100,87861,87861,87861,9418,9418,9418,591,591,591,0.01,0.06,0.10,0.00,0.03,0.05,0.00,0.00,0.01,0.00,0.00,0.00,0.00,0.00,0.00,0.00,0.00,0.00,0.00,0.02,0.04,324976,463355,631646,343322,876919,1373371,0,524,2620,0,0,0,0,89320,0,146.19,150.15,153.92
2800,2,34,58,84,87766,87766,87766,9513,9513,9513,591,591,591,0.01,0.07,0.13,0.00,0.03,0.07,0.00,0.01,0.01,0.00,0.00,0.00,0.00,0.00,0.00,0.00,0.00,0.00,0.00,0.03,0.05,453366,619547,883181,621086,1028915,1441538,0,524,2620,0,0,0,0,125122,0,146.83,150.83,153.80
2800,3,47,66,100,87767,87767,87767,9512,9512,9512,591,591,591,0.01,0.07,0.10,0.00,0.03,0.05,0.00,0.00,0.01,0.00,0.00,0.00,0.00,0.00,0.00,0.00,0.00,0.00,0.00,0.02,0.04,322350,439674,613145,364282,844090,1404470,0,0,0,0,520,2600,0,100916,0,164.19,167.50,171.13
2801,0,30,67,100,87884,87884,87884,9395,9395,9395,591,591,591,0.01,0.08,0.12,0.00,0.04,0.06,0.00,0.01,0.01,0.00,0.00,0.00,0.00,0.00,0.00,0.00,0.00,0.00,0.00,0.03,0.05,424894,510467,587003,836048,966917,1068753,0,0,0,0,0,0,0,99233,0,159.27,162.19,163.90
2801,1,39,50,56,87861,87861,87861,9418,9418,9418,591,591,591,0.00,0.08,0.13,0.00,0.04,0.06,0.00,0.01,0.01,0.00,0.00,0.00,0.00,0.00,0.00,0.00,0.00,0.00,0.00,0.03,0.05,330216,481573,691912,631589,919247,1168913,0,0,0,0,655,2620,0,117978,0,148.20,150.59,153.87
2801,2,32,55,91,87766,87766,87766,9513,9513,9513,591,591,591,0.01,0.06,0.10,0.00,0.03,0.05,0.00,0.00,0.01,0.00,0.00,0.00,0.00,0.00,0.00,0.00,0.00,0.00,0.00,0.02,0.04,511033,993932,1855522,605378,1420468,2010149,0,655,2620,0,655,2620,0,109536,0,149.03,151.11,153.31
2801,3,44,56,66,87767,87767,87767,9512,9512,9512,591,591,591,0.05,0.07,0.09,0.02,0.03,0.04,0.00,0.01,0.01,0.00,0.00,0.00,0.00,0.00,0.00,0.00,0.00,0.00,0.01,0.03,0.04,319712,544903,961815,552945,996550,1648451,0,655,2620,0,0,0,0,147554,0,160.74,165.55,169.16
2802,0,33,63,100,87884,87884,87884,9395,9395,9395,591,591,591,0.01,0.06,0.09,0.00,0.03,0.05,0.00,0.00,0.01,0.00,0.00,0.00,0.00,0.00,0.00,0.00,0.00,0.00,0.00,0.02,0.05,301411,643351,1182671,314516,1089487,1417639,0,522,2610,0,0,0,0,144241,0,161.76,165.48,169.57
2802,1,47,65,100,87861,87861,87861,9418,9418,9418,591,591,591,0.01,0.05,0.09,0.00,0.03,0.05,0.00,0.00,0.01,0.00,0.00,0.00,0.00,0.00,0.00,0.00,0.00,0.00,0.00,0.02,0.05,345912,544069,665798,532045,1005843,1428584,0,0,0,0,524,2620,0,131285,0,149.24,153.59,158.23
2802,2,27,58,100,87766,87766,87766,9513,9513,9513,591,591,591,0.01,0.06,0.09,0.00,0.03,0.05,0.00,0.01,0.01,0.00,0.00,0.00,0.00,0.00,0.00,0.00,0.00,0.00,0.00,0.02,0.05,448172,757658,870066,461277,1228276,1774201,0,0,0,0,0,0,0,117067,0,150.97,155.67,158.58
2802,3,31,62,100,87767,87767,87767,9512,9512,9512,591,591,591,0.01,0.06,0.13,0.00,0.03,0.06,0.00,0.01,0.01,0.00,0.00,0.00,0.00,0.00,0.00,0.00,0.00,0.00,0.00,0.02,0.05,311888,616378,966944,324992,1068185,1574976,0,0,0,0,0,0,0,131584,0,165.37,168.36,172.29
2803,0,41,71,100,87884,87884,87884,9395,9395,9395,591,591,591,0.01,0.06,0.10,0.00,0.03,0.05,0.00,0.01,0.01,0.00,0.00,0.00,0.00,0.00,0.00,0.00,0.00,0.00,0.00,0.02,0.05,301387,517669,720865,317111,1003274,1536099,0,524,2621,0,0,0,0,132562,0,153.82,158.93,161.63
2803,1,24,52,100,87861,87861,87861,9418,9418,9418,591,591,591,0.01,0.07,0.10,0.00,0.03,0.05,0.00,0.01,0.01,0.00,0.00,0.00,0.00,0.00,0.00,0.00,0.00,0.00,0.00,0.02,0.05,314474,513686,752220,330197,993831,1533284,0,0,0,0,1048,2620,0,121066,0,143.70,145.99,148.96
2803,2,23,54,100,87766,87766,87766,9513,9513,9513,591,591,591,0.01,0.07,0.13,0.00,0.03,0.06,0.00,0.01,0.01,0.00,0.00,0.00,0.00,0.00,0.00,0.00,0.00,0.00,0.00,0.03,0.05,326604,632745,825429,625264,1084654,1418380,0,698,3493,0,0,0,0,123236,0,146.92,148.24,150.16
2803,3,22,56,100,87767,87767,87767,9512,9512,9512,591,591,591,0.01,0.06,0.09,0.00,0.03,0.05,0.00,0.01,0.01,0.00,0.00,0.00,0.00,0.00,0.00,0.00,0.00,0.00,0.00,0.02,0.05,324996,567138,791482,353826,1050414,1556841,0,0,0,0,524,2620,0,133868,0,161.98,164.24,169.36
2804,0,23,55,85,87884,87884,87884,9395,9395,9395,591,591,591,0.06,0.07,0.08,0.03,0.03,0.04,0.00,0.00,0.01,0.00,0.00,0.00,0.00,0.00,0.00,0.00,0.00,0.00,0.01,0.03,0.04,348567,612900,885785,904177,1126781,1347063,0,524,2620,0,0,0,0,137415,0,161.23,166.08,168.31
2804,1,22,63,100,87861,87861,87861,9418,9418,9418,591,591,591,0.05,0.06,0.08,0.02,0.03,0.04,0.00,0.00,0.01,0.00,0.00,0.00,0.00,0.00,0.00,0.00,0.00,0.00,0.01,0.03,0.04,332830,465450,655223,537230,973358,1404798,0,1048,5241,0,524,2620,0,125222,0,147.02,151.38,153.87
2804,2,25,57,100,87766,87766,87766,9513,9513,9513,591,591,591,0.01,0.07,0.13,0.00,0.04,0.07,0.00,0.01,0.01,0.00,0.00,0.00,0.00,0.00,0.00,0.00,0.00,0.00,0.00,0.03,0.05,450741,691936,961799,618459,1230916,1611735,0,526,2633,0,1572,5241,0,125115,0,152.85,154.79,156.33
2804,3,23,62,91,87767,87767,87767,9512,9512,9512,591,591,591,0.05,0.07,0.09,0.02,0.03,0.04,0.00,0.00,0.01,0.00,0.00,0.00,0.00,0.00,0.00,0.00,0.00,0.00,0.01,0.03,0.04,337961,482176,699806,512216,982995,1493882,0,524,2620,0,523,2619,0,140808,0,164.62,167.97,170.52
2805,0,45,53,67,87884,87884,87884,9395,9395,9395,591,591,591,0.05,0.08,0.10,0.02,0.04,0.05,0.00,0.01,0.01,0.00,0.00,0.00,0.00,0.00,0.00,0.00,0.00,0.00,0.01,0.03,0.05,345386,509874,801959,694536,1102169,1656335,0,0,0,0,519,2596,0,139146,0,161.36,166.43,168.74
2805,1,25,53,100,87861,87861,87861,9418,9418,9418,591,591,591,0.05,0.08,0.10,0.02,0.04,0.05,0.00,0.01,0.01,0.00,0.00,0.00,0.00,0.00,0.00,0.00,0.00,0.00,0.01,0.03,0.04,469127,544293,622217,770545,1106391,1422580,0,524,2620,0,0,0,0,139665,0,148.80,152.60,154.55
2805,2,27,52,70,87766,87766,87766,9513,9513,9513,591,591,591,0.03,0.08,0.13,0.01,0.04,0.07,0.00,0.01,0.01,0.00,0.00,0.00,0.00,0.00,0.00,0.00,0.00,0.00,0.01,0.03,0.05,558054,1006202,2138578,825559,1615750,2890750,0,0,0,0,0,0,0,127923,0,153.06,154.69,156.87
2805,3,31,58,100,87767,87767,87767,9512,9512,9512,591,591,591,0.07,0.08,0.09,0.04,0.04,0.05,0.00,0.01,0.01,0.00,0.00,0.00,0.00,0.00,0.00,0.00,0.00,0.00,0.02,0.04,0.05,276074,734501,1016799,655239,1338671,1703478,0,0,0,0,0,0,0,156177,0,165.84,169.72,171.16
2806,0,29,61,100,87884,87884,87884,9395,9395,9395,591,591,591,0.05,0.08,0.11,0.02,0.04,0.06,0.00,0.01,0.01,0.00,0.00,0.00,0.00,0.00,0.00,0.00,0.00,0.00,0.01,0.03,0.05,331875,603641,1373319,573433,1058473,2133361,0,0,0,0,0,0,0,151989,0,167.21,167.87,169.43
2806,1,43,58,100,87861,87861,87861,9418,9418,9418,591,591,591,0.05,0.08,0.11,0.02,0.04,0.06,0.00,0.01,0.01,0.00,0.00,0.00,0.00,0.00,0.00,0.00,0.00,0.00,0.01,0.03,0.05,312727,468234,642072,557319,935421,1331358,0,0,0,0,524,2620,0,124463,0,152.48,153.34,154.13
2806,2,47,64,88,87766,87766,87766,9513,9513,9513,591,591,591,0.01,0.07,0.10,0.00,0.03,0.05,0.00,0.01,0.01,0.00,0.00,0.00,0.00,0.00,0.00,0.00,0.00,0.00,0.00,0.02,0.04,337930,678399,1355000,678730,1114605,1997118,0,520,2601,0,524,2620,0,126083,0,152.45,154.69,156.16
2806,3,50,63,100,87767,87767,87767,9512,9512,9512,591,591,591,0.03,0.07,0.10,0.01,0.03,0.05,0.00,0.01,0.01,0.00,0.00,0.00,0.00,0.00,0.00,0.00,0.00,0.00,0.00,0.03,0.05,309242,443432,676155,406208,880575,1488590,0,524,2620,0,0,0,0,139039,0,169.11,170.59,172.48
2807,0,16,49,65,87884,87884,87884,9395,9395,9395,591,591,591,0.05,0.08,0.12,0.02,0.04,0.06,0.00,0.01,0.01,0.00,0.00,0.00,0.00,0.00,0.00,0.00,0.00,0.00,0.01,0.03,0.05,364279,587614,814913,804560,1164994,1470254,0,0,0,0,1046,2622,0,140603,0,168.46,170.00,173.10
2807,1,37,48,65,87861,87861,87861,9418,9418,9418,591,591,591,0.05,0.08,0.12,0.02,0.04,0.06,0.00,0.01,0.01,0.00,0.00,0.00,0.00,0.00,0.00,0.00,0.00,0.00,0.01,0.03,0.05,445525,615335,725954,906774,1191350,1383768,0,1572,5241,0,0,0,0,98642,0,157.80,159.08,162.50
2807,2,46,52,63,87766,87766,87766,9513,9513,9513,591,591,591,0.07,0.09,0.10,0.03,0.04,0.05,0.00,0.01,0.01,0.00,0.00,0.00,0.00,0.00,0.00,0.00,0.00,0.00,0.02,0.04,0.04,492696,817707,1389562,875323,1423684,2139565,0,0,0,0,524,2620,0,128452,0,155.84,159.43,162.55
2807,3,34,55,74,87767,87767,87767,9512,9512,9512,591,591,591,0.05,0.09,0.12,0.02,0.04,0.06,0.00,0.01,0.01,0.00,0.00,0.00,0.00,0.00,0.00,0.00,0.00,0.00,0.01,0.03,0.05,345025,475715,655032,738971,1057654,1409630,0,0,0,0,0,0,0,108589,0,171.35,174.29,177.41
2808,0,52,72,100,87884,87884,87884,9395,9395,9395,591,591,591,0.01,0.05,0.10,0.00,0.02,0.05,0.00,0.00,0.01,0.00,0.00,0.00,0.00,0.00,0.00,0.00,0.00,0.00,0.00,0.02,0.03,306483,459264,694555,390308,861550,1205643,0,654,2619,0,0,0,0,93274,0,162.47,166.52,173.54
2808,1,14,66,100,87861,87861,87861,9418,9418,9418,591,591,591,0.01,0.05,0.09,0.00,0.02,0.04,0.00,0.00,0.01,0.00,0.00,0.00,0.00,0.00,0.00,0.00,0.00,0.00,0.00,0.02,0.03,324953,418673,665724,484809,822934,1234474,0,0,0,0,655,2620,0,117957,0,148.78,153.43,160.25
2808,2,29,62,100,87766,87766,87766,9513,9513,9513,591,591,591,0.01,0.05,0.11,0.00,0.03,0.05,0.00,0.00,0.01,0.00,0.00,0.00,0.00,0.00,0.00,0.00,0.00,0.00,0.00,0.02,0.05,487440,909390,1910453,828125,1326745,2222310,0,655,2620,0,0,0,0,100299,0,149.63,153.52,161.49
2808,3,22,53,95,87767,87767,87767,9512,9512,9512,591,591,591,0.03,0.07,0.09,0.01,0.03,0.05,0.00,0.01,0.01,0.00,0.00,0.00,0.00,0.00,0.00,0.00,0.00,0.00,0.01,0.03,0.05,234123,426751,665698,457764,892158,1252771,0,0,0,0,436,1747,0,130462,0,161.32,168.88,177.81
2809,0,25,47,65,87884,87884,87884,9395,9395,9395,591,591,591,0.07,0.09,0.12,0.03,0.05,0.06,0.00,0.01,0.01,0.00,0.00,0.00,0.00,0.00,0.00,0.00,0.00,0.00,0.02,0.04,0.05,345939,559514,872730,904185,1239526,1640629,0,524,2620,0,0,0,0,148982,0,158.79,163.91,167.67
2809,1,24,42,62,87861,87861,87861,9418,9418,9418,591,591,591,0.07,0.09,0.12,0.03,0.05,0.06,0.00,0.01,0.01,0.00,0.00,0.00,0.00,0.00,0.00,0.00,0.00,0.00,0.02,0.04,0.05,314502,500641,676097,904137,1124071,1318128,0,0,0,0,1019,5097,0,136807,0,145.78,151.65,156.84
2809,2,30,47,65,87766,87766,87766,9513,9513,9513,591,591,591,0.05,0.08,0.11,0.02,0.04,0.06,0.00,0.01,0.01,0.00,0.00,0.00,0.00,0.00,0.00,0.00,0.00,0.00,0.01,0.04,0.05,542498,768390,1184611,1019477,1443477,1905337,0,524,2620,0,524,2620,0,124807,0,148.83,153.84,157.18
2809,3,19,52,76,87767,87767,87767,9512,9512,9512,591,591,591,0.05,0.08,0.10,0.02,0.04,0.05,0.00,0.01,0.01,0.00,0.00,0.00,0.00,0.00,0.00,0.00,0.00,0.00,0.01,0.03,0.05,395732,789880,1354854,872709,1422522,2133175,0,524,2620,0,0,0,0,138183,0,162.94,168.83,173.41
2810,0,52,56,64,87884,87884,87884,9395,9395,9395,591,591,591,0.05,0.07,0.10,0.02,0.04,0.05,0.00,0.01,0.01,0.00,0.00,0.00,0.00,0.00,0.00,0.00,0.00,0.00,0.01,0.03,0.05,225378,605408,1302619,683937,1217622,2081046,0,0,0,0,524,2620,0,136480,0,165.38,167.32,168.84
2810,1,34,51,89,87861,87861,87861,9418,9418,9418,591,591,591,0.05,0.07,0.10,0.02,0.04,0.05,0.00,0.01,0.01,0.00,0.00,0.00,0.00,0.00,0.00,0.00,0.00,0.00,0.01,0.03,0.05,332818,568702,736395,673499,1198211,1449384,0,524,2620,0,0,0,0,124263,0,152.46,154.83,157.05
2810,2,10,43,60,87766,87766,87766,9513,9513,9513,591,591,591,0.06,0.08,0.11,0.03,0.04,0.06,0.00,0.01,0.01,0.00,0.00,0.00,0.00,0.00,0.00,0.00,0.00,0.00,0.01,0.03,0.05,579163,805164,1124319,917227,1446713,1732365,0,0,0,0,0,0,0,124793,0,154.31,155.76,156.69
2810,3,34,54,99,87767,87767,87767,9512,9512,9512,591,591,591,0.01,0.08,0.13,0.00,0.04,0.07,0.00,0.01,0.01,0.00,0.00,0.00,0.00,0.00,0.00,0.00,0.00,0.00,0.00,0.03,0.05,348560,595948,770491,1040439,1286243,1559281,0,0,0,0,0,0,0,137385,0,170.44,172.01,173.36
2811,0,51,74,100,87884,87884,87884,9395,9395,9395,591,591,591,0.01,0.06,0.09,0.00,0.03,0.04,0.00,0.00,0.01,0.00,0.00,0.00,0.00,0.00,0.00,0.00,0.00,0.00,0.00,0.03,0.04,298773,627943,883212,314498,1141619,1509586,0,0,0,0,0,0,0,125961,0,163.16,169.97,175.00
2811,1,20,47,100,87861,87861,87861,9418,9418,9418,591,591,591,0.01,0.06,0.08,0.00,0.03,0.04,0.00,0.00,0.01,0.00,0.00,0.00,0.00,0.00,0.00,0.00,0.00,0.00,0.00,0.03,0.04,301382,609062,843840,314485,1123778,1603820,0,0,0,0,524,2620,0,115468,0,146.94,154.65,158.90
2811,2,31,65,100,87766,87766,87766,9513,9513,9513,591,591,591,0.01,0.06,0.11,0.00,0.03,0.05,0.00,0.00,0.01,0.00,0.00,0.00,0.00,0.00,0.00,0.00,0.00,0.00,0.00,0.02,0.05,421941,660738,925189,526771,1131247,1404433,0,524,2620,0,0,0,0,116817,0,152.10,157.85,160.64
2811,3,22,54,100,87767,87767,87767,9512,9512,9512,591,591,591,0.01,0.06,0.12,0.00,0.03,0.06,0.00,0.01,0.01,0.00,0.00,0.00,0.00,0.00,0.00,0.00,0.00,0.00,0.00,0.02,0.04,338057,478381,702345,508365,971979,1509519,0,0,0,0,0,0,0,127386,0,163.62,169.17,171.71
2812,0,28,52,61,87884,87884,87884,9395,9395,9395,591,591,591,0.05,0.09,0.12,0.02,0.04,0.06,0.00,0.01,0.01,0.00,0.00,0.00,0.00,0.00,0.00,0.00,0.00,0.00,0.01,0.03,0.05,431603,532368,681391,959146,1171065,1305205,0,0,0,0,0,0,0,138954,0,159.71,164.26,170.54
2812,1,17,42,64,87861,87861,87861,9418,9418,9418,591,591,591,0.05,0.09,0.12,0.02,0.04,0.06,0.00,0.01,0.01,0.00,0.00,0.00,0.00,0.00,0.00,0.00,0.00,0.00,0.01,0.03,0.05,345948,538805,943453,933012,1186112,1713939,0,524,2620,0,0,0,0,127850,0,145.63,150.28,157.52
2812,2,25,44,66,87766,87766,87766,9513,9513,9513,591,591,591,0.05,0.09,0.13,0.02,0.04,0.06,0.00,0.01,0.01,0.00,0.00,0.00,0.00,0.00,0.00,0.00,0.00,0.00,0.01,0.03,0.05,550349,839675,1464980,961801,1502716,2044159,0,524,2620,0,1572,5241,0,145129,0,147.78,154.12,163.90
2812,3,21,49,63,87767,87767,87767,9512,9512,9512,591,591,591,0.05,0.08,0.12,0.02,0.04,0.06,0.00,0.01,0.01,0.00,0.00,0.00,0.00,0.00,0.00,0.00,0.00,0.00,0.01,0.03,0.05,128415,589151,967068,778336,1239103,1729696,0,1048,5241,0,524,2620,0,158168,0,163.05,169.64,178.68
2813,0,31,43,60,87884,87884,87884,9395,9395,9395,591,591,591,0.07,0.09,0.11,0.03,0.04,0.06,0.01,0.01,0.01,0.00,0.00,0.00,0.00,0.00,0.00,0.00,0.00,0.00,0.02,0.04,0.05,343324,704400,1204649,946108,1375525,1923257,0,0,0,0,0,0,0,159953,0,169.46,172.02,173.94
2813,1,23,47,66,87861,87861,87861,9418,9418,9418,591,591,591,0.04,0.08,0.11,0.02,0.04,0.06,0.00,0.01,0.01,0.00,0.00,0.00,0.00,0.00,0.00,0.00,0.00,0.00,0.00,0.04,0.08,357972,534341,755135,800236,1152753,1606887,0,0,0,0,0,0,0,127859,0,157.03,160.43,163.78
2813,2,34,45,60,87766,87766,87766,9513,9513,9513,591,591,591,0.05,0.09,0.11,0.02,0.04,0.06,0.00,0.01,0.01,0.00,0.00,0.00,0.00,0.00,0.00,0.00,0.00,0.00,0.01,0.04,0.05,458637,871221,1420946,851754,1534032,2153662,0,0,0,0,523,2616,0,126030,0,157.72,161.05,164.98
2813,3,26,53,66,87767,87767,87767,9512,9512,9512,591,591,591,0.05,0.08,0.10,0.02,0.04,0.05,0.00,0.01,0.01,0.00,0.00,0.00,0.00,0.00,0.00,0.00,0.00,0.00,0.01,0.04,0.05,421929,656741,980081,919791,1296711,1800310,0,524,2620,0,0,0,0,142947,0,173.84,175.81,178.59
2814,0,0,13,56,87884,87971,88102,9177,9307,9395,591,591,591,0.00,0.03,0.08,0.00,0.01,0.04,0.00,0.00,0.01,0.00,0.00,0.00,0.00,0.00,0.00,0.00,0.00,0.00,0.00,0.01,0.04,298787,402524,575500,311892,682586,1137862,0,524,2620,0,1049,2627,0,110854,0,149.17,161.52,175.22
2814,1,0,21,57,87861,87961,88111,9168,9318,9418,591,591,591,0.00,0.03,0.08,0.00,0.01,0.04,0.00,0.00,0.01,0.00,0.00,0.00,0.00,0.00,0.00,0.00,0.00,0.00,0.00,0.01,0.04,309267,399416,566049,324992,682988,1095409,0,1048,2621,0,524,2621,0,99971,0,135.07,147.63,161.38
2814,2,0,11,57,87766,87867,88020,9259,9411,9513,591,591,591,0.00,0.03,0.10,0.00,0.01,0.05,0.00,0.00,0.01,0.00,0.00,0.00,0.00,0.00,0.00,0.00,0.00,0.00,0.00,0.01,0.03,426368,476314,615925,456041,700259,995726,0,0,0,0,0,0,0,102087,0,138.00,149.55,161.62
2814,3,0,12,60,87767,87852,87981,9298,9426,9512,591,591,591,0.00,0.03,0.13,0.00,0.01,0.06,0.00,0.00,0.01,0.00,0.00,0.00,0.00,0.00,0.00,0.00,0.00,0.00,0.00,0.01,0.05,296164,393133,550375,327616,617481,1056196,0,0,0,0,0,0,0,114488,0,150.63,164.11,178.69
2815,0,0,0,0,88102,89937,97276,3,7342,9177,591,591,591,0.00,0.00,0.00,0.00,0.00,0.00,0.00,0.00,0.00,0.00,0.00,0.00,0.00,0.00,0.00,0.00,0.00,0.00,0.00,0.00,0.00,298772,852194,1601725,311876,1532313,4350526,0,0,0,0,0,0,0,98873,0,138.17,139.04,140.09
2815,1,0,0,2,88111,91777,97277,2,5502,9168,591,591,591,0.00,0.00,0.00,0.00,0.00,0.00,0.00,0.00,0.00,0.00,0.00,0.00,0.00,0.00,0.00,0.00,0.00,0.00,0.00,0.00,0.00,211418,1386797,3606350,220154,2148076,6457882,0,0,0,0,0,0,0,89164,0,124.69,125.40,126.39
2815,2,0,0,2,88020,91722,97276,3,5557,9259,591,591,591,0.00,0.00,0.00,0.00,0.00,0.00,0.00,0.00,0.00,0.00,0.00,0.00,0.00,0.00,0.00,0.00,0.00,0.00,0.00,0.00,0.00,419351,1534450,4078120,435076,2400565,6442172,0,0,0,0,0,0,0,90672,0,127.35,127.96,128.94
2815,3,0,0,2,87981,91699,97277,2,5580,9298,591,591,591,0.00,0.00,0.00,0.00,0.00,0.00,0.00,0.00,0.00,0.00,0.00,0.00,0.00,0.00,0.00,0.00,0.00,0.00,0.00,0.00,0.00,296146,1444114,3210603,309250,2186878,6174842,0,0,0,0,0,0,0,101192,0,142.89,143.36,144.04
